0.282
0.226
0.229
0.230
0.231
0.194
0.218
0.207
0.224
0.205
0.213
0.217
0.208
0.206
0.184
0.214
0.213
0.205
0.218
0.201
0.232
0.215
0.248
0.168
0.239
0.166
0.159
0.209
0.202
0.206
0.212
0.216
0.184
0.214
0.213
0.209
0.209
0.199
0.213
0.214
0.205
0.208
0.213
0.209
0.213
0.213
0.204
0.217
0.214
0.200
0.243
0.163
0.161
0.208
0.214
0.204
0.207
0.207
0.217
0.211
0.209
0.212
0.209
0.207
0.200
0.207
0.213
0.212
0.211
0.209
0.241
0.210
0.209
0.204
0.201
0.209
0.212
0.213
0.243
0.207
0.208
0.208
0.203
0.212
0.214
0.207
0.213
0.162
0.159
0.208
0.227
0.205
0.215
0.259
0.214
0.184
0.206
0.211
0.215
0.184
