0.258
0.235
0.241
0.202
0.210
0.236
0.241
0.192
0.213
0.131
0.207
0.214
0.215
0.243
0.213
0.204
0.162
0.211
0.217
0.204
0.208
0.206
0.209
0.206
0.209
0.213
0.211
0.213
0.176
0.210
0.210
0.218
0.206
0.218
0.215
0.208
0.217
0.199
0.209
0.214
0.209
0.206
0.186
0.160
0.165
0.209
0.194
0.207
0.210
0.212
0.215
0.207
0.206
0.247
0.213
0.171
0.209
0.214
0.203
0.201
0.204
0.212
0.208
0.213
0.224
0.208
0.211
0.213
0.201
0.166
0.211
0.160
0.135
0.416
0.211
0.215
0.210
0.238
0.206
0.211
0.201
0.206
0.207
0.205
0.214
0.211
0.210
0.211
0.215
0.213
0.215
0.208
0.201
0.218
0.213
0.214
0.203
0.206
0.212
0.216
