0.300
0.237
0.240
0.230
0.231
0.234
0.221
0.212
0.215
0.201
0.212
0.224
0.217
0.208
0.206
0.213
0.219
0.238
0.179
0.242
0.124
0.212
0.172
0.199
0.210
0.203
0.212
0.179
0.208
0.206
0.215
0.211
0.205
0.234
0.208
0.202
0.168
0.208
0.208
0.214
0.211
0.194
0.209
0.203
0.210
0.215
0.217
0.213
0.172
0.155
0.200
0.219
0.209
0.211
0.216
0.248
0.211
0.219
0.213
0.201
0.212
0.211
0.216
0.210
0.214
0.222
0.230
0.202
0.203
0.209
0.213
0.208
0.204
0.196
0.208
0.210
0.211
0.243
0.209
0.212
0.208
0.220
0.203
0.206
0.168
0.208
0.200
0.214
0.214
0.218
0.217
0.195
0.211
0.206
0.209
0.199
0.177
0.219
0.212
0.219
