0.926
0.247
0.223
0.239
0.213
0.194
0.209
0.199
0.214
0.230
0.206
0.226
0.203
0.202
0.208
0.210
0.215
0.202
0.203
0.251
0.217
0.213
0.201
0.211
0.164
0.217
0.162
0.213
0.201
0.209
0.216
0.207
0.211
0.214
0.209
0.202
0.210
0.208
0.212
0.215
0.208
0.216
0.202
0.211
0.207
0.213
0.206
0.213
0.219
0.208
0.206
0.199
0.213
0.213
0.216
0.199
0.209
0.214
0.212
0.204
0.191
0.137
0.207
0.201
0.207
0.210
0.209
0.212
0.212
0.202
0.179
0.213
0.219
0.201
0.216
0.209
0.210
0.204
0.203
0.214
0.211
0.206
0.206
0.212
0.210
0.212
0.163
0.204
0.163
0.207
0.217
0.183
0.209
0.213
0.214
0.236
0.207
0.213
0.209
0.209
