0.280
0.235
0.234
0.232
0.249
0.174
0.210
0.208
0.214
0.210
0.204
0.206
0.215
0.209
0.173
0.212
0.201
0.205
0.214
0.203
0.242
0.213
0.217
0.189
0.227
0.210
0.216
0.218
0.201
0.208
0.150
0.212
0.189
0.209
0.212
0.207
0.214
0.200
0.213
0.215
0.244
0.214
0.204
0.213
0.223
0.196
0.197
0.207
0.209
0.208
0.217
0.215
0.212
0.208
0.209
0.202
0.248
0.217
0.209
0.207
0.214
0.200
0.198
0.215
0.206
0.209
0.215
0.210
0.215
0.212
0.239
0.207
0.214
0.205
0.211
0.213
0.211
0.209
0.201
0.205
0.209
0.210
0.206
0.212
0.218
0.204
0.215
0.200
0.212
0.203
0.209
0.201
0.240
0.209
0.211
0.214
0.206
0.206
0.211
0.210
