0.270
0.157
0.231
0.236
0.229
0.229
0.235
0.194
0.203
0.164
0.214
0.230
0.202
0.209
0.162
0.165
0.237
0.197
0.204
0.207
0.213
0.200
0.211
0.212
0.226
0.208
0.212
0.212
0.213
0.206
0.175
0.207
0.217
0.214
0.214
0.206
0.215
0.213
0.209
0.177
0.158
0.209
0.138
0.205
0.201
0.208
0.203
0.206
0.211
0.161
0.210
0.214
0.200
0.199
0.210
0.211
0.207
0.192
0.212
0.212
0.217
0.210
0.241
0.215
0.217
0.212
0.219
0.207
0.212
0.172
0.217
0.205
0.215
0.210
0.209
0.202
0.163
0.174
0.222
0.211
0.241
0.216
0.215
0.209
0.218
0.215
0.214
0.215
0.209
0.175
0.210
0.213
0.203
0.210
0.201
0.204
0.212
0.212
0.197
0.209
