0.290
0.221
0.214
0.205
0.208
0.202
0.203
0.204
0.213
0.212
0.215
0.210
0.610
0.202
0.209
0.199
0.217
0.202
0.215
0.199
0.201
0.227
0.211
0.213
0.204
0.211
0.209
0.120
0.208
0.204
0.215
0.167
0.163
0.202
0.214
0.234
0.165
0.242
0.208
0.215
0.207
0.208
0.204
0.212
0.208
0.218
0.214
0.215
0.210
0.209
0.256
0.223
0.213
0.229
0.210
0.211
0.203
0.172
0.165
0.212
0.180
0.212
0.209
0.214
0.209
0.241
0.212
0.211
0.208
0.202
0.209
0.211
0.215
0.207
0.191
0.232
0.209
0.211
0.173
0.211
0.208
0.208
0.207
0.196
0.211
0.225
0.210
0.174
0.210
0.209
0.211
0.207
0.201
0.172
0.164
0.212
0.180
0.224
0.207
0.216
