0.267
0.242
0.205
0.202
0.212
0.208
0.219
0.202
0.191
0.215
0.208
0.207
0.208
0.206
0.212
0.215
0.163
0.172
0.186
0.208
0.211
0.196
0.215
0.206
0.164
0.199
0.208
0.215
0.215
0.213
0.202
0.202
0.173
0.214
0.199
0.206
0.216
0.206
0.210
0.197
0.163
0.198
0.181
0.205
0.212
0.212
0.217
0.203
0.186
0.215
0.211
0.252
0.212
0.173
0.168
0.202
0.163
0.220
0.212
0.205
0.209
0.202
0.210
0.210
0.165
0.203
0.209
0.214
0.206
0.215
0.213
0.211
0.185
0.202
0.210
0.199
0.147
0.212
0.211
0.199
0.192
0.205
0.210
0.203
0.203
0.203
0.207
0.211
0.165
0.213
0.223
0.219
0.203
0.205
0.209
0.208
0.179
0.203
0.220
0.217
