0.255
0.220
0.191
0.234
0.233
0.244
0.215
0.203
0.202
0.215
0.206
0.153
0.218
0.195
0.203
0.205
0.207
0.200
0.209
0.159
0.208
0.209
0.211
0.215
0.212
0.211
0.218
0.160
0.188
0.195
0.183
0.198
0.220
0.198
0.207
0.142
0.191
0.196
0.209
0.211
0.200
0.212
0.213
0.168
0.201
0.215
0.212
0.206
0.213
0.199
0.209
0.196
0.211
0.196
0.218
0.207
0.209
0.215
0.200
0.159
0.215
0.208
0.201
0.206
0.132
0.128
0.217
0.172
0.208
0.209
0.212
0.180
0.215
0.207
0.208
0.169
0.200
0.236
0.209
0.218
0.194
0.210
0.210
0.196
0.217
0.195
0.213
0.211
0.214
0.173
0.181
0.161
0.163
0.214
0.206
0.207
0.212
0.226
0.173
0.201
