0.393
0.251
0.254
0.255
0.196
0.193
0.240
0.191
0.220
0.220
0.209
0.223
0.251
0.198
0.220
0.216
0.196
0.220
0.213
0.208
0.212
0.207
0.204
0.215
0.233
0.206
0.216
0.206
0.212
0.213
0.211
0.202
0.210
0.214
0.213
0.212
0.216
0.206
0.214
0.206
0.211
0.218
0.225
0.211
0.207
0.205
0.211
0.212
0.210
0.200
0.227
0.208
0.208
0.223
0.214
0.211
0.179
0.206
0.205
0.215
0.187
0.208
0.215
0.201
0.209
0.211
0.259
0.267
0.247
0.196
0.233
0.203
0.205
0.229
0.215
0.207
0.175
0.210
0.212
0.210
0.211
0.199
0.209
0.210
0.220
0.171
0.220
0.204
0.212
0.218
0.234
0.207
0.212
0.213
0.191
0.214
0.220
0.210
0.210
0.202
