0.290
0.235
0.209
0.231
0.210
0.203
0.200
0.194
0.196
0.207
0.195
0.225
0.211
0.210
0.199
0.247
0.215
0.203
0.209
0.194
0.204
0.196
0.203
0.203
0.198
0.201
0.206
0.205
0.199
0.210
0.196
0.204
0.203
0.201
0.204
0.235
0.203
0.193
0.203
0.214
0.205
0.209
0.199
0.205
0.203
0.205
0.200
0.243
0.205
0.208
0.234
0.200
0.206
0.249
0.193
0.243
0.204
0.217
0.201
0.205
0.203
0.199
0.212
0.214
0.201
0.202
0.206
0.193
0.209
0.207
0.212
0.222
0.204
0.199
0.209
0.206
0.204
0.207
0.191
0.196
0.198
0.203
0.205
0.237
0.208
0.209
0.203
0.227
0.204
0.205
0.206
0.191
0.210
0.205
0.206
0.200
0.204
0.209
0.219
0.224
