0.284
0.241
0.233
0.237
0.238
0.235
0.206
0.164
0.204
0.210
0.204
0.214
0.203
0.206
0.206
0.215
0.165
0.155
0.162
0.249
0.208
0.195
0.195
0.211
0.215
0.193
0.213
0.209
0.204
0.204
0.198
0.205
0.209
0.205
0.170
0.213
0.207
0.194
0.204
0.211
0.203
0.201
0.207
0.156
0.159
0.218
0.204
0.208
0.199
0.208
0.206
0.204
0.181
0.209
0.211
0.202
0.202
0.201
0.204
0.202
0.205
0.210
0.209
0.201
0.203
0.202
0.197
0.206
0.205
0.209
0.203
0.219
0.213
0.201
0.203
0.197
0.204
0.204
0.207
0.160
0.158
0.200
0.212
0.202
0.198
0.208
0.210
0.204
0.204
0.215
0.209
0.205
0.213
0.204
0.204
0.206
0.215
0.118
0.195
0.235
