0.327
0.273
0.261
0.257
0.219
0.251
0.259
0.268
0.238
0.227
0.251
0.230
0.243
0.232
0.221
0.235
0.225
0.241
0.209
0.270
0.229
0.229
0.233
0.232
0.182
0.190
0.229
0.246
0.235
0.256
0.237
0.269
0.235
0.247
0.226
0.231
0.202
0.247
0.244
0.246
0.233
0.232
0.244
0.242
0.234
0.243
0.235
0.249
0.239
0.230
0.186
0.476
0.157
0.449
0.466
0.452
0.464
0.392
0.450
0.427
0.476
0.471
0.470
0.459
0.474
0.231
0.489
0.232
0.225
0.233
0.235
0.229
0.228
0.234
0.235
0.238
0.240
0.221
0.241
0.238
0.234
0.224
0.246
0.230
0.238
0.236
0.187
0.218
0.234
0.241
0.236
0.239
0.233
0.238
0.413
0.223
0.234
0.236
0.233
0.236
