0.328
0.289
0.269
0.240
0.247
0.235
0.229
0.233
0.245
0.240
0.241
0.235
0.241
0.240
0.242
0.235
0.244
0.235
0.238
0.235
0.227
0.236
0.248
0.221
0.262
0.201
0.244
0.230
0.268
0.226
0.238
0.233
0.234
0.234
0.244
0.239
0.253
0.228
0.233
0.251
0.246
0.245
0.226
0.237
0.243
0.237
0.268
0.253
0.255
0.268
0.235
0.239
0.241
0.243
0.266
0.244
0.230
0.239
0.260
0.229
0.194
0.157
0.169
0.232
0.273
0.232
0.234
0.231
0.247
0.219
0.263
0.245
0.243
0.231
0.227
0.234
0.257
0.240
0.254
0.235
0.268
0.236
0.249
0.235
0.271
0.253
0.275
0.213
0.249
0.226
0.249
0.234
0.230
0.244
0.268
0.268
0.241
0.235
0.246
0.240
