0.359
0.235
0.235
0.225
0.196
0.197
0.210
0.203
0.189
0.211
0.211
0.217
0.194
0.199
0.195
0.209
0.205
0.205
0.204
0.211
0.197
0.163
0.208
0.208
0.208
0.207
0.206
0.203
0.211
0.211
0.168
0.234
0.206
0.209
0.206
0.220
0.207
0.203
0.208
0.174
0.207
0.199
0.205
0.206
0.194
0.197
0.211
0.202
0.167
0.225
0.206
0.211
0.206
0.195
0.204
0.212
0.208
0.203
0.206
0.194
0.207
0.210
0.205
0.199
0.208
0.202
0.212
0.212
0.204
0.194
0.207
0.198
0.207
0.210
0.205
0.202
0.202
0.194
0.202
0.204
0.195
0.197
0.207
0.202
0.203
0.204
0.203
0.193
0.208
0.191
0.214
0.205
0.209
0.203
0.198
0.206
0.213
0.207
0.230
0.210
