0.317
0.285
0.254
0.179
0.271
0.265
0.232
0.229
0.234
0.251
0.231
0.225
0.236
0.232
0.240
0.248
0.233
0.261
0.236
0.230
0.221
0.287
0.238
0.231
0.244
0.232
0.237
0.236
0.236
0.202
0.221
0.249
0.242
0.231
0.226
0.233
0.234
0.232
0.245
0.235
0.225
0.230
0.234
0.229
0.239
0.240
0.236
0.239
0.227
0.230
0.233
0.233
0.232
0.252
0.235
0.251
0.236
0.226
0.235
0.232
0.247
0.225
0.246
0.246
0.231
0.218
0.240
0.232
0.246
0.239
0.225
0.234
0.247
0.234
0.243
0.235
0.244
0.238
0.236
0.225
0.234
0.241
0.241
0.234
0.229
0.225
0.233
0.254
0.235
0.252
0.324
0.200
0.199
0.228
0.245
0.231
0.228
0.223
0.234
0.240
