0.280
0.293
0.260
0.262
0.279
0.216
0.226
0.272
0.244
0.240
0.240
0.230
0.236
0.244
0.230
0.251
0.243
0.249
0.245
0.233
0.243
0.250
0.244
0.267
0.246
0.240
0.230
0.235
0.231
0.243
0.247
0.181
0.159
0.235
0.233
0.235
0.245
0.261
0.236
0.234
0.231
0.231
0.234
0.263
0.235
0.272
0.227
0.249
0.236
0.236
0.230
0.245
0.246
0.250
0.244
0.227
0.231
0.245
0.243
0.232
0.246
0.243
0.245
0.267
0.227
0.228
0.228
0.156
0.158
0.247
0.283
0.235
0.236
0.232
0.243
0.249
0.242
0.214
0.241
0.271
0.244
0.244
0.227
0.249
0.248
0.250
0.199
0.238
0.243
0.229
0.240
0.257
0.243
0.156
0.244
0.199
0.238
0.245
0.243
0.239
