0.336
0.281
0.237
0.243
0.272
0.203
0.247
0.233
0.253
0.245
0.227
0.233
0.234
0.254
0.264
0.236
0.187
0.223
0.193
0.235
0.234
0.243
0.229
0.233
0.254
0.227
0.229
0.236
0.241
0.232
0.236
0.227
0.249
0.243
0.273
0.224
0.230
0.237
0.232
0.149
0.229
0.244
0.252
0.232
0.226
0.240
0.237
0.244
0.242
0.232
0.251
0.237
0.187
0.192
0.245
0.235
0.250
0.236
0.227
0.235
0.248
0.247
0.199
0.247
0.250
0.245
0.248
0.226
0.231
0.163
0.249
0.255
0.279
0.243
0.248
0.230
0.259
0.231
0.192
0.223
0.150
0.235
0.229
0.230
0.266
0.222
0.264
0.233
0.250
0.198
0.245
0.233
0.237
0.238
0.227
0.226
0.234
0.238
0.214
0.233
