0.305
0.228
0.235
0.231
0.240
0.208
0.209
0.208
0.204
0.211
0.194
0.201
0.207
0.207
0.201
0.200
0.204
0.204
0.206
0.196
0.159
0.207
0.159
0.208
0.204
0.211
0.204
0.203
0.195
0.210
0.207
0.204
0.201
0.201
0.206
0.214
0.235
0.191
0.224
0.203
0.209
0.197
0.205
0.203
0.216
0.204
0.223
0.207
0.207
0.204
0.236
0.202
0.202
0.194
0.194
0.195
0.128
0.128
0.205
0.199
0.206
0.201
0.207
0.210
0.191
0.206
0.209
0.204
0.200
0.212
0.212
0.202
0.212
0.168
0.211
0.208
0.205
0.206
0.220
0.203
0.207
0.209
0.170
0.203
0.169
0.201
0.209
0.200
0.205
0.203
0.208
0.164
0.211
0.203
0.203
0.205
0.202
0.203
0.207
0.202
