0.282
0.221
0.232
0.234
0.227
0.215
0.213
0.204
0.213
0.204
0.201
0.205
0.202
0.218
0.214
0.204
0.156
0.210
0.161
0.203
0.207
0.232
0.213
0.200
0.213
0.231
0.201
0.205
0.255
0.254
0.197
0.203
0.210
0.204
0.210
0.195
0.205
0.209
0.205
0.196
0.196
0.210
0.206
0.204
0.199
0.235
0.210
0.200
0.198
0.204
0.204
0.196
0.129
0.126
0.212
0.229
0.204
0.208
0.210
0.207
0.210
0.233
0.198
0.222
0.215
0.206
0.198
0.206
0.229
0.213
0.249
0.206
0.206
0.206
0.203
0.198
0.208
0.201
0.159
0.234
0.158
0.210
0.211
0.215
0.200
0.236
0.208
0.223
0.203
0.202
0.211
0.199
0.206
0.198
0.203
0.171
0.211
0.202
0.201
0.206
