0.305
0.286
0.243
0.234
0.241
0.233
0.240
0.231
0.229
0.236
0.241
0.258
0.229
0.236
0.237
0.235
0.243
0.225
0.248
0.232
0.234
0.229
0.246
0.238
0.242
0.240
0.228
0.277
0.238
0.267
0.229
0.262
0.242
0.249
0.243
0.226
0.243
0.232
0.243
0.242
0.237
0.243
0.266
0.233
0.227
0.251
0.245
0.249
0.230
0.269
0.244
0.266
0.243
0.251
0.245
0.271
0.241
0.200
0.244
0.244
0.246
0.232
0.230
0.265
0.244
0.250
0.204
0.263
0.246
0.278
0.244
0.226
0.236
0.245
0.246
0.202
0.244
0.272
0.237
0.235
0.225
0.251
0.227
0.243
0.211
0.249
0.235
0.250
0.234
0.231
0.240
0.240
0.237
0.197
0.312
0.277
0.245
0.232
0.226
0.194
