0.309
0.235
0.229
0.222
0.223
0.229
0.208
0.155
0.159
0.206
0.196
0.202
0.200
0.165
0.208
0.205
0.207
0.199
0.199
0.203
0.204
0.204
0.173
0.202
0.209
0.202
0.203
0.198
0.204
0.205
0.215
0.170
0.206
0.166
0.204
0.161
0.206
0.204
0.206
0.210
0.187
0.212
0.206
0.209
0.203
0.199
0.203
0.203
0.205
0.224
0.207
0.224
0.210
0.204
0.198
0.209
0.203
0.204
0.206
0.202
0.206
0.193
0.202
0.215
0.198
0.208
0.204
0.212
0.197
0.127
0.132
0.207
0.200
0.206
0.197
0.210
0.208
0.195
0.205
0.225
0.204
0.198
0.202
0.209
0.206
0.210
0.195
0.206
0.211
0.253
0.199
0.241
0.207
0.203
0.201
0.155
0.222
0.156
0.211
0.236
