0.267
0.230
0.243
0.232
0.242
0.204
0.238
0.212
0.210
0.208
0.220
0.204
0.205
0.207
0.202
0.196
0.220
0.203
0.197
0.204
0.208
0.210
0.202
0.219
0.204
0.203
0.207
0.206
0.214
0.205
0.203
0.204
0.239
0.198
0.215
0.207
0.206
0.156
0.156
0.209
0.217
0.202
0.202
0.207
0.209
0.208
0.208
0.204
0.217
0.202
0.202
0.202
0.202
0.203
0.211
0.184
0.239
0.197
0.202
0.196
0.195
0.194
0.206
0.167
0.228
0.125
0.210
0.123
0.206
0.176
0.203
0.163
0.226
0.197
0.247
0.209
0.200
0.210
0.205
0.206
0.207
0.207
0.203
0.195
0.207
0.205
0.208
0.181
0.204
0.203
0.209
0.201
0.199
0.214
0.208
0.206
0.221
0.204
0.200
0.159
