0.318
0.256
0.221
0.223
0.261
0.242
0.242
0.233
0.227
0.245
0.237
0.189
0.193
0.232
0.244
0.234
0.251
0.224
0.233
0.226
0.249
0.233
0.262
0.231
0.236
0.244
0.227
0.236
0.247
0.244
0.247
0.230
0.249
0.247
0.231
0.223
0.249
0.232
0.247
0.245
0.262
0.246
0.246
0.241
0.227
0.237
0.244
0.216
0.204
0.263
0.245
0.266
0.246
0.225
0.237
0.239
0.249
0.235
0.233
0.236
0.236
0.243
0.225
0.234
0.228
0.231
0.245
0.227
0.232
0.235
0.244
0.231
0.246
0.197
0.420
0.244
0.262
0.234
0.236
0.234
0.199
0.236
0.265
0.237
0.250
0.228
0.228
0.239
0.244
0.195
0.247
0.240
0.243
0.234
0.229
0.234
0.250
0.459
0.203
0.234
