0.256
0.236
0.202
0.214
0.209
0.224
0.226
0.205
0.202
0.223
0.211
0.209
0.204
0.202
0.194
0.209
0.190
0.202
0.208
0.202
0.199
0.214
0.200
0.194
0.214
0.202
0.202
0.206
0.208
0.203
0.204
0.201
0.196
0.205
0.202
0.202
0.207
0.194
0.202
0.213
0.205
0.193
0.173
0.164
0.225
0.210
0.193
0.204
0.262
0.204
0.187
0.205
0.210
0.207
0.205
0.199
0.207
0.206
0.204
0.197
0.206
0.203
0.204
0.215
0.196
0.203
0.222
0.205
0.250
0.217
0.236
0.209
0.211
0.194
0.211
0.209
0.207
0.171
0.218
0.202
0.204
0.206
0.196
0.206
0.211
0.207
0.194
0.204
0.218
0.202
0.206
0.201
0.202
0.206
0.229
0.182
0.207
0.204
0.197
0.205
