0.354
0.304
0.267
0.269
0.256
0.230
0.263
0.234
0.249
0.199
0.270
0.237
0.234
0.223
0.225
0.236
0.228
0.243
0.209
0.230
0.250
0.237
0.243
0.236
0.267
0.277
0.267
0.233
0.244
0.230
0.243
0.231
0.223
0.265
0.233
0.246
0.246
0.244
0.243
0.234
0.244
0.222
0.265
0.234
0.234
0.237
0.226
0.256
0.243
0.237
0.224
0.241
0.242
0.233
0.233
0.229
0.250
0.234
0.237
0.223
0.264
0.227
0.234
0.239
0.229
0.233
0.242
0.235
0.227
0.240
0.249
0.231
0.228
0.225
0.236
0.232
0.242
0.229
0.264
0.234
0.250
0.243
0.229
0.232
0.250
0.230
0.225
0.234
0.244
0.238
0.246
0.227
0.242
0.243
0.236
0.223
0.274
0.234
0.249
0.246
