0.277
0.233
0.247
0.233
0.202
0.235
0.226
0.205
0.210
0.204
0.204
0.191
0.211
0.206
0.208
0.203
0.203
0.213
0.205
0.196
0.198
0.210
0.204
0.203
0.202
0.156
0.158
0.205
0.210
0.196
0.211
0.203
0.203
0.194
0.208
0.205
0.208
0.203
0.201
0.205
0.210
0.202
0.198
0.202
0.194
0.209
0.210
0.195
0.220
0.199
0.204
0.163
0.306
0.204
0.245
0.208
0.212
0.206
0.127
0.203
0.169
0.201
0.204
0.206
0.209
0.194
0.238
0.203
0.220
0.174
0.202
0.202
0.212
0.202
0.192
0.203
0.200
0.203
0.168
0.203
0.203
0.212
0.202
0.193
0.210
0.206
0.206
0.306
0.154
0.193
0.206
0.206
0.214
0.210
0.201
0.203
0.194
0.207
0.207
0.207
