0.594
0.312
0.186
0.248
0.266
0.193
0.240
0.221
0.247
0.204
0.159
0.156
0.199
0.225
0.238
0.243
0.225
0.248
0.187
0.249
0.226
0.235
0.233
0.232
0.244
0.225
0.235
0.234
0.232
0.230
0.236
0.251
0.234
0.244
0.224
0.251
0.192
0.229
0.156
0.231
0.232
0.231
0.236
0.228
0.235
0.235
0.241
0.231
0.234
0.240
0.224
0.239
0.227
0.271
0.247
0.231
0.242
0.251
0.159
0.250
0.241
0.225
0.237
0.238
0.243
0.263
0.232
0.232
0.245
0.248
0.226
0.229
0.192
0.231
0.232
0.228
0.236
0.234
0.239
0.220
0.237
0.254
0.245
0.243
0.233
0.250
0.243
0.253
0.226
0.241
0.246
0.231
0.236
0.227
0.240
0.225
0.235
0.229
0.187
0.236
