0.374
0.230
0.237
0.236
0.228
0.208
0.237
0.203
0.208
0.169
0.163
0.202
0.202
0.203
0.199
0.202
0.203
0.202
0.198
0.207
0.201
0.207
0.234
0.195
0.253
0.204
0.243
0.200
0.193
0.214
0.207
0.206
0.203
0.204
0.209
0.203
0.204
0.210
0.234
0.208
0.211
0.194
0.209
0.218
0.204
0.178
0.168
0.204
0.208
0.207
0.183
0.206
0.227
0.190
0.167
0.209
0.196
0.208
0.205
0.210
0.209
0.203
0.204
0.174
0.207
0.202
0.206
0.204
0.201
0.210
0.214
0.176
0.390
0.208
0.241
0.206
0.210
0.194
0.209
0.207
0.204
0.209
0.202
0.203
0.210
0.208
0.236
0.209
0.206
0.203
0.207
0.208
0.205
0.238
0.203
0.207
0.216
0.204
0.203
0.180
