0.304
0.284
0.272
0.230
0.238
0.228
0.251
0.233
0.243
0.255
0.261
0.234
0.236
0.233
0.230
0.246
0.244
0.237
0.245
0.226
0.225
0.233
0.260
0.227
0.249
0.241
0.238
0.237
0.270
0.233
0.255
0.242
0.184
0.189
0.248
0.243
0.234
0.225
0.248
0.235
0.244
0.220
0.242
0.234
0.251
0.190
0.265
0.243
0.245
0.239
0.236
0.233
0.240
0.239
0.231
0.224
0.234
0.234
0.188
0.186
0.245
0.243
0.248
0.251
0.228
0.232
0.228
0.232
0.226
0.246
0.244
0.316
0.260
0.265
0.262
0.221
0.280
0.229
0.241
0.240
0.249
0.236
0.194
0.234
0.248
0.234
0.199
0.246
0.242
0.229
0.239
0.230
0.233
0.239
0.188
0.188
0.245
0.245
0.243
0.248
