0.110
0.080
0.156
0.131
0.119
0.185
0.156
0.152
0.156
0.152
0.157
0.156
0.165
0.156
0.152
0.157
0.157
0.155
0.151
0.116
0.156
0.113
0.147
0.153
0.160
0.158
0.165
0.122
0.159
0.156
0.158
0.156
0.149
0.159
0.157
0.159
0.132
0.157
0.159
0.154
0.162
0.148
0.165
0.153
0.162
0.121
0.155
0.159
0.164
0.177
0.131
0.166
0.162
0.152
0.161
0.164
0.115
0.168
0.160
0.148
0.165
0.155
0.161
0.151
0.160
0.158
0.159
0.156
0.154
0.164
0.164
0.156
0.159
0.069
0.157
0.161
0.161
0.148
0.157
0.155
0.162
0.111
0.150
0.109
0.158
0.157
0.149
0.157
0.164
0.155
0.159
0.144
0.164
0.166
0.160
0.150
0.163
0.155
0.155
0.156
