0.209
0.163
0.159
0.160
0.154
0.157
0.153
0.159
0.158
0.155
0.159
0.161
0.159
0.135
0.159
0.167
0.155
0.157
0.162
0.157
0.157
0.159
0.134
0.160
0.168
0.156
0.157
0.153
0.155
0.156
0.163
0.147
0.159
0.164
0.159
0.153
0.155
0.156
0.163
0.164
0.119
0.156
0.157
0.156
0.130
0.127
0.182
0.169
0.159
0.120
0.165
0.156
0.163
0.157
0.148
0.159
0.154
0.161
0.117
0.160
0.158
0.155
0.161
0.151
0.161
0.159
0.156
0.135
0.185
0.158
0.146
0.406
0.148
0.160
0.161
0.162
0.139
0.157
0.163
0.156
0.153
0.149
0.156
0.154
0.152
0.155
0.152
0.155
0.156
0.156
0.148
0.159
0.163
0.159
0.156
0.154
0.155
0.156
0.159
0.153
