0.186
0.163
0.127
0.148
0.158
0.157
0.158
0.147
0.161
0.160
0.155
0.148
0.149
0.155
0.123
0.125
0.153
0.159
0.153
0.163
0.161
0.149
0.156
0.161
0.159
0.149
0.160
0.161
0.146
0.157
0.149
0.147
0.155
0.158
0.148
0.161
0.150
0.161
0.164
0.149
0.107
0.157
0.110
0.149
0.159
0.159
0.156
0.162
0.152
0.159
0.157
0.156
0.153
0.162
0.157
0.155
0.157
0.146
0.158
0.164
0.077
0.119
0.160
0.159
0.154
0.164
0.149
0.155
0.157
0.155
0.129
0.159
0.153
0.156
0.154
0.148
0.111
0.117
0.155
0.124
0.138
0.157
0.158
0.164
0.146
0.161
0.151
0.154
0.131
0.157
0.159
0.157
0.160
0.151
0.144
0.162
0.154
0.158
0.163
0.159
