0.172
0.186
0.183
0.185
0.188
0.182
0.161
0.119
0.156
0.155
0.156
0.156
0.156
0.155
0.160
0.158
0.136
0.384
0.162
0.158
0.161
0.147
0.159
0.161
0.152
0.160
0.156
0.157
0.157
0.159
0.153
0.153
0.156
0.161
0.156
0.195
0.159
0.159
0.157
0.151
0.135
0.160
0.165
0.155
0.156
0.155
0.162
0.154
0.151
0.158
0.156
0.162
0.164
0.144
0.157
0.154
0.156
0.148
0.159
0.121
0.162
0.124
0.153
0.161
0.165
0.162
0.151
0.156
0.156
0.171
0.164
0.148
0.159
0.173
0.157
0.150
0.160
0.091
0.161
0.123
0.149
0.160
0.162
0.157
0.151
0.155
0.161
0.147
0.156
0.145
0.162
0.159
0.157
0.150
0.162
0.160
0.161
0.157
0.149
0.162
