0.173
0.191
0.158
0.157
0.150
0.147
0.126
0.153
0.156
0.130
0.161
0.162
0.159
0.161
0.149
0.158
0.161
0.160
0.159
0.155
0.149
0.158
0.156
0.182
0.158
0.160
0.111
0.156
0.111
0.107
0.159
0.159
0.147
0.157
0.161
0.160
0.162
0.149
0.157
0.158
0.157
0.149
0.163
0.155
0.160
0.151
0.110
0.159
0.162
0.159
0.149
0.156
0.159
0.155
0.114
0.125
0.081
0.156
0.162
0.146
0.158
0.156
0.157
0.156
0.142
0.157
0.113
0.162
0.149
0.161
0.162
0.146
0.163
0.154
0.158
0.164
0.159
0.148
0.159
0.160
0.156
0.156
0.149
0.151
0.158
0.155
0.113
0.155
0.149
0.147
0.112
0.111
0.168
0.183
0.156
0.146
0.161
0.152
0.171
0.157
