0.210
0.183
0.187
0.141
0.152
0.184
0.162
0.154
0.159
0.163
0.153
0.156
0.158
0.079
0.119
0.158
0.159
0.154
0.159
0.146
0.157
0.155
0.161
0.121
0.160
0.154
0.158
0.158
0.153
0.155
0.160
0.153
0.124
0.157
0.162
0.153
0.228
0.117
0.156
0.156
0.154
0.119
0.133
0.157
0.167
0.157
0.151
0.159
0.162
0.153
0.140
0.160
0.157
0.157
0.162
0.145
0.156
0.157
0.158
0.157
0.159
0.168
0.110
0.116
0.149
0.153
0.161
0.148
0.159
0.155
0.157
0.159
0.159
0.152
0.155
0.157
0.162
0.155
0.149
0.154
0.154
0.155
0.146
0.154
0.160
0.155
0.166
0.149
0.155
0.152
0.161
0.151
0.157
0.157
0.159
0.152
0.155
0.158
0.113
0.111
