0.175
0.188
0.185
0.178
0.190
0.160
0.207
0.156
0.161
0.150
0.127
0.127
0.159
0.156
0.159
0.159
0.156
0.159
0.154
0.161
0.157
0.161
0.157
0.156
0.164
0.158
0.162
0.153
0.161
0.156
0.163
0.160
0.148
0.161
0.158
0.164
0.112
0.163
0.112
0.164
0.159
0.150
0.159
0.150
0.162
0.152
0.155
0.162
0.164
0.160
0.146
0.159
0.156
0.160
0.149
0.155
0.159
0.157
0.160
0.148
0.156
0.162
0.162
0.152
0.158
0.156
0.157
0.162
0.149
0.156
0.166
0.162
0.110
0.110
0.160
0.161
0.158
0.153
0.156
0.156
0.162
0.151
0.155
0.159
0.166
0.155
0.148
0.158
0.159
0.157
0.155
0.161
0.155
0.158
0.157
0.154
0.163
0.155
0.111
0.128
