0.187
0.175
0.136
0.149
0.153
0.155
0.163
0.149
0.158
0.162
0.155
0.160
0.147
0.154
0.154
0.157
0.145
0.160
0.157
0.166
0.156
0.155
0.153
0.156
0.160
0.157
0.158
0.165
0.160
0.157
0.162
0.163
0.163
0.164
0.118
0.157
0.159
0.146
0.156
0.157
0.156
0.162
0.162
0.154
0.151
0.162
0.162
0.155
0.149
0.159
0.162
0.160
0.142
0.155
0.159
0.162
0.157
0.150
0.154
0.157
0.160
0.125
0.157
0.160
0.155
0.161
0.150
0.155
0.165
0.157
0.130
0.164
0.159
0.159
0.166
0.156
0.136
0.160
0.171
0.153
0.154
0.160
0.154
0.155
0.148
0.158
0.155
0.161
0.155
0.156
0.172
0.155
0.155
0.149
0.159
0.163
0.149
0.156
0.159
0.161
