0.181
0.188
0.182
0.188
0.162
0.156
0.159
0.157
0.157
0.192
0.156
0.146
0.158
0.159
0.157
0.150
0.157
0.158
0.161
0.154
0.173
0.156
0.156
0.164
0.159
0.190
0.156
0.179
0.155
0.158
0.153
0.162
0.155
0.150
0.165
0.184
0.170
0.158
0.149
0.158
0.161
0.157
0.150
0.152
0.162
0.167
0.161
0.146
0.161
0.155
0.156
0.122
0.161
0.166
0.155
0.157
0.147
0.146
0.154
0.159
0.151
0.158
0.163
0.167
0.153
0.153
0.160
0.153
0.159
0.144
0.163
0.156
0.158
0.156
0.152
0.155
0.159
0.154
0.130
0.163
0.163
0.171
0.154
0.179
0.163
0.155
0.166
0.159
0.158
0.156
0.165
0.158
0.151
0.153
0.152
0.160
0.158
0.153
0.156
0.148
