0.175
0.115
0.082
0.087
0.111
0.110
0.110
0.108
0.111
0.113
0.108
0.078
0.112
0.109
0.110
0.119
0.107
0.122
0.082
0.080
0.108
0.112
0.113
0.109
0.125
0.118
0.110
0.093
0.116
0.108
0.112
0.117
0.123
0.116
0.444
0.335
0.117
0.111
0.108
0.115
0.283
0.372
0.117
0.077
0.110
0.121
0.367
0.370
0.125
0.119
0.367
0.090
0.120
0.113
0.110
0.121
0.107
0.111
0.108
0.346
0.118
0.114
0.112
0.121
0.112
0.110
0.120
0.095
0.110
0.110
0.106
0.361
0.114
0.108
0.094
0.112
0.112
0.109
0.112
0.118
0.112
0.111
0.080
0.106
0.130
0.109
0.111
0.114
0.115
0.109
0.115
0.076
0.114
0.112
0.113
0.111
0.139
0.142
0.117
0.101
