0.321
0.235
0.239
0.234
0.207
0.211
0.214
0.241
0.213
0.206
0.213
0.256
0.216
0.204
0.216
0.224
0.221
0.202
0.254
0.217
0.221
0.244
0.204
0.213
0.203
0.230
0.215
0.198
0.215
0.216
0.200
0.198
0.201
0.214
0.211
0.207
0.208
0.216
0.210
0.211
0.204
0.208
0.210
0.205
0.219
0.214
0.201
0.210
0.178
0.211
0.210
0.240
0.211
0.213
0.210
0.217
0.205
0.208
0.200
0.212
0.210
0.229
0.218
0.201
0.211
0.217
0.213
0.201
0.214
0.212
0.217
0.209
0.203
0.209
0.211
0.212
0.183
0.202
0.222
0.193
0.223
0.201
0.211
0.245
0.213
0.194
0.212
0.238
0.216
0.210
0.213
0.211
0.201
0.209
0.175
0.230
0.206
0.239
0.214
0.209
0.211
0.220
0.214
0.210
0.210
0.211
0.217
0.211
0.215
0.210
0.218
0.209
0.205
0.210
0.206
0.224
0.211
0.201
0.210
0.217
0.210
0.211
0.212
0.208
0.205
0.215
0.206
0.209
0.211
0.211
0.209
0.197
0.216
0.219
0.212
0.202
0.216
0.248
0.218
0.231
0.208
0.210
0.202
0.224
0.203
0.245
0.209
0.216
0.210
0.204
0.228
0.239
0.249
0.205
0.202
0.222
0.199
0.215
0.206
0.210
0.215
0.213
0.206
0.211
0.221
0.207
0.220
0.239
0.216
0.195
0.229
0.210
0.217
0.247
0.211
0.213
0.204
0.214
0.212
0.213
0.182
0.210
0.208
0.229
0.224
0.199
0.217
0.248
0.208
0.176
0.212
0.213
0.212
0.216
0.207
0.210
0.213
0.209
0.199
0.227
0.213
0.192
0.220
0.189
0.218
0.241
0.211
0.211
0.210
0.212
0.211
0.210
0.210
0.228
0.210
0.215
0.204
0.211
0.210
0.210
0.211
0.206
0.215
0.248
0.212
0.215
0.212
0.234
0.204
0.212
0.205
0.217
0.201
0.229
0.228
0.213
0.212
0.233
0.210
0.202
0.221
0.218
0.212
0.214
0.204
0.225
0.219
0.233
0.203
0.209
0.211
0.233
0.216
0.205
0.215
0.210
0.217
0.198
0.215
0.219
0.211
0.213
0.202
0.211
0.220
0.194
0.215
0.241
0.229
0.240
0.214
0.201
0.211
0.209
0.217
0.207
0.211
0.255
0.201
0.209
0.200
0.211
0.210
0.226
0.187
0.213
0.211
0.211
0.209
0.205
0.206
0.211
0.202
0.185
0.217
0.220
0.208
0.213
0.203
0.218
0.211
0.214
0.190
0.210
0.217
0.230
0.212
0.204
0.215
0.249
0.214
0.180
0.215
0.232
0.219
0.233
0.205
0.210
0.213
0.215
0.174
0.212
0.211
0.212
0.210
0.204
0.227
0.219
0.200
0.214
0.211
0.239
0.213
0.256
0.209
0.216
0.228
0.202
0.212
0.211
0.210
0.234
0.202
0.202
0.213
0.217
0.210
0.167
0.214
0.204
0.211
0.212
0.204
0.210
0.219
0.189
0.224
0.206
0.210
0.214
0.213
0.198
0.210
0.251
0.211
0.209
0.205
0.251
0.215
0.214
0.201
0.212
0.204
0.210
0.210
0.203
0.210
0.209
0.212
0.210
0.214
0.225
0.206
0.213
0.208
0.251
0.230
0.224
0.204
0.196
0.218
0.245
0.210
0.235
0.217
0.202
0.212
0.202
0.213
0.224
0.214
0.232
0.199
0.208
0.205
0.199
0.202
0.209
0.229
0.212
0.210
0.205
0.214
0.211
0.211
0.173
0.210
0.217
0.209
0.218
0.206
0.222
0.209
0.212
0.207
0.228
0.214
0.201
0.212
0.202
0.210
0.196
0.212
0.177
0.217
0.214
0.213
0.209
0.205
0.216
0.218
0.213
0.211
0.204
0.214
0.212
0.212
0.200
0.210
0.211
0.222
0.196
0.216
0.217
0.216
0.239
0.210
0.209
0.205
0.210
0.213
0.211
0.228
0.212
0.199
0.197
0.201
0.217
0.204
0.213
0.217
0.202
0.211
0.210
0.207
0.205
0.211
0.207
0.210
0.214
0.211
0.194
0.246
0.199
0.211
0.212
0.206
0.209
0.207
0.210
0.217
0.212
0.204
0.226
0.210
0.214
0.211
0.251
0.219
0.217
0.214
0.210
0.212
0.213
0.230
0.209
0.203
0.210
0.210
0.213
0.203
0.212
0.246
0.244
0.206
0.212
0.202
0.232
0.217
0.199
0.214
0.215
0.210
0.198
0.206
0.215
0.201
0.212
0.174
0.228
0.207
0.199
0.209
0.209
0.210
0.210
0.207
0.172
0.211
0.215
0.212
0.221
0.195
0.225
0.211
0.211
0.181
0.215
0.210
0.211
0.214
0.202
0.205
0.219
0.213
0.222
0.229
0.218
0.214
0.235
0.209
0.211
0.216
0.214
0.219
0.210
0.212
0.210
0.219
0.211
0.211
0.241
0.211
0.216
0.219
0.197
0.216
0.217
0.205
0.246
0.215
0.214
0.218
0.198
0.213
0.218
0.211
0.211
0.220
0.209
0.202
0.219
0.218
0.247
0.135
0.211
0.135
0.251
0.217
0.210
0.212
0.201
0.221
0.212
0.201
0.213
0.213
0.193
0.215
0.213
0.204
0.225
0.212
0.212
0.213
0.213
0.214
0.212
0.212
0.209
0.211
0.214
0.211
0.201
0.216
0.212
0.212
0.225
0.205
0.223
0.210
0.215
0.176
0.213
0.211
0.215
0.213
0.190
0.223
0.207
0.216
0.231
0.215
0.211
0.212
0.223
0.206
0.212
0.213
0.215
0.198
0.210
0.209
0.216
0.175
0.198
0.206
0.212
0.217
0.175
0.211
0.209
0.215
0.214
0.208
0.212
0.211
0.200
0.187
0.211
0.212
0.236
0.220
0.200
0.212
0.209
0.210
0.212
0.216
0.215
0.160
0.214
0.212
0.209
0.214
0.209
0.219
0.213
0.207
0.204
0.211
0.197
0.207
0.255
0.213
0.197
0.209
0.210
0.204
0.212
0.195
0.228
0.218
0.216
0.214
0.196
0.210
0.216
0.205
0.201
0.215
0.209
0.206
0.216
0.203
0.212
0.218
0.210
0.208
0.210
0.210
0.210
0.214
0.193
0.213
0.214
0.202
0.205
0.201
0.226
0.213
0.181
0.208
0.212
0.212
0.211
0.206
0.220
0.211
0.204
0.205
0.215
0.214
0.216
0.218
0.206
0.210
0.216
0.210
0.216
0.201
0.200
0.203
0.214
0.181
0.226
0.216
0.213
0.213
0.217
0.210
0.193
0.240
0.201
0.213
0.246
0.225
0.211
0.198
0.217
0.216
0.233
0.203
0.223
0.217
0.215
0.200
0.202
0.211
0.212
0.210
0.187
0.214
0.213
0.137
0.200
0.209
0.250
0.227
0.214
0.216
0.222
0.210
0.234
0.210
0.201
0.217
0.219
0.213
0.220
0.219
0.219
0.212
0.217
0.204
0.224
0.214
0.216
0.210
0.219
0.211
0.247
0.220
0.202
0.213
0.212
0.211
0.208
0.206
0.211
0.210
0.216
0.198
0.199
0.221
0.209
0.212
0.240
0.214
0.197
0.210
0.208
0.210
0.211
0.210
0.227
0.200
0.209
0.204
0.209
0.202
0.204
0.215
0.209
0.213
0.202
0.205
0.207
0.213
0.204
0.209
0.218
0.210
0.195
0.213
0.208
0.213
0.213
0.175
0.218
0.210
0.219
0.211
0.205
0.211
0.214
0.210
0.173
0.213
0.230
0.232
0.209
0.206
0.230
0.212
0.209
0.182
0.214
0.211
0.232
0.215
0.197
0.204
0.248
0.218
0.204
0.206
0.219
0.217
0.241
0.203
0.219
0.212
0.212
0.175
0.218
0.211
0.210
0.202
0.203
0.195
0.216
0.211
0.205
0.213
0.205
0.209
0.205
0.206
0.213
0.211
0.212
0.207
0.206
0.189
0.228
0.218
0.205
0.212
0.203
0.210
0.209
0.205
0.211
0.210
0.229
0.206
0.209
0.215
0.213
0.207
0.218
0.217
0.211
0.216
0.202
0.212
0.208
0.215
0.213
0.203
0.235
0.216
0.209
0.209
0.209
0.209
0.154
0.228
0.215
0.217
0.255
0.210
0.201
0.210
0.210
0.212
0.209
0.202
0.213
0.200
0.212
0.199
0.211
0.207
0.212
0.216
0.209
0.204
0.209
0.214
0.204
0.212
0.211
0.210
0.218
0.198
0.229
0.217
0.212
0.213
0.215
0.210
0.211
0.216
0.209
0.213
0.210
0.210
0.173
0.215
0.212
0.210
0.208
0.209
0.211
0.230
0.216
0.183
0.210
0.215
0.221
0.214
0.245
0.211
0.212
0.211
0.185
0.222
0.191
0.214
0.203
0.203
0.241
0.219
0.244
0.207
0.259
0.218
0.211
0.211
0.200
0.197
0.219
0.199
0.211
0.218
0.214
0.211
0.165
0.207
0.213
0.221
0.208
0.228
0.220
0.213
0.209
0.207
0.188
0.226
0.211
0.211
0.215
0.211
0.232
0.209
0.213
0.197
0.201
0.211
0.216
0.208
0.210
0.210
0.210
0.214
0.241
0.216
0.213
0.211
0.212
0.207
0.201
0.207
0.216
0.210
0.209
0.215
0.241
0.219
0.235
0.201
0.218
0.211
0.224
0.213
0.216
0.207
0.208
0.212
0.239
0.208
0.229
0.174
0.213
0.211
0.214
0.211
0.217
0.210
0.214
0.214
0.172
0.211
0.218
0.211
0.214
0.206
0.225
0.201
0.227
0.194
0.213
0.212
0.231
0.229
0.211
0.218
0.214
0.211
0.190
0.215
0.213
0.214
0.212
0.202
0.200
0.214
0.209
0.195
0.217
0.213
0.212
0.211
0.203
0.202
0.210
0.219
0.209
0.218
0.215
0.222
0.185
0.219
0.212
0.228
0.243
0.214
0.216
0.215
0.212
0.213
0.249
0.214
0.214
0.201
0.201
0.200
0.214
0.213
0.221
0.204
0.212
0.211
0.199
0.163
0.212
0.213
0.210
0.213
0.217
0.201
0.217
0.210
0.206
0.206
0.232
0.214
0.213
0.207
0.211
0.212
0.213
0.216
0.209
0.211
0.208
0.430
0.401
0.211
0.243
0.211
0.209
0.205
0.206
0.521
0.514
0.516
0.506
0.514
0.474
0.475
0.454
0.419
0.453
0.178
0.155
0.188
0.219
0.407
0.354
0.363
0.351
0.329
0.304
0.298
0.301
0.140
0.166
0.203
0.192
0.272
0.210
0.170
0.156
0.170
0.153
0.146
0.136
0.135
0.132
0.137
0.144
0.174
0.161
0.145
0.140
0.152
0.129
0.140
0.151
0.144
0.135
0.158
0.145
0.146
0.148
0.176
0.165
0.175
0.167
0.196
0.192
0.202
0.200
0.206
0.202
0.202
0.207
0.205
0.202
0.212
0.198
0.207
0.203
0.206
0.201
0.207
0.204
0.214
0.247
0.203
0.209
0.204
0.225
0.202
0.207
0.203
0.214
0.202
0.201
0.200
0.207
0.205
0.208
0.202
0.211
0.215
0.211
0.207
0.194
0.211
0.236
0.214
0.217
0.207
0.226
0.219
0.203
0.207
0.216
0.207
0.210
0.214
0.213
0.210
0.214
0.205
0.215
0.211
0.198
0.214
0.233
0.216
0.227
0.228
0.195
0.251
0.210
0.228
0.211
0.219
0.210
0.218
0.214
0.216
0.216
0.217
0.187
0.219
0.210
0.425
0.216
0.216
0.215
0.212
0.215
0.179
0.214
0.213
0.212
0.202
0.200
0.200
0.212
0.214
0.175
0.213
0.245
0.212
0.229
0.205
0.196
0.214
0.209
0.187
0.214
0.195
0.228
0.209
0.206
0.215
0.208
0.209
0.210
0.207
0.226
0.206
0.212
0.209
0.212
0.227
0.229
0.221
0.205
0.210
0.197
0.228
0.198
0.206
0.215
0.216
0.208
0.203
0.212
0.215
0.207
0.201
0.233
0.212
0.196
0.183
0.210
0.221
0.240
0.222
0.207
0.215
0.211
0.213
0.217
0.202
0.220
0.217
0.214
0.202
0.215
0.215
0.213
0.219
0.202
0.213
0.205
0.212
0.197
0.216
0.219
0.190
0.195
0.203
0.188
0.228
0.216
0.207
0.235
0.213
0.215
0.213
0.204
0.217
0.217
0.215
0.212
0.218
0.225
0.215
0.217
0.204
0.212
0.213
0.210
0.181
0.213
0.211
0.212
0.217
0.202
0.204
0.229
0.213
0.192
0.230
0.208
0.199
0.218
0.207
0.208
0.216
0.217
0.178
0.196
0.216
0.211
0.218
0.378
0.209
0.197
0.203
0.181
0.213
0.214
0.214
0.220
0.209
0.213
0.230
0.214
0.214
0.211
0.218
0.208
0.207
0.207
0.217
0.209
0.215
0.229
0.210
0.211
0.217
0.217
0.207
0.214
0.212
0.211
0.210
0.199
0.209
0.209
0.180
0.205
0.210
0.210
0.208
0.217
0.209
0.230
0.213
0.205
