0.162
0.076
0.092
0.107
0.092
0.104
0.100
0.088
0.099
0.092
0.091
0.101
0.097
0.108
0.090
0.099
0.094
0.093
0.090
0.089
0.091
0.090
0.088
0.093
0.090
0.089
0.090
0.090
0.085
0.088
0.091
0.090
0.090
0.092
0.090
0.089
0.084
0.090
0.084
0.089
0.085
0.094
0.088
0.090
0.091
0.090
0.090
0.090
0.089
0.091
0.086
0.098
0.094
0.080
0.085
0.097
0.092
0.093
0.092
0.091
0.089
0.091
0.090
0.090
0.092
0.091
0.086
0.089
0.090
0.091
0.090
0.092
0.092
0.094
0.086
0.095
0.089
0.091
0.090
0.091
0.090
0.091
0.080
0.091
0.084
0.097
0.091
0.092
0.089
0.091
0.089
0.090
0.086
0.090
0.089
0.090
0.085
0.090
0.085
0.090
0.089
0.090
0.089
0.091
0.089
0.091
0.086
0.090
0.089
0.090
0.085
0.092
0.085
0.090
0.086
0.091
0.087
0.091
0.092
0.091
0.090
0.090
0.084
0.090
0.085
0.090
0.085
0.089
0.089
0.091
0.091
0.090
0.084
0.090
0.090
0.090
0.085
0.090
0.089
0.090
0.084
0.090
0.090
0.091
0.115
0.095
0.094
0.093
0.079
0.092
0.088
0.097
0.085
0.095
0.094
0.090
0.085
0.090
0.085
0.090
0.091
0.105
0.085
0.090
0.085
0.090
0.085
0.090
0.090
0.090
0.086
0.091
0.085
0.091
0.087
0.090
0.085
0.092
0.086
0.090
0.089
0.091
0.085
0.089
0.085
0.089
0.090
0.090
0.085
0.089
0.090
0.092
0.084
0.096
0.098
0.089
0.091
0.089
0.086
0.090
0.089
0.089
0.091
0.090
0.089
0.089
0.090
0.091
0.090
0.092
0.092
0.091
0.091
0.089
0.085
0.090
0.088
0.092
0.085
0.090
0.081
0.090
0.086
0.091
0.089
0.090
0.090
0.090
0.090
0.089
0.085
0.091
0.086
0.090
0.091
0.090
0.091
0.090
0.092
0.092
0.085
0.094
0.090
0.090
0.090
0.090
0.085
0.089
0.092
0.089
0.090
0.089
0.084
0.098
0.098
0.091
0.085
0.095
0.095
0.091
0.086
0.091
0.089
0.090
0.090
0.090
0.085
0.094
0.087
0.094
0.085
0.095
0.096
0.090
0.090
0.090
0.089
0.089
0.088
0.090
0.089
0.091
0.085
0.096
0.098
0.092
0.090
0.090
0.090
0.091
0.086
0.093
0.093
0.082
0.090
0.092
0.090
0.091
0.088
0.092
0.086
0.090
0.087
0.093
0.093
0.091
0.089
0.092
0.087
0.091
0.086
0.090
0.090
0.097
0.091
0.090
0.091
0.091
0.087
0.090
0.085
0.088
0.091
0.088
0.091
0.090
0.090
0.089
0.089
0.089
0.090
0.089
0.090
0.089
0.091
0.090
0.089
0.090
0.090
0.090
0.085
0.090
0.090
0.089
0.085
0.089
0.090
0.089
0.089
0.092
0.091
0.089
0.086
0.089
0.091
0.090
0.091
0.089
0.091
0.092
0.086
0.091
0.086
0.090
0.091
0.090
0.079
0.094
0.087
0.096
0.093
0.093
0.085
0.092
0.090
0.089
0.084
0.111
0.093
0.093
0.085
0.106
0.086
0.091
0.091
0.108
0.094
0.095
0.091
0.092
0.092
0.044
0.085
0.097
0.097
0.089
0.084
0.095
0.089
0.099
0.091
0.089
0.084
0.094
0.097
0.094
0.085
0.090
0.091
0.090
0.085
0.107
0.110
0.094
0.093
0.090
0.091
0.093
0.087
0.090
0.090
0.090
0.091
0.092
0.091
0.081
0.086
0.091
0.090
0.089
0.092
0.093
0.090
0.089
0.089
0.089
0.085
0.094
0.089
0.090
0.090
0.089
0.084
0.096
0.090
0.094
0.088
0.090
0.084
0.089
0.090
0.089
0.090
0.091
0.090
0.089
0.089
0.089
0.085
0.092
0.083
0.091
0.090
0.092
0.090
0.090
0.096
0.089
0.088
0.090
0.085
0.094
0.094
0.091
0.090
0.090
0.089
0.090
0.093
0.093
0.090
0.094
0.091
0.091
0.085
0.092
0.086
0.093
0.092
0.093
0.090
0.090
0.077
0.090
0.085
0.094
0.087
0.091
0.090
0.090
0.087
0.091
0.086
0.090
0.090
0.090
0.090
0.089
0.085
0.090
0.089
0.091
0.091
0.090
0.090
0.091
0.090
0.090
0.085
0.091
0.091
0.090
0.085
0.089
0.089
0.090
0.089
0.090
0.089
0.091
0.089
0.089
0.090
0.314
0.076
0.091
0.084
0.091
0.087
0.093
0.087
0.091
0.090
0.090
0.098
0.090
0.086
0.097
0.095
0.089
0.090
0.093
0.086
0.091
0.092
0.090
0.090
0.091
0.090
0.091
0.087
0.091
0.090
0.090
0.090
0.090
0.084
0.088
0.090
0.089
0.091
0.089
0.089
0.091
0.085
0.091
0.092
0.091
0.090
0.088
0.089
0.090
0.084
0.090
0.090
0.091
0.089
0.091
0.089
0.089
0.091
0.090
0.090
0.089
0.090
0.089
0.085
0.090
0.091
0.091
0.090
0.089
0.076
0.096
0.088
0.327
0.090
0.090
0.089
0.091
0.085
0.089
0.080
0.090
0.085
0.092
0.091
0.092
0.091
0.090
0.085
0.091
0.085
0.095
0.094
0.110
0.090
0.095
0.091
0.091
0.090
0.090
0.098
0.090
0.092
0.091
0.087
0.092
0.091
0.090
0.090
0.093
0.091
0.091
0.089
0.091
0.081
0.090
0.085
0.089
0.090
0.090
0.086
0.089
0.100
0.088
0.090
0.091
0.090
0.080
0.089
0.090
0.087
0.090
0.090
0.090
0.089
0.089
0.089
0.092
0.091
0.089
0.090
0.090
0.089
0.089
0.090
0.089
0.089
0.091
0.092
0.090
0.086
0.089
0.090
0.092
0.090
0.091
0.086
0.091
0.090
0.092
0.085
0.094
0.095
0.090
0.090
0.089
0.090
0.089
0.090
0.090
0.085
0.091
0.085
0.091
0.091
0.089
0.090
0.089
0.089
0.091
0.085
0.090
0.086
0.091
0.090
0.090
0.085
0.095
0.092
0.091
0.092
0.091
0.091
0.091
0.090
0.092
0.094
0.091
0.090
0.091
0.076
0.091
0.087
0.090
0.090
0.263
0.080
0.091
0.083
0.090
0.091
0.091
0.092
0.090
0.090
0.090
0.091
0.089
0.086
0.091
0.094
0.081
0.095
0.091
0.086
0.090
0.091
0.090
0.090
0.081
0.085
0.089
0.089
0.089
0.091
0.088
0.089
0.089
0.085
0.082
0.092
0.090
0.086
0.090
0.091
0.090
0.086
0.090
0.090
0.091
0.089
0.089
0.089
0.090
0.090
0.090
0.081
0.091
0.085
0.090
0.086
0.090
0.089
0.089
0.086
0.080
0.090
0.089
0.089
0.092
0.090
0.099
0.086
0.097
0.091
0.089
0.091
0.091
0.090
0.090
0.085
0.089
0.086
0.091
0.091
0.090
0.089
0.090
0.090
0.090
0.091
0.090
0.090
0.088
0.089
0.089
0.089
0.090
0.090
0.090
0.090
0.092
0.090
0.090
0.091
0.091
0.091
0.091
0.092
0.089
0.091
0.091
0.086
0.090
0.084
0.089
0.090
0.089
0.081
0.090
0.095
0.091
0.090
0.088
0.089
0.090
0.084
0.090
0.084
0.090
0.090
0.091
0.083
0.126
0.077
0.098
0.098
0.093
0.087
0.096
0.102
0.091
0.102
0.089
0.091
0.089
0.090
0.089
0.091
0.088
0.086
0.314
0.091
0.091
0.085
0.095
0.093
0.089
0.090
0.088
0.090
0.089
0.085
0.081
0.091
0.088
0.086
0.091
0.091
0.089
0.090
0.090
0.094
0.091
0.091
0.089
0.090
0.090
0.091
0.090
0.089
0.089
0.084
0.089
0.090
0.089
0.089
0.089
0.091
0.089
0.091
0.092
0.087
0.091
0.085
0.094
0.093
0.091
0.090
0.090
0.092
0.091
0.090
0.090
0.086
0.090
0.091
0.090
0.089
0.089
0.090
0.090
0.086
0.090
0.085
0.094
0.090
0.089
0.085
0.089
0.091
0.090
0.085
0.094
0.092
0.090
0.093
0.091
0.091
0.088
0.091
0.090
0.090
0.090
0.091
0.092
0.090
0.090
0.090
0.090
0.086
0.098
0.086
0.091
0.084
0.095
0.084
0.094
0.094
0.089
0.093
0.091
0.087
0.090
0.086
0.091
0.090
0.090
0.085
0.094
0.089
0.090
0.089
0.091
0.090
0.089
0.088
0.089
0.085
0.090
0.085
0.089
0.089
0.090
0.090
0.089
0.089
0.090
0.090
0.090
0.090
0.090
0.091
0.090
0.090
0.089
0.091
0.091
0.089
0.090
0.090
0.091
0.090
0.090
0.085
0.093
0.088
0.097
0.086
0.091
0.085
0.096
0.095
0.088
0.085
0.089
0.090
0.090
0.089
0.089
0.085
0.091
0.091
0.091
0.090
0.090
0.090
0.089
0.086
0.089
0.090
0.090
0.090
0.089
0.089
0.082
0.085
0.091
0.091
0.089
0.089
0.089
0.091
0.091
0.089
0.089
0.089
0.088
0.089
0.091
0.085
0.089
0.090
0.089
0.089
0.089
0.086
0.089
0.090
0.089
0.089
0.089
0.090
0.090
0.092
0.089
0.085
0.088
0.090
0.089
0.084
0.098
0.097
0.090
0.085
0.104
0.093
0.094
0.090
0.090
0.091
0.092
0.087
0.091
0.126
0.096
0.100
0.095
0.087
0.099
0.098
0.092
0.090
0.090
0.102
0.089
0.090
0.090
0.086
0.091
0.085
0.092
0.086
0.091
0.091
0.090
0.084
0.091
0.090
0.090
0.081
0.090
0.086
0.089
0.090
0.090
0.087
0.099
0.086
0.091
0.091
0.089
0.084
0.095
0.085
0.094
0.089
0.091
0.089
0.090
0.089
0.097
0.086
0.090
0.090
0.090
0.076
0.090
0.090
0.090
0.086
0.090
0.084
0.089
0.089
0.081
0.098
0.090
0.090
0.091
0.085
0.092
0.090
0.091
0.091
0.089
0.084
0.091
0.085
0.090
0.086
0.090
0.088
0.089
0.089
0.090
0.090
0.090
0.091
0.090
0.089
0.092
0.088
0.090
0.090
0.090
0.089
0.090
0.089
0.092
0.086
0.091
0.085
0.090
0.092
0.091
0.086
0.091
0.077
0.091
0.086
0.089
0.087
0.089
0.085
0.089
0.080
0.089
0.085
0.096
0.096
0.089
0.089
0.090
0.085
0.090
0.089
0.089
0.080
0.089
0.090
0.090
0.086
0.091
0.090
0.089
0.090
0.089
0.105
0.090
0.089
0.091
0.090
0.090
0.089
0.090
0.090
0.090
0.089
0.089
0.090
0.090
0.090
0.090
0.092
0.093
0.092
0.090
0.097
0.090
0.090
0.090
0.089
0.091
0.091
0.090
0.085
0.090
0.085
0.090
0.089
0.089
0.086
0.090
0.090
0.090
0.089
0.091
0.076
0.090
0.086
0.091
0.089
0.091
0.091
0.090
0.090
0.091
0.090
0.090
0.089
0.090
0.090
0.091
0.089
0.090
0.089
0.091
0.089
0.089
0.090
0.091
0.085
0.090
0.084
0.090
0.086
0.090
0.084
0.090
0.090
0.091
0.085
0.082
0.090
0.091
0.085
0.091
0.091
0.083
0.090
0.090
0.089
0.089
0.085
0.090
0.089
0.092
0.090
0.090
0.089
0.090
0.084
0.090
0.090
0.090
0.084
0.090
0.090
0.089
0.084
0.091
0.090
0.089
0.085
0.109
0.095
0.315
0.087
0.092
0.091
0.092
0.091
0.090
0.090
0.090
0.092
0.090
0.086
0.090
0.092
0.090
0.091
0.090
0.090
0.090
0.103
0.089
0.089
0.090
0.091
0.329
0.099
0.091
0.093
0.091
0.091
0.093
0.091
0.091
0.091
0.091
0.086
0.090
0.090
0.089
0.085
0.089
0.090
0.091
0.087
0.089
0.090
0.089
0.089
0.090
0.090
0.089
0.088
0.089
0.089
0.090
0.089
0.089
0.091
0.090
0.086
0.089
0.090
0.091
0.085
0.089
0.092
0.090
0.092
0.089
0.091
0.091
0.089
0.091
0.092
0.090
0.091
0.089
0.086
0.089
0.081
0.089
0.085
0.089
0.086
0.089
0.086
0.089
0.090
0.090
0.086
0.089
0.087
0.089
0.089
0.091
0.090
0.091
0.091
0.089
0.092
0.090
0.090
0.082
0.085
0.098
0.083
0.098
0.090
0.092
0.090
0.089
0.091
0.092
0.090
0.093
0.086
0.090
0.090
0.090
0.085
0.091
0.087
0.090
0.091
0.090
0.089
0.089
0.086
0.089
0.090
0.090
0.086
0.088
0.090
0.089
0.086
0.089
0.090
0.090
0.090
0.090
0.091
0.089
0.089
0.089
0.090
0.089
0.084
0.089
0.085
0.091
