0.296
0.240
0.242
0.240
0.234
0.211
0.209
0.212
0.217
0.226
0.212
0.212
0.201
0.214
0.212
0.213
0.201
0.199
0.200
0.204
0.209
0.203
0.210
0.209
0.209
0.195
0.212
0.200
0.207
0.210
0.206
0.210
0.202
0.206
0.195
0.209
0.204
0.227
0.200
0.194
0.244
0.207
0.245
0.201
0.216
0.208
0.208
0.211
0.203
0.207
0.216
0.206
0.206
0.209
0.209
0.207
0.212
0.202
0.216
0.226
0.208
0.177
0.210
0.209
0.240
0.208
0.217
0.210
0.214
0.212
0.192
0.213
0.215
0.225
0.246
0.206
0.236
0.229
0.235
0.171
0.208
0.208
0.208
0.215
0.197
0.213
0.211
0.198
0.198
0.211
0.206
0.214
0.205
0.198
0.203
0.203
0.210
0.203
0.211
0.211
0.204
0.226
0.202
0.209
0.215
0.213
0.215
0.215
0.214
0.211
0.213
0.207
0.207
0.208
0.216
0.207
0.217
0.213
0.227
0.206
0.216
0.219
0.225
0.207
0.213
0.203
0.210
0.208
0.210
0.201
0.208
0.209
0.220
0.208
0.200
0.227
0.244
0.209
0.200
0.202
0.210
0.196
0.210
0.209
0.230
0.216
0.203
0.200
0.221
0.198
0.225
0.209
0.205
0.207
0.214
0.211
0.196
0.208
0.226
0.217
0.210
0.208
0.210
0.209
0.240
0.174
0.213
0.202
0.208
0.211
0.216
0.219
0.208
0.211
0.183
0.206
0.214
0.207
0.229
0.203
0.224
0.209
0.198
0.206
0.212
0.226
0.231
0.229
0.197
0.215
0.223
0.205
0.177
0.211
0.215
0.213
0.211
0.199
0.226
0.227
0.214
0.195
0.209
0.210
0.207
0.205
0.215
0.208
0.240
0.211
0.215
0.215
0.204
0.206
0.217
0.208
0.208
0.210
0.237
0.213
0.208
0.204
0.217
0.228
0.196
0.212
0.203
0.207
0.211
0.212
0.208
0.214
0.210
0.212
0.210
0.212
0.268
0.205
0.196
0.219
0.254
0.210
0.202
0.205
0.238
0.217
0.190
0.234
0.242
0.213
0.201
0.201
0.241
0.207
0.210
0.211
0.203
0.207
0.224
0.210
0.182
0.208
0.208
0.208
0.204
0.197
0.179
0.226
0.229
0.225
0.195
0.208
0.216
0.199
0.207
0.206
0.207
0.212
0.170
0.208
0.213
0.201
0.214
0.200
0.211
0.227
0.209
0.183
0.211
0.226
0.206
0.215
0.210
0.212
0.212
0.210
0.171
0.226
0.202
0.211
0.213
0.202
0.213
0.224
0.209
0.176
0.229
0.203
0.231
0.211
0.205
0.209
0.210
0.202
0.173
0.206
0.248
0.202
0.238
0.200
0.232
0.214
0.207
0.212
0.214
0.226
0.251
0.198
0.159
0.204
0.211
0.208
0.209
0.210
0.218
0.171
0.246
0.201
0.218
0.208
0.213
0.205
0.209
0.200
0.225
0.231
0.201
0.207
0.212
0.202
0.210
0.211
0.215
0.207
0.227
0.204
0.231
0.200
0.210
0.206
0.197
0.208
0.249
0.209
0.201
0.206
0.211
0.222
0.161
0.214
0.219
0.211
0.212
0.208
0.232
0.211
0.246
0.206
0.200
0.206
0.246
0.215
0.200
0.208
0.210
0.209
0.209
0.212
0.207
0.200
0.197
0.194
0.210
0.210
0.258
0.210
0.207
0.203
0.191
0.224
0.205
0.215
0.206
0.201
0.210
0.201
0.228
0.203
0.213
0.184
0.202
0.209
0.212
0.214
0.200
0.208
0.214
0.207
0.196
0.211
0.208
0.217
0.227
0.195
0.212
0.210
0.215
0.183
0.229
0.198
0.220
0.215
0.201
0.215
0.232
0.213
0.210
0.207
0.212
0.213
0.214
0.198
0.210
0.204
0.228
0.215
0.216
0.212
0.215
0.210
0.207
0.216
0.210
0.224
0.214
0.204
0.212
0.207
0.210
0.188
0.224
0.225
0.209
0.219
0.205
0.209
0.224
0.211
0.200
0.201
0.202
0.211
0.207
0.203
0.209
0.211
0.208
0.205
0.208
0.216
0.211
0.213
0.226
0.214
0.216
0.207
0.203
0.208
0.211
0.207
0.209
0.198
0.211
0.212
0.211
0.202
0.213
0.206
0.210
0.207
0.232
0.205
0.240
0.210
0.207
0.206
0.230
0.217
0.205
0.202
0.219
0.208
0.210
0.168
0.193
0.203
0.210
0.220
0.199
0.223
0.221
0.197
0.180
0.226
0.216
0.203
0.210
0.204
0.209
0.212
0.211
0.197
0.225
0.224
0.209
0.208
0.203
0.207
0.217
0.203
0.204
0.213
0.196
0.214
0.208
0.209
0.209
0.215
0.214
0.230
0.208
0.209
0.210
0.214
0.206
0.216
0.217
0.214
0.201
0.217
0.210
0.208
0.211
0.198
0.209
0.206
0.212
0.208
0.210
0.208
0.199
0.208
0.205
0.206
0.223
0.191
0.174
0.198
0.211
0.198
0.212
0.202
0.217
0.211
0.201
0.214
0.199
0.213
0.214
0.201
0.195
0.198
0.211
0.208
0.211
0.204
0.219
0.213
0.214
0.206
0.211
0.208
0.253
0.210
0.211
0.208
0.242
0.211
0.210
0.207
0.227
0.214
0.210
0.199
0.213
0.202
0.224
0.199
0.214
0.226
0.210
0.217
0.196
0.227
0.211
0.210
0.182
0.222
0.224
0.208
0.209
0.215
0.203
0.218
0.209
0.185
0.228
0.161
0.128
0.209
0.221
0.204
0.216
0.211
0.202
0.218
0.227
0.228
0.230
0.199
0.224
0.200
0.211
0.181
0.205
0.204
0.227
0.217
0.200
0.227
0.253
0.209
0.210
0.211
0.222
0.207
0.213
0.205
0.201
0.210
0.211
0.197
0.196
0.180
0.232
0.214
0.211
0.197
0.219
0.213
0.198
0.209
0.211
0.229
0.225
0.201
0.209
0.207
0.208
0.215
0.214
0.206
0.224
0.207
0.203
0.196
0.234
0.203
0.213
0.159
0.205
0.205
0.209
0.206
0.209
0.217
0.214
0.197
0.215
0.210
0.211
0.201
0.204
0.207
0.245
0.206
0.230
0.207
0.200
0.208
0.204
0.197
0.207
0.207
0.213
0.211
0.195
0.217
0.206
0.202
0.179
0.231
0.215
0.208
0.217
0.212
0.213
0.214
0.205
0.198
0.206
0.212
0.204
0.207
0.202
0.209
0.230
0.205
0.208
0.207
0.224
0.226
0.214
0.200
0.214
0.213
0.209
0.205
0.226
0.210
0.210
0.178
0.198
0.196
0.210
0.206
0.174
0.205
0.227
0.207
0.194
0.212
0.233
0.251
0.208
0.209
0.212
0.212
0.208
0.203
0.197
0.207
0.201
0.218
0.223
0.211
0.218
0.212
0.210
0.198
0.197
0.212
0.232
0.207
0.217
0.208
0.213
0.207
0.224
0.212
0.211
0.226
0.187
0.210
0.204
0.210
0.236
0.206
0.229
0.227
0.220
0.214
0.205
0.212
0.209
0.212
0.208
0.214
0.240
0.228
0.211
0.206
0.252
0.201
0.235
0.204
0.210
0.227
0.212
0.215
0.204
0.202
0.236
0.226
0.200
0.211
0.209
0.199
0.209
0.200
0.209
0.204
0.201
0.194
0.206
0.207
0.207
0.211
0.214
0.210
0.207
0.207
0.198
0.206
0.212
0.210
0.233
0.206
0.208
0.209
0.232
0.173
0.212
0.208
0.219
0.202
0.203
0.208
0.211
0.207
0.166
0.206
0.209
0.208
0.225
0.211
0.224
0.211
0.210
0.175
0.214
0.213
0.213
0.213
0.206
0.137
0.232
0.207
0.215
0.213
0.253
0.209
0.210
0.194
0.210
0.208
0.218
0.203
0.214
0.204
0.199
0.207
0.195
0.206
0.199
0.207
0.202
0.212
0.223
0.213
0.206
0.198
0.215
0.206
0.200
0.230
0.202
0.228
0.212
0.208
0.206
0.203
0.223
0.213
0.184
0.206
0.194
0.215
0.208
0.207
0.245
0.228
0.208
0.208
0.206
0.213
0.209
0.211
0.209
0.203
0.212
0.213
0.196
0.207
0.245
0.215
0.216
0.198
0.191
0.209
0.232
0.228
0.198
0.209
0.205
0.208
0.188
0.213
0.228
0.209
0.213
0.207
0.201
0.207
0.204
0.189
0.211
0.208
0.211
0.208
0.196
0.207
0.208
0.208
0.167
0.210
0.210
0.207
0.210
0.198
0.261
0.226
0.225
0.197
0.211
0.210
0.241
0.190
0.213
0.211
0.214
0.210
0.229
0.208
0.206
0.247
0.232
0.204
0.215
0.227
0.227
0.209
0.226
0.211
0.200
0.211
0.205
0.207
0.209
0.212
0.200
0.206
0.209
0.207
0.227
0.199
0.217
0.199
0.225
0.208
0.213
0.209
0.211
0.206
0.203
0.204
0.213
0.211
0.205
0.209
0.249
0.214
0.207
0.200
0.211
0.212
0.211
0.207
0.220
0.207
0.201
0.215
0.203
0.212
0.221
0.216
0.211
0.225
0.206
0.200
0.222
0.207
0.219
0.207
0.204
0.206
0.202
0.206
0.246
0.213
0.199
0.213
0.207
0.228
0.207
0.204
0.247
0.200
0.217
0.175
0.212
0.144
0.180
0.208
0.201
0.211
0.234
0.210
0.197
0.203
0.226
0.226
0.212
0.206
0.246
0.205
0.199
0.207
0.255
0.213
0.210
0.212
0.212
0.207
0.221
0.202
0.181
0.217
0.210
0.203
0.215
0.202
0.217
0.210
0.208
0.189
0.214
0.209
0.203
0.208
0.197
0.221
0.206
0.210
0.190
0.211
0.232
0.216
0.213
0.195
0.246
0.201
0.194
0.188
0.188
0.226
0.212
0.207
0.213
0.208
0.210
0.210
0.173
0.200
0.205
0.209
0.207
0.199
0.217
0.215
0.207
0.198
0.196
0.226
0.212
0.209
0.202
0.158
0.210
0.208
0.209
0.215
0.202
0.214
0.213
0.206
0.224
0.226
0.207
0.210
0.216
0.213
0.230
0.208
0.200
0.208
0.203
0.214
0.214
0.202
0.214
0.208
0.207
0.196
0.232
0.216
0.216
0.209
0.205
0.207
0.208
0.208
0.208
0.210
0.210
0.213
0.204
0.218
0.212
0.214
0.210
0.174
0.211
0.212
0.208
0.202
0.131
0.200
0.207
0.223
0.172
0.208
0.204
0.198
0.212
0.205
0.203
0.226
0.212
0.183
0.212
0.193
0.208
0.203
0.191
0.208
0.211
0.208
0.179
0.207
0.209
0.227
0.209
0.200
0.214
0.208
0.228
0.178
0.201
0.205
0.221
0.213
0.197
0.211
0.211
0.256
0.202
0.215
0.211
0.228
0.212
0.206
0.213
0.210
0.232
0.206
0.218
0.210
0.209
0.213
0.247
0.228
0.215
0.211
0.230
0.206
0.210
0.125
0.119
0.206
0.210
0.210
0.213
0.207
0.200
0.196
0.226
0.207
0.202
0.202
0.205
0.209
0.214
0.201
0.211
0.205
0.213
0.205
0.219
0.227
0.222
0.212
0.209
0.206
0.211
0.214
0.205
0.206
0.213
0.210
0.210
0.198
0.210
0.211
0.214
0.175
0.217
0.213
0.194
0.213
0.225
0.247
0.208
0.209
0.203
0.210
0.232
0.226
0.211
0.199
0.210
0.226
0.211
0.197
0.246
0.209
0.213
0.204
0.213
0.127
0.198
0.207
0.172
0.210
0.235
0.203
0.204
0.211
0.226
0.207
0.210
0.173
0.215
0.200
0.228
0.208
0.237
0.207
0.211
0.207
0.174
0.207
0.203
0.206
0.208
0.208
0.214
0.213
0.198
0.192
0.216
0.209
0.212
0.205
0.234
0.207
0.209
0.203
0.221
0.190
0.216
0.212
0.208
0.199
0.209
0.208
0.230
0.212
0.220
0.244
0.212
0.213
0.199
0.213
0.210
0.190
0.215
0.199
0.211
0.213
0.210
0.198
0.215
0.196
0.217
0.208
0.217
0.206
0.201
0.200
0.208
0.206
0.208
0.212
0.207
0.206
0.210
0.211
0.211
0.199
0.210
0.206
0.208
0.213
0.200
0.206
0.226
0.210
0.207
0.206
0.211
0.206
0.208
0.204
0.195
0.207
0.210
0.174
0.208
0.206
0.209
0.201
0.203
0.209
0.209
0.213
0.172
0.206
0.212
0.207
0.209
0.198
0.208
0.210
0.210
0.171
0.211
0.213
0.209
0.212
0.203
0.206
0.209
0.196
0.172
0.198
0.212
0.207
0.228
0.208
0.132
0.198
0.219
0.188
0.225
0.225
0.214
0.219
0.216
0.208
0.214
0.206
0.193
0.212
0.196
0.202
0.204
0.199
0.212
0.212
0.209
0.213
0.243
0.209
0.200
0.208
0.240
0.206
0.208
0.170
0.209
0.207
0.210
0.213
0.193
0.209
0.211
0.213
0.251
0.205
0.200
0.206
0.208
0.208
0.214
0.206
0.211
0.226
0.209
0.199
