0.330
0.240
0.220
0.210
0.213
0.233
0.231
0.225
0.226
0.223
0.218
0.255
0.242
0.208
0.225
0.243
0.212
0.233
0.208
0.214
0.229
0.215
0.211
0.217
0.216
0.204
0.218
0.209
0.213
0.214
0.215
0.180
0.225
0.227
0.227
0.214
0.206
0.219
0.206
0.215
0.214
0.217
0.214
0.227
0.217
0.181
0.249
0.235
0.211
0.178
0.215
0.217
0.215
0.241
0.208
0.234
0.217
0.215
0.208
0.256
0.226
0.212
0.215
0.211
0.211
0.214
0.214
0.214
0.229
0.246
0.214
0.212
0.200
0.223
0.225
0.219
0.230
0.214
0.228
0.213
0.221
0.226
0.226
0.234
0.130
0.177
0.214
0.218
0.229
0.239
0.213
0.208
0.216
0.227
0.211
0.258
0.227
0.214
0.209
0.214
0.224
0.213
0.211
0.213
0.209
0.212
0.226
0.231
0.206
0.214
0.214
0.216
0.217
0.216
0.228
0.220
0.219
0.192
0.214
0.226
0.214
0.213
0.208
0.215
0.218
0.215
0.202
0.206
0.228
0.232
0.216
0.215
0.225
0.229
0.249
0.203
0.224
0.226
0.222
0.237
0.206
0.225
0.218
0.233
0.185
0.232
0.229
0.193
0.212
0.216
0.230
0.210
0.225
0.205
0.215
0.214
0.209
0.220
0.205
0.202
0.217
0.214
0.182
0.227
0.212
0.228
0.217
0.213
0.215
0.216
0.217
0.206
0.227
0.217
0.231
0.226
0.214
0.216
0.227
0.235
0.226
0.247
0.216
0.214
0.209
0.218
0.218
0.249
0.231
0.228
0.214
0.231
0.218
0.244
0.208
0.226
0.218
0.193
0.214
0.228
0.244
0.214
0.217
0.205
0.225
0.226
0.216
0.213
0.207
0.215
0.242
0.198
0.250
0.214
0.227
0.223
0.226
0.232
0.214
0.248
0.221
0.210
0.218
0.250
0.217
0.220
0.220
0.202
0.226
0.213
0.214
0.219
0.227
0.212
0.215
0.255
0.225
0.229
0.214
0.217
0.227
0.216
0.227
0.224
0.212
0.215
0.219
0.225
0.207
0.212
0.230
0.218
0.215
0.226
0.218
0.232
0.227
0.183
0.210
0.227
0.217
0.234
0.208
0.214
0.214
0.254
0.203
0.232
0.248
0.229
0.217
0.164
0.216
0.212
0.217
0.217
0.225
0.215
0.225
0.227
0.211
0.217
0.213
0.220
0.210
0.214
0.247
0.209
0.215
0.212
0.214
0.212
0.220
0.214
0.228
0.216
0.216
0.213
0.215
0.214
0.225
0.206
0.229
0.214
0.224
0.227
0.226
0.202
0.215
0.213
0.171
0.210
0.208
0.226
0.216
0.231
0.215
0.233
0.209
0.220
0.218
0.220
0.217
0.215
0.229
0.211
0.230
0.211
0.218
0.219
0.209
0.211
0.215
0.233
0.212
0.199
0.226
0.231
0.228
0.209
0.229
0.218
0.220
0.228
0.216
0.215
0.215
0.232
0.206
0.216
0.210
0.247
0.212
0.214
0.215
0.223
0.215
0.201
0.229
0.212
0.209
0.214
0.216
0.213
0.211
0.215
0.209
0.232
0.226
0.211
0.190
0.227
0.226
0.227
0.215
0.241
0.217
0.214
0.537
0.454
0.529
0.463
0.528
0.506
0.305
0.291
0.306
0.274
0.413
0.453
0.443
0.442
0.388
0.368
0.407
0.372
0.341
0.312
0.345
0.340
0.298
0.289
0.246
0.270
0.246
0.193
0.228
0.143
0.184
0.145
0.163
0.137
0.142
0.131
0.163
0.137
0.145
0.144
0.142
0.145
0.151
0.142
0.142
0.143
0.142
0.138
0.141
0.144
0.210
0.198
0.373
0.179
0.179
0.278
0.179
0.152
0.549
0.158
0.186
0.141
0.182
0.162
0.156
0.159
0.171
0.429
0.189
0.187
0.190
0.215
0.173
0.316
0.153
0.191
0.161
0.221
0.156
0.177
0.154
0.177
0.570
0.162
0.182
0.176
0.172
0.166
0.179
0.181
0.177
0.217
0.208
0.229
0.225
0.220
0.196
0.212
0.228
0.247
0.227
0.211
0.211
0.182
0.217
0.197
0.218
0.216
0.230
0.224
0.220
0.225
0.230
0.215
0.230
0.218
0.216
0.233
0.227
0.213
0.229
0.232
0.230
0.236
0.216
0.214
0.226
0.243
0.205
0.247
0.217
0.212
0.192
0.212
0.216
0.228
0.216
0.211
0.213
0.226
0.230
0.216
0.227
0.210
0.216
0.215
0.214
0.228
0.214
0.217
0.210
0.200
0.216
0.234
0.254
0.204
0.229
0.222
0.210
0.226
0.230
0.216
0.226
0.226
0.208
0.212
0.228
0.224
0.220
0.207
0.229
0.216
0.217
0.210
0.215
0.214
0.217
0.224
0.208
0.212
0.218
0.227
0.214
0.212
0.228
0.227
0.224
0.244
0.226
0.223
0.212
0.198
0.223
0.213
0.210
0.221
0.231
0.228
0.213
0.216
0.216
0.232
0.225
0.228
0.230
0.202
0.221
0.234
0.215
0.175
0.218
0.256
0.208
0.218
0.208
0.213
0.218
0.219
0.226
0.214
0.209
0.197
0.244
0.227
0.219
0.225
0.212
0.187
0.216
0.213
0.229
0.250
0.212
0.244
0.226
0.229
0.193
0.216
0.217
0.258
0.228
0.207
0.227
0.216
0.216
0.188
0.228
0.234
0.243
0.244
0.215
0.243
0.253
0.218
0.217
0.223
0.220
0.238
0.226
0.212
0.216
0.215
0.224
0.218
0.214
0.227
0.207
0.213
0.215
0.217
0.217
0.217
0.217
0.234
0.213
0.212
0.207
0.211
0.225
0.249
0.223
0.215
0.212
0.230
0.216
0.256
0.212
0.219
0.213
0.234
0.216
0.206
0.218
0.214
0.215
0.202
0.219
0.215
0.208
0.213
0.210
0.256
0.217
0.211
0.210
0.214
0.231
0.215
0.217
0.216
0.227
0.222
0.209
0.184
0.205
0.250
0.222
0.214
0.208
0.225
0.226
0.209
0.212
0.226
0.214
0.211
0.213
0.181
0.229
0.213
0.228
0.231
0.227
0.213
0.174
0.241
0.206
0.228
0.213
0.214
0.187
0.211
0.218
0.210
0.207
0.231
0.227
0.231
0.231
0.235
0.226
0.205
0.240
0.225
0.210
0.215
0.228
0.233
0.191
0.233
0.227
0.216
0.215
0.201
0.248
0.214
0.216
0.210
0.216
0.228
0.227
0.208
0.209
0.230
0.224
0.214
0.179
0.207
0.228
0.217
0.217
0.211
0.218
0.211
0.215
0.212
0.216
0.231
0.220
0.233
0.214
0.209
0.216
0.213
0.218
0.209
0.221
0.230
0.205
0.189
0.229
0.233
0.230
0.209
0.213
0.226
0.219
0.202
0.215
0.215
0.217
0.214
0.228
0.207
0.217
0.221
0.229
0.217
0.247
0.234
0.222
0.229
0.210
0.234
0.232
0.232
0.211
0.227
0.249
0.232
0.218
0.208
0.215
0.247
0.216
0.207
0.216
0.229
0.212
0.217
0.211
0.211
0.215
0.252
0.188
0.209
0.228
0.234
0.216
0.213
0.225
0.226
0.217
0.182
0.218
0.215
0.217
0.215
0.211
0.228
0.205
0.221
0.172
0.210
0.217
0.224
0.229
0.209
0.210
0.239
0.235
0.191
0.250
0.229
0.213
0.249
0.209
0.219
0.214
0.222
0.226
0.246
0.230
0.211
0.226
0.203
0.220
0.225
0.217
0.227
0.208
0.227
0.215
0.224
0.207
0.216
0.215
0.253
0.221
0.222
0.209
0.227
0.219
0.223
0.227
0.216
0.223
0.233
0.209
0.232
0.227
0.223
0.209
0.212
0.226
0.213
0.214
0.207
0.229
0.218
0.217
0.209
0.206
0.198
0.212
0.212
0.210
0.212
0.217
0.233
0.204
0.224
0.221
0.230
0.229
0.220
0.214
0.214
0.227
0.207
0.218
0.228
0.223
0.212
0.227
0.239
0.222
0.265
0.209
0.221
0.218
0.213
0.221
0.215
0.217
0.214
0.604
0.166
0.193
0.227
0.191
0.218
0.185
0.201
0.237
0.209
0.216
0.214
0.217
0.189
0.227
0.183
0.231
0.214
0.227
0.180
0.226
0.252
0.226
0.237
0.208
0.211
0.222
0.221
0.175
0.203
0.228
0.209
0.215
0.199
0.227
0.215
0.217
0.197
0.227
0.234
0.230
0.228
0.210
0.232
0.208
0.225
0.218
0.219
0.247
0.233
0.223
0.213
0.225
0.232
0.217
0.215
0.217
0.235
0.228
0.217
0.207
0.215
0.229
0.252
0.182
0.245
0.216
0.222
0.207
0.231
0.232
0.220
0.214
0.213
0.210
0.215
0.225
0.234
0.208
0.211
0.226
0.223
0.213
0.211
0.218
0.213
0.221
0.217
0.231
0.223
0.212
0.240
0.225
0.222
0.228
0.213
0.208
0.220
0.220
0.230
0.223
0.200
0.227
0.221
0.213
0.199
0.217
0.206
0.224
0.219
0.215
0.213
0.219
0.221
0.180
0.215
0.218
0.219
0.229
0.210
0.220
0.215
0.216
0.207
0.249
0.217
0.220
0.214
0.213
0.207
0.208
0.238
0.213
0.225
0.224
0.257
0.248
0.225
0.217
0.227
0.251
0.177
0.228
0.217
0.230
0.233
0.217
0.234
0.229
0.217
0.204
0.226
0.209
0.208
0.214
0.212
0.229
0.220
0.226
0.227
0.228
0.214
0.218
0.238
0.212
0.213
0.219
0.216
0.219
0.217
0.174
0.234
0.215
0.212
0.228
0.216
0.214
0.235
0.212
0.215
0.227
0.213
0.207
0.233
0.216
0.224
0.225
0.209
0.215
0.236
0.211
0.209
0.399
0.444
0.422
0.404
0.444
0.420
0.444
0.422
0.429
0.387
0.367
0.365
0.367
0.360
0.346
0.448
0.458
0.451
0.456
0.241
0.222
0.238
0.211
0.211
0.218
0.389
0.214
0.214
0.228
0.207
0.388
0.195
0.219
0.226
0.231
0.202
0.217
0.219
0.217
0.215
0.212
0.233
0.217
0.216
0.181
0.213
0.238
0.221
0.219
0.239
0.225
0.214
0.223
0.200
0.236
0.211
0.223
0.219
0.216
0.212
0.216
0.220
0.189
0.217
0.216
0.227
0.241
0.211
0.227
0.227
0.229
0.186
0.250
0.234
0.229
0.216
0.204
0.215
0.223
0.246
0.218
0.217
0.228
0.214
0.205
0.210
0.220
0.245
0.229
0.229
0.216
0.217
0.208
0.216
0.209
0.215
0.222
0.229
0.222
0.236
0.227
0.207
0.216
0.206
0.217
0.255
0.233
0.228
0.208
0.213
0.228
0.257
0.228
0.235
0.228
0.210
0.227
0.213
0.227
0.257
0.222
0.208
0.247
0.241
0.213
0.240
0.220
0.245
0.228
0.231
0.227
0.216
0.206
0.212
0.216
0.213
0.217
0.224
0.217
0.212
0.248
0.216
0.227
0.207
0.212
0.185
0.203
0.207
0.200
0.220
0.208
0.216
0.218
0.218
0.216
0.237
0.229
0.184
0.222
0.218
0.216
0.236
0.207
0.215
0.247
0.232
0.179
0.215
0.228
0.216
0.224
0.236
0.216
0.264
0.227
0.191
0.202
0.221
0.231
0.233
0.213
0.213
0.216
0.235
0.197
0.227
0.204
0.211
0.223
0.211
0.227
0.216
0.251
0.212
0.223
0.212
0.214
0.237
0.211
0.218
0.227
0.228
0.218
0.214
0.230
0.261
0.223
0.226
0.206
0.216
0.228
0.211
0.213
0.219
0.214
0.230
0.226
0.208
0.248
0.212
0.211
0.205
0.206
0.209
0.214
0.209
0.215
0.250
0.217
0.227
0.221
0.238
0.224
0.214
0.211
0.232
0.215
0.226
0.219
0.221
0.217
0.249
0.216
0.207
0.217
0.255
0.249
0.210
0.201
0.244
0.220
0.219
0.213
0.214
0.218
0.232
0.230
0.214
0.231
0.254
0.226
0.228
0.208
0.233
0.228
0.226
0.211
0.218
0.228
0.231
0.183
0.211
0.211
0.231
0.215
0.229
0.221
0.226
0.209
0.201
0.216
0.212
0.228
0.217
0.204
0.218
0.207
0.267
0.251
0.232
0.229
0.215
0.217
0.210
0.215
0.249
0.249
0.187
0.216
0.249
0.220
0.218
0.212
0.233
0.229
0.235
0.201
0.248
0.245
0.239
0.200
0.220
0.215
0.240
0.207
0.229
0.216
0.165
0.228
0.204
0.212
0.224
0.231
0.214
0.216
0.233
0.217
0.227
0.211
0.211
0.227
0.248
0.207
0.203
0.217
0.227
0.217
0.231
0.228
0.219
0.212
0.227
0.216
0.251
0.218
0.220
0.224
0.206
0.220
0.216
0.218
0.229
0.223
0.217
0.218
0.232
0.208
0.213
0.215
0.225
0.208
0.211
0.210
0.257
0.229
0.178
0.217
0.224
0.216
0.242
0.213
0.244
0.238
0.209
