0.126
0.052
0.058
0.064
0.058
0.065
0.065
0.076
0.069
0.067
0.069
0.067
0.062
0.070
0.069
0.066
0.067
0.067
0.067
0.068
0.062
0.067
0.068
0.068
0.062
0.067
0.062
0.074
0.063
0.067
0.067
0.068
0.063
0.075
0.066
0.069
0.065
0.067
0.062
0.066
0.067
0.067
0.063
0.067
0.062
0.067
0.068
0.068
0.067
0.066
0.068
0.068
0.062
0.068
0.067
0.067
0.062
0.068
0.067
0.068
0.067
0.068
0.068
0.067
0.068
0.067
0.062
0.067
0.068
0.067
0.063
0.085
0.073
0.040
0.064
0.068
0.062
0.069
0.068
0.070
0.064
0.069
0.068
0.068
0.062
0.068
0.067
0.067
0.055
0.067
0.067
0.061
0.062
0.076
0.068
0.069
0.069
0.067
0.067
0.067
0.067
0.067
0.062
0.075
0.066
0.068
0.060
0.068
0.062
0.067
0.067
0.068
0.067
0.068
0.067
0.068
0.068
0.066
0.068
0.068
0.068
0.068
0.066
0.068
0.067
0.068
0.063
0.066
0.067
0.067
0.063
0.067
0.067
0.067
0.062
0.067
0.067
0.067
0.068
0.067
0.062
0.067
0.064
0.067
0.063
0.067
0.066
0.067
0.062
0.067
0.066
0.068
0.066
0.067
0.067
0.068
0.063
0.067
0.064
0.067
0.062
0.068
0.067
0.067
0.063
0.067
0.068
0.067
0.067
0.067
0.065
0.071
0.067
0.067
0.067
0.067
0.063
0.067
0.062
0.066
0.064
0.068
0.062
0.067
0.063
0.067
0.066
0.067
0.062
0.067
0.070
0.070
0.062
0.067
0.062
0.067
0.063
0.068
0.067
0.066
0.063
0.068
0.067
0.066
0.067
0.067
0.062
0.067
0.068
0.066
0.062
0.067
0.068
0.067
0.064
0.067
0.062
0.067
0.063
0.068
0.067
0.068
0.068
0.068
0.063
0.067
0.068
0.067
0.067
0.068
0.062
0.068
0.063
0.068
0.062
0.069
0.068
0.067
0.062
0.067
0.067
0.069
0.067
0.068
0.068
0.068
0.064
0.067
0.063
0.067
0.063
0.066
0.067
0.068
0.066
0.068
0.070
0.067
0.066
0.067
0.067
0.067
0.067
0.067
0.067
0.067
0.063
0.067
0.063
0.067
0.062
0.067
0.069
0.067
0.063
0.066
0.067
0.067
0.067
0.067
0.063
0.066
0.067
0.067
0.063
0.067
0.067
0.068
0.064
0.068
0.068
0.068
0.067
0.068
0.068
0.068
0.063
0.067
0.067
0.067
0.062
0.069
0.057
0.068
0.063
0.067
0.068
0.069
0.064
0.067
0.068
0.085
0.072
0.071
0.069
0.070
0.068
0.059
0.068
0.068
0.064
0.068
0.062
0.067
0.066
0.066
0.068
0.069
0.064
0.061
0.067
0.067
0.068
0.068
0.068
0.068
0.063
0.068
0.067
0.068
0.063
0.067
0.067
0.067
0.062
0.067
0.067
0.067
0.063
0.066
0.068
0.067
0.067
0.069
0.063
0.074
0.069
0.069
0.068
0.068
0.077
0.068
0.065
0.068
0.063
0.069
0.067
0.067
0.063
0.068
0.066
0.068
0.063
0.067
0.067
0.068
0.063
0.067
0.067
0.068
0.067
0.067
0.067
0.067
0.063
0.069
0.069
0.067
0.062
0.067
0.063
0.068
0.062
0.067
0.062
0.068
0.064
0.068
0.067
0.067
0.067
0.066
0.067
0.068
0.063
0.067
0.067
0.067
0.062
0.067
0.066
0.067
0.062
0.066
0.067
0.066
0.067
0.066
0.069
0.068
0.068
0.066
0.068
0.067
0.063
0.068
0.067
0.068
0.062
0.068
0.063
0.067
0.067
0.067
0.069
0.068
0.062
0.068
0.068
0.069
0.070
0.069
0.063
0.068
0.063
0.067
0.062
0.067
0.062
0.067
0.064
0.068
0.067
0.067
0.062
0.066
0.068
0.068
0.063
0.061
0.068
0.068
0.063
0.071
0.062
0.067
0.063
0.067
0.062
0.068
0.063
0.067
0.066
0.067
0.063
0.060
0.067
0.067
0.062
0.067
0.062
0.067
0.065
0.070
0.064
0.068
0.064
0.069
0.068
0.068
0.065
0.070
0.067
0.067
0.062
0.071
0.065
0.067
0.062
0.067
0.067
0.067
0.062
0.069
0.068
0.069
0.068
0.075
0.067
0.067
0.063
0.067
0.067
0.067
0.062
0.061
0.065
0.068
0.062
0.067
0.067
0.067
0.067
0.067
0.067
0.067
0.062
0.068
0.067
0.068
0.062
0.061
0.062
0.071
0.068
0.067
0.067
0.068
0.067
0.067
0.066
0.068
0.063
0.067
0.062
0.067
0.063
0.067
0.068
0.067
0.062
0.067
0.088
0.065
0.066
0.088
0.076
0.069
0.068
0.068
0.065
0.068
0.070
0.066
0.063
0.067
0.062
0.069
0.062
0.070
0.069
0.070
0.067
0.067
0.067
0.068
0.067
0.068
0.067
0.069
0.064
0.068
0.062
0.067
0.062
0.069
0.063
0.067
0.062
0.075
0.075
0.075
0.067
0.067
0.068
0.066
0.067
0.067
0.063
0.067
0.062
0.068
0.076
0.067
0.064
0.067
0.063
0.068
0.063
0.061
0.068
0.067
0.068
0.068
0.062
0.086
0.069
0.068
0.063
0.068
0.063
0.069
0.062
0.070
0.070
0.071
0.067
0.067
0.068
0.067
0.062
0.067
0.067
0.067
0.068
0.070
0.070
0.068
0.064
0.066
0.062
0.067
0.062
0.068
0.062
0.074
0.074
0.067
0.068
0.067
0.067
0.068
0.067
0.061
0.062
0.074
0.067
0.067
0.066
0.067
0.062
0.060
0.062
0.067
0.066
0.068
0.068
0.067
0.067
0.067
0.068
0.067
0.062
0.067
0.062
0.067
0.064
0.068
0.062
0.074
0.069
0.068
0.063
0.072
0.068
0.069
0.062
0.066
0.063
0.066
0.067
0.067
0.063
0.060
0.063
0.066
0.063
0.068
0.065
0.068
0.067
0.069
0.062
0.067
0.062
0.075
0.069
0.067
0.064
0.069
0.062
0.067
0.067
0.066
0.067
0.067
0.063
0.067
0.066
0.067
0.062
0.067
0.062
0.069
0.062
0.067
0.062
0.067
0.062
0.067
0.067
0.068
0.067
0.067
0.063
0.067
0.067
0.067
0.062
0.062
0.067
0.067
0.063
0.068
0.062
0.067
0.062
0.068
0.068
0.067
0.067
0.069
0.069
0.067
0.062
0.067
0.063
0.067
0.067
0.067
0.062
0.069
0.063
0.068
0.063
0.066
0.061
0.067
0.068
0.068
0.062
0.069
0.069
0.068
0.062
0.067
0.064
0.067
0.062
0.067
0.068
0.066
0.067
0.068
0.067
0.067
0.062
0.072
0.070
0.067
0.063
0.066
0.094
0.073
0.066
0.063
0.069
0.061
0.070
0.070
0.063
0.078
0.064
0.073
0.074
0.068
0.068
0.068
0.067
0.068
0.070
0.068
0.068
0.067
0.065
0.094
0.056
0.068
0.063
0.068
0.067
0.067
0.067
0.067
0.068
0.068
0.063
0.068
0.062
0.067
0.063
0.068
0.063
0.067
0.064
0.069
0.068
0.067
0.067
0.068
0.067
0.067
0.062
0.067
0.067
0.067
0.063
0.067
0.068
0.067
0.063
0.067
0.067
0.068
0.063
0.067
0.067
0.067
0.067
0.068
0.067
0.067
0.063
0.066
0.061
0.077
0.068
0.067
0.063
0.069
0.063
0.068
0.067
0.068
0.067
0.067
0.067
0.071
0.066
0.067
0.067
0.066
0.062
0.067
0.063
0.068
0.063
0.068
0.063
0.066
0.067
0.067
0.063
0.067
0.067
0.067
0.067
0.069
0.063
0.067
0.063
0.068
0.064
0.067
0.068
0.067
0.062
0.067
0.067
0.067
0.067
0.067
0.061
0.067
0.063
0.068
0.068
0.068
0.068
0.067
0.066
0.068
0.063
0.066
0.062
0.067
0.067
0.067
0.068
0.068
0.063
0.067
0.063
0.068
0.063
0.067
0.071
0.067
0.064
0.066
0.062
0.067
0.067
0.067
0.063
0.067
0.062
0.067
0.067
0.068
0.063
0.069
0.068
0.068
0.066
0.067
0.062
0.068
0.062
0.064
0.073
0.070
0.066
0.068
0.068
0.068
0.062
0.071
0.070
0.068
0.068
0.068
0.063
0.068
0.061
0.075
0.063
0.068
0.068
0.067
0.067
0.067
0.062
0.061
0.068
0.067
0.066
0.067
0.067
0.067
0.062
0.069
0.077
0.067
0.063
0.068
0.063
0.068
0.067
0.067
0.067
0.068
0.066
0.069
0.068
0.067
0.066
0.067
0.062
0.067
0.068
0.067
0.063
0.068
0.064
0.067
0.067
0.066
0.063
0.067
0.067
0.067
0.068
0.068
0.067
0.068
0.062
0.067
0.061
0.068
0.062
0.072
0.085
0.071
0.069
0.068
0.067
0.068
0.064
0.067
0.057
0.068
0.062
0.074
0.068
0.067
0.067
0.067
0.062
0.068
0.067
0.068
0.066
0.067
0.069
0.069
0.067
0.068
0.068
0.067
0.063
0.068
0.064
0.068
0.057
0.067
0.064
0.069
0.063
0.068
0.062
0.075
0.072
0.068
0.069
0.068
0.063
0.062
0.062
0.067
0.062
0.067
0.068
0.067
0.062
0.067
0.069
0.069
0.066
0.067
0.068
0.067
0.063
0.068
0.068
0.067
0.063
0.067
0.062
0.067
0.062
0.067
0.063
0.067
0.063
0.069
0.068
0.068
0.063
0.068
0.067
0.068
0.063
0.067
0.062
0.067
0.063
0.069
0.069
0.069
0.063
0.068
0.064
0.067
0.067
0.069
0.069
0.069
0.062
0.069
0.064
0.067
0.062
0.067
0.063
0.067
0.062
0.068
0.063
0.068
0.062
0.074
0.073
0.067
0.067
0.068
0.063
0.067
0.062
0.068
0.064
0.067
0.062
0.067
0.063
0.066
0.062
0.060
0.076
0.069
0.070
0.068
0.063
0.068
0.064
0.068
0.074
0.068
0.067
0.067
0.063
0.067
0.068
0.065
0.063
0.074
0.068
0.067
0.063
0.072
0.064
0.067
0.068
0.068
0.075
0.073
0.069
0.068
0.063
0.068
0.062
0.068
0.064
0.067
0.063
0.067
0.062
0.067
0.063
0.067
0.063
0.067
0.064
0.068
0.067
0.062
0.063
0.067
0.066
0.067
0.067
0.068
0.067
0.067
0.062
0.066
0.066
0.067
0.063
0.067
0.068
0.067
0.063
0.067
0.056
0.062
0.062
0.074
0.074
0.067
0.067
0.066
0.067
0.067
0.067
0.069
0.064
0.067
0.062
0.069
0.063
0.070
0.068
0.067
0.063
0.068
0.067
0.067
0.063
0.079
0.068
0.067
0.066
0.070
0.065
0.067
0.062
0.067
0.067
0.066
0.062
0.066
0.068
0.067
0.069
0.066
0.067
0.067
0.063
0.067
0.067
0.067
0.063
0.083
0.065
0.076
0.068
0.069
0.065
0.067
0.064
0.067
0.067
0.067
0.067
0.067
0.062
0.067
0.068
0.067
0.067
0.068
0.063
0.067
0.063
0.068
0.063
0.068
0.062
0.067
0.067
0.067
0.068
0.068
0.062
0.068
0.062
0.074
0.069
0.067
0.064
0.067
0.067
0.061
0.062
0.075
0.073
0.068
0.067
0.067
0.063
0.067
0.064
0.069
0.067
0.067
0.063
0.067
0.063
0.067
0.062
0.067
0.066
0.067
0.067
0.067
0.066
0.068
0.061
0.074
0.074
0.066
0.063
0.068
0.062
0.067
0.062
0.067
0.067
0.067
0.062
0.067
0.067
0.067
0.068
0.066
0.067
0.068
0.063
0.068
0.063
0.068
0.064
0.068
0.062
0.068
0.063
0.068
0.067
0.066
0.062
0.068
0.067
0.068
0.064
0.068
0.062
0.067
0.063
0.069
0.068
0.069
0.065
0.067
0.067
0.067
0.068
0.068
0.063
0.067
0.066
0.068
0.069
0.067
0.063
0.067
0.062
0.066
0.063
0.067
0.064
0.068
0.068
0.067
0.070
0.069
0.061
0.068
0.067
0.066
0.062
0.068
0.068
0.067
0.063
0.067
0.063
0.066
0.062
0.068
0.068
0.068
0.067
0.068
0.062
0.066
0.066
0.067
0.067
0.067
0.063
0.067
0.067
0.067
0.067
0.066
0.067
0.068
0.062
0.074
0.075
0.068
0.063
0.067
0.060
0.068
0.065
0.067
0.065
0.068
0.065
0.069
0.067
0.068
0.063
0.068
0.068
0.067
0.068
0.067
0.062
0.067
0.063
0.071
0.065
0.068
0.064
0.067
0.063
0.068
0.062
0.066
0.063
0.068
0.063
0.067
0.066
0.067
0.067
0.066
0.067
0.068
0.062
0.067
0.068
0.068
0.062
0.067
0.063
0.068
0.063
0.068
0.067
0.067
0.062
0.068
0.067
0.067
0.063
0.067
