0.091
0.071
0.062
0.071
0.060
0.071
0.056
0.064
0.063
0.069
0.063
0.066
0.061
0.067
0.068
0.068
0.067
0.068
0.063
0.068
0.069
0.067
0.065
0.068
0.064
0.068
0.068
0.067
0.068
0.067
0.063
0.068
0.070
0.068
0.069
0.069
0.068
0.068
0.063
0.068
0.067
0.068
0.063
0.066
0.062
0.068
0.067
0.068
0.064
0.067
0.067
0.066
0.063
0.068
0.063
0.067
0.067
0.067
0.066
0.067
0.063
0.069
0.064
0.067
0.068
0.067
0.063
0.066
0.067
0.068
0.063
0.067
0.064
0.068
0.067
0.067
0.068
0.068
0.062
0.066
0.069
0.068
0.068
0.069
0.065
0.061
0.067
0.067
0.068
0.068
0.068
0.067
0.068
0.069
0.062
0.067
0.063
0.067
0.063
0.067
0.067
0.067
0.070
0.068
0.067
0.067
0.063
0.067
0.067
0.068
0.062
0.070
0.074
0.070
0.062
0.067
0.063
0.068
0.067
0.066
0.063
0.067
0.068
0.068
0.067
0.068
0.068
0.068
0.063
0.067
0.063
0.067
0.062
0.067
0.063
0.067
0.066
0.068
0.063
0.067
0.067
0.068
0.067
0.067
0.069
0.066
0.063
0.068
0.063
0.068
0.062
0.067
0.069
0.069
0.063
0.067
0.067
0.068
0.062
0.069
0.071
0.068
0.063
0.067
0.063
0.067
0.067
0.068
0.068
0.067
0.063
0.068
0.066
0.067
0.062
0.097
0.077
0.072
0.063
0.068
0.064
0.069
0.064
0.067
0.068
0.068
0.065
0.067
0.060
0.067
0.066
0.068
0.067
0.067
0.064
0.067
0.067
0.067
0.067
0.068
0.063
0.074
0.071
0.068
0.063
0.068
0.062
0.068
0.068
0.069
0.072
0.069
0.069
0.067
0.068
0.067
0.064
0.068
0.067
0.067
0.068
0.068
0.067
0.067
0.068
0.067
0.067
0.069
0.067
0.069
0.062
0.069
0.066
0.069
0.064
0.067
0.063
0.067
0.067
0.068
0.063
0.070
0.063
0.068
0.068
0.068
0.068
0.068
0.068
0.068
0.067
0.060
0.067
0.068
0.063
0.066
0.062
0.067
0.068
0.069
0.062
0.068
0.067
0.069
0.068
0.067
0.067
0.068
0.067
0.067
0.062
0.067
0.063
0.068
0.067
0.067
0.063
0.067
0.063
0.069
0.067
0.068
0.063
0.066
0.067
0.067
0.065
0.068
0.067
0.068
0.064
0.067
0.069
0.067
0.068
0.069
0.067
0.069
0.072
0.074
0.072
0.062
0.063
0.073
0.069
0.069
0.069
0.068
0.064
0.068
0.063
0.068
0.062
0.066
0.067
0.067
0.068
0.074
0.063
0.068
0.064
0.067
0.069
0.068
0.063
0.067
0.063
0.068
0.070
0.069
0.070
0.068
0.068
0.067
0.068
0.069
0.068
0.068
0.068
0.067
0.067
0.067
0.067
0.067
0.068
0.068
0.068
0.067
0.068
0.067
0.069
0.067
0.067
0.067
0.063
0.066
0.063
0.069
0.065
0.072
0.062
0.066
0.073
0.067
0.080
0.067
0.067
0.060
0.066
0.066
0.069
0.068
0.064
0.067
0.068
0.067
0.063
0.068
0.063
0.068
0.063
0.067
0.063
0.068
0.068
0.067
0.068
0.067
0.067
0.066
0.063
0.066
0.067
0.066
0.063
0.067
0.063
0.073
0.069
0.067
0.067
0.068
0.063
0.072
0.067
0.068
0.067
0.067
0.063
0.066
0.062
0.067
0.064
0.067
0.078
0.087
0.069
0.075
0.064
0.069
0.069
0.070
0.064
0.067
0.068
0.066
0.067
0.067
0.063
0.067
0.062
0.067
0.063
0.067
0.062
0.066
0.067
0.067
0.067
0.068
0.063
0.067
0.068
0.068
0.062
0.071
0.067
0.067
0.068
0.067
0.063
0.067
0.067
0.067
0.064
0.068
0.067
0.061
0.067
0.068
0.068
0.069
0.068
0.068
0.063
0.067
0.064
0.069
0.067
0.067
0.068
0.068
0.063
0.067
0.067
0.067
0.068
0.068
0.067
0.067
0.062
0.067
0.063
0.067
0.065
0.068
0.066
0.069
0.062
0.068
0.063
0.067
0.067
0.066
0.063
0.066
0.064
0.061
0.063
0.068
0.067
0.067
0.063
0.068
0.063
0.069
0.067
0.068
0.069
0.067
0.062
0.068
0.069
0.061
0.063
0.067
0.067
0.067
0.063
0.068
0.062
0.067
0.062
0.068
0.067
0.069
0.063
0.067
0.078
0.068
0.062
0.074
0.074
0.068
0.063
0.068
0.064
0.069
0.064
0.074
0.075
0.067
0.064
0.067
0.067
0.067
0.068
0.070
0.068
0.066
0.069
0.070
0.062
0.068
0.061
0.075
0.068
0.067
0.067
0.067
0.067
0.067
0.062
0.067
0.069
0.068
0.063
0.068
0.061
0.068
0.062
0.066
0.063
0.067
0.062
0.067
0.062
0.067
0.066
0.066
0.064
0.068
0.067
0.068
0.068
0.061
0.068
0.068
0.062
0.067
0.068
0.068
0.063
0.067
0.062
0.067
0.063
0.068
0.066
0.067
0.068
0.067
0.064
0.068
0.062
0.073
0.069
0.067
0.063
0.070
0.067
0.068
0.070
0.070
0.067
0.067
0.067
0.066
0.067
0.067
0.067
0.069
0.064
0.067
0.064
0.068
0.068
0.067
0.063
0.067
0.064
0.068
0.062
0.067
0.071
0.069
0.067
0.067
0.068
0.067
0.062
0.067
0.063
0.067
0.063
0.067
0.063
0.067
0.062
0.066
0.067
0.067
0.068
0.067
0.068
0.081
0.035
0.071
0.073
0.069
0.065
0.068
0.069
0.068
0.070
0.069
0.068
0.067
0.067
0.068
0.063
0.068
0.069
0.068
0.063
0.068
0.068
0.068
0.057
0.067
0.068
0.068
0.062
0.073
0.073
0.068
0.067
0.067
0.067
0.067
0.068
0.067
0.067
0.066
0.067
0.066
0.063
0.067
0.062
0.067
0.062
0.068
0.060
0.067
0.063
0.067
0.065
0.067
0.063
0.067
0.069
0.069
0.068
0.067
0.063
0.067
0.063
0.067
0.068
0.067
0.067
0.067
0.068
0.070
0.064
0.069
0.064
0.073
0.069
0.068
0.066
0.070
0.062
0.067
0.067
0.069
0.070
0.068
0.067
0.067
0.068
0.067
0.067
0.067
0.068
0.068
0.067
0.067
0.063
0.067
0.062
0.067
0.063
0.066
0.067
0.067
0.062
0.067
0.067
0.067
0.063
0.067
0.067
0.068
0.068
0.066
0.068
0.068
0.064
0.067
0.063
0.068
0.069
0.068
0.068
0.071
0.068
0.067
0.068
0.067
0.063
0.067
0.062
0.066
0.068
0.068
0.062
0.068
0.063
0.067
0.068
0.067
0.068
0.067
0.067
0.068
0.063
0.066
0.062
0.067
0.063
0.067
0.066
0.068
0.063
0.066
0.067
0.067
0.063
0.067
0.062
0.068
0.066
0.067
0.067
0.067
0.063
0.066
0.063
0.067
0.065
0.066
0.063
0.067
0.068
0.067
0.067
0.067
0.066
0.068
0.068
0.067
0.065
0.069
0.069
0.067
0.067
0.067
0.063
0.067
0.063
0.067
0.068
0.068
0.067
0.067
0.062
0.066
0.067
0.067
0.067
0.068
0.070
0.067
0.063
0.066
0.063
0.068
0.062
0.067
0.061
0.067
0.068
0.067
0.065
0.069
0.067
0.067
0.067
0.066
0.068
0.067
0.063
0.067
0.062
0.067
0.068
0.069
0.063
0.067
0.068
0.067
0.063
0.067
0.068
0.069
0.068
0.067
0.063
0.068
0.065
0.067
0.063
0.067
0.063
0.067
0.078
0.071
0.071
0.068
0.067
0.068
0.032
0.068
0.067
0.067
0.067
0.067
0.063
0.067
0.067
0.069
0.068
0.066
0.061
0.068
0.067
0.068
0.062
0.067
0.067
0.068
0.067
0.067
0.067
0.068
0.032
0.067
0.063
0.068
0.067
0.067
0.067
0.069
0.070
0.068
0.068
0.067
0.068
0.067
0.064
0.067
0.067
0.067
0.067
0.067
0.069
0.068
0.067
0.067
0.067
0.067
0.063
0.068
0.063
0.067
0.063
0.068
0.062
0.068
0.062
0.068
0.063
0.067
0.069
0.067
0.065
0.070
0.063
0.067
0.063
0.068
0.062
0.067
0.063
0.068
0.063
0.068
0.066
0.067
0.067
0.067
0.063
0.067
0.061
0.068
0.064
0.068
0.067
0.067
0.063
0.069
0.064
0.067
0.062
0.074
0.072
0.068
0.066
0.067
0.062
0.068
0.068
0.069
0.069
0.067
0.068
0.067
0.062
0.067
0.064
0.068
0.062
0.066
0.064
0.069
0.063
0.067
0.064
0.067
0.067
0.068
0.062
0.067
0.067
0.068
0.067
0.067
0.063
0.067
0.063
0.068
0.066
0.061
0.063
0.067
0.063
0.066
0.067
0.068
0.068
0.068
0.062
0.070
0.064
0.067
0.063
0.067
0.064
0.068
0.062
0.068
0.063
0.068
0.063
0.067
0.068
0.067
0.062
0.067
0.069
0.067
0.062
0.067
0.062
0.067
0.062
0.068
0.062
0.067
0.063
0.068
0.062
0.068
0.066
0.067
0.063
0.067
0.067
0.068
0.064
0.069
0.066
0.068
0.062
0.067
0.057
0.068
0.063
0.069
0.063
0.066
0.063
0.067
0.062
0.068
0.067
0.068
0.063
0.068
0.063
0.067
0.064
0.067
0.062
0.070
0.079
0.068
0.068
0.067
0.068
0.068
0.067
0.069
0.069
0.068
0.067
0.069
0.064
0.067
0.065
0.068
0.062
0.067
0.067
0.067
0.063
0.067
0.067
0.067
0.062
0.068
0.068
0.068
0.067
0.060
0.083
0.071
0.068
0.068
0.068
0.069
0.032
0.069
0.068
0.066
0.067
0.067
0.066
0.069
0.068
0.067
0.056
0.067
0.062
0.067
0.063
0.067
0.064
0.069
0.068
0.068
0.064
0.068
0.068
0.068
0.062
0.075
0.067
0.068
0.068
0.067
0.067
0.067
0.065
0.069
0.062
0.068
0.067
0.067
0.063
0.068
0.067
0.067
0.069
0.068
0.068
0.067
0.063
0.067
0.062
0.068
0.063
0.068
0.067
0.067
0.063
0.067
0.067
0.067
0.066
0.068
0.068
0.067
0.062
0.068
0.065
0.068
0.069
0.069
0.069
0.070
0.065
0.068
0.067
0.067
0.068
0.068
0.067
0.069
0.064
0.068
0.068
0.068
0.063
0.068
0.064
0.069
0.063
0.067
0.072
0.075
0.071
0.069
0.071
0.070
0.068
0.068
0.064
0.074
0.072
0.067
0.063
0.067
0.067
0.068
0.063
0.069
0.067
0.067
0.067
0.066
0.063
0.068
0.066
0.068
0.067
0.068
0.063
0.067
0.068
0.067
0.062
0.067
0.062
0.068
0.068
0.068
0.067
0.067
0.063
0.067
0.067
0.068
0.068
0.067
0.064
0.067
0.063
0.068
0.067
0.068
0.062
0.067
0.064
0.068
0.068
0.067
0.068
0.068
0.067
0.066
0.064
0.068
0.067
0.068
0.063
0.067
0.068
0.066
0.063
0.067
0.067
0.067
0.067
0.068
0.067
0.067
0.070
0.070
0.062
0.068
0.067
0.066
0.062
0.067
0.063
0.067
0.068
0.067
0.066
0.067
0.067
0.067
0.064
0.067
0.067
0.068
0.067
0.067
0.066
0.067
0.063
0.067
0.062
0.066
0.067
0.068
0.067
0.066
0.068
0.068
0.067
0.068
0.069
0.068
0.064
0.067
0.066
0.069
0.063
0.068
0.064
0.068
0.063
0.067
0.063
0.067
0.067
0.068
0.061
0.074
0.073
0.067
0.067
0.068
0.062
0.066
0.063
0.068
0.067
0.067
0.063
0.067
0.062
0.067
0.067
0.083
0.080
0.067
0.077
0.070
0.058
0.068
0.068
0.066
0.069
0.068
0.074
0.067
0.067
0.067
0.062
0.068
0.068
0.067
0.062
0.067
0.067
0.066
0.067
0.067
0.056
0.068
0.062
0.073
0.069
0.068
0.067
0.066
0.067
0.068
0.068
0.069
0.068
0.067
0.076
0.076
0.067
0.067
0.067
0.067
0.064
0.067
0.063
0.067
0.067
0.068
0.067
0.067
0.067
0.066
0.063
0.080
0.064
0.067
0.057
0.069
0.066
0.067
0.062
0.067
0.067
0.067
0.067
0.068
0.063
0.068
0.060
0.067
0.067
0.068
0.067
0.067
0.063
0.068
0.067
0.067
0.068
0.068
0.068
0.067
0.067
0.066
0.067
0.067
0.069
0.069
0.062
0.069
0.064
0.067
0.062
0.068
0.068
0.069
0.065
0.068
0.063
0.068
0.069
0.067
0.063
0.067
0.069
0.068
0.068
0.067
0.063
0.068
0.064
0.067
0.067
0.068
0.063
0.067
0.062
0.061
0.077
0.061
