0.297
0.205
0.216
0.233
0.209
0.217
0.209
0.204
0.213
0.224
0.209
0.210
0.199
0.208
0.212
0.210
0.231
0.240
0.212
0.206
0.211
0.211
0.204
0.226
0.207
0.213
0.201
0.232
0.210
0.205
0.201
0.208
0.211
0.204
0.208
0.211
0.195
0.222
0.198
0.232
0.211
0.207
0.205
0.205
0.201
0.207
0.210
0.206
0.196
0.223
0.203
0.194
0.141
0.208
0.220
0.210
0.207
0.215
0.205
0.209
0.220
0.207
0.204
0.235
0.212
0.234
0.172
0.213
0.207
0.204
0.205
0.195
0.218
0.208
0.213
0.165
0.226
0.216
0.210
0.192
0.203
0.211
0.226
0.207
0.182
0.207
0.207
0.210
0.209
0.194
0.230
0.203
0.214
0.195
0.214
0.249
0.209
0.205
0.207
0.207
0.214
0.208
0.214
0.211
0.208
0.214
0.218
0.208
0.215
0.208
0.212
0.214
0.207
0.121
0.212
0.206
0.206
0.200
0.202
0.213
0.210
0.209
0.208
0.215
0.210
0.212
0.203
0.213
0.206
0.232
0.206
0.208
0.212
0.212
0.201
0.201
0.213
0.211
0.202
0.241
0.215
0.215
0.208
0.202
0.208
0.211
0.215
0.210
0.205
0.215
0.208
0.214
0.210
0.213
0.212
0.206
0.211
0.201
0.244
0.192
0.221
0.196
0.214
0.239
0.208
0.208
0.204
0.214
0.211
0.195
0.172
0.209
0.207
0.125
0.205
0.160
0.199
0.211
0.211
0.171
0.213
0.206
0.208
0.210
0.205
0.195
0.216
0.191
0.211
0.236
0.213
0.213
0.213
0.203
0.206
0.206
0.208
0.185
0.212
0.204
0.211
0.202
0.207
0.219
0.213
0.208
0.185
0.214
0.208
0.226
0.216
0.198
0.213
0.193
0.229
0.205
0.207
0.208
0.207
0.210
0.207
0.224
0.203
0.223
0.202
0.242
0.214
0.215
0.215
0.203
0.211
0.208
0.209
0.212
0.203
0.206
0.199
0.197
0.205
0.216
0.207
0.213
0.207
0.200
0.214
0.212
0.204
0.199
0.215
0.200
0.224
0.214
0.200
0.213
0.208
0.205
0.200
0.221
0.202
0.206
0.206
0.199
0.193
0.210
0.198
0.206
0.205
0.201
0.208
0.208
0.200
0.216
0.213
0.210
0.201
0.208
0.207
0.206
0.207
0.205
0.213
0.217
0.206
0.191
0.211
0.204
0.210
0.243
0.206
0.214
0.212
0.202
0.198
0.211
0.207
0.216
0.206
0.144
0.210
0.201
0.208
0.165
0.213
0.193
0.214
0.206
0.204
0.205
0.517
0.208
0.171
0.212
0.205
0.212
0.202
0.201
0.214
0.203
0.210
0.189
0.210
0.208
0.213
0.209
0.208
0.216
0.212
0.210
0.213
0.206
0.208
0.213
0.212
0.198
0.207
0.211
0.211
0.214
0.208
0.206
0.212
0.212
0.200
0.205
0.210
0.192
0.190
0.237
0.228
0.240
0.203
0.206
0.212
0.211
0.205
0.180
0.201
0.210
0.211
0.126
0.200
0.143
0.207
0.207
0.208
0.203
0.208
0.207
0.211
0.212
0.206
0.197
0.207
0.201
0.206
0.213
0.213
0.200
0.203
0.235
0.206
0.217
0.215
0.199
0.208
0.211
0.230
0.200
0.206
0.206
0.207
0.205
0.208
0.203
0.212
0.206
0.201
0.156
0.209
0.201
0.213
0.204
0.211
0.204
0.206
0.172
0.215
0.207
0.209
0.209
0.204
0.230
0.209
0.207
0.178
0.213
0.217
0.211
0.207
0.206
0.203
0.199
0.214
0.171
0.209
0.211
0.204
0.203
0.207
0.239
0.203
0.197
0.185
0.216
0.206
0.196
0.214
0.196
0.209
0.211
0.208
0.212
0.211
0.211
0.208
0.206
0.204
0.216
0.210
0.199
0.207
0.220
0.211
0.214
0.208
0.199
0.212
0.207
0.210
0.211
0.198
0.211
0.210
0.197
0.205
0.209
0.230
0.230
0.219
0.185
0.213
0.206
0.208
0.232
0.211
0.208
0.213
0.207
0.200
0.210
0.214
0.214
0.205
0.200
0.207
0.136
0.211
0.203
0.207
0.232
0.207
0.197
0.209
0.211
0.205
0.207
0.205
0.207
0.198
0.211
0.195
0.195
0.211
0.207
0.208
0.216
0.206
0.211
0.218
0.195
0.203
0.210
0.204
0.249
0.198
0.232
0.210
0.214
0.173
0.224
0.209
0.212
0.211
0.196
0.208
0.210
0.207
0.168
0.208
0.207
0.226
0.192
0.208
0.210
0.209
0.206
0.194
0.249
0.215
0.213
0.207
0.195
0.212
0.211
0.211
0.172
0.214
0.127
0.209
0.206
0.202
0.209
0.215
0.208
0.208
0.125
0.204
0.219
0.212
0.185
0.217
0.212
0.208
0.216
0.204
0.206
0.207
0.204
0.196
0.217
0.213
0.201
0.208
0.194
0.208
0.210
0.212
0.198
0.207
0.202
0.207
0.212
0.200
0.206
0.212
0.211
0.201
0.215
0.207
0.227
0.194
0.240
0.224
0.233
0.204
0.210
0.208
0.243
0.209
0.209
0.202
0.215
0.214
0.192
0.201
0.231
0.204
0.197
0.208
0.216
0.210
0.209
0.208
0.199
0.208
0.210
0.174
0.206
0.205
0.229
0.218
0.191
0.207
0.224
0.207
0.207
0.208
0.198
0.206
0.226
0.216
0.186
0.207
0.205
0.208
0.211
0.207
0.223
0.208
0.226
0.197
0.209
0.211
0.214
0.210
0.221
0.247
0.204
0.213
0.174
0.212
0.233
0.207
0.207
0.199
0.197
0.224
0.211
0.201
0.238
0.210
0.210
0.212
0.201
0.207
0.210
0.209
0.214
0.204
0.209
0.206
0.162
0.200
0.205
0.214
0.209
0.208
0.215
0.206
0.210
0.205
0.203
0.214
0.207
0.199
0.247
0.197
0.198
0.206
0.207
0.215
0.208
0.210
0.212
0.207
0.216
0.211
0.213
0.209
0.208
0.207
0.210
0.212
0.209
0.214
0.204
0.199
0.211
0.205
0.200
0.211
0.212
0.208
0.208
0.214
0.214
0.211
0.184
0.216
0.202
0.199
0.248
0.200
0.208
0.228
0.222
0.178
0.209
0.209
0.209
0.204
0.151
0.208
0.199
0.211
0.173
0.209
0.232
0.214
0.241
0.196
0.206
0.212
0.229
0.200
0.213
0.212
0.208
0.207
0.204
0.197
0.202
0.206
0.184
0.206
0.209
0.207
0.208
0.200
0.227
0.211
0.211
0.205
0.207
0.216
0.211
0.209
0.207
0.212
0.206
0.207
0.225
0.206
0.207
0.199
0.207
0.205
0.236
0.230
0.205
0.197
0.215
0.211
0.239
0.213
0.203
0.207
0.208
0.207
0.207
0.203
0.204
0.217
0.202
0.201
0.210
0.213
0.214
0.207
0.212
0.202
0.208
0.208
0.199
0.208
0.207
0.215
0.191
0.212
0.212
0.207
0.213
0.202
0.203
0.211
0.207
0.210
0.195
0.211
0.227
0.207
0.202
0.212
0.213
0.207
0.204
0.205
0.211
0.207
0.207
0.170
0.210
0.214
0.233
0.214
0.194
0.209
0.210
0.209
0.215
0.224
0.194
0.218
0.241
0.201
0.237
0.208
0.208
0.173
0.207
0.210
0.210
0.197
0.201
0.197
0.190
0.207
0.161
0.211
0.207
0.230
0.204
0.198
0.213
0.208
0.211
0.180
0.212
0.216
0.225
0.228
0.191
0.209
0.210
0.212
0.174
0.214
0.216
0.215
0.206
0.205
0.213
0.212
0.227
0.206
0.210
0.212
0.202
0.206
0.221
0.213
0.214
0.215
0.219
0.210
0.208
0.212
0.207
0.199
0.212
0.214
0.229
0.210
0.187
0.228
0.207
0.206
0.228
0.205
0.208
0.209
0.209
0.199
0.207
0.207
0.210
0.203
0.117
0.199
0.194
0.206
0.203
0.196
0.210
0.216
0.197
0.227
0.203
0.209
0.249
0.215
0.210
0.208
0.202
0.207
0.203
0.206
0.218
0.210
0.195
0.210
0.208
0.208
0.202
0.210
0.211
0.218
0.250
0.201
0.208
0.215
0.215
0.200
0.209
0.208
0.207
0.213
0.199
0.210
0.207
0.210
0.239
0.208
0.206
0.222
0.206
0.191
0.215
0.199
0.241
0.169
0.210
0.207
0.163
0.210
0.199
0.211
0.231
0.205
0.162
0.213
0.237
0.209
0.210
0.200
0.214
0.212
0.207
0.197
0.216
0.204
0.226
0.208
0.199
0.207
0.208
0.211
0.214
0.199
0.209
0.236
0.211
0.205
0.214
0.209
0.208
0.211
0.206
0.203
0.214
0.212
0.199
0.214
0.210
0.207
0.216
0.208
0.193
0.212
0.190
0.206
0.214
0.208
0.211
0.211
0.199
0.204
0.192
0.206
0.194
0.210
0.203
0.205
0.211
0.200
0.212
0.208
0.207
0.205
0.206
0.205
0.191
0.216
0.122
0.206
0.231
0.216
0.215
0.214
0.236
0.226
0.203
0.206
0.202
0.216
0.200
0.166
0.211
0.208
0.201
0.205
0.205
0.213
0.211
0.200
0.196
0.207
0.208
0.212
0.216
0.195
0.227
0.212
0.202
0.185
0.202
0.213
0.211
0.212
0.203
0.212
0.197
0.215
0.165
0.206
0.198
0.207
0.221
0.203
0.193
0.214
0.207
0.206
0.233
0.208
0.211
0.252
0.202
0.202
0.205
0.227
0.206
0.206
0.118
0.213
0.161
0.200
0.204
0.208
0.202
0.208
0.216
0.207
0.242
0.210
0.205
0.210
0.197
0.226
0.218
0.203
0.198
0.207
0.211
0.197
0.208
0.209
0.208
0.211
0.214
0.209
0.204
0.213
0.198
0.213
0.201
0.200
0.224
0.212
0.207
0.215
0.211
0.199
0.205
0.208
0.211
0.210
0.202
0.206
0.212
0.208
0.206
0.199
0.225
0.199
0.238
0.207
0.201
0.208
0.223
0.203
0.211
0.208
0.211
0.210
0.212
0.211
0.199
0.203
0.201
0.214
0.211
0.215
0.206
0.201
0.205
0.203
0.210
0.183
0.193
0.226
0.214
0.241
0.200
0.209
0.209
0.213
0.165
0.204
0.200
0.203
0.215
0.206
0.206
0.212
0.202
0.171
0.205
0.210
0.203
0.211
0.198
0.211
0.194
0.160
0.169
0.212
0.225
0.212
0.230
0.198
0.203
0.207
0.193
0.186
0.210
0.210
0.238
0.188
0.200
0.213
0.209
0.208
0.193
0.208
0.221
0.241
0.168
0.212
0.118
0.207
0.211
0.208
0.206
0.215
0.207
0.213
0.203
0.207
0.209
0.219
0.202
0.190
0.205
0.207
0.210
0.204
0.207
0.200
0.202
0.213
0.191
0.212
0.210
0.212
0.205
0.213
0.201
0.209
0.205
0.207
0.203
0.213
0.208
0.206
0.211
0.211
0.207
0.200
0.195
0.209
0.216
0.206
0.208
0.224
0.200
0.212
0.209
0.202
0.213
0.213
0.216
0.199
0.212
0.216
0.208
0.208
0.198
0.178
0.126
0.207
0.165
0.227
0.211
0.207
0.217
0.202
0.204
0.226
0.217
0.175
0.226
0.210
0.213
0.217
0.195
0.208
0.208
0.202
0.172
0.208
0.215
0.207
0.207
0.197
0.202
0.201
0.216
0.208
0.206
0.207
0.212
0.209
0.196
0.209
0.228
0.210
0.210
0.213
0.200
0.218
0.250
0.198
0.197
0.209
0.206
0.204
0.236
0.198
0.215
0.242
0.220
0.212
0.206
0.213
0.209
0.202
0.214
0.217
0.216
0.198
0.142
0.214
0.123
0.214
0.209
0.210
0.212
0.207
0.190
0.209
0.206
0.200
0.225
0.201
0.191
0.207
0.226
0.202
0.194
0.213
0.215
0.213
0.205
0.209
0.206
0.213
0.121
0.201
0.206
0.212
0.214
0.201
0.232
0.208
0.210
0.170
0.212
0.209
0.226
0.206
0.204
0.206
0.206
0.208
0.171
0.209
0.197
0.223
0.190
0.230
0.202
0.208
0.239
0.185
0.211
0.206
0.225
0.206
0.206
0.207
0.204
0.205
0.165
0.227
0.131
0.208
0.207
0.202
0.200
0.221
0.256
0.191
0.211
0.204
0.213
0.212
0.200
0.213
0.211
0.210
0.212
0.210
0.201
0.212
0.207
0.203
0.199
0.208
0.205
0.202
0.216
0.199
0.203
0.206
0.196
0.211
0.213
0.206
0.201
0.202
0.235
0.211
0.214
0.202
0.210
0.211
0.215
0.213
0.204
0.210
0.198
0.217
0.228
0.214
0.247
0.212
0.195
0.176
0.208
0.208
0.208
0.201
0.204
0.216
0.161
0.213
0.154
0.206
0.209
0.211
0.169
0.207
0.207
0.209
0.228
0.209
0.207
0.211
0.238
0.202
0.204
0.211
0.216
0.214
0.197
0.210
0.201
0.208
0.193
