0.282
0.202
0.242
0.228
0.208
0.205
0.178
0.203
0.220
0.208
0.206
0.203
0.227
0.209
0.205
0.210
0.209
0.205
0.207
0.205
0.206
0.210
0.213
0.210
0.221
0.212
0.196
0.213
0.237
0.214
0.246
0.211
0.209
0.205
0.199
0.205
0.209
0.213
0.196
0.198
0.225
0.124
0.123
0.201
0.205
0.206
0.199
0.197
0.232
0.205
0.191
0.201
0.199
0.211
0.213
0.213
0.194
0.210
0.213
0.210
0.211
0.200
0.213
0.205
0.206
0.199
0.210
0.210
0.208
0.211
0.192
0.210
0.206
0.209
0.206
0.216
0.215
0.206
0.211
0.199
0.205
0.207
0.201
0.173
0.211
0.209
0.233
0.207
0.190
0.236
0.217
0.207
0.228
0.225
0.208
0.200
0.212
0.201
0.204
0.210
0.210
0.168
0.207
0.193
0.214
0.206
0.180
0.207
0.214
0.214
0.169
0.208
0.200
0.204
0.206
0.188
0.227
0.227
0.210
0.209
0.212
0.210
0.207
0.206
0.197
0.207
0.210
0.208
0.215
0.210
0.213
0.202
0.205
0.198
0.214
0.206
0.210
0.205
0.211
0.199
0.213
0.206
0.225
0.210
0.218
0.219
0.209
0.199
0.202
0.217
0.230
0.194
0.216
0.210
0.240
0.206
0.197
0.210
0.212
0.211
0.196
0.214
0.207
0.199
0.244
0.195
0.224
0.206
0.211
0.213
0.211
0.209
0.211
0.209
0.201
0.207
0.208
0.208
0.186
0.211
0.212
0.210
0.209
0.199
0.200
0.206
0.203
0.198
0.200
0.211
0.208
0.208
0.207
0.210
0.208
0.215
0.168
0.209
0.211
0.207
0.210
0.198
0.212
0.210
0.221
0.181
0.231
0.212
0.207
0.206
0.227
0.212
0.194
0.213
0.197
0.207
0.201
0.209
0.256
0.200
0.205
0.205
0.201
0.196
0.204
0.195
0.210
0.124
0.205
0.198
0.194
0.207
0.187
0.210
0.232
0.214
0.201
0.197
0.202
0.202
0.213
0.208
0.210
0.221
0.235
0.207
0.198
0.207
0.204
0.212
0.173
0.196
0.198
0.211
0.248
0.199
0.215
0.210
0.209
0.211
0.202
0.219
0.214
0.206
0.198
0.207
0.186
0.201
0.216
0.201
0.207
0.200
0.210
0.171
0.192
0.220
0.206
0.222
0.235
0.203
0.212
0.207
0.199
0.211
0.176
0.205
0.202
0.200
0.199
0.196
0.218
0.200
0.200
0.207
0.206
0.207
0.201
0.213
0.208
0.207
0.199
0.193
0.223
0.206
0.216
0.201
0.198
0.209
0.225
0.182
0.206
0.209
0.207
0.209
0.199
0.207
0.206
0.206
0.181
0.208
0.206
0.209
0.236
0.212
0.205
0.208
0.214
0.184
0.199
0.208
0.205
0.206
0.205
0.207
0.240
0.209
0.198
0.189
0.217
0.207
0.235
0.204
0.211
0.204
0.199
0.207
0.210
0.214
0.213
0.196
0.205
0.195
0.205
0.210
0.191
0.207
0.208
0.210
0.206
0.203
0.212
0.200
0.239
0.157
0.198
0.206
0.204
0.207
0.211
0.207
0.202
0.207
0.198
0.205
0.197
0.161
0.216
0.198
0.230
0.204
0.210
0.209
0.197
0.207
0.215
0.208
0.194
0.215
0.198
0.200
0.208
0.198
0.208
0.209
0.206
0.173
0.214
0.212
0.185
0.210
0.204
0.209
0.236
0.215
0.200
0.205
0.211
0.228
0.245
0.204
0.196
0.124
0.206
0.124
0.206
0.226
0.206
0.205
0.199
0.216
0.216
0.201
0.169
0.204
0.210
0.195
0.213
0.192
0.206
0.206
0.254
0.206
0.215
0.205
0.211
0.216
0.210
0.210
0.213
0.204
0.185
0.207
0.208
0.209
0.232
0.199
0.210
0.208
0.239
0.192
0.212
0.206
0.207
0.198
0.200
0.209
0.200
0.210
0.207
0.201
0.191
0.221
0.208
0.197
0.235
0.219
0.243
0.205
0.215
0.200
0.215
0.212
0.202
0.194
0.208
0.125
0.211
0.205
0.216
0.209
0.218
0.203
0.213
0.210
0.222
0.208
0.202
0.192
0.216
0.213
0.203
0.204
0.226
0.201
0.202
0.197
0.202
0.211
0.226
0.195
0.211
0.206
0.218
0.206
0.203
0.215
0.210
0.211
0.201
0.206
0.209
0.207
0.213
0.201
0.207
0.187
0.215
0.205
0.211
0.206
0.209
0.203
0.198
0.194
0.214
0.206
0.188
0.210
0.207
0.203
0.204
0.199
0.213
0.210
0.224
0.186
0.202
0.195
0.211
0.215
0.197
0.208
0.196
0.209
0.184
0.127
0.202
0.205
0.204
0.194
0.198
0.214
0.204
0.180
0.209
0.209
0.206
0.198
0.207
0.209
0.207
0.206
0.208
0.215
0.202
0.215
0.210
0.195
0.219
0.211
0.205
0.199
0.212
0.205
0.210
0.206
0.201
0.206
0.228
0.211
0.204
0.207
0.204
0.211
0.193
0.206
0.235
0.201
0.233
0.207
0.202
0.205
0.205
0.201
0.201
0.205
0.205
0.198
0.224
0.124
0.205
0.204
0.206
0.204
0.213
0.205
0.217
0.206
0.200
0.206
0.195
0.199
0.204
0.206
0.223
0.214
0.209
0.204
0.206
0.197
0.206
0.203
0.211
0.206
0.211
0.210
0.198
0.209
0.203
0.205
0.171
0.211
0.200
0.216
0.206
0.203
0.207
0.209
0.200
0.172
0.201
0.208
0.215
0.206
0.199
0.205
0.194
0.230
0.196
0.207
0.238
0.206
0.203
0.201
0.206
0.220
0.237
0.169
0.207
0.195
0.194
0.201
0.199
0.127
0.205
0.228
0.188
0.214
0.212
0.207
0.199
0.201
0.208
0.201
0.231
0.209
0.207
0.197
0.207
0.217
0.200
0.206
0.213
0.200
0.186
0.217
0.212
0.202
0.208
0.198
0.217
0.215
0.250
0.206
0.208
0.206
0.216
0.207
0.205
0.212
0.207
0.209
0.210
0.198
0.203
0.204
0.203
0.195
0.203
0.197
0.222
0.207
0.241
0.213
0.246
0.211
0.198
0.212
0.224
0.196
0.203
0.193
0.223
0.162
0.206
0.197
0.208
0.208
0.209
0.205
0.194
0.207
0.213
0.213
0.206
0.206
0.205
0.201
0.210
0.197
0.213
0.212
0.225
0.202
0.207
0.206
0.208
0.213
0.201
0.210
0.202
0.204
0.203
0.209
0.211
0.213
0.198
0.219
0.235
0.212
0.212
0.194
0.212
0.206
0.223
0.205
0.193
0.209
0.206
0.206
0.157
0.224
0.218
0.211
0.241
0.199
0.213
0.210
0.192
0.195
0.217
0.207
0.238
0.126
0.194
0.124
0.219
0.209
0.202
0.212
0.206
0.205
0.229
0.196
0.200
0.213
0.196
0.206
0.215
0.205
0.203
0.206
0.205
0.207
0.215
0.207
0.210
0.197
0.222
0.212
0.213
0.200
0.206
0.205
0.240
0.210
0.209
0.205
0.217
0.206
0.198
0.206
0.252
0.207
0.199
0.201
0.195
0.201
0.206
0.199
0.245
0.205
0.196
0.202
0.208
0.205
0.233
0.207
0.204
0.212
0.205
0.208
0.210
0.202
0.202
0.195
0.218
0.201
0.198
0.205
0.242
0.208
0.196
0.211
0.223
0.207
0.182
0.206
0.206
0.196
0.203
0.207
0.226
0.209
0.213
0.192
0.208
0.226
0.201
0.212
0.203
0.207
0.207
0.211
0.170
0.210
0.210
0.244
0.209
0.198
0.211
0.206
0.213
0.188
0.210
0.209
0.216
0.207
0.214
0.197
0.219
0.199
0.206
0.207
0.225
0.211
0.206
0.197
0.224
0.210
0.207
0.202
0.204
0.216
0.239
0.207
0.199
0.192
0.206
0.125
0.207
0.199
0.211
0.207
0.208
0.202
0.212
0.210
0.207
0.202
0.202
0.208
0.197
0.213
0.201
0.209
0.216
0.203
0.200
0.206
0.209
0.214
0.209
0.202
0.204
0.205
0.195
0.208
0.199
0.206
0.250
0.210
0.211
0.213
0.206
0.197
0.208
0.197
0.202
0.206
0.206
0.201
0.220
0.206
0.212
0.225
0.189
0.211
0.202
0.210
0.237
0.206
0.209
0.226
0.229
0.202
0.208
0.213
0.209
0.128
0.207
0.202
0.209
0.211
0.191
0.206
0.246
0.207
0.185
0.225
0.206
0.209
0.214
0.195
0.214
0.203
0.199
0.169
0.198
0.206
0.201
0.210
0.193
0.209
0.204
0.207
0.166
0.207
0.226
0.210
0.210
0.209
0.200
0.204
0.210
0.208
0.209
0.206
0.223
0.206
0.202
0.211
0.212
0.205
0.211
0.206
0.211
0.205
0.193
0.205
0.210
0.209
0.238
0.209
0.209
0.210
0.207
0.207
0.206
0.208
0.238
0.128
0.200
0.196
0.209
0.207
0.201
0.205
0.207
0.201
0.209
0.202
0.211
0.211
0.225
0.199
0.205
0.201
0.205
0.208
0.225
0.204
0.230
0.204
0.204
0.198
0.212
0.204
0.213
0.206
0.199
0.205
0.215
0.206
0.195
0.209
0.215
0.209
0.209
0.200
0.205
0.212
0.216
0.202
0.207
0.205
0.207
0.212
0.198
0.212
0.213
0.200
0.204
0.206
0.241
0.204
0.209
0.194
0.205
0.208
0.209
0.170
0.209
0.194
0.209
0.201
0.194
0.226
0.131
0.208
0.166
0.205
0.246
0.207
0.201
0.197
0.224
0.207
0.200
0.180
0.208
0.208
0.210
0.201
0.198
0.215
0.208
0.205
0.202
0.211
0.208
0.208
0.211
0.203
0.210
0.210
0.210
0.207
0.200
0.209
0.202
0.206
0.193
0.211
0.203
0.205
0.211
0.207
0.216
0.204
0.206
0.201
0.192
0.212
0.201
0.174
0.236
0.207
0.202
0.206
0.198
0.207
0.217
0.210
0.228
0.198
0.211
0.129
0.233
0.208
0.215
0.206
0.211
0.214
0.199
0.206
0.210
0.209
0.193
0.191
0.226
0.207
0.212
0.201
0.211
0.206
0.205
0.239
0.208
0.209
0.197
0.206
0.203
0.210
0.210
0.208
0.201
0.208
0.246
0.210
0.210
0.193
0.210
0.208
0.207
0.200
0.206
0.208
0.211
0.205
0.193
0.206
0.221
0.203
0.187
0.225
0.210
0.203
0.196
0.197
0.208
0.210
0.210
0.169
0.208
0.207
0.206
0.201
0.198
0.194
0.219
0.204
0.175
0.210
0.209
0.205
0.206
0.201
0.215
0.214
0.212
0.197
0.209
0.211
0.210
0.210
0.193
0.210
0.210
0.206
0.196
0.208
0.218
0.208
0.210
0.197
0.205
0.211
0.210
0.212
0.206
0.206
0.205
0.207
0.194
0.213
0.246
0.211
0.204
0.212
0.215
0.206
0.211
0.201
0.208
0.206
0.208
0.197
0.232
0.202
0.239
0.212
0.200
0.206
0.208
0.205
0.202
0.204
0.210
0.198
0.199
0.199
0.207
0.203
0.207
0.205
0.197
0.210
0.215
0.207
0.212
0.204
0.221
0.205
0.193
0.204
0.249
0.201
0.216
0.203
0.211
0.211
0.208
0.212
0.200
0.201
0.224
0.197
0.195
0.204
0.215
0.210
0.201
0.205
0.211
0.211
0.201
0.201
0.206
0.212
0.202
0.217
0.194
0.207
0.211
0.208
0.174
0.219
0.193
0.210
0.201
0.204
0.236
0.206
0.215
0.186
0.211
0.205
0.203
0.209
0.196
0.202
0.206
0.175
0.168
0.210
0.211
0.208
0.162
0.208
0.211
0.209
0.202
0.205
0.210
0.423
0.244
0.203
0.205
0.205
0.203
0.206
0.224
0.209
0.214
0.205
0.215
0.198
0.220
0.211
0.208
0.207
0.206
0.208
0.197
0.212
0.200
0.212
0.210
0.207
0.214
0.206
0.216
0.210
0.216
0.199
0.211
0.205
0.202
0.223
0.190
0.215
0.205
0.213
0.231
0.226
0.201
0.211
0.213
0.198
0.214
0.206
0.209
0.171
0.209
0.200
0.206
0.205
0.201
0.206
0.213
0.203
0.202
0.206
0.212
0.209
0.231
0.183
0.229
0.201
0.226
0.198
0.216
0.205
0.211
0.212
0.200
0.208
0.209
0.207
0.197
0.212
0.214
0.204
0.204
0.200
0.257
0.210
0.199
0.183
0.210
0.210
0.209
0.208
0.200
0.228
0.212
0.209
0.181
0.197
0.216
0.205
0.201
0.197
0.213
0.208
0.237
0.175
0.208
0.205
0.200
0.204
0.206
0.205
0.248
0.197
0.181
0.163
0.209
0.204
0.212
0.202
0.243
0.202
0.207
0.209
0.231
0.206
0.212
0.244
0.185
0.207
0.208
0.205
0.211
0.209
0.245
0.207
0.161
0.197
0.214
0.210
0.212
0.205
0.207
0.210
0.240
0.212
0.190
0.210
