0.142
0.065
0.063
0.057
0.073
0.066
0.072
0.069
0.071
0.065
0.069
0.067
0.068
0.066
0.069
0.063
0.067
0.066
0.067
0.069
0.067
0.063
0.064
0.063
0.075
0.070
0.068
0.068
0.068
0.063
0.069
0.063
0.070
0.068
0.068
0.069
0.069
0.068
0.068
0.068
0.091
0.076
0.074
0.069
0.070
0.063
0.074
0.075
0.067
0.068
0.068
0.068
0.068
0.068
0.067
0.068
0.068
0.063
0.067
0.063
0.067
0.068
0.068
0.067
0.067
0.067
0.067
0.068
0.067
0.068
0.069
0.070
0.068
0.064
0.068
0.063
0.068
0.063
0.068
0.068
0.068
0.064
0.069
0.058
0.069
0.067
0.067
0.064
0.070
0.075
0.070
0.068
0.067
0.064
0.069
0.064
0.068
0.067
0.068
0.066
0.068
0.067
0.061
0.069
0.068
0.066
0.067
0.061
0.067
0.069
0.067
0.067
0.067
0.062
0.067
0.068
0.061
0.063
0.067
0.063
0.067
0.066
0.068
0.062
0.067
0.068
0.068
0.063
0.067
0.062
0.068
0.066
0.068
0.075
0.068
0.063
0.068
0.063
0.281
0.068
0.067
0.062
0.069
0.069
0.069
0.067
0.067
0.063
0.068
0.063
0.067
0.063
0.068
0.063
0.069
0.064
0.067
0.070
0.064
0.080
0.070
0.069
0.069
0.063
0.062
0.070
0.068
0.063
0.068
0.064
0.068
0.068
0.071
0.063
0.070
0.070
0.068
0.064
0.068
0.068
0.067
0.063
0.067
0.067
0.068
0.062
0.068
0.068
0.067
0.063
0.068
0.068
0.067
0.066
0.067
0.063
0.068
0.067
0.068
0.067
0.072
0.068
0.067
0.063
0.068
0.063
0.067
0.064
0.068
0.068
0.067
0.067
0.068
0.063
0.069
0.070
0.068
0.062
0.068
0.063
0.069
0.063
0.070
0.069
0.069
0.069
0.069
0.068
0.067
0.063
0.068
0.067
0.067
0.067
0.067
0.061
0.068
0.062
0.067
0.063
0.067
0.063
0.067
0.068
0.068
0.063
0.069
0.068
0.069
0.067
0.068
0.063
0.068
0.067
0.067
0.068
0.068
0.068
0.067
0.066
0.069
0.066
0.067
0.063
0.068
0.068
0.067
0.068
0.067
0.068
0.071
0.071
0.067
0.067
0.067
0.063
0.067
0.062
0.068
0.062
0.083
0.073
0.069
0.033
0.069
0.063
0.069
0.069
0.067
0.068
0.067
0.067
0.067
0.062
0.068
0.063
0.067
0.067
0.067
0.057
0.068
0.069
0.067
0.063
0.068
0.064
0.068
0.061
0.069
0.064
0.067
0.064
0.068
0.068
0.068
0.063
0.068
0.068
0.067
0.068
0.068
0.066
0.068
0.068
0.068
0.065
0.069
0.069
0.084
0.063
0.061
0.068
0.067
0.063
0.067
0.069
0.068
0.070
0.070
0.058
0.069
0.057
0.074
0.068
0.069
0.068
0.067
0.068
0.066
0.067
0.067
0.067
0.068
0.067
0.070
0.063
0.068
0.063
0.068
0.068
0.068
0.065
0.069
0.067
0.067
0.062
0.069
0.064
0.068
0.062
0.068
0.069
0.068
0.063
0.067
0.063
0.069
0.064
0.062
0.057
0.074
0.069
0.068
0.063
0.068
0.070
0.068
0.064
0.063
0.068
0.064
0.069
0.068
0.068
0.068
0.068
0.070
0.064
0.062
0.062
0.074
0.068
0.067
0.067
0.068
0.067
0.067
0.064
0.069
0.067
0.068
0.069
0.068
0.075
0.073
0.065
0.069
0.069
0.068
0.058
0.069
0.062
0.074
0.074
0.067
0.082
0.068
0.063
0.068
0.063
0.068
0.068
0.068
0.062
0.068
0.063
0.081
0.068
0.064
0.078
0.077
0.064
0.072
0.068
0.069
0.063
0.074
0.073
0.068
0.068
0.067
0.067
0.068
0.067
0.067
0.063
0.067
0.057
0.069
0.063
0.069
0.067
0.068
0.067
0.067
0.061
0.068
0.063
0.069
0.064
0.068
0.068
0.069
0.070
0.069
0.064
0.062
0.064
0.067
0.067
0.068
0.067
0.069
0.069
0.068
0.063
0.068
0.064
0.067
0.067
0.067
0.068
0.070
0.069
0.066
0.063
0.067
0.068
0.068
0.063
0.067
0.062
0.067
0.063
0.081
0.068
0.068
0.067
0.067
0.065
0.076
0.068
0.067
0.069
0.068
0.068
0.068
0.070
0.069
0.068
0.089
0.034
0.071
0.053
0.063
0.057
0.068
0.068
0.067
0.071
0.068
0.069
0.069
0.064
0.072
0.067
0.070
0.063
0.069
0.068
0.069
0.057
0.069
0.067
0.068
0.068
0.069
0.068
0.067
0.063
0.068
0.069
0.067
0.068
0.067
0.062
0.069
0.065
0.070
0.063
0.069
0.068
0.068
0.063
0.067
0.068
0.069
0.064
0.067
0.064
0.070
0.066
0.072
0.064
0.075
0.062
0.068
0.074
0.071
0.069
0.062
0.069
0.069
0.064
0.067
0.063
0.067
0.066
0.068
0.062
0.067
0.068
0.067
0.064
0.068
0.063
0.067
0.063
0.071
0.068
0.068
0.068
0.067
0.062
0.068
0.063
0.067
0.064
0.068
0.062
0.067
0.067
0.068
0.069
0.068
0.063
0.066
0.068
0.068
0.069
0.067
0.068
0.062
0.067
0.070
0.062
0.068
0.063
0.066
0.068
0.068
0.064
0.067
0.062
0.070
0.070
0.068
0.065
0.069
0.063
0.068
0.063
0.067
0.068
0.067
0.063
0.067
0.068
0.067
0.063
0.068
0.062
0.067
0.068
0.067
0.068
0.068
0.063
0.067
0.063
0.069
0.064
0.067
0.064
0.067
0.063
0.067
0.063
0.069
0.053
0.069
0.064
0.064
0.064
0.068
0.064
0.068
0.064
0.068
0.068
0.067
0.063
0.068
0.067
0.069
0.066
0.067
0.068
0.067
0.068
0.067
0.063
0.068
0.067
0.067
0.069
0.067
0.062
0.067
0.067
0.068
0.064
0.067
0.067
0.068
0.062
0.075
0.069
0.068
0.063
0.068
0.068
0.068
0.068
0.067
0.067
0.067
0.067
0.068
0.075
0.068
0.069
0.068
0.065
0.069
0.069
0.068
0.068
0.068
0.068
0.068
0.063
0.070
0.068
0.068
0.063
0.067
0.067
0.067
0.067
0.067
0.067
0.067
0.063
0.069
0.064
0.068
0.064
0.068
0.063
0.061
0.062
0.067
0.063
0.067
0.063
0.067
0.063
0.063
0.052
0.068
0.042
0.072
0.071
0.070
0.063
0.069
0.068
0.068
0.068
0.067
0.065
0.068
0.068
0.068
0.068
0.068
0.068
0.068
0.069
0.068
0.062
0.074
0.064
0.073
0.073
0.067
0.063
0.067
0.062
0.075
0.070
0.068
0.067
0.068
0.067
0.067
0.067
0.069
0.064
0.069
0.067
0.067
0.062
0.068
0.063
0.067
0.064
0.060
0.068
0.068
0.068
0.068
0.063
0.067
0.069
0.067
0.067
0.068
0.067
0.068
0.063
0.068
0.067
0.067
0.070
0.067
0.064
0.068
0.067
0.068
0.064
0.069
0.064
0.067
0.068
0.068
0.067
0.067
0.067
0.067
0.063
0.068
0.067
0.068
0.068
0.068
0.067
0.068
0.063
0.067
0.068
0.068
0.064
0.068
0.069
0.067
0.062
0.067
0.068
0.067
0.068
0.068
0.068
0.067
0.068
0.068
0.063
0.068
0.067
0.067
0.062
0.068
0.063
0.067
0.068
0.069
0.077
0.062
0.069
0.069
0.066
0.070
0.068
0.069
0.068
0.067
0.067
0.067
0.068
0.067
0.067
0.061
0.062
0.067
0.067
0.067
0.057
0.069
0.062
0.061
0.068
0.067
0.062
0.067
0.062
0.068
0.062
0.067
0.063
0.067
0.078
0.070
0.068
0.067
0.068
0.060
0.068
0.068
0.069
0.068
0.068
0.067
0.063
0.068
0.065
0.068
0.064
0.068
0.063
0.069
0.063
0.068
0.062
0.068
0.062
0.290
0.067
0.067
0.063
0.069
0.062
0.067
0.062
0.067
0.063
0.069
0.062
0.075
0.062
0.074
0.068
0.068
0.067
0.068
0.062
0.067
0.069
0.069
0.068
0.067
0.067
0.068
0.068
0.067
0.062
0.068
0.063
0.068
0.063
0.068
0.063
0.068
0.067
0.068
0.062
0.067
0.063
0.067
0.085
0.068
0.062
0.068
0.062
0.068
0.063
0.067
0.069
0.068
0.064
0.067
0.068
0.067
0.063
0.068
0.063
0.067
0.064
0.068
0.063
0.068
0.081
0.073
0.065
0.072
0.069
0.069
0.064
0.068
0.064
0.068
0.062
0.068
0.062
0.061
0.070
0.068
0.063
0.067
0.063
0.067
0.063
0.067
0.068
0.068
0.071
0.069
0.064
0.068
0.064
0.068
0.062
0.069
0.064
0.067
0.068
0.068
0.063
0.068
0.062
0.068
0.063
0.069
0.063
0.068
0.062
0.071
0.074
0.071
0.063
0.068
0.063
0.068
0.063
0.071
0.067
0.068
0.069
0.069
0.064
0.073
0.066
0.069
0.070
0.071
0.066
0.068
0.069
0.069
0.063
0.067
0.068
0.068
0.067
0.069
0.062
0.068
0.068
0.068
0.062
0.067
0.067
0.068
0.068
0.068
0.063
0.067
0.063
0.068
0.063
0.067
0.063
0.067
0.064
0.068
0.062
0.068
0.071
0.069
0.067
0.068
0.068
0.069
0.063
0.068
0.063
0.069
0.065
0.062
0.063
0.074
0.075
0.068
0.063
0.074
0.069
0.068
0.067
0.067
0.067
0.068
0.067
0.068
0.062
0.069
0.065
0.068
0.067
0.068
0.063
0.068
0.063
0.067
0.068
0.068
0.069
0.068
0.068
0.068
0.067
0.067
0.063
0.068
0.063
0.068
0.067
0.068
0.068
0.068
0.067
0.069
0.063
0.068
0.068
0.077
0.063
0.068
0.071
0.068
0.064
0.061
0.076
0.068
0.062
0.068
0.065
0.067
0.068
0.077
0.068
0.068
0.068
0.067
0.063
0.069
0.067
0.068
0.068
0.067
0.056
0.069
0.069
0.067
0.063
0.068
0.068
0.068
0.063
0.067
0.067
0.067
0.063
0.067
0.063
0.067
0.067
0.066
0.064
0.069
0.067
0.068
0.063
0.068
0.067
0.067
0.063
0.069
0.063
0.067
0.064
0.068
0.063
0.068
0.065
0.070
0.066
0.066
0.063
0.067
0.067
0.067
0.064
0.068
0.062
0.067
0.069
0.068
0.068
0.068
0.063
0.067
0.069
0.067
0.063
0.068
0.065
0.068
0.065
0.070
0.068
0.068
0.063
0.079
0.057
0.078
0.066
0.068
0.064
0.071
0.067
0.067
0.077
0.067
0.063
0.068
0.070
0.064
0.063
0.066
0.065
0.068
0.063
0.068
0.062
0.067
0.067
0.060
0.063
0.067
0.063
0.068
0.067
0.067
0.069
0.068
0.068
0.068
0.056
0.067
0.063
0.067
0.062
0.067
0.066
0.067
0.068
0.068
0.063
0.068
0.062
0.069
0.063
0.075
0.069
0.068
0.062
0.067
0.068
0.068
0.063
0.067
0.068
0.069
0.063
0.069
0.064
0.068
0.069
0.069
0.064
0.069
0.068
0.061
0.068
0.068
0.063
0.067
0.063
0.068
0.063
0.061
0.062
0.073
0.068
0.067
0.071
0.063
0.064
0.068
0.069
0.068
0.070
0.069
0.065
0.069
0.065
0.062
0.069
0.068
0.067
0.067
0.067
0.068
0.063
0.068
0.067
0.067
0.069
0.068
0.068
0.067
0.063
0.081
0.067
0.080
0.063
0.068
0.061
0.067
0.068
0.067
0.067
0.068
0.063
0.068
0.066
0.067
0.062
0.068
0.062
0.067
0.067
0.067
0.062
0.068
0.067
0.068
0.067
0.067
0.063
0.072
0.067
0.067
0.068
0.067
0.067
0.067
0.062
0.067
0.063
0.068
0.068
0.070
0.064
0.067
0.063
0.068
0.067
0.067
0.067
0.067
0.062
0.067
0.068
0.067
0.067
0.067
0.063
0.068
0.067
0.068
0.068
0.067
0.067
0.067
0.061
0.067
0.062
0.068
0.068
0.067
0.069
0.067
0.068
0.067
0.064
0.067
0.067
0.067
0.063
0.067
0.068
0.068
0.068
0.067
0.068
0.069
0.062
0.074
0.070
0.066
0.063
0.067
0.062
0.069
0.069
0.057
0.069
0.068
0.061
0.070
0.068
0.068
0.064
0.068
0.064
0.068
0.065
0.069
0.067
0.067
0.065
0.067
0.063
0.067
0.068
0.067
0.069
0.067
0.067
0.061
0.062
0.069
0.068
0.069
0.064
0.069
0.078
0.062
0.068
0.068
0.069
0.080
0.072
0.073
0.069
0.069
0.069
0.068
0.069
0.067
0.064
0.067
0.062
0.068
0.067
0.068
0.064
0.069
0.063
