0.128
0.058
0.064
0.065
0.065
0.076
0.058
0.076
0.074
0.087
0.073
0.070
0.071
0.072
0.067
0.068
0.064
0.068
0.068
0.067
0.066
0.069
0.069
0.066
0.067
0.069
0.064
0.067
0.067
0.067
0.067
0.067
0.068
0.069
0.069
0.069
0.062
0.067
0.063
0.067
0.066
0.069
0.067
0.067
0.064
0.068
0.062
0.071
0.066
0.069
0.068
0.067
0.063
0.068
0.067
0.066
0.063
0.069
0.063
0.068
0.067
0.067
0.063
0.066
0.068
0.067
0.064
0.067
0.063
0.068
0.068
0.067
0.066
0.067
0.063
0.067
0.062
0.067
0.062
0.066
0.066
0.068
0.068
0.066
0.067
0.066
0.063
0.067
0.064
0.067
0.068
0.068
0.062
0.067
0.067
0.067
0.067
0.069
0.064
0.069
0.064
0.072
0.067
0.077
0.068
0.067
0.063
0.067
0.064
0.068
0.065
0.068
0.066
0.068
0.062
0.068
0.056
0.066
0.067
0.067
0.064
0.067
0.063
0.067
0.067
0.066
0.066
0.061
0.061
0.074
0.069
0.067
0.067
0.066
0.067
0.067
0.066
0.067
0.067
0.066
0.067
0.067
0.063
0.067
0.063
0.067
0.062
0.067
0.062
0.067
0.067
0.060
0.064
0.067
0.068
0.067
0.067
0.067
0.068
0.066
0.064
0.067
0.062
0.066
0.063
0.067
0.067
0.067
0.068
0.068
0.064
0.067
0.067
0.067
0.068
0.067
0.063
0.067
0.062
0.067
0.062
0.067
0.063
0.066
0.068
0.067
0.064
0.067
0.062
0.067
0.066
0.068
0.067
0.067
0.065
0.068
0.064
0.068
0.068
0.067
0.064
0.068
0.068
0.067
0.067
0.067
0.067
0.068
0.067
0.067
0.067
0.067
0.057
0.067
0.063
0.067
0.069
0.068
0.066
0.067
0.066
0.068
0.067
0.066
0.064
0.070
0.069
0.068
0.063
0.067
0.063
0.067
0.063
0.067
0.067
0.067
0.072
0.071
0.064
0.075
0.071
0.069
0.068
0.069
0.062
0.068
0.063
0.067
0.063
0.081
0.066
0.037
0.068
0.070
0.070
0.067
0.069
0.067
0.067
0.066
0.061
0.067
0.068
0.067
0.067
0.069
0.068
0.067
0.062
0.072
0.067
0.067
0.068
0.067
0.063
0.067
0.061
0.067
0.067
0.067
0.063
0.067
0.063
0.067
0.068
0.068
0.062
0.067
0.067
0.067
0.067
0.069
0.067
0.069
0.062
0.067
0.068
0.067
0.063
0.067
0.067
0.068
0.063
0.069
0.065
0.067
0.063
0.061
0.064
0.068
0.063
0.067
0.067
0.067
0.064
0.067
0.062
0.067
0.063
0.067
0.068
0.068
0.062
0.068
0.069
0.067
0.063
0.067
0.066
0.067
0.068
0.068
0.067
0.067
0.068
0.068
0.067
0.068
0.067
0.067
0.062
0.068
0.067
0.067
0.068
0.068
0.068
0.067
0.067
0.067
0.068
0.068
0.067
0.067
0.062
0.067
0.063
0.067
0.068
0.068
0.067
0.067
0.066
0.069
0.064
0.067
0.063
0.067
0.067
0.067
0.062
0.067
0.062
0.068
0.062
0.073
0.075
0.067
0.067
0.068
0.068
0.067
0.066
0.067
0.067
0.067
0.067
0.067
0.064
0.068
0.067
0.067
0.068
0.067
0.068
0.067
0.063
0.067
0.068
0.067
0.067
0.068
0.063
0.067
0.063
0.068
0.069
0.068
0.062
0.068
0.063
0.067
0.068
0.068
0.070
0.068
0.067
0.068
0.063
0.068
0.064
0.068
0.063
0.068
0.069
0.067
0.062
0.067
0.064
0.067
0.063
0.068
0.068
0.067
0.067
0.067
0.058
0.068
0.066
0.068
0.063
0.067
0.066
0.067
0.056
0.067
0.063
0.067
0.067
0.067
0.063
0.067
0.067
0.068
0.067
0.068
0.063
0.067
0.063
0.067
0.065
0.068
0.061
0.074
0.069
0.068
0.064
0.068
0.067
0.067
0.068
0.067
0.067
0.067
0.057
0.068
0.062
0.069
0.067
0.067
0.063
0.067
0.064
0.067
0.063
0.069
0.069
0.068
0.068
0.083
0.061
0.072
0.043
0.069
0.064
0.069
0.068
0.071
0.067
0.072
0.041
0.074
0.073
0.068
0.067
0.067
0.067
0.071
0.070
0.067
0.063
0.067
0.068
0.067
0.067
0.067
0.061
0.068
0.069
0.067
0.063
0.068
0.067
0.067
0.066
0.067
0.067
0.066
0.067
0.067
0.060
0.067
0.062
0.068
0.064
0.067
0.062
0.068
0.061
0.073
0.073
0.068
0.061
0.067
0.062
0.075
0.067
0.067
0.063
0.067
0.067
0.066
0.063
0.067
0.068
0.068
0.067
0.068
0.068
0.067
0.067
0.068
0.063
0.067
0.066
0.067
0.067
0.067
0.063
0.068
0.074
0.067
0.063
0.075
0.073
0.067
0.067
0.067
0.067
0.068
0.063
0.067
0.069
0.067
0.063
0.069
0.064
0.068
0.063
0.067
0.095
0.076
0.076
0.068
0.065
0.069
0.072
0.070
0.068
0.068
0.068
0.068
0.062
0.069
0.069
0.068
0.062
0.068
0.063
0.066
0.067
0.067
0.068
0.067
0.069
0.068
0.063
0.067
0.064
0.076
0.063
0.073
0.074
0.066
0.062
0.067
0.062
0.067
0.062
0.067
0.067
0.061
0.066
0.068
0.064
0.069
0.066
0.066
0.062
0.067
0.063
0.067
0.062
0.067
0.068
0.068
0.069
0.060
0.062
0.067
0.068
0.062
0.063
0.066
0.068
0.068
0.063
0.067
0.064
0.068
0.057
0.066
0.068
0.067
0.067
0.066
0.063
0.066
0.062
0.068
0.063
0.067
0.067
0.067
0.062
0.067
0.067
0.067
0.063
0.070
0.063
0.061
0.067
0.068
0.063
0.062
0.062
0.074
0.069
0.067
0.067
0.069
0.064
0.060
0.068
0.066
0.072
0.068
0.068
0.067
0.062
0.060
0.067
0.067
0.067
0.069
0.062
0.073
0.074
0.067
0.062
0.069
0.065
0.067
0.067
0.066
0.063
0.067
0.067
0.067
0.062
0.068
0.067
0.068
0.063
0.068
0.068
0.069
0.063
0.067
0.084
0.071
0.067
0.061
0.064
0.069
0.067
0.076
0.057
0.067
0.067
0.069
0.063
0.067
0.063
0.066
0.067
0.066
0.063
0.067
0.063
0.067
0.068
0.067
0.063
0.066
0.063
0.067
0.063
0.067
0.066
0.067
0.067
0.066
0.064
0.067
0.063
0.068
0.066
0.066
0.066
0.061
0.066
0.067
0.063
0.067
0.069
0.067
0.063
0.067
0.062
0.068
0.064
0.067
0.068
0.067
0.068
0.061
0.064
0.069
0.067
0.067
0.067
0.067
0.067
0.067
0.063
0.068
0.068
0.066
0.063
0.067
0.068
0.068
0.063
0.067
0.068
0.066
0.069
0.070
0.067
0.068
0.063
0.067
0.067
0.067
0.067
0.067
0.063
0.068
0.063
0.067
0.068
0.068
0.067
0.069
0.063
0.071
0.067
0.067
0.063
0.067
0.057
0.067
0.067
0.068
0.068
0.067
0.067
0.067
0.067
0.067
0.063
0.068
0.062
0.071
0.071
0.060
0.069
0.069
0.063
0.067
0.062
0.074
0.073
0.066
0.067
0.067
0.068
0.067
0.063
0.067
0.066
0.060
0.067
0.067
0.063
0.067
0.068
0.067
0.062
0.067
0.063
0.070
0.065
0.068
0.067
0.068
0.069
0.068
0.068
0.068
0.062
0.068
0.067
0.068
0.066
0.068
0.064
0.067
0.056
0.068
0.063
0.073
0.070
0.063
0.070
0.067
0.062
0.067
0.067
0.067
0.067
0.067
0.062
0.069
0.063
0.067
0.067
0.067
0.067
0.067
0.066
0.067
0.063
0.068
0.067
0.067
0.063
0.067
0.067
0.068
0.063
0.074
0.069
0.068
0.067
0.067
0.063
0.067
0.067
0.066
0.063
0.067
0.067
0.067
0.063
0.067
0.067
0.068
0.063
0.067
0.067
0.068
0.065
0.070
0.068
0.066
0.063
0.060
0.063
0.067
0.064
0.068
0.068
0.067
0.072
0.070
0.058
0.068
0.063
0.068
0.069
0.062
0.063
0.067
0.067
0.067
0.068
0.067
0.080
0.073
0.035
0.069
0.066
0.071
0.057
0.067
0.068
0.066
0.064
0.069
0.063
0.068
0.068
0.067
0.063
0.067
0.067
0.066
0.063
0.067
0.067
0.069
0.068
0.067
0.063
0.067
0.068
0.067
0.067
0.068
0.067
0.066
0.063
0.067
0.064
0.069
0.067
0.067
0.067
0.076
0.064
0.067
0.067
0.067
0.066
0.067
0.060
0.067
0.067
0.068
0.067
0.067
0.066
0.067
0.063
0.067
0.063
0.068
0.063
0.067
0.066
0.069
0.068
0.067
0.063
0.067
0.063
0.066
0.067
0.067
0.063
0.067
0.068
0.080
0.068
0.067
0.068
0.067
0.064
0.069
0.068
0.068
0.063
0.068
0.068
0.067
0.063
0.068
0.068
0.067
0.063
0.071
0.070
0.067
0.061
0.075
0.073
0.068
0.067
0.068
0.063
0.067
0.068
0.067
0.063
0.067
0.062
0.067
0.063
0.067
0.067
0.071
0.065
0.068
0.068
0.068
0.068
0.066
0.067
0.066
0.063
0.066
0.063
0.067
0.064
0.066
0.067
0.067
0.063
0.067
0.063
0.067
0.063
0.067
0.067
0.067
0.067
0.067
0.063
0.067
0.062
0.067
0.067
0.067
0.062
0.067
0.062
0.067
0.063
0.068
0.067
0.068
0.069
0.068
0.063
0.067
0.068
0.068
0.067
0.067
0.056
0.067
0.062
0.068
0.069
0.403
0.056
0.068
0.064
0.074
0.063
0.068
0.068
0.067
0.063
0.070
0.066
0.068
0.063
0.068
0.064
0.067
0.067
0.066
0.063
0.067
0.063
0.067
0.067
0.067
0.066
0.071
0.063
0.067
0.063
0.067
0.066
0.066
0.062
0.060
0.067
0.071
0.056
0.062
0.062
0.074
0.073
0.066
0.063
0.067
0.068
0.067
0.067
0.067
0.062
0.068
0.064
0.067
0.063
0.067
0.068
0.067
0.067
0.067
0.069
0.067
0.061
0.075
0.075
0.067
0.063
0.060
0.062
0.068
0.063
0.067
0.066
0.067
0.067
0.081
0.071
0.072
0.068
0.034
0.068
0.068
0.076
0.061
0.061
0.074
0.074
0.066
0.063
0.066
0.067
0.067
0.067
0.070
0.063
0.068
0.063
0.067
0.064
0.069
0.063
0.068
0.063
0.068
0.066
0.069
0.064
0.066
0.063
0.068
0.067
0.067
0.067
0.067
0.067
0.069
0.070
0.068
0.067
0.068
0.062
0.067
0.062
0.067
0.062
0.069
0.063
0.068
0.067
0.067
0.062
0.066
0.067
0.068
0.068
0.067
0.067
0.067
0.062
0.067
0.068
0.068
0.062
0.067
0.062
0.073
0.073
0.067
0.069
0.069
0.068
0.067
0.068
0.067
0.067
0.067
0.065
0.069
0.067
0.067
0.061
0.073
0.073
0.068
0.068
0.069
0.069
0.067
0.067
0.067
0.063
0.069
0.064
0.067
0.063
0.067
0.063
0.067
0.062
0.068
0.064
0.070
0.064
0.067
0.068
0.069
0.064
0.069
0.063
0.068
0.067
0.067
0.063
0.068
0.063
0.067
0.068
0.068
0.067
0.068
0.067
0.067
0.063
0.067
0.069
0.068
0.067
0.067
0.063
0.067
0.062
0.068
0.068
0.067
0.064
0.062
0.056
0.067
0.067
0.066
0.068
0.067
0.067
0.068
0.064
0.067
0.063
0.067
0.067
0.068
0.062
0.073
0.063
0.068
0.068
0.067
0.067
0.067
0.066
0.069
0.063
0.067
0.067
0.068
0.057
0.068
0.063
0.067
0.057
0.068
0.056
0.067
0.063
0.067
0.063
0.066
0.067
0.067
0.068
0.068
0.068
0.068
0.064
0.068
0.067
0.067
0.063
0.068
0.062
0.074
0.067
0.069
0.066
0.068
0.068
0.067
0.067
0.067
0.063
0.067
0.063
0.068
0.071
0.071
0.068
0.067
0.066
0.066
0.067
0.067
0.068
0.068
0.065
0.071
0.063
0.066
0.063
0.067
0.068
0.068
0.062
0.067
0.063
0.070
0.071
0.067
0.068
0.067
0.067
0.067
0.067
0.067
0.064
0.310
0.302
0.085
0.066
0.301
0.067
0.069
0.069
0.068
0.069
0.069
0.068
0.068
0.067
0.069
0.063
0.068
0.067
0.068
0.063
0.068
0.063
0.069
0.064
0.068
0.062
0.067
0.063
0.068
0.065
0.068
0.063
0.067
0.064
0.068
0.063
0.068
0.069
0.068
0.063
0.068
0.068
0.067
0.063
0.069
0.067
0.068
0.063
0.068
0.069
0.067
