0.123
0.078
0.071
0.069
0.080
0.085
0.088
0.081
0.083
0.081
0.081
0.079
0.082
0.077
0.081
0.077
0.082
0.081
0.080
0.076
0.081
0.084
0.083
0.085
0.093
0.096
0.082
0.078
0.089
0.083
0.083
0.078
0.083
0.082
0.081
0.076
0.081
0.077
0.081
0.081
0.081
0.076
0.081
0.076
0.081
0.076
0.081
0.077
0.082
0.081
0.084
0.078
0.081
0.081
0.081
0.078
0.082
0.080
0.080
0.076
0.081
0.081
0.082
0.077
0.081
0.076
0.080
0.076
0.085
0.082
0.080
0.081
0.081
0.080
0.083
0.081
0.082
0.079
0.074
0.077
0.081
0.078
0.081
0.076
0.082
0.082
0.080
0.077
0.080
0.082
0.081
0.072
0.081
0.075
0.081
0.079
0.080
0.081
0.080
0.076
0.082
0.077
0.081
0.082
0.081
0.077
0.080
0.079
0.081
0.077
0.081
0.077
0.081
0.077
0.080
0.080
0.082
0.081
0.080
0.080
0.081
0.076
0.081
0.080
0.080
0.082
0.081
0.081
0.081
0.080
0.082
0.081
0.080
0.081
0.081
0.078
0.082
0.081
0.080
0.081
0.079
0.076
0.073
0.081
0.081
0.077
0.082
0.081
0.083
0.079
0.081
0.082
0.082
0.077
0.080
0.077
0.083
0.082
0.081
0.083
0.084
0.076
0.080
0.076
0.084
0.080
0.080
0.082
0.080
0.077
0.081
0.077
0.081
0.077
0.080
0.059
0.089
0.079
0.079
0.084
0.082
0.080
0.096
0.081
0.081
0.080
0.081
0.077
0.081
0.078
0.082
0.080
0.081
0.077
0.080
0.080
0.080
0.076
0.081
0.081
0.082
0.076
0.082
0.076
0.082
0.077
0.081
0.081
0.081
0.078
0.081
0.081
0.080
0.078
0.097
0.084
0.040
0.082
0.082
0.104
0.084
0.081
0.085
0.077
0.081
0.076
0.082
0.082
0.082
0.077
0.081
0.080
0.082
0.080
0.080
0.080
0.080
0.078
0.080
0.081
0.081
0.084
0.083
0.077
0.081
0.078
0.082
0.080
0.081
0.080
0.080
0.076
0.081
0.077
0.088
0.082
0.081
0.081
0.080
0.081
0.080
0.077
0.084
0.081
0.082
0.080
0.080
0.076
0.081
0.079
0.081
0.082
0.081
0.080
0.081
0.081
0.079
0.077
0.080
0.082
0.081
0.077
0.081
0.080
0.079
0.078
0.080
0.081
0.081
0.077
0.083
0.076
0.081
0.077
0.081
0.081
0.083
0.082
0.081
0.077
0.082
0.077
0.073
0.081
0.081
0.078
0.082
0.079
0.081
0.080
0.081
0.080
0.081
0.082
0.081
0.077
0.082
0.077
0.081
0.081
0.081
0.078
0.080
0.075
0.082
0.077
0.081
0.081
0.081
0.080
0.081
0.081
0.080
0.077
0.080
0.082
0.082
0.081
0.080
0.080
0.082
0.078
0.081
0.076
0.081
0.077
0.080
0.076
0.081
0.081
0.080
0.076
0.080
0.081
0.080
0.080
0.081
0.080
0.081
0.077
0.080
0.077
0.080
0.080
0.081
0.077
0.081
0.081
0.081
0.081
0.081
0.078
0.082
0.077
0.081
0.081
0.081
0.077
0.080
0.076
0.081
0.076
0.081
0.077
0.103
0.089
0.082
0.077
0.089
0.084
0.083
0.084
0.082
0.078
0.081
0.077
0.081
0.079
0.081
0.082
0.082
0.077
0.082
0.082
0.080
0.082
0.080
0.081
0.081
0.080
0.081
0.080
0.083
0.082
0.081
0.099
0.086
0.085
0.082
0.078
0.082
0.078
0.082
0.076
0.088
0.081
0.081
0.080
0.081
0.076
0.081
0.082
0.081
0.078
0.081
0.077
0.081
0.084
0.081
0.077
0.087
0.088
0.081
0.078
0.081
0.081
0.073
0.081
0.081
0.076
0.080
0.077
0.081
0.081
0.099
0.078
0.089
0.089
0.082
0.083
0.082
0.078
0.081
0.069
0.081
0.076
0.080
0.077
0.081
0.076
0.081
0.080
0.081
0.081
0.081
0.076
0.080
0.081
0.081
0.076
0.089
0.087
0.084
0.082
0.084
0.079
0.082
0.082
0.082
0.082
0.082
0.082
0.081
0.082
0.082
0.081
0.082
0.082
0.080
0.081
0.079
0.081
0.082
0.077
0.088
0.080
0.083
0.083
0.082
0.077
0.080
0.081
0.081
0.076
0.086
0.083
0.083
0.077
0.072
0.081
0.081
0.081
0.080
0.077
0.081
0.080
0.080
0.076
0.088
0.083
0.082
0.081
0.082
0.077
0.081
0.083
0.082
0.081
0.080
0.076
0.081
0.076
0.088
0.081
0.081
0.080
0.081
0.081
0.081
0.081
0.081
0.077
0.082
0.081
0.080
0.080
0.082
0.080
0.080
0.081
0.081
0.080
0.081
0.079
0.080
0.081
0.080
0.090
0.082
0.077
0.081
0.077
0.081
0.075
0.089
0.088
0.089
0.076
0.082
0.077
0.081
0.081
0.082
0.082
0.081
0.081
0.081
0.077
0.089
0.085
0.081
0.078
0.082
0.081
0.080
0.079
0.081
0.077
0.081
0.083
0.082
0.082
0.081
0.081
0.080
0.078
0.080
0.077
0.080
0.096
0.080
0.084
0.082
0.077
0.081
0.081
0.080
0.080
0.080
0.080
0.081
0.076
0.081
0.081
0.081
0.081
0.080
0.077
0.081
0.077
0.080
0.077
0.081
0.081
0.080
0.081
0.081
0.081
0.081
0.081
0.081
0.078
0.082
0.080
0.081
0.077
0.081
0.081
0.081
0.078
0.088
0.087
0.081
0.081
0.081
0.081
0.104
0.087
0.087
0.082
0.082
0.079
0.082
0.034
0.081
0.077
0.081
0.081
0.081
0.081
0.081
0.081
0.084
0.082
0.082
0.082
0.081
0.081
0.074
0.083
0.082
0.077
0.081
0.080
0.080
0.068
0.080
0.076
0.083
0.084
0.080
0.077
0.081
0.076
0.105
0.079
0.042
0.083
0.083
0.080
0.082
0.082
0.081
0.082
0.081
0.081
0.081
0.078
0.082
0.077
0.081
0.080
0.081
0.081
0.081
0.078
0.073
0.077
0.080
0.078
0.080
0.072
0.086
0.078
0.082
0.077
0.081
0.077
0.080
0.078
0.080
0.081
0.080
0.081
0.082
0.082
0.081
0.080
0.080
0.081
0.080
0.081
0.081
0.077
0.103
0.083
0.087
0.077
0.082
0.077
0.083
0.082
0.081
0.080
0.080
0.076
0.081
0.081
0.080
0.081
0.081
0.076
0.081
0.076
0.081
0.075
0.083
0.077
0.083
0.081
0.085
0.078
0.081
0.078
0.082
0.077
0.082
0.081
0.081
0.081
0.082
0.081
0.081
0.077
0.081
0.081
0.080
0.076
0.081
0.077
0.080
0.080
0.080
0.080
0.080
0.076
0.082
0.081
0.082
0.082
0.081
0.078
0.081
0.081
0.081
0.078
0.080
0.077
0.081
0.080
0.080
0.073
0.081
0.077
0.082
0.077
0.080
0.082
0.081
0.076
0.081
0.077
0.081
0.081
0.081
0.078
0.080
0.082
0.083
0.078
0.081
0.077
0.080
0.076
0.081
0.077
0.080
0.077
0.082
0.080
0.080
0.076
0.080
0.078
0.080
0.078
0.081
0.081
0.080
0.077
0.081
0.081
0.080
0.077
0.081
0.080
0.081
0.080
0.080
0.076
0.084
0.078
0.074
0.081
0.082
0.081
0.082
0.079
0.080
0.078
0.082
0.080
0.080
0.081
0.080
0.081
0.080
0.077
0.081
0.080
0.081
0.081
0.079
0.077
0.080
0.081
0.073
0.085
0.081
0.077
0.080
0.077
0.081
0.083
0.082
0.077
0.104
0.080
0.087
0.078
0.082
0.079
0.083
0.082
0.035
0.076
0.081
0.076
0.081
0.080
0.081
0.077
0.034
0.081
0.081
0.076
0.081
0.077
0.081
0.077
0.081
0.077
0.080
0.078
0.081
0.080
0.080
0.081
0.081
0.081
0.080
0.078
0.082
0.083
0.081
0.094
0.085
0.078
0.084
0.084
0.081
0.077
0.084
0.082
0.081
0.076
0.083
0.076
0.081
0.078
0.080
0.078
0.080
0.077
0.084
0.079
0.081
0.083
0.080
0.078
0.081
0.077
0.080
0.084
0.086
0.076
0.081
0.078
0.082
0.078
0.081
0.076
0.081
0.080
0.081
0.076
0.080
0.077
0.081
0.081
0.072
0.081
0.082
0.081
0.082
0.083
0.081
0.077
0.081
0.081
0.081
0.078
0.080
0.076
0.081
0.076
0.081
0.081
0.080
0.086
0.084
0.084
0.082
0.082
0.082
0.075
0.082
0.075
0.087
0.088
0.082
0.037
0.081
0.081
0.082
0.077
0.082
0.078
0.082
0.082
0.083
0.082
0.082
0.081
0.082
0.077
0.081
0.081
0.082
0.077
0.080
0.080
0.082
0.080
0.081
0.076
0.088
0.087
0.080
0.080
0.081
0.081
0.073
0.081
0.080
0.077
0.083
0.078
0.081
0.077
0.082
0.077
0.081
0.080
0.081
0.081
0.080
0.076
0.082
0.076
0.080
0.077
0.080
0.081
0.081
0.077
0.081
0.077
0.082
0.080
0.081
0.080
0.081
0.077
0.082
0.078
0.082
0.077
0.081
0.078
0.082
0.078
0.074
0.082
0.082
0.080
0.080
0.083
0.081
0.082
0.081
0.078
0.081
0.076
0.080
0.081
0.083
0.080
0.081
0.082
0.080
0.078
0.080
0.076
0.099
0.082
0.083
0.079
0.083
0.081
0.082
0.081
0.081
0.076
0.089
0.083
0.080
0.080
0.080
0.081
0.080
0.077
0.082
0.081
0.081
0.081
0.081
0.081
0.081
0.082
0.081
0.081
0.081
0.076
0.083
0.081
0.101
0.072
0.098
0.080
0.087
0.086
0.083
0.082
0.081
0.081
0.081
0.081
0.081
0.081
0.080
0.080
0.081
0.082
0.073
0.082
0.082
0.080
0.080
0.081
0.081
0.077
0.081
0.082
0.081
0.076
0.083
0.082
0.081
0.077
0.073
0.082
0.081
0.081
0.081
0.094
0.085
0.081
0.081
0.079
0.082
0.078
0.081
0.081
0.081
0.081
0.080
0.077
0.081
0.081
0.080
0.076
0.081
0.081
0.083
0.082
0.081
0.079
0.081
0.082
0.082
0.081
0.074
0.087
0.086
0.078
0.081
0.081
0.082
0.077
0.082
0.081
0.082
0.077
0.081
0.080
0.082
0.081
0.073
0.076
0.081
0.076
0.081
0.076
0.082
0.078
0.083
0.082
0.082
0.078
0.081
0.081
0.081
0.081
0.081
0.080
0.082
0.080
0.081
0.076
0.081
0.077
0.087
0.087
0.081
0.080
0.080
0.081
0.081
0.081
0.081
0.084
0.081
0.081
0.083
0.079
0.083
0.078
0.083
0.082
0.081
0.078
0.081
0.074
0.082
0.077
0.082
0.080
0.081
0.076
0.081
0.080
0.081
0.076
0.081
0.078
0.082
0.080
0.081
0.077
0.082
0.081
0.081
0.077
0.081
0.076
0.080
0.081
0.082
0.080
0.080
0.080
0.081
0.077
0.081
0.076
0.081
0.080
0.081
0.080
0.081
0.078
0.081
0.079
0.081
0.081
0.081
0.082
0.082
0.077
0.081
0.077
0.081
0.076
0.083
0.082
0.089
0.078
0.082
0.082
0.083
0.082
0.081
0.078
0.083
0.081
0.081
0.081
0.081
0.077
0.081
0.076
0.081
0.076
0.081
0.081
0.082
0.081
0.082
0.082
0.082
0.080
0.080
0.076
0.081
0.076
0.083
0.081
0.080
0.080
0.080
0.076
0.080
0.077
0.080
0.081
0.081
0.078
0.080
0.080
0.080
0.081
0.082
0.069
0.081
0.076
0.081
0.081
0.079
0.076
0.081
0.078
0.080
0.077
0.082
0.081
0.083
0.106
0.089
0.083
0.083
0.084
0.083
0.079
0.083
0.076
0.080
0.081
0.080
0.076
0.080
0.078
0.082
0.073
0.081
0.081
0.081
0.080
0.081
0.080
0.082
0.077
0.090
0.078
0.081
0.077
0.083
0.078
0.081
0.081
0.080
0.077
0.082
0.077
0.080
0.059
0.085
0.082
0.086
0.076
0.082
0.081
0.081
0.077
0.067
0.077
0.081
0.078
0.080
0.080
0.081
0.076
0.081
0.077
0.084
0.082
0.081
0.080
0.081
0.083
0.297
0.077
0.081
0.077
0.081
0.078
0.082
0.081
0.083
0.077
0.081
0.077
0.081
0.076
0.081
0.075
0.081
0.076
0.081
0.081
0.081
0.078
0.081
0.080
0.094
0.084
0.089
0.081
0.082
0.081
0.082
0.082
0.082
0.077
0.081
0.078
0.081
0.077
0.081
0.080
0.081
0.076
0.080
0.078
0.080
0.077
0.080
0.077
0.080
0.076
0.081
0.079
0.081
0.078
0.082
0.082
0.082
0.078
0.083
0.077
