0.142
0.068
0.055
0.082
0.063
0.063
0.066
0.062
0.059
0.060
0.061
0.059
0.060
0.057
0.055
0.059
0.059
0.059
0.060
0.058
0.055
0.058
0.057
0.058
0.060
0.059
0.056
0.059
0.060
0.066
0.056
0.058
0.056
0.069
0.059
0.058
0.059
0.058
0.056
0.058
0.060
0.058
0.059
0.057
0.055
0.070
0.059
0.062
0.062
0.059
0.050
0.058
0.060
0.058
0.059
0.058
0.056
0.058
0.060
0.057
0.057
0.060
0.056
0.059
0.055
0.058
0.055
0.057
0.057
0.058
0.070
0.061
0.061
0.059
0.056
0.058
0.062
0.060
0.056
0.059
0.060
0.059
0.057
0.059
0.060
0.059
0.056
0.060
0.061
0.058
0.060
0.060
0.062
0.060
0.060
0.061
0.069
0.060
0.060
0.058
0.057
0.059
0.060
0.059
0.055
0.059
0.060
0.058
0.059
0.059
0.055
0.058
0.060
0.068
0.056
0.058
0.059
0.059
0.055
0.058
0.053
0.057
0.055
0.058
0.055
0.064
0.066
0.058
0.059
0.058
0.056
0.059
0.060
0.058
0.055
0.059
0.056
0.060
0.055
0.058
0.057
0.058
0.055
0.058
0.059
0.058
0.059
0.057
0.056
0.060
0.057
0.058
0.055
0.060
0.060
0.059
0.056
0.059
0.059
0.059
0.055
0.058
0.060
0.060
0.057
0.060
0.056
0.059
0.061
0.059
0.060
0.059
0.056
0.059
0.056
0.058
0.056
0.058
0.054
0.058
0.060
0.058
0.056
0.059
0.060
0.058
0.057
0.058
0.056
0.058
0.072
0.063
0.060
0.059
0.057
0.059
0.060
0.060
0.059
0.053
0.059
0.058
0.059
0.058
0.057
0.058
0.056
0.054
0.060
0.058
0.058
0.058
0.055
0.058
0.055
0.059
0.060
0.059
0.055
0.065
0.064
0.059
0.056
0.058
0.055
0.059
0.055
0.058
0.061
0.059
0.055
0.059
0.056
0.058
0.060
0.058
0.059
0.058
0.055
0.058
0.056
0.064
0.061
0.075
0.065
0.063
0.055
0.058
0.059
0.059
0.061
0.059
0.060
0.059
0.060
0.059
0.066
0.059
0.056
0.058
0.055
0.058
0.055
0.058
0.050
0.057
0.060
0.057
0.055
0.053
0.059
0.058
0.059
0.059
0.060
0.059
0.055
0.059
0.060
0.058
0.056
0.059
0.060
0.059
0.055
0.085
0.057
0.065
0.067
0.059
0.056
0.060
0.056
0.059
0.056
0.059
0.057
0.058
0.055
0.057
0.056
0.058
0.060
0.058
0.058
0.058
0.059
0.058
0.059
0.059
0.055
0.058
0.056
0.058
0.059
0.058
0.056
0.058
0.060
0.058
0.059
0.057
0.055
0.058
0.056
0.058
0.056
0.058
0.056
0.058
0.056
0.058
0.056
0.058
0.058
0.058
0.056
0.059
0.060
0.059
0.056
0.060
0.061
0.059
0.061
0.059
0.056
0.058
0.059
0.060
0.059
0.059
0.056
0.058
0.060
0.057
0.056
0.057
0.059
0.059
0.059
0.053
0.056
0.057
0.060
0.060
0.056
0.060
0.056
0.059
0.061
0.064
0.057
0.061
0.056
0.058
0.056
0.059
0.060
0.057
0.059
0.058
0.060
0.058
0.060
0.057
0.056
0.058
0.056
0.062
0.061
0.058
0.057
0.059
0.056
0.058
0.056
0.059
0.057
0.059
0.060
0.060
0.059
0.058
0.055
0.059
0.056
0.058
0.059
0.058
0.059
0.057
0.060
0.059
0.059
0.058
0.055
0.058
0.055
0.059
0.056
0.059
0.056
0.058
0.058
0.059
0.056
0.058
0.058
0.059
0.061
0.058
0.055
0.058
0.056
0.060
0.059
0.280
0.059
0.057
0.056
0.058
0.061
0.058
0.061
0.058
0.060
0.059
0.060
0.059
0.060
0.059
0.060
0.059
0.056
0.078
0.073
0.058
0.056
0.059
0.057
0.059
0.056
0.059
0.055
0.059
0.060
0.279
0.059
0.052
0.059
0.059
0.056
0.059
0.059
0.058
0.053
0.057
0.057
0.063
0.060
0.058
0.063
0.059
0.080
0.063
0.058
0.058
0.056
0.059
0.061
0.059
0.055
0.057
0.060
0.059
0.059
0.059
0.060
0.060
0.056
0.064
0.060
0.059
0.059
0.059
0.059
0.059
0.056
0.060
0.056
0.058
0.056
0.058
0.056
0.059
0.061
0.057
0.056
0.059
0.055
0.058
0.056
0.061
0.060
0.075
0.060
0.059
0.057
0.058
0.057
0.060
0.062
0.058
0.058
0.059
0.055
0.057
0.059
0.058
0.056
0.058
0.060
0.058
0.060
0.059
0.055
0.057
0.059
0.059
0.055
0.057
0.060
0.057
0.059
0.059
0.056
0.058
0.060
0.058
0.059
0.059
0.060
0.058
0.061
0.057
0.056
0.059
0.059
0.061
0.057
0.058
0.056
0.057
0.059
0.058
0.059
0.057
0.059
0.058
0.055
0.058
0.057
0.059
0.060
0.059
0.060
0.278
0.059
0.057
0.058
0.059
0.056
0.058
0.057
0.058
0.059
0.057
0.061
0.058
0.055
0.058
0.059
0.060
0.055
0.059
0.057
0.058
0.061
0.060
0.060
0.063
0.058
0.060
0.057
0.058
0.057
0.059
0.060
0.059
0.056
0.058
0.059
0.058
0.060
0.058
0.055
0.058
0.055
0.058
0.055
0.057
0.067
0.058
0.070
0.058
0.055
0.058
0.055
0.057
0.059
0.065
0.059
0.058
0.055
0.058
0.058
0.058
0.055
0.059
0.055
0.059
0.051
0.059
0.054
0.057
0.060
0.059
0.060
0.058
0.056
0.060
0.055
0.058
0.059
0.058
0.060
0.058
0.056
0.062
0.059
0.058
0.060
0.059
0.055
0.059
0.060
0.060
0.055
0.059
0.059
0.059
0.059
0.061
0.056
0.059
0.060
0.058
0.056
0.059
0.060
0.058
0.057
0.058
0.059
0.059
0.060
0.059
0.060
0.058
0.055
0.058
0.059
0.059
0.055
0.058
0.055
0.058
0.060
0.059
0.059
0.057
0.059
0.058
0.055
0.058
0.059
0.059
0.055
0.064
0.060
0.059
0.056
0.062
0.083
0.064
0.056
0.067
0.068
0.061
0.061
0.059
0.052
0.059
0.055
0.059
0.056
0.058
0.060
0.058
0.059
0.058
0.058
0.058
0.060
0.059
0.059
0.058
0.059
0.059
0.056
0.064
0.062
0.059
0.056
0.058
0.074
0.059
0.056
0.057
0.059
0.059
0.060
0.059
0.057
0.074
0.064
0.063
0.057
0.060
0.058
0.059
0.057
0.066
0.063
0.060
0.057
0.058
0.056
0.060
0.056
0.060
0.056
0.064
0.066
0.059
0.056
0.058
0.060
0.059
0.054
0.064
0.060
0.059
0.060
0.058
0.055
0.058
0.059
0.058
0.060
0.058
0.055
0.058
0.055
0.058
0.059
0.079
0.070
0.217
0.057
0.062
0.051
0.070
0.056
0.059
0.066
0.062
0.060
0.072
0.061
0.059
0.060
0.057
0.059
0.058
0.055
0.058
0.056
0.058
0.055
0.058
0.058
0.058
0.060
0.059
0.060
0.059
0.060
0.058
0.056
0.059
0.060
0.061
0.060
0.059
0.056
0.059
0.057
0.059
0.059
0.062
0.060
0.060
0.059
0.058
0.056
0.058
0.060
0.058
0.055
0.058
0.056
0.059
0.061
0.058
0.059
0.058
0.060
0.058
0.060
0.059
0.054
0.058
0.060
0.059
0.060
0.059
0.059
0.059
0.055
0.059
0.060
0.058
0.059
0.057
0.059
0.058
0.058
0.061
0.060
0.059
0.055
0.059
0.056
0.058
0.055
0.058
0.056
0.058
0.055
0.059
0.060
0.058
0.059
0.058
0.065
0.058
0.058
0.058
0.061
0.060
0.057
0.059
0.059
0.057
0.055
0.059
0.060
0.057
0.060
0.058
0.059
0.058
0.058
0.060
0.057
0.059
0.056
0.073
0.056
0.058
0.059
0.058
0.058
0.059
0.060
0.059
0.060
0.058
0.059
0.058
0.059
0.058
0.055
0.064
0.061
0.058
0.056
0.059
0.059
0.058
0.055
0.058
0.055
0.058
0.056
0.058
0.056
0.059
0.056
0.057
0.059
0.058
0.064
0.075
0.061
0.065
0.060
0.058
0.056
0.059
0.056
0.058
0.055
0.058
0.057
0.057
0.058
0.061
0.060
0.059
0.055
0.059
0.057
0.058
0.057
0.060
0.059
0.058
0.060
0.053
0.060
0.058
0.055
0.057
0.059
0.059
0.055
0.058
0.055
0.059
0.060
0.058
0.058
0.074
0.065
0.064
0.060
0.059
0.059
0.059
0.060
0.058
0.059
0.057
0.060
0.059
0.057
0.058
0.057
0.059
0.056
0.058
0.059
0.060
0.058
0.059
0.056
0.059
0.056
0.059
0.055
0.058
0.056
0.059
0.060
0.059
0.059
0.053
0.072
0.058
0.060
0.057
0.055
0.059
0.056
0.059
0.061
0.059
0.063
0.059
0.056
0.053
0.057
0.058
0.059
0.058
0.060
0.058
0.059
0.058
0.060
0.058
0.058
0.059
0.060
0.058
0.055
0.061
0.059
0.059
0.056
0.059
0.059
0.059
0.061
0.059
0.055
0.058
0.055
0.060
0.056
0.057
0.059
0.057
0.056
0.058
0.064
0.058
0.056
0.058
0.063
0.059
0.056
0.059
0.059
0.059
0.059
0.058
0.060
0.058
0.055
0.057
0.060
0.058
0.060
0.058
0.059
0.058
0.055
0.058
0.055
0.058
0.059
0.061
0.060
0.058
0.056
0.059
0.057
0.059
0.058
0.060
0.059
0.058
0.060
0.057
0.059
0.059
0.056
0.058
0.055
0.060
0.056
0.058
0.061
0.058
0.055
0.058
0.059
0.057
0.056
0.058
0.060
0.059
0.059
0.058
0.056
0.058
0.059
0.058
0.056
0.059
0.056
0.057
0.055
0.057
0.059
0.060
0.055
0.059
0.060
0.060
0.060
0.059
0.055
0.064
0.060
0.058
0.060
0.058
0.057
0.060
0.056
0.074
0.067
0.058
0.058
0.061
0.059
0.059
0.057
0.057
0.060
0.058
0.056
0.058
0.059
0.059
0.059
0.059
0.055
0.057
0.060
0.057
0.050
0.058
0.056
0.060
0.062
0.059
0.056
0.059
0.060
0.086
0.062
0.060
0.057
0.059
0.060
0.060
0.057
0.059
0.060
0.058
0.056
0.059
0.055
0.058
0.060
0.057
0.060
0.058
0.055
0.058
0.059
0.059
0.059
0.059
0.059
0.059
0.057
0.058
0.060
0.057
0.056
0.057
0.059
0.058
0.055
0.058
0.059
0.059
0.059
0.074
0.058
0.066
0.056
0.062
0.061
0.061
0.060
0.058
0.056
0.058
0.060
0.058
0.060
0.059
0.059
0.057
0.055
0.058
0.055
0.073
0.056
0.064
0.062
0.058
0.056
0.058
0.060
0.058
0.060
0.059
0.056
0.057
0.056
0.058
0.060
0.058
0.059
0.058
0.060
0.058
0.055
0.058
0.056
0.059
0.060
0.061
0.056
0.058
0.059
0.058
0.059
0.059
0.053
0.059
0.056
0.057
0.055
0.058
0.056
0.061
0.060
0.059
0.055
0.058
0.060
0.059
0.061
0.059
0.057
0.059
0.055
0.064
0.062
0.058
0.056
0.058
0.056
0.059
0.059
0.057
0.059
0.059
0.055
0.058
0.055
0.064
0.064
0.060
0.056
0.058
0.056
0.059
0.060
0.061
0.056
0.058
0.056
0.058
0.061
0.059
0.061
0.060
0.060
0.059
0.055
0.059
0.061
0.057
0.056
0.057
0.049
0.060
0.058
0.058
0.059
0.058
0.068
0.058
0.058
0.058
0.059
0.058
0.059
0.059
0.059
0.058
0.059
0.058
0.056
0.058
0.057
0.059
0.056
0.058
0.059
0.057
0.059
0.058
0.059
0.058
0.060
0.059
0.059
0.058
0.056
0.058
0.055
0.058
0.055
0.058
0.058
0.057
0.060
0.059
0.055
0.075
0.061
0.059
0.055
0.058
0.056
0.059
0.059
0.053
0.055
0.059
0.055
0.058
0.056
0.058
0.059
0.058
0.060
0.058
0.060
0.059
0.056
0.059
0.060
0.057
0.055
0.065
0.067
0.060
0.056
0.059
0.057
0.058
0.056
0.058
0.051
0.059
0.060
0.058
0.058
0.060
0.060
0.058
0.055
0.079
0.062
0.063
0.032
0.060
0.057
0.059
0.057
0.058
0.056
0.059
0.059
0.057
0.055
0.057
0.055
0.059
0.056
0.058
0.055
0.058
0.054
0.058
0.059
0.059
0.055
0.058
0.060
0.058
0.055
0.059
0.055
0.057
0.057
0.074
0.055
0.057
0.055
0.059
0.055
0.074
0.063
0.058
0.057
0.065
0.066
0.059
0.056
0.058
0.059
0.058
0.073
0.059
0.056
0.066
