0.129
0.058
0.055
0.057
0.065
0.062
0.063
0.060
0.059
0.060
0.053
0.062
0.061
0.054
0.058
0.059
0.059
0.055
0.058
0.059
0.058
0.054
0.063
0.062
0.058
0.059
0.058
0.055
0.058
0.059
0.058
0.056
0.060
0.055
0.059
0.054
0.059
0.055
0.080
0.055
0.038
0.050
0.065
0.065
0.060
0.059
0.058
0.055
0.059
0.056
0.059
0.060
0.059
0.054
0.059
0.060
0.059
0.059
0.059
0.058
0.058
0.057
0.058
0.060
0.058
0.055
0.060
0.058
0.058
0.059
0.059
0.055
0.058
0.076
0.063
0.055
0.065
0.056
0.059
0.056
0.059
0.054
0.058
0.060
0.058
0.053
0.058
0.056
0.059
0.054
0.058
0.058
0.057
0.059
0.058
0.058
0.058
0.058
0.060
0.055
0.060
0.060
0.059
0.058
0.058
0.059
0.058
0.055
0.059
0.061
0.060
0.058
0.058
0.055
0.059
0.060
0.059
0.059
0.059
0.055
0.061
0.059
0.058
0.058
0.058
0.059
0.058
0.054
0.059
0.058
0.074
0.058
0.060
0.060
0.059
0.059
0.058
0.054
0.059
0.055
0.058
0.059
0.059
0.054
0.059
0.054
0.052
0.061
0.058
0.056
0.058
0.058
0.058
0.054
0.058
0.055
0.059
0.054
0.059
0.056
0.058
0.054
0.058
0.055
0.059
0.055
0.058
0.055
0.058
0.054
0.060
0.055
0.058
0.055
0.059
0.054
0.064
0.060
0.059
0.058
0.058
0.058
0.058
0.054
0.058
0.055
0.058
0.059
0.058
0.058
0.058
0.054
0.058
0.060
0.058
0.058
0.061
0.049
0.059
0.056
0.065
0.065
0.059
0.060
0.059
0.060
0.281
0.060
0.060
0.054
0.059
0.054
0.059
0.061
0.059
0.055
0.059
0.054
0.058
0.058
0.060
0.054
0.058
0.058
0.058
0.049
0.058
0.059
0.060
0.059
0.059
0.058
0.059
0.059
0.058
0.058
0.059
0.054
0.058
0.055
0.059
0.056
0.070
0.054
0.063
0.057
0.060
0.056
0.060
0.059
0.059
0.056
0.059
0.058
0.061
0.060
0.066
0.057
0.060
0.059
0.059
0.050
0.059
0.060
0.059
0.058
0.059
0.059
0.058
0.055
0.059
0.058
0.060
0.058
0.059
0.058
0.060
0.054
0.077
0.055
0.063
0.059
0.049
0.060
0.060
0.059
0.059
0.059
0.060
0.054
0.058
0.059
0.059
0.056
0.060
0.055
0.058
0.058
0.059
0.058
0.059
0.058
0.060
0.055
0.060
0.057
0.058
0.059
0.071
0.058
0.058
0.058
0.057
0.072
0.062
0.057
0.060
0.055
0.281
0.058
0.059
0.054
0.058
0.054
0.059
0.058
0.059
0.054
0.058
0.055
0.058
0.057
0.058
0.058
0.058
0.055
0.057
0.055
0.057
0.058
0.058
0.058
0.058
0.059
0.059
0.056
0.058
0.055
0.058
0.059
0.057
0.059
0.058
0.059
0.058
0.059
0.059
0.059
0.059
0.055
0.059
0.058
0.059
0.058
0.059
0.058
0.060
0.054
0.058
0.054
0.060
0.060
0.060
0.055
0.059
0.055
0.058
0.055
0.059
0.055
0.058
0.059
0.058
0.055
0.058
0.058
0.059
0.058
0.058
0.059
0.058
0.054
0.058
0.054
0.059
0.058
0.058
0.058
0.058
0.060
0.058
0.055
0.058
0.059
0.059
0.055
0.058
0.054
0.057
0.055
0.058
0.055
0.061
0.055
0.059
0.058
0.059
0.063
0.062
0.057
0.060
0.055
0.059
0.057
0.059
0.054
0.057
0.055
0.058
0.054
0.058
0.059
0.057
0.055
0.059
0.055
0.059
0.055
0.059
0.055
0.059
0.058
0.058
0.057
0.059
0.058
0.060
0.054
0.059
0.058
0.058
0.058
0.059
0.059
0.059
0.059
0.058
0.058
0.058
0.055
0.058
0.058
0.059
0.059
0.059
0.055
0.059
0.058
0.058
0.059
0.060
0.058
0.058
0.054
0.058
0.058
0.058
0.049
0.059
0.059
0.058
0.060
0.062
0.060
0.059
0.055
0.060
0.059
0.060
0.055
0.058
0.055
0.059
0.056
0.059
0.058
0.059
0.055
0.058
0.057
0.060
0.059
0.060
0.054
0.058
0.054
0.058
0.058
0.059
0.054
0.058
0.058
0.058
0.054
0.058
0.059
0.059
0.075
0.078
0.051
0.059
0.064
0.059
0.057
0.059
0.054
0.062
0.058
0.032
0.059
0.059
0.055
0.059
0.058
0.058
0.058
0.059
0.054
0.058
0.054
0.065
0.054
0.065
0.064
0.059
0.054
0.058
0.059
0.058
0.059
0.060
0.054
0.058
0.042
0.034
0.043
0.060
0.056
0.059
0.060
0.059
0.055
0.060
0.040
0.059
0.058
0.058
0.059
0.058
0.058
0.058
0.060
0.060
0.056
0.059
0.055
0.058
0.054
0.054
0.053
0.064
0.057
0.061
0.058
0.058
0.058
0.058
0.054
0.059
0.059
0.058
0.054
0.058
0.054
0.059
0.055
0.058
0.054
0.059
0.054
0.059
0.058
0.065
0.062
0.062
0.056
0.060
0.059
0.059
0.055
0.061
0.058
0.059
0.056
0.061
0.059
0.059
0.055
0.060
0.061
0.059
0.059
0.060
0.060
0.058
0.058
0.059
0.056
0.060
0.055
0.059
0.055
0.058
0.058
0.060
0.055
0.058
0.054
0.059
0.058
0.059
0.059
0.059
0.058
0.058
0.057
0.059
0.055
0.058
0.054
0.059
0.058
0.058
0.055
0.059
0.055
0.059
0.058
0.059
0.058
0.058
0.058
0.059
0.059
0.058
0.055
0.059
0.055
0.059
0.049
0.058
0.055
0.058
0.054
0.059
0.058
0.059
0.054
0.063
0.058
0.058
0.054
0.058
0.058
0.060
0.055
0.059
0.059
0.061
0.058
0.060
0.056
0.061
0.059
0.058
0.059
0.059
0.059
0.059
0.058
0.061
0.057
0.058
0.054
0.058
0.053
0.059
0.054
0.059
0.055
0.058
0.054
0.059
0.056
0.058
0.055
0.065
0.064
0.059
0.054
0.061
0.056
0.060
0.061
0.058
0.059
0.059
0.059
0.059
0.060
0.059
0.055
0.059
0.058
0.058
0.056
0.058
0.055
0.059
0.054
0.064
0.063
0.059
0.054
0.059
0.049
0.061
0.062
0.058
0.058
0.058
0.058
0.057
0.059
0.059
0.054
0.058
0.058
0.059
0.074
0.072
0.060
0.059
0.059
0.059
0.060
0.060
0.059
0.058
0.057
0.060
0.054
0.058
0.056
0.058
0.059
0.058
0.054
0.058
0.054
0.059
0.058
0.058
0.054
0.059
0.072
0.059
0.058
0.057
0.058
0.059
0.055
0.065
0.068
0.062
0.063
0.059
0.058
0.060
0.055
0.059
0.056
0.059
0.056
0.058
0.054
0.058
0.054
0.058
0.056
0.059
0.054
0.063
0.056
0.059
0.058
0.058
0.055
0.060
0.054
0.058
0.058
0.059
0.054
0.058
0.058
0.060
0.059
0.060
0.059
0.059
0.059
0.060
0.055
0.059
0.060
0.059
0.057
0.060
0.056
0.059
0.059
0.059
0.056
0.058
0.058
0.058
0.054
0.060
0.060
0.059
0.061
0.059
0.055
0.061
0.059
0.059
0.059
0.058
0.057
0.058
0.058
0.058
0.059
0.060
0.054
0.058
0.054
0.059
0.055
0.058
0.058
0.058
0.057
0.058
0.055
0.058
0.054
0.059
0.057
0.058
0.055
0.058
0.058
0.058
0.058
0.058
0.059
0.059
0.058
0.059
0.055
0.065
0.054
0.058
0.060
0.059
0.055
0.061
0.060
0.059
0.055
0.058
0.056
0.059
0.059
0.058
0.058
0.059
0.054
0.059
0.055
0.059
0.054
0.058
0.058
0.058
0.058
0.058
0.057
0.059
0.054
0.058
0.055
0.059
0.054
0.059
0.055
0.058
0.058
0.058
0.054
0.058
0.054
0.059
0.054
0.059
0.055
0.058
0.055
0.058
0.054
0.058
0.058
0.060
0.058
0.057
0.058
0.060
0.053
0.059
0.058
0.058
0.055
0.058
0.059
0.060
0.053
0.058
0.060
0.058
0.057
0.064
0.055
0.063
0.056
0.061
0.059
0.060
0.057
0.058
0.055
0.059
0.058
0.060
0.059
0.058
0.055
0.058
0.049
0.059
0.058
0.054
0.280
0.058
0.054
0.062
0.059
0.059
0.055
0.059
0.058
0.059
0.058
0.058
0.054
0.059
0.059
0.059
0.075
0.034
0.063
0.059
0.056
0.060
0.055
0.059
0.059
0.058
0.058
0.057
0.054
0.058
0.055
0.059
0.059
0.059
0.059
0.058
0.055
0.058
0.061
0.059
0.055
0.059
0.056
0.058
0.059
0.058
0.058
0.059
0.055
0.059
0.070
0.285
0.060
0.061
0.059
0.060
0.059
0.060
0.058
0.057
0.058
0.058
0.054
0.058
0.054
0.059
0.054
0.058
0.058
0.058
0.054
0.059
0.058
0.058
0.054
0.058
0.058
0.058
0.058
0.059
0.054
0.058
0.054
0.058
0.059
0.058
0.058
0.058
0.057
0.058
0.054
0.058
0.058
0.058
0.059
0.061
0.059
0.058
0.055
0.058
0.054
0.058
0.061
0.058
0.060
0.058
0.058
0.061
0.058
0.059
0.056
0.059
0.056
0.058
0.059
0.059
0.059
0.059
0.059
0.053
0.059
0.299
0.296
0.060
0.055
0.058
0.055
0.060
0.054
0.058
0.055
0.058
0.054
0.053
0.053
0.059
0.058
0.060
0.056
0.058
0.055
0.058
0.056
0.060
0.054
0.058
0.055
0.057
0.054
0.058
0.055
0.059
0.057
0.058
0.057
0.058
0.055
0.059
0.059
0.059
0.055
0.058
0.058
0.058
0.054
0.068
0.056
0.058
0.059
0.059
0.059
0.059
0.058
0.059
0.055
0.059
0.058
0.058
0.055
0.058
0.054
0.059
0.059
0.059
0.054
0.057
0.054
0.058
0.055
0.059
0.058
0.059
0.058
0.058
0.054
0.059
0.058
0.058
0.058
0.058
0.054
0.059
0.058
0.059
0.054
0.059
0.058
0.058
0.055
0.060
0.059
0.059
0.055
0.059
0.054
0.058
0.059
0.059
0.059
0.058
0.058
0.059
0.060
0.060
0.055
0.057
0.059
0.059
0.055
0.059
0.063
0.061
0.054
0.058
0.054
0.058
0.059
0.053
0.058
0.059
0.054
0.061
0.062
0.058
0.058
0.058
0.054
0.058
0.059
0.058
0.059
0.058
0.055
0.059
0.059
0.058
0.058
0.077
0.064
0.062
0.055
0.059
0.060
0.059
0.059
0.058
0.056
0.058
0.059
0.059
0.055
0.059
0.054
0.059
0.058
0.058
0.054
0.058
0.060
0.060
0.054
0.059
0.058
0.059
0.054
0.058
0.059
0.059
0.054
0.058
0.059
0.063
0.062
0.067
0.056
0.060
0.059
0.060
0.058
0.059
0.058
0.058
0.058
0.059
0.045
0.058
0.058
0.059
0.059
0.058
0.058
0.058
0.058
0.060
0.058
0.058
0.058
0.060
0.055
0.058
0.054
0.058
0.054
0.060
0.058
0.059
0.058
0.058
0.059
0.059
0.058
0.059
0.059
0.059
0.061
0.058
0.055
0.059
0.055
0.068
0.055
0.066
0.065
0.059
0.059
0.061
0.061
0.059
0.059
0.059
0.054
0.064
0.064
0.060
0.054
0.060
0.060
0.061
0.055
0.059
0.059
0.058
0.055
0.058
0.066
0.059
0.054
0.063
0.060
0.058
0.055
0.059
0.060
0.060
0.055
0.058
0.054
0.058
0.054
0.059
0.061
0.059
0.059
0.059
0.058
0.059
0.055
0.059
0.059
0.059
0.059
0.058
0.054
0.058
0.055
0.061
0.059
0.059
0.059
0.059
0.049
0.059
0.060
0.058
0.055
0.058
0.058
0.066
0.054
0.059
0.049
0.058
0.058
0.059
0.059
0.059
0.058
0.058
0.059
0.059
0.058
0.060
0.058
0.058
0.058
0.057
0.056
0.058
0.059
0.058
0.059
0.058
0.059
0.058
0.054
0.058
0.059
0.061
0.056
0.059
0.058
0.060
0.056
0.059
0.056
0.059
0.056
0.060
0.058
0.061
0.060
0.059
0.059
0.059
0.059
0.059
0.058
0.059
0.058
0.059
0.054
0.066
0.064
0.061
0.054
0.059
0.059
0.059
0.058
0.058
0.059
0.059
0.057
0.058
0.058
0.058
0.058
0.059
0.054
0.058
0.058
0.065
0.054
0.065
0.064
0.059
0.058
0.058
0.055
0.059
0.054
0.064
0.064
0.058
0.057
0.059
0.059
0.070
0.055
0.067
0.034
0.059
0.055
0.066
0.066
0.061
0.049
0.064
0.064
0.060
0.060
0.058
0.054
0.058
0.054
0.058
0.058
