0.101
0.058
0.050
0.045
0.057
0.056
0.057
0.058
0.066
0.059
0.060
0.055
0.062
0.062
0.059
0.056
0.058
0.058
0.060
0.059
0.061
0.056
0.061
0.061
0.061
0.055
0.059
0.059
0.058
0.059
0.059
0.059
0.061
0.056
0.058
0.059
0.059
0.055
0.059
0.068
0.059
0.058
0.059
0.059
0.059
0.055
0.059
0.054
0.060
0.056
0.058
0.059
0.059
0.055
0.059
0.054
0.060
0.059
0.059
0.061
0.059
0.060
0.060
0.280
0.060
0.059
0.060
0.059
0.059
0.055
0.059
0.063
0.081
0.059
0.065
0.070
0.060
0.055
0.060
0.060
0.060
0.059
0.058
0.059
0.058
0.056
0.059
0.055
0.059
0.056
0.059
0.055
0.058
0.058
0.059
0.059
0.058
0.060
0.058
0.056
0.059
0.054
0.059
0.055
0.058
0.059
0.058
0.058
0.059
0.056
0.059
0.059
0.059
0.058
0.058
0.058
0.070
0.055
0.066
0.031
0.060
0.060
0.060
0.056
0.053
0.059
0.059
0.059
0.059
0.059
0.059
0.056
0.060
0.058
0.059
0.054
0.060
0.059
0.053
0.067
0.059
0.055
0.060
0.055
0.059
0.059
0.058
0.055
0.059
0.057
0.059
0.056
0.061
0.055
0.058
0.055
0.059
0.055
0.060
0.056
0.059
0.059
0.058
0.059
0.059
0.059
0.065
0.063
0.062
0.056
0.059
0.055
0.059
0.059
0.060
0.055
0.059
0.060
0.059
0.055
0.059
0.060
0.058
0.056
0.060
0.058
0.058
0.055
0.058
0.059
0.059
0.055
0.058
0.056
0.058
0.054
0.058
0.055
0.060
0.055
0.058
0.058
0.058
0.058
0.059
0.060
0.059
0.054
0.060
0.058
0.059
0.055
0.059
0.056
0.060
0.059
0.059
0.055
0.059
0.059
0.059
0.055
0.059
0.056
0.058
0.059
0.063
0.059
0.059
0.058
0.059
0.055
0.059
0.056
0.059
0.059
0.061
0.061
0.060
0.056
0.058
0.065
0.066
0.060
0.060
0.060
0.060
0.054
0.060
0.056
0.058
0.055
0.059
0.057
0.059
0.058
0.059
0.055
0.061
0.059
0.058
0.060
0.060
0.056
0.058
0.055
0.060
0.055
0.059
0.059
0.059
0.055
0.074
0.050
0.060
0.062
0.059
0.060
0.059
0.059
0.059
0.055
0.060
0.059
0.059
0.059
0.059
0.055
0.058
0.055
0.059
0.059
0.059
0.058
0.059
0.061
0.059
0.056
0.059
0.067
0.067
0.054
0.059
0.056
0.065
0.064
0.059
0.060
0.062
0.060
0.058
0.059
0.077
0.059
0.065
0.060
0.061
0.056
0.060
0.060
0.058
0.059
0.058
0.059
0.059
0.059
0.059
0.055
0.058
0.055
0.060
0.056
0.059
0.055
0.058
0.055
0.059
0.056
0.060
0.059
0.059
0.056
0.059
0.058
0.060
0.059
0.059
0.059
0.059
0.057
0.059
0.059
0.059
0.056
0.058
0.055
0.063
0.050
0.069
0.061
0.061
0.065
0.061
0.057
0.061
0.061
0.060
0.068
0.060
0.056
0.061
0.057
0.060
0.055
0.059
0.059
0.058
0.058
0.058
0.059
0.061
0.056
0.059
0.055
0.058
0.055
0.059
0.056
0.059
0.055
0.060
0.057
0.059
0.061
0.059
0.060
0.059
0.059
0.059
0.055
0.060
0.056
0.058
0.056
0.059
0.055
0.059
0.060
0.059
0.055
0.060
0.059
0.059
0.056
0.058
0.059
0.058
0.055
0.059
0.057
0.060
0.059
0.060
0.055
0.059
0.060
0.059
0.056
0.060
0.059
0.061
0.061
0.059
0.057
0.061
0.055
0.059
0.054
0.059
0.059
0.059
0.059
0.059
0.056
0.058
0.059
0.058
0.059
0.059
0.059
0.060
0.059
0.060
0.059
0.059
0.054
0.066
0.061
0.060
0.060
0.059
0.070
0.064
0.059
0.060
0.060
0.060
0.060
0.060
0.059
0.059
0.054
0.079
0.059
0.060
0.068
0.059
0.055
0.064
0.061
0.060
0.061
0.063
0.061
0.062
0.056
0.061
0.059
0.060
0.060
0.059
0.055
0.060
0.056
0.059
0.059
0.061
0.057
0.059
0.059
0.059
0.059
0.060
0.055
0.059
0.055
0.060
0.059
0.059
0.055
0.059
0.055
0.058
0.059
0.059
0.059
0.061
0.061
0.059
0.059
0.059
0.059
0.060
0.055
0.059
0.055
0.063
0.051
0.060
0.056
0.059
0.056
0.060
0.056
0.058
0.068
0.060
0.054
0.060
0.059
0.059
0.055
0.065
0.065
0.059
0.056
0.060
0.058
0.058
0.059
0.060
0.059
0.069
0.064
0.064
0.061
0.056
0.061
0.061
0.060
0.060
0.055
0.059
0.056
0.059
0.055
0.059
0.056
0.060
0.056
0.059
0.059
0.058
0.059
0.059
0.059
0.060
0.059
0.060
0.059
0.060
0.058
0.059
0.055
0.060
0.059
0.059
0.059
0.058
0.055
0.058
0.059
0.059
0.055
0.059
0.055
0.081
0.055
0.071
0.061
0.060
0.057
0.060
0.056
0.059
0.059
0.058
0.055
0.059
0.059
0.061
0.060
0.060
0.056
0.060
0.056
0.060
0.059
0.059
0.057
0.062
0.058
0.060
0.061
0.058
0.056
0.059
0.059
0.059
0.059
0.059
0.058
0.060
0.056
0.061
0.056
0.060
0.058
0.059
0.059
0.059
0.055
0.060
0.057
0.059
0.058
0.059
0.059
0.059
0.055
0.059
0.056
0.060
0.054
0.058
0.056
0.059
0.056
0.059
0.058
0.060
0.054
0.059
0.055
0.059
0.054
0.059
0.056
0.059
0.058
0.060
0.060
0.059
0.057
0.059
0.056
0.059
0.057
0.283
0.059
0.059
0.055
0.062
0.057
0.060
0.059
0.058
0.055
0.059
0.055
0.059
0.060
0.059
0.059
0.059
0.056
0.059
0.055
0.060
0.057
0.059
0.056
0.058
0.054
0.058
0.055
0.060
0.057
0.060
0.059
0.060
0.055
0.059
0.059
0.059
0.056
0.059
0.059
0.059
0.054
0.059
0.063
0.060
0.063
0.060
0.059
0.059
0.059
0.060
0.055
0.060
0.055
0.058
0.058
0.059
0.060
0.061
0.058
0.060
0.056
0.059
0.059
0.059
0.060
0.058
0.056
0.059
0.056
0.059
0.055
0.059
0.059
0.058
0.058
0.058
0.056
0.059
0.060
0.059
0.059
0.059
0.055
0.060
0.056
0.059
0.058
0.058
0.058
0.059
0.055
0.059
0.056
0.059
0.059
0.059
0.060
0.059
0.055
0.059
0.064
0.059
0.055
0.058
0.059
0.058
0.056
0.060
0.057
0.059
0.059
0.058
0.055
0.059
0.078
0.065
0.063
0.061
0.079
0.060
0.061
0.060
0.059
0.059
0.057
0.059
0.055
0.059
0.059
0.060
0.060
0.058
0.056
0.058
0.059
0.059
0.059
0.058
0.058
0.054
0.057
0.059
0.055
0.059
0.056
0.059
0.055
0.059
0.055
0.058
0.060
0.058
0.055
0.059
0.056
0.058
0.063
0.074
0.064
0.063
0.060
0.060
0.062
0.060
0.060
0.060
0.060
0.058
0.054
0.060
0.055
0.059
0.055
0.059
0.060
0.058
0.056
0.059
0.059
0.061
0.057
0.059
0.059
0.061
0.057
0.059
0.060
0.060
0.068
0.061
0.060
0.051
0.057
0.060
0.056
0.061
0.057
0.060
0.060
0.059
0.055
0.059
0.059
0.059
0.055
0.059
0.059
0.063
0.055
0.058
0.060
0.059
0.055
0.059
0.059
0.060
0.059
0.058
0.058
0.282
0.059
0.059
0.056
0.060
0.059
0.059
0.055
0.058
0.059
0.058
0.045
0.062
0.063
0.059
0.059
0.054
0.055
0.058
0.050
0.065
0.060
0.059
0.057
0.060
0.055
0.059
0.057
0.059
0.059
0.054
0.056
0.060
0.060
0.060
0.060
0.060
0.056
0.059
0.056
0.055
0.056
0.059
0.050
0.059
0.060
0.059
0.055
0.054
0.055
0.060
0.050
0.059
0.058
0.059
0.055
0.059
0.059
0.054
0.060
0.059
0.054
0.066
0.056
0.060
0.060
0.062
0.056
0.060
0.056
0.061
0.057
0.060
0.057
0.060
0.055
0.060
0.056
0.060
0.055
0.071
0.060
0.059
0.057
0.060
0.055
0.059
0.055
0.059
0.059
0.060
0.055
0.059
0.055
0.059
0.058
0.059
0.056
0.059
0.060
0.061
0.056
0.060
0.057
0.061
0.056
0.059
0.054
0.059
0.055
0.059
0.055
0.059
0.059
0.059
0.057
0.059
0.059
0.059
0.059
0.060
0.059
0.060
0.055
0.060
0.056
0.060
0.056
0.059
0.054
0.066
0.060
0.059
0.055
0.060
0.078
0.035
0.056
0.067
0.050
0.061
0.055
0.066
0.061
0.059
0.056
0.059
0.056
0.058
0.060
0.059
0.054
0.026
0.059
0.059
0.056
0.059
0.059
0.060
0.061
0.028
0.056
0.064
0.061
0.060
0.060
0.060
0.059
0.060
0.055
0.062
0.066
0.063
0.059
0.059
0.058
0.059
0.059
0.076
0.055
0.064
0.063
0.064
0.059
0.060
0.060
0.059
0.055
0.059
0.055
0.059
0.057
0.060
0.059
0.059
0.055
0.059
0.055
0.059
0.055
0.059
0.059
0.059
0.061
0.059
0.060
0.060
0.059
0.059
0.059
0.059
0.060
0.058
0.055
0.059
0.055
0.059
0.056
0.061
0.059
0.060
0.074
0.060
0.060
0.059
0.059
0.059
0.055
0.058
0.055
0.059
0.060
0.061
0.055
0.059
0.059
0.059
0.059
0.059
0.060
0.058
0.059
0.059
0.059
0.059
0.057
0.059
0.061
0.060
0.059
0.059
0.059
0.059
0.059
0.059
0.061
0.059
0.056
0.059
0.057
0.060
0.059
0.059
0.056
0.058
0.059
0.059
0.055
0.058
0.060
0.060
0.056
0.059
0.055
0.059
0.059
0.059
0.055
0.059
0.057
0.054
0.060
0.059
0.055
0.059
0.056
0.059
0.055
0.059
0.057
0.059
0.061
0.059
0.059
0.058
0.060
0.060
0.069
0.059
0.056
0.059
0.055
0.059
0.056
0.065
0.056
0.060
0.063
0.060
0.061
0.060
0.060
0.060
0.055
0.059
0.055
0.059
0.059
0.059
0.057
0.059
0.055
0.059
0.055
0.059
0.059
0.059
0.055
0.059
0.059
0.060
0.059
0.059
0.055
0.060
0.056
0.059
0.055
0.060
0.056
0.059
0.060
0.059
0.056
0.060
0.059
0.058
0.056
0.073
0.062
0.062
0.056
0.054
0.060
0.060
0.056
0.058
0.056
0.061
0.055
0.059
0.059
0.059
0.055
0.059
0.059
0.060
0.055
0.059
0.058
0.280
0.059
0.058
0.058
0.059
0.059
0.079
0.060
0.065
0.062
0.061
0.056
0.060
0.060
0.058
0.070
0.060
0.059
0.059
0.056
0.060
0.057
0.059
0.059
0.059
0.056
0.060
0.059
0.059
0.055
0.059
0.060
0.059
0.056
0.059
0.059
0.059
0.057
0.061
0.059
0.059
0.059
0.059
0.055
0.059
0.056
0.059
0.059
0.071
0.053
0.057
0.066
0.060
0.069
0.060
0.060
0.060
0.060
0.059
0.056
0.059
0.055
0.059
0.057
0.058
0.059
0.058
0.059
0.059
0.061
0.060
0.056
0.059
0.058
0.058
0.055
0.059
0.055
0.060
0.055
0.060
0.060
0.059
0.059
0.059
0.057
0.061
0.056
0.059
0.060
0.060
0.059
0.059
0.059
0.059
0.059
0.059
0.061
0.059
0.059
0.059
0.056
0.059
0.056
0.058
0.059
0.059
0.060
0.059
0.059
0.059
0.056
0.059
0.060
0.059
0.057
0.059
0.060
0.060
0.060
0.060
0.059
0.059
0.059
0.059
0.058
0.060
0.056
0.059
0.059
0.059
0.056
0.058
0.055
0.059
0.056
0.058
0.061
0.059
0.059
0.059
0.056
0.060
0.056
0.058
0.059
0.059
0.059
0.059
0.056
0.059
0.059
0.058
0.060
0.060
0.055
0.059
0.056
0.059
0.059
0.060
0.059
0.059
0.056
0.058
0.055
0.059
0.055
0.059
0.058
0.059
0.059
0.059
0.055
0.061
0.056
0.060
0.060
0.062
0.055
0.060
0.055
0.059
0.055
0.059
0.057
0.058
0.055
0.059
0.059
0.060
0.056
0.059
0.056
0.059
0.055
0.059
0.059
0.059
0.058
0.059
0.058
0.059
0.059
0.060
0.055
0.059
0.056
0.058
0.055
0.059
0.055
0.058
0.060
0.059
0.058
0.059
0.055
0.060
0.054
0.059
0.055
0.059
0.059
0.058
0.056
0.058
0.055
0.060
0.062
0.053
0.059
