0.123
0.059
0.057
0.065
0.278
0.061
0.058
0.051
0.061
0.053
0.056
0.058
0.059
0.057
0.055
0.058
0.058
0.057
0.057
0.058
0.058
0.058
0.059
0.057
0.058
0.057
0.057
0.056
0.059
0.057
0.058
0.057
0.058
0.058
0.055
0.056
0.058
0.057
0.058
0.057
0.059
0.058
0.057
0.057
0.055
0.057
0.055
0.057
0.054
0.056
0.054
0.056
0.055
0.057
0.056
0.058
0.054
0.058
0.058
0.058
0.058
0.056
0.055
0.057
0.058
0.058
0.059
0.056
0.058
0.060
0.059
0.273
0.059
0.057
0.059
0.059
0.058
0.059
0.059
0.058
0.056
0.059
0.060
0.059
0.054
0.057
0.058
0.056
0.056
0.057
0.055
0.057
0.058
0.056
0.054
0.057
0.059
0.058
0.057
0.056
0.058
0.057
0.054
0.057
0.059
0.057
0.054
0.057
0.059
0.052
0.055
0.057
0.055
0.057
0.058
0.056
0.059
0.057
0.058
0.057
0.059
0.057
0.058
0.057
0.059
0.057
0.058
0.058
0.055
0.057
0.054
0.056
0.054
0.057
0.049
0.057
0.058
0.057
0.054
0.063
0.062
0.057
0.055
0.057
0.060
0.058
0.054
0.056
0.059
0.058
0.058
0.056
0.056
0.057
0.055
0.062
0.055
0.062
0.060
0.057
0.054
0.071
0.061
0.060
0.055
0.057
0.059
0.057
0.062
0.058
0.059
0.057
0.059
0.057
0.054
0.059
0.086
0.064
0.051
0.071
0.063
0.059
0.059
0.058
0.060
0.057
0.058
0.058
0.058
0.060
0.068
0.059
0.058
0.058
0.060
0.057
0.060
0.052
0.067
0.057
0.055
0.056
0.058
0.056
0.054
0.056
0.058
0.056
0.055
0.058
0.061
0.057
0.060
0.058
0.054
0.057
0.056
0.058
0.057
0.057
0.059
0.058
0.058
0.057
0.059
0.057
0.057
0.057
0.055
0.057
0.072
0.060
0.058
0.058
0.055
0.064
0.063
0.058
0.058
0.058
0.062
0.059
0.060
0.058
0.060
0.059
0.059
0.056
0.059
0.057
0.053
0.057
0.059
0.057
0.054
0.058
0.098
0.067
0.067
0.059
0.056
0.058
0.059
0.058
0.058
0.057
0.054
0.056
0.055
0.057
0.053
0.057
0.056
0.058
0.054
0.063
0.073
0.061
0.057
0.058
0.057
0.058
0.059
0.059
0.055
0.058
0.055
0.057
0.054
0.056
0.059
0.057
0.059
0.057
0.058
0.052
0.058
0.057
0.058
0.057
0.054
0.057
0.054
0.057
0.055
0.057
0.059
0.057
0.058
0.057
0.055
0.057
0.058
0.056
0.054
0.057
0.061
0.057
0.056
0.059
0.055
0.057
0.054
0.057
0.054
0.057
0.058
0.058
0.056
0.058
0.055
0.057
0.059
0.057
0.055
0.057
0.054
0.057
0.055
0.063
0.059
0.057
0.056
0.056
0.060
0.058
0.054
0.057
0.055
0.056
0.066
0.065
0.055
0.058
0.059
0.057
0.054
0.057
0.054
0.058
0.058
0.058
0.058
0.057
0.059
0.056
0.058
0.056
0.058
0.057
0.059
0.058
0.054
0.057
0.058
0.058
0.055
0.059
0.054
0.058
0.056
0.058
0.058
0.053
0.060
0.057
0.055
0.057
0.059
0.058
0.058
0.058
0.059
0.057
0.054
0.057
0.058
0.057
0.060
0.059
0.055
0.063
0.064
0.057
0.058
0.058
0.056
0.057
0.054
0.056
0.059
0.057
0.054
0.056
0.055
0.064
0.074
0.064
0.061
0.057
0.060
0.058
0.060
0.058
0.055
0.056
0.054
0.057
0.055
0.056
0.055
0.057
0.054
0.057
0.058
0.056
0.055
0.057
0.060
0.057
0.060
0.057
0.058
0.057
0.055
0.057
0.056
0.058
0.055
0.059
0.055
0.058
0.058
0.057
0.056
0.057
0.058
0.058
0.058
0.057
0.054
0.057
0.055
0.057
0.054
0.064
0.061
0.057
0.054
0.057
0.281
0.062
0.058
0.058
0.055
0.057
0.058
0.058
0.050
0.056
0.056
0.060
0.056
0.057
0.054
0.058
0.060
0.057
0.058
0.062
0.058
0.057
0.054
0.056
0.054
0.057
0.058
0.056
0.055
0.059
0.056
0.058
0.058
0.057
0.055
0.065
0.056
0.057
0.058
0.057
0.060
0.057
0.055
0.057
0.057
0.057
0.061
0.058
0.057
0.058
0.055
0.060
0.057
0.057
0.058
0.057
0.056
0.056
0.055
0.056
0.056
0.056
0.055
0.058
0.050
0.057
0.058
0.058
0.058
0.057
0.054
0.057
0.056
0.056
0.058
0.057
0.054
0.057
0.059
0.056
0.054
0.058
0.054
0.057
0.058
0.057
0.058
0.057
0.059
0.056
0.055
0.059
0.060
0.058
0.055
0.056
0.055
0.056
0.055
0.058
0.054
0.059
0.056
0.057
0.057
0.058
0.058
0.057
0.058
0.056
0.059
0.058
0.055
0.058
0.058
0.057
0.054
0.051
0.054
0.057
0.056
0.056
0.052
0.057
0.056
0.062
0.064
0.057
0.052
0.058
0.054
0.280
0.058
0.057
0.057
0.057
0.058
0.055
0.058
0.057
0.058
0.056
0.059
0.057
0.059
0.057
0.056
0.057
0.056
0.056
0.054
0.059
0.059
0.060
0.055
0.057
0.054
0.058
0.059
0.054
0.055
0.058
0.051
0.057
0.058
0.057
0.054
0.058
0.055
0.057
0.055
0.059
0.058
0.057
0.054
0.057
0.054
0.057
0.058
0.056
0.058
0.062
0.057
0.056
0.056
0.054
0.058
0.289
0.055
0.057
0.057
0.057
0.058
0.278
0.068
0.056
0.054
0.056
0.054
0.056
0.055
0.057
0.053
0.057
0.053
0.056
0.022
0.057
0.055
0.058
0.059
0.057
0.061
0.057
0.056
0.058
0.059
0.057
0.059
0.057
0.055
0.058
0.058
0.060
0.059
0.057
0.064
0.059
0.057
0.058
0.059
0.057
0.059
0.058
0.054
0.057
0.055
0.056
0.057
0.057
0.073
0.034
0.029
0.059
0.055
0.057
0.059
0.057
0.056
0.057
0.055
0.065
0.056
0.059
0.050
0.058
0.055
0.057
0.058
0.057
0.057
0.057
0.058
0.056
0.059
0.057
0.057
0.058
0.054
0.056
0.054
0.058
0.056
0.059
0.054
0.059
0.059
0.057
0.058
0.060
0.060
0.059
0.059
0.058
0.060
0.059
0.059
0.057
0.059
0.057
0.058
0.057
0.055
0.057
0.054
0.051
0.060
0.058
0.054
0.057
0.059
0.057
0.059
0.056
0.055
0.058
0.055
0.056
0.054
0.058
0.058
0.057
0.058
0.057
0.058
0.056
0.058
0.057
0.055
0.052
0.067
0.057
0.055
0.057
0.058
0.057
0.058
0.056
0.053
0.057
0.058
0.057
0.057
0.057
0.056
0.057
0.061
0.058
0.059
0.057
0.055
0.057
0.054
0.057
0.054
0.059
0.056
0.064
0.064
0.058
0.059
0.057
0.058
0.057
0.059
0.052
0.059
0.058
0.058
0.057
0.058
0.056
0.059
0.059
0.059
0.057
0.069
0.060
0.063
0.059
0.059
0.057
0.059
0.057
0.055
0.057
0.054
0.057
0.058
0.058
0.054
0.056
0.055
0.057
0.058
0.057
0.054
0.057
0.055
0.058
0.058
0.051
0.058
0.057
0.058
0.058
0.055
0.060
0.055
0.058
0.054
0.057
0.060
0.058
0.054
0.057
0.057
0.058
0.054
0.057
0.059
0.065
0.058
0.061
0.060
0.058
0.059
0.057
0.059
0.057
0.058
0.057
0.058
0.057
0.058
0.058
0.055
0.072
0.058
0.061
0.055
0.058
0.056
0.057
0.059
0.058
0.058
0.056
0.066
0.065
0.053
0.056
0.059
0.057
0.056
0.057
0.054
0.057
0.058
0.056
0.058
0.057
0.058
0.057
0.060
0.053
0.060
0.057
0.059
0.057
0.055
0.057
0.054
0.052
0.059
0.058
0.060
0.058
0.058
0.057
0.059
0.058
0.058
0.056
0.058
0.058
0.055
0.058
0.062
0.057
0.075
0.075
0.059
0.057
0.056
0.058
0.060
0.058
0.054
0.061
0.058
0.057
0.068
0.059
0.062
0.058
0.054
0.056
0.055
0.058
0.054
0.057
0.055
0.057
0.053
0.063
0.064
0.057
0.054
0.056
0.055
0.057
0.059
0.059
0.055
0.059
0.058
0.058
0.055
0.061
0.059
0.057
0.055
0.064
0.064
0.059
0.057
0.057
0.058
0.057
0.054
0.057
0.058
0.057
0.056
0.057
0.058
0.056
0.058
0.057
0.059
0.058
0.059
0.057
0.054
0.062
0.061
0.057
0.054
0.057
0.059
0.058
0.055
0.057
0.058
0.057
0.054
0.056
0.059
0.056
0.058
0.056
0.059
0.057
0.057
0.057
0.055
0.058
0.055
0.056
0.055
0.057
0.059
0.057
0.060
0.058
0.058
0.057
0.059
0.059
0.059
0.058
0.059
0.060
0.059
0.058
0.055
0.057
0.056
0.057
0.059
0.057
0.058
0.057
0.054
0.058
0.054
0.056
0.055
0.056
0.058
0.056
0.054
0.057
0.055
0.056
0.055
0.058
0.056
0.058
0.054
0.058
0.069
0.056
0.056
0.058
0.056
0.057
0.057
0.057
0.054
0.057
0.056
0.057
0.053
0.056
0.054
0.058
0.059
0.056
0.058
0.059
0.055
0.065
0.062
0.057
0.055
0.057
0.056
0.059
0.056
0.059
0.060
0.057
0.060
0.057
0.069
0.058
0.055
0.056
0.056
0.066
0.058
0.056
0.055
0.056
0.058
0.057
0.054
0.056
0.054
0.057
0.056
0.058
0.054
0.063
0.071
0.076
0.064
0.061
0.056
0.054
0.059
0.057
0.059
0.057
0.055
0.056
0.055
0.047
0.058
0.056
0.059
0.057
0.053
0.056
0.055
0.056
0.054
0.056
0.057
0.059
0.057
0.058
0.057
0.057
0.054
0.057
0.060
0.057
0.055
0.058
0.055
0.059
0.059
0.056
0.055
0.058
0.055
0.057
0.055
0.057
0.054
0.056
0.059
0.057
0.057
0.057
0.055
0.057
0.073
0.061
0.062
0.058
0.070
0.058
0.056
0.057
0.054
0.056
0.058
0.056
0.057
0.058
0.056
0.058
0.059
0.056
0.058
0.058
0.054
0.056
0.059
0.057
0.058
0.057
0.058
0.056
0.054
0.061
0.056
0.058
0.060
0.058
0.059
0.057
0.055
0.058
0.059
0.057
0.059
0.058
0.058
0.057
0.059
0.057
0.060
0.059
0.058
0.058
0.059
0.061
0.065
0.063
0.059
0.058
0.055
0.057
0.054
0.056
0.057
0.056
0.054
0.056
0.054
0.058
0.054
0.057
0.058
0.057
0.054
0.058
0.059
0.058
0.054
0.056
0.059
0.057
0.056
0.056
0.057
0.057
0.055
0.056
0.055
0.057
0.058
0.057
0.061
0.058
0.056
0.057
0.055
0.058
0.055
0.058
0.056
0.058
0.058
0.058
0.057
0.060
0.056
0.059
0.058
0.057
0.059
0.057
0.056
0.059
0.058
0.057
0.061
0.058
0.058
0.057
0.059
0.057
0.058
0.057
0.049
0.057
0.058
0.056
0.057
0.058
0.059
0.057
0.055
0.057
0.055
0.057
0.057
0.056
0.068
0.070
0.059
0.057
0.055
0.058
0.054
0.057
0.056
0.056
0.055
0.057
0.054
0.058
0.058
0.059
0.055
0.059
0.056
0.058
0.056
0.057
0.055
0.058
0.059
0.057
0.058
0.057
0.056
0.057
0.059
0.058
0.055
0.057
0.054
0.057
0.051
0.223
0.055
0.061
0.062
0.058
0.055
0.057
0.058
0.058
0.054
0.058
0.058
0.057
0.058
0.057
0.062
0.058
0.077
0.062
0.063
0.058
0.059
0.058
0.059
0.058
0.057
0.057
0.054
0.057
0.054
0.057
0.058
0.057
0.059
0.058
0.059
0.057
0.060
0.058
0.059
0.058
0.054
0.058
0.059
0.057
0.054
0.059
0.059
0.057
0.059
0.057
0.058
0.058
0.059
0.057
0.055
0.063
0.063
0.057
0.055
0.057
0.054
0.057
0.059
0.057
0.058
0.056
0.053
0.057
0.075
0.061
0.059
0.058
0.056
0.058
0.056
0.058
0.054
0.057
0.054
0.057
0.058
0.059
0.058
0.059
0.059
0.058
0.055
0.057
0.058
0.057
0.058
0.057
0.054
0.059
0.054
0.059
0.059
0.056
0.055
0.057
0.061
0.058
0.054
0.058
0.057
0.057
0.055
0.056
0.054
0.057
0.055
0.058
0.059
0.056
0.057
0.057
0.054
0.057
0.054
0.057
0.058
0.056
0.055
0.057
0.054
0.057
0.057
0.057
0.058
0.056
0.055
0.057
0.053
0.059
0.054
0.058
0.059
0.057
