0.123
0.056
0.062
0.061
0.062
0.060
0.062
0.056
0.062
0.055
0.059
0.058
0.059
0.057
0.054
0.055
0.058
0.074
0.064
0.058
0.060
0.056
0.060
0.060
0.059
0.054
0.058
0.059
0.059
0.058
0.053
0.054
0.059
0.058
0.059
0.054
0.060
0.059
0.053
0.055
0.058
0.055
0.059
0.060
0.059
0.059
0.058
0.054
0.058
0.055
0.059
0.059
0.059
0.055
0.058
0.054
0.059
0.054
0.059
0.054
0.059
0.057
0.059
0.059
0.058
0.059
0.059
0.058
0.059
0.058
0.059
0.054
0.059
0.059
0.058
0.058
0.059
0.055
0.059
0.059
0.059
0.054
0.057
0.053
0.059
0.056
0.058
0.059
0.073
0.058
0.058
0.054
0.059
0.058
0.058
0.058
0.059
0.055
0.058
0.045
0.059
0.058
0.059
0.058
0.057
0.059
0.058
0.059
0.059
0.059
0.052
0.054
0.058
0.059
0.059
0.055
0.059
0.058
0.058
0.058
0.059
0.054
0.060
0.059
0.059
0.059
0.058
0.054
0.059
0.054
0.059
0.058
0.059
0.054
0.059
0.056
0.058
0.059
0.058
0.058
0.059
0.054
0.065
0.054
0.065
0.060
0.060
0.068
0.059
0.055
0.058
0.054
0.059
0.055
0.061
0.060
0.059
0.058
0.058
0.058
0.058
0.054
0.053
0.058
0.059
0.055
0.058
0.054
0.058
0.055
0.059
0.059
0.058
0.058
0.058
0.055
0.059
0.055
0.059
0.058
0.059
0.058
0.058
0.056
0.059
0.055
0.058
0.059
0.060
0.055
0.065
0.064
0.059
0.058
0.059
0.057
0.061
0.058
0.058
0.058
0.060
0.055
0.059
0.058
0.058
0.055
0.059
0.060
0.058
0.058
0.075
0.054
0.066
0.065
0.060
0.055
0.059
0.055
0.065
0.060
0.059
0.058
0.059
0.054
0.059
0.058
0.058
0.055
0.058
0.058
0.058
0.059
0.059
0.054
0.059
0.054
0.059
0.058
0.059
0.054
0.059
0.063
0.062
0.061
0.061
0.059
0.060
0.060
0.059
0.058
0.059
0.060
0.059
0.059
0.060
0.055
0.058
0.069
0.061
0.066
0.059
0.059
0.060
0.060
0.059
0.058
0.059
0.056
0.062
0.062
0.059
0.055
0.053
0.056
0.059
0.059
0.060
0.056
0.059
0.059
0.058
0.058
0.058
0.060
0.058
0.060
0.059
0.055
0.058
0.054
0.064
0.060
0.059
0.054
0.068
0.059
0.058
0.055
0.058
0.058
0.058
0.058
0.068
0.059
0.059
0.055
0.060
0.054
0.064
0.057
0.060
0.059
0.059
0.060
0.059
0.058
0.059
0.059
0.058
0.054
0.060
0.058
0.058
0.054
0.059
0.055
0.058
0.055
0.060
0.058
0.058
0.058
0.059
0.054
0.059
0.060
0.057
0.059
0.058
0.059
0.059
0.054
0.058
0.059
0.059
0.055
0.058
0.058
0.058
0.059
0.058
0.058
0.059
0.056
0.058
0.055
0.058
0.059
0.058
0.055
0.058
0.058
0.058
0.058
0.059
0.060
0.058
0.059
0.059
0.059
0.060
0.060
0.059
0.055
0.060
0.054
0.066
0.059
0.060
0.058
0.059
0.053
0.065
0.054
0.059
0.060
0.061
0.059
0.058
0.058
0.058
0.059
0.059
0.054
0.059
0.058
0.058
0.058
0.059
0.059
0.058
0.059
0.059
0.059
0.059
0.059
0.059
0.055
0.058
0.057
0.058
0.059
0.058
0.059
0.058
0.054
0.059
0.059
0.059
0.058
0.073
0.057
0.059
0.055
0.058
0.058
0.059
0.060
0.058
0.059
0.059
0.059
0.060
0.054
0.060
0.056
0.058
0.059
0.059
0.059
0.058
0.060
0.059
0.054
0.063
0.066
0.061
0.059
0.058
0.057
0.074
0.054
0.066
0.062
0.059
0.056
0.060
0.056
0.060
0.059
0.058
0.058
0.059
0.059
0.059
0.055
0.058
0.058
0.060
0.050
0.058
0.058
0.058
0.055
0.058
0.054
0.058
0.058
0.060
0.056
0.063
0.059
0.063
0.061
0.059
0.055
0.060
0.060
0.053
0.059
0.058
0.060
0.061
0.055
0.060
0.054
0.058
0.071
0.061
0.061
0.059
0.067
0.059
0.054
0.059
0.059
0.059
0.058
0.058
0.054
0.278
0.058
0.059
0.058
0.059
0.058
0.059
0.055
0.059
0.058
0.058
0.057
0.058
0.058
0.060
0.058
0.059
0.055
0.059
0.055
0.059
0.054
0.059
0.055
0.058
0.059
0.058
0.058
0.060
0.058
0.059
0.059
0.059
0.061
0.060
0.059
0.060
0.059
0.058
0.056
0.060
0.060
0.059
0.054
0.058
0.055
0.059
0.054
0.058
0.058
0.059
0.059
0.059
0.055
0.058
0.054
0.059
0.058
0.058
0.058
0.058
0.055
0.058
0.055
0.058
0.058
0.058
0.055
0.058
0.059
0.058
0.054
0.060
0.056
0.060
0.054
0.058
0.058
0.058
0.060
0.059
0.055
0.059
0.055
0.058
0.059
0.059
0.050
0.059
0.059
0.059
0.059
0.059
0.055
0.059
0.056
0.060
0.055
0.059
0.054
0.058
0.058
0.058
0.054
0.058
0.059
0.058
0.054
0.058
0.055
0.059
0.058
0.058
0.057
0.058
0.058
0.058
0.054
0.058
0.054
0.058
0.058
0.059
0.058
0.058
0.058
0.058
0.056
0.059
0.058
0.058
0.059
0.057
0.055
0.059
0.058
0.058
0.056
0.059
0.054
0.058
0.053
0.059
0.057
0.059
0.054
0.059
0.058
0.058
0.060
0.058
0.055
0.059
0.065
0.060
0.055
0.059
0.054
0.070
0.058
0.062
0.055
0.059
0.059
0.059
0.057
0.058
0.055
0.072
0.055
0.059
0.055
0.058
0.058
0.058
0.055
0.058
0.049
0.059
0.059
0.076
0.059
0.059
0.055
0.060
0.059
0.058
0.059
0.059
0.058
0.059
0.059
0.058
0.059
0.057
0.059
0.058
0.059
0.058
0.054
0.058
0.060
0.059
0.060
0.058
0.059
0.058
0.059
0.058
0.055
0.058
0.056
0.059
0.062
0.060
0.060
0.059
0.054
0.060
0.059
0.060
0.060
0.058
0.056
0.058
0.055
0.058
0.066
0.062
0.058
0.061
0.059
0.059
0.055
0.060
0.059
0.059
0.058
0.059
0.058
0.058
0.055
0.058
0.055
0.058
0.058
0.058
0.054
0.058
0.058
0.072
0.058
0.058
0.058
0.058
0.055
0.060
0.055
0.059
0.057
0.059
0.059
0.059
0.054
0.059
0.059
0.059
0.058
0.059
0.055
0.058
0.059
0.059
0.055
0.059
0.058
0.059
0.054
0.059
0.055
0.053
0.059
0.058
0.058
0.058
0.058
0.059
0.056
0.058
0.058
0.059
0.055
0.058
0.058
0.058
0.059
0.058
0.059
0.059
0.058
0.058
0.055
0.058
0.059
0.059
0.056
0.059
0.058
0.058
0.058
0.059
0.054
0.058
0.055
0.058
0.054
0.058
0.060
0.058
0.059
0.058
0.060
0.059
0.055
0.058
0.055
0.059
0.056
0.053
0.055
0.064
0.060
0.058
0.055
0.058
0.059
0.052
0.059
0.058
0.061
0.061
0.055
0.059
0.059
0.058
0.056
0.059
0.054
0.058
0.057
0.062
0.055
0.059
0.058
0.058
0.053
0.065
0.065
0.059
0.060
0.059
0.059
0.059
0.055
0.059
0.058
0.058
0.067
0.065
0.055
0.058
0.058
0.058
0.059
0.059
0.056
0.059
0.059
0.058
0.055
0.059
0.055
0.059
0.055
0.059
0.059
0.058
0.060
0.059
0.059
0.059
0.059
0.058
0.054
0.058
0.058
0.058
0.057
0.059
0.056
0.059
0.056
0.058
0.060
0.058
0.058
0.058
0.059
0.058
0.058
0.060
0.053
0.058
0.054
0.059
0.059
0.058
0.059
0.059
0.058
0.058
0.072
0.065
0.059
0.061
0.057
0.066
0.066
0.060
0.055
0.058
0.055
0.058
0.065
0.060
0.056
0.059
0.055
0.060
0.058
0.058
0.059
0.058
0.059
0.058
0.058
0.057
0.054
0.058
0.056
0.059
0.068
0.058
0.055
0.062
0.059
0.060
0.056
0.059
0.055
0.065
0.060
0.059
0.059
0.058
0.055
0.060
0.068
0.061
0.052
0.059
0.056
0.060
0.056
0.060
0.058
0.059
0.060
0.059
0.058
0.059
0.054
0.059
0.058
0.059
0.054
0.060
0.056
0.058
0.054
0.058
0.058
0.058
0.057
0.059
0.058
0.059
0.059
0.059
0.059
0.058
0.054
0.058
0.055
0.058
0.055
0.058
0.058
0.058
0.054
0.058
0.058
0.058
0.059
0.059
0.058
0.058
0.059
0.070
0.063
0.063
0.050
0.057
0.059
0.060
0.055
0.061
0.058
0.058
0.059
0.059
0.054
0.059
0.061
0.059
0.056
0.059
0.055
0.059
0.059
0.059
0.058
0.058
0.058
0.059
0.060
0.060
0.058
0.059
0.058
0.058
0.058
0.061
0.059
0.254
0.055
0.060
0.054
0.058
0.055
0.058
0.054
0.058
0.054
0.059
0.056
0.284
0.294
0.295
0.059
0.058
0.058
0.298
0.059
0.059
0.054
0.060
0.055
0.058
0.055
0.054
0.054
0.059
0.055
0.060
0.055
0.058
0.055
0.059
0.059
0.058
0.055
0.061
0.056
0.058
0.058
0.058
0.059
0.058
0.058
0.059
0.054
0.058
0.054
0.061
0.055
0.059
0.058
0.059
0.058
0.059
0.056
0.062
0.055
0.059
0.058
0.058
0.054
0.059
0.058
0.059
0.058
0.059
0.055
0.058
0.054
0.059
0.058
0.059
0.055
0.059
0.059
0.058
0.059
0.061
0.058
0.059
0.054
0.058
0.058
0.058
0.058
0.059
0.058
0.060
0.060
0.058
0.058
0.059
0.054
0.059
0.069
0.058
0.059
0.058
0.054
0.058
0.059
0.059
0.055
0.060
0.077
0.035
0.059
0.060
0.054
0.059
0.059
0.059
0.054
0.059
0.054
0.059
0.058
0.058
0.058
0.058
0.054
0.058
0.058
0.059
0.054
0.058
0.054
0.061
0.056
0.058
0.055
0.058
0.059
0.058
0.060
0.061
0.055
0.059
0.062
0.060
0.060
0.059
0.055
0.059
0.054
0.060
0.058
0.060
0.057
0.059
0.072
0.063
0.062
0.060
0.059
0.059
0.059
0.059
0.055
0.059
0.054
0.059
0.054
0.058
0.054
0.058
0.060
0.059
0.055
0.058
0.055
0.059
0.054
0.058
0.055
0.059
0.058
0.058
0.055
0.059
0.061
0.058
0.059
0.059
0.055
0.059
0.059
0.058
0.058
0.059
0.055
0.059
0.054
0.062
0.055
0.058
0.056
0.058
0.059
0.059
0.054
0.059
0.058
0.058
0.056
0.058
0.060
0.060
0.054
0.058
0.054
0.058
0.058
0.060
0.056
0.058
0.055
0.059
0.059
0.058
0.058
0.059
0.060
0.058
0.059
0.059
0.059
0.058
0.057
0.058
0.054
0.058
0.058
0.060
0.055
0.057
0.056
0.058
0.059
0.059
0.059
0.058
0.059
0.058
0.058
0.060
0.059
0.058
0.058
0.058
0.058
0.058
0.058
0.058
0.054
0.060
0.054
0.058
0.059
0.058
0.055
0.058
0.058
0.059
0.059
0.058
0.059
0.058
0.058
0.058
0.058
0.058
0.059
0.058
0.055
0.059
0.055
0.059
0.053
0.059
0.059
0.059
0.058
0.058
0.054
0.058
0.055
0.058
0.059
0.059
0.054
0.058
0.060
0.059
0.059
0.060
0.055
0.059
0.058
0.058
0.054
0.059
0.054
0.059
0.057
0.060
0.054
0.059
0.054
0.059
0.058
0.058
0.056
0.058
0.058
0.059
0.059
0.058
0.059
0.060
0.054
0.066
0.054
0.066
0.060
0.058
0.066
0.067
0.060
0.059
0.059
0.058
0.054
0.059
0.058
0.052
0.055
0.058
0.058
0.065
0.058
0.059
0.055
0.058
0.054
0.078
0.064
0.065
0.055
0.060
0.059
0.060
0.071
0.059
0.054
0.058
0.054
0.058
0.054
0.057
0.059
0.058
0.055
0.060
0.058
0.058
0.055
0.059
0.054
0.058
0.055
0.060
0.055
0.059
0.055
0.062
0.056
0.059
0.058
0.062
0.056
0.060
0.059
0.059
0.059
0.058
0.058
0.058
0.055
0.059
0.078
0.061
0.057
0.061
0.056
0.058
0.058
0.059
0.055
0.058
0.059
0.059
0.056
0.062
0.055
0.058
0.063
0.059
0.055
0.058
0.054
0.058
0.056
0.070
0.059
0.058
0.055
0.058
0.059
0.059
0.059
0.060
0.055
0.059
0.056
0.058
0.054
0.059
0.055
0.058
0.059
0.058
0.054
