0.146
0.059
0.047
0.057
0.062
0.051
0.058
0.284
0.058
0.058
0.055
0.057
0.058
0.058
0.058
0.057
0.054
0.058
0.055
0.059
0.055
0.057
0.058
0.057
0.055
0.058
0.054
0.056
0.058
0.058
0.059
0.059
0.059
0.057
0.057
0.057
0.054
0.058
0.058
0.057
0.060
0.060
0.055
0.057
0.057
0.058
0.060
0.058
0.055
0.058
0.059
0.057
0.060
0.058
0.059
0.057
0.055
0.058
0.058
0.057
0.059
0.058
0.055
0.062
0.054
0.058
0.059
0.058
0.056
0.058
0.054
0.057
0.055
0.058
0.058
0.057
0.056
0.057
0.066
0.057
0.055
0.058
0.058
0.057
0.059
0.057
0.059
0.057
0.058
0.058
0.059
0.057
0.061
0.059
0.055
0.059
0.060
0.059
0.055
0.058
0.059
0.058
0.059
0.060
0.060
0.058
0.083
0.064
0.065
0.058
0.060
0.059
0.056
0.058
0.059
0.059
0.056
0.057
0.058
0.058
0.058
0.057
0.055
0.058
0.059
0.058
0.059
0.058
0.059
0.057
0.055
0.057
0.059
0.058
0.069
0.058
0.054
0.064
0.065
0.057
0.056
0.057
0.059
0.061
0.072
0.063
0.059
0.061
0.056
0.058
0.060
0.058
0.055
0.058
0.056
0.058
0.060
0.058
0.054
0.058
0.055
0.059
0.060
0.059
0.059
0.058
0.054
0.057
0.059
0.057
0.055
0.058
0.057
0.057
0.058
0.057
0.059
0.059
0.054
0.057
0.059
0.058
0.058
0.057
0.056
0.058
0.058
0.058
0.059
0.058
0.056
0.057
0.059
0.058
0.056
0.065
0.065
0.060
0.061
0.059
0.055
0.064
0.066
0.058
0.059
0.059
0.057
0.058
0.056
0.064
0.066
0.059
0.055
0.058
0.055
0.069
0.058
0.060
0.059
0.057
0.054
0.057
0.057
0.058
0.054
0.057
0.055
0.057
0.059
0.057
0.059
0.057
0.055
0.058
0.059
0.057
0.055
0.058
0.055
0.057
0.055
0.061
0.059
0.059
0.059
0.060
0.060
0.058
0.054
0.066
0.060
0.058
0.059
0.058
0.055
0.058
0.056
0.059
0.061
0.053
0.059
0.058
0.055
0.058
0.059
0.057
0.059
0.058
0.056
0.058
0.054
0.058
0.060
0.056
0.056
0.059
0.058
0.057
0.059
0.057
0.060
0.057
0.055
0.062
0.065
0.058
0.060
0.057
0.054
0.057
0.059
0.057
0.055
0.057
0.056
0.057
0.060
0.057
0.059
0.057
0.060
0.059
0.055
0.058
0.060
0.059
0.056
0.060
0.055
0.060
0.054
0.058
0.058
0.069
0.064
0.060
0.056
0.066
0.060
0.059
0.055
0.058
0.055
0.057
0.054
0.059
0.055
0.057
0.055
0.057
0.059
0.058
0.055
0.059
0.054
0.057
0.058
0.059
0.054
0.057
0.058
0.058
0.054
0.057
0.058
0.058
0.055
0.077
0.074
0.060
0.056
0.067
0.062
0.060
0.055
0.058
0.059
0.058
0.060
0.058
0.055
0.058
0.054
0.064
0.068
0.058
0.056
0.058
0.059
0.057
0.059
0.058
0.056
0.057
0.054
0.059
0.060
0.057
0.054
0.058
0.055
0.056
0.053
0.057
0.070
0.068
0.063
0.059
0.050
0.057
0.054
0.034
0.054
0.063
0.063
0.058
0.055
0.057
0.058
0.058
0.059
0.058
0.055
0.058
0.056
0.067
0.060
0.057
0.060
0.060
0.058
0.059
0.060
0.058
0.056
0.057
0.060
0.059
0.056
0.058
0.061
0.058
0.056
0.058
0.056
0.058
0.059
0.059
0.054
0.059
0.056
0.057
0.059
0.056
0.053
0.057
0.055
0.060
0.059
0.058
0.055
0.058
0.054
0.057
0.059
0.064
0.059
0.057
0.058
0.058
0.058
0.056
0.056
0.059
0.056
0.061
0.056
0.054
0.049
0.058
0.060
0.058
0.055
0.057
0.055
0.057
0.054
0.057
0.054
0.056
0.056
0.057
0.055
0.057
0.058
0.058
0.059
0.058
0.059
0.057
0.059
0.058
0.062
0.058
0.059
0.057
0.061
0.058
0.055
0.058
0.055
0.058
0.056
0.059
0.056
0.058
0.059
0.057
0.058
0.057
0.059
0.057
0.060
0.058
0.059
0.058
0.060
0.059
0.055
0.057
0.055
0.057
0.056
0.056
0.055
0.057
0.058
0.057
0.059
0.057
0.058
0.058
0.054
0.057
0.055
0.057
0.055
0.059
0.054
0.058
0.060
0.058
0.059
0.056
0.058
0.057
0.059
0.056
0.058
0.058
0.060
0.057
0.055
0.059
0.059
0.057
0.056
0.057
0.059
0.057
0.057
0.058
0.060
0.058
0.057
0.059
0.055
0.057
0.060
0.058
0.055
0.060
0.061
0.057
0.059
0.057
0.060
0.059
0.059
0.059
0.059
0.058
0.056
0.056
0.058
0.060
0.054
0.057
0.059
0.056
0.058
0.057
0.059
0.057
0.057
0.057
0.055
0.079
0.060
0.062
0.057
0.057
0.058
0.058
0.056
0.057
0.055
0.057
0.060
0.058
0.055
0.059
0.059
0.280
0.059
0.058
0.055
0.061
0.059
0.058
0.056
0.279
0.059
0.058
0.055
0.057
0.058
0.057
0.059
0.057
0.055
0.057
0.059
0.058
0.070
0.062
0.058
0.053
0.069
0.057
0.058
0.059
0.060
0.058
0.056
0.058
0.055
0.058
0.055
0.057
0.054
0.057
0.060
0.057
0.054
0.058
0.057
0.057
0.059
0.057
0.060
0.057
0.056
0.058
0.055
0.058
0.055
0.058
0.060
0.057
0.058
0.057
0.054
0.057
0.054
0.057
0.059
0.057
0.054
0.057
0.059
0.056
0.054
0.276
0.270
0.061
0.060
0.058
0.060
0.058
0.055
0.057
0.055
0.057
0.054
0.058
0.059
0.057
0.054
0.057
0.056
0.067
0.060
0.057
0.056
0.061
0.055
0.058
0.060
0.059
0.059
0.060
0.057
0.062
0.062
0.059
0.061
0.059
0.060
0.060
0.062
0.059
0.056
0.059
0.060
0.060
0.055
0.057
0.056
0.058
0.058
0.058
0.059
0.060
0.055
0.062
0.060
0.058
0.059
0.058
0.060
0.057
0.059
0.052
0.054
0.057
0.060
0.058
0.059
0.052
0.058
0.058
0.061
0.059
0.061
0.052
0.055
0.057
0.055
0.058
0.059
0.058
0.056
0.057
0.059
0.057
0.058
0.057
0.059
0.058
0.055
0.058
0.059
0.057
0.058
0.057
0.054
0.058
0.060
0.057
0.055
0.057
0.055
0.058
0.060
0.058
0.056
0.057
0.060
0.057
0.059
0.058
0.059
0.059
0.055
0.072
0.055
0.063
0.062
0.058
0.060
0.058
0.060
0.058
0.056
0.058
0.059
0.058
0.059
0.058
0.050
0.052
0.067
0.065
0.054
0.058
0.054
0.058
0.059
0.058
0.058
0.058
0.059
0.058
0.054
0.057
0.060
0.058
0.058
0.058
0.055
0.057
0.055
0.058
0.054
0.057
0.059
0.068
0.044
0.073
0.032
0.059
0.059
0.060
0.056
0.059
0.028
0.058
0.057
0.058
0.060
0.059
0.056
0.060
0.056
0.059
0.055
0.059
0.061
0.059
0.054
0.066
0.060
0.058
0.058
0.058
0.061
0.058
0.066
0.060
0.054
0.060
0.061
0.058
0.085
0.049
0.055
0.061
0.062
0.059
0.056
0.058
0.055
0.059
0.054
0.058
0.058
0.058
0.054
0.057
0.055
0.057
0.059
0.058
0.059
0.057
0.060
0.058
0.060
0.058
0.054
0.058
0.055
0.058
0.059
0.058
0.059
0.058
0.058
0.058
0.059
0.058
0.059
0.057
0.059
0.058
0.054
0.058
0.049
0.064
0.060
0.058
0.059
0.058
0.059
0.047
0.058
0.058
0.060
0.060
0.056
0.059
0.060
0.059
0.056
0.059
0.055
0.057
0.055
0.059
0.056
0.057
0.060
0.058
0.056
0.059
0.059
0.059
0.060
0.059
0.054
0.058
0.057
0.059
0.056
0.057
0.055
0.059
0.054
0.059
0.060
0.064
0.054
0.058
0.058
0.057
0.059
0.058
0.055
0.057
0.055
0.057
0.055
0.063
0.063
0.058
0.055
0.057
0.059
0.059
0.059
0.057
0.059
0.057
0.054
0.058
0.060
0.057
0.054
0.056
0.059
0.057
0.053
0.059
0.059
0.058
0.059
0.059
0.055
0.057
0.059
0.058
0.059
0.058
0.060
0.058
0.056
0.058
0.054
0.059
0.059
0.057
0.058
0.058
0.059
0.057
0.059
0.058
0.060
0.057
0.059
0.057
0.055
0.059
0.055
0.057
0.059
0.057
0.058
0.057
0.055
0.057
0.058
0.057
0.055
0.057
0.059
0.058
0.059
0.059
0.055
0.057
0.055
0.064
0.064
0.057
0.055
0.059
0.055
0.057
0.059
0.057
0.054
0.057
0.054
0.058
0.055
0.057
0.060
0.057
0.057
0.058
0.057
0.057
0.059
0.057
0.056
0.057
0.059
0.058
0.060
0.057
0.055
0.057
0.060
0.057
0.059
0.057
0.092
0.064
0.056
0.057
0.061
0.058
0.049
0.058
0.054
0.063
0.057
0.057
0.056
0.057
0.054
0.057
0.056
0.058
0.055
0.057
0.050
0.052
0.059
0.056
0.055
0.058
0.055
0.058
0.059
0.057
0.054
0.061
0.057
0.057
0.059
0.057
0.068
0.287
0.062
0.057
0.059
0.059
0.055
0.058
0.054
0.062
0.055
0.058
0.059
0.058
0.055
0.058
0.057
0.058
0.056
0.058
0.056
0.058
0.059
0.057
0.058
0.058
0.058
0.280
0.060
0.058
0.055
0.057
0.060
0.058
0.056
0.057
0.056
0.058
0.059
0.057
0.060
0.072
0.060
0.057
0.059
0.057
0.054
0.057
0.059
0.057
0.058
0.057
0.059
0.057
0.055
0.058
0.061
0.057
0.055
0.058
0.058
0.061
0.059
0.057
0.060
0.057
0.055
0.057
0.058
0.057
0.055
0.057
0.064
0.336
0.059
0.057
0.057
0.058
0.059
0.058
0.059
0.058
0.055
0.057
0.055
0.058
0.056
0.057
0.060
0.057
0.058
0.057
0.060
0.057
0.055
0.057
0.059
0.057
0.059
0.057
0.059
0.061
0.056
0.058
0.055
0.057
0.058
0.058
0.059
0.057
0.055
0.057
0.067
0.056
0.054
0.058
0.055
0.057
0.057
0.058
0.059
0.058
0.058
0.057
0.055
0.058
0.057
0.060
0.060
0.058
0.059
0.058
0.060
0.060
0.057
0.059
0.060
0.058
0.060
0.059
0.059
0.059
0.055
0.058
0.055
0.057
0.059
0.057
0.059
0.058
0.055
0.057
0.070
0.057
0.054
0.057
0.059
0.058
0.055
0.057
0.059
0.057
0.057
0.056
0.059
0.058
0.055
0.057
0.061
0.057
0.054
0.056
0.054
0.058
0.058
0.057
0.060
0.057
0.059
0.057
0.055
0.057
0.055
0.057
0.059
0.058
0.059
0.057
0.055
0.058
0.054
0.057
0.059
0.058
0.059
0.057
0.055
0.059
0.058
0.272
0.071
0.058
0.059
0.057
0.073
0.065
0.057
0.059
0.060
0.059
0.060
0.058
0.059
0.058
0.055
0.057
0.059
0.063
0.055
0.057
0.059
0.057
0.054
0.058
0.072
0.056
0.057
0.065
0.061
0.058
0.056
0.059
0.060
0.059
0.059
0.057
0.056
0.058
0.059
0.059
0.081
0.062
0.062
0.058
0.060
0.058
0.056
0.057
0.055
0.057
0.058
0.058
0.060
0.058
0.066
0.058
0.059
0.057
0.059
0.057
0.059
0.057
0.054
0.058
0.061
0.058
0.057
0.057
0.059
0.058
0.061
0.059
0.060
0.058
0.060
0.057
0.059
0.059
0.059
0.057
0.055
0.079
0.067
0.066
0.055
0.058
0.054
0.058
0.060
0.072
0.055
0.066
0.063
0.058
0.050
0.058
0.059
0.059
0.054
0.057
0.055
0.058
0.059
0.057
0.059
0.057
0.055
0.057
0.058
0.057
0.059
0.057
0.055
0.057
0.059
0.057
0.059
0.057
0.059
0.058
0.055
0.057
0.055
0.057
0.058
0.059
0.055
0.059
0.055
0.065
0.067
0.058
0.055
0.058
0.056
0.057
0.056
0.060
0.061
0.060
0.059
0.052
0.063
0.049
0.059
0.058
0.056
0.058
0.055
0.058
0.054
0.058
0.054
0.057
0.054
0.058
0.059
0.058
0.055
0.058
0.059
0.059
0.055
0.057
0.059
0.057
0.059
0.059
0.059
0.058
0.055
0.058
0.054
0.064
0.058
0.058
0.054
0.057
0.060
0.057
0.055
0.058
0.055
0.059
0.054
0.058
0.055
0.058
0.054
0.058
0.055
0.060
0.058
0.057
0.054
0.057
