0.149
0.067
0.060
0.057
0.059
0.062
0.063
0.072
0.053
0.065
0.059
0.057
0.055
0.059
0.057
0.057
0.054
0.058
0.058
0.060
0.055
0.062
0.061
0.057
0.057
0.058
0.055
0.057
0.058
0.057
0.058
0.056
0.054
0.069
0.070
0.060
0.061
0.058
0.069
0.055
0.054
0.063
0.060
0.058
0.050
0.065
0.062
0.061
0.058
0.058
0.059
0.058
0.059
0.057
0.059
0.057
0.060
0.058
0.060
0.057
0.059
0.058
0.055
0.057
0.059
0.057
0.057
0.058
0.055
0.058
0.054
0.057
0.059
0.057
0.061
0.058
0.060
0.058
0.065
0.057
0.059
0.058
0.058
0.057
0.054
0.056
0.058
0.057
0.077
0.062
0.060
0.057
0.060
0.058
0.055
0.059
0.055
0.058
0.058
0.056
0.055
0.056
0.054
0.056
0.054
0.060
0.054
0.063
0.061
0.058
0.054
0.057
0.058
0.061
0.058
0.058
0.058
0.058
0.059
0.057
0.054
0.052
0.055
0.058
0.053
0.056
0.058
0.056
0.054
0.058
0.058
0.056
0.054
0.058
0.058
0.060
0.054
0.058
0.057
0.057
0.054
0.057
0.058
0.057
0.058
0.059
0.059
0.055
0.054
0.057
0.053
0.056
0.053
0.059
0.075
0.063
0.065
0.057
0.057
0.058
0.060
0.058
0.058
0.057
0.054
0.057
0.056
0.057
0.054
0.058
0.060
0.057
0.056
0.058
0.062
0.058
0.054
0.059
0.059
0.057
0.056
0.058
0.061
0.058
0.055
0.058
0.059
0.057
0.054
0.058
0.058
0.057
0.055
0.057
0.058
0.057
0.058
0.058
0.055
0.058
0.059
0.057
0.054
0.056
0.050
0.058
0.049
0.057
0.057
0.057
0.053
0.057
0.058
0.057
0.054
0.057
0.058
0.068
0.057
0.056
0.059
0.057
0.059
0.057
0.054
0.058
0.057
0.058
0.058
0.057
0.058
0.057
0.054
0.058
0.058
0.058
0.058
0.059
0.055
0.058
0.055
0.062
0.059
0.058
0.060
0.058
0.055
0.057
0.056
0.058
0.056
0.057
0.058
0.058
0.055
0.056
0.053
0.057
0.058
0.057
0.054
0.066
0.054
0.057
0.054
0.057
0.058
0.056
0.059
0.057
0.056
0.057
0.060
0.057
0.060
0.057
0.054
0.057
0.053
0.056
0.056
0.058
0.058
0.056
0.054
0.056
0.059
0.057
0.055
0.272
0.060
0.057
0.054
0.057
0.054
0.060
0.053
0.058
0.059
0.057
0.054
0.057
0.055
0.057
0.054
0.058
0.059
0.057
0.058
0.057
0.059
0.057
0.058
0.056
0.054
0.058
0.058
0.058
0.055
0.057
0.054
0.056
0.059
0.056
0.058
0.057
0.054
0.057
0.080
0.062
0.066
0.059
0.055
0.058
0.059
0.057
0.055
0.057
0.059
0.057
0.058
0.057
0.055
0.063
0.066
0.057
0.058
0.058
0.055
0.056
0.055
0.058
0.055
0.057
0.060
0.057
0.058
0.057
0.058
0.057
0.055
0.056
0.058
0.057
0.055
0.058
0.060
0.058
0.059
0.059
0.059
0.066
0.054
0.065
0.066
0.057
0.060
0.059
0.056
0.067
0.057
0.058
0.054
0.064
0.066
0.057
0.056
0.057
0.058
0.057
0.055
0.059
0.054
0.058
0.059
0.057
0.058
0.057
0.058
0.056
0.054
0.056
0.058
0.057
0.059
0.057
0.055
0.057
0.058
0.056
0.059
0.058
0.055
0.059
0.057
0.057
0.058
0.057
0.056
0.056
0.058
0.057
0.055
0.059
0.059
0.058
0.055
0.057
0.059
0.058
0.056
0.057
0.055
0.060
0.060
0.058
0.054
0.064
0.061
0.058
0.055
0.058
0.056
0.058
0.054
0.057
0.068
0.059
0.054
0.057
0.059
0.052
0.056
0.062
0.060
0.057
0.059
0.058
0.056
0.057
0.054
0.056
0.054
0.057
0.055
0.057
0.059
0.057
0.058
0.058
0.054
0.063
0.064
0.057
0.059
0.056
0.054
0.057
0.055
0.056
0.058
0.057
0.065
0.058
0.059
0.057
0.054
0.058
0.059
0.057
0.058
0.057
0.055
0.064
0.060
0.057
0.055
0.057
0.059
0.057
0.059
0.057
0.058
0.059
0.056
0.058
0.058
0.058
0.056
0.058
0.055
0.058
0.056
0.057
0.054
0.056
0.060
0.058
0.059
0.093
0.066
0.059
0.054
0.066
0.062
0.058
0.073
0.057
0.055
0.056
0.054
0.057
0.054
0.057
0.059
0.057
0.055
0.058
0.058
0.057
0.055
0.057
0.059
0.058
0.059
0.052
0.054
0.063
0.062
0.057
0.054
0.057
0.055
0.058
0.053
0.064
0.062
0.057
0.057
0.057
0.059
0.058
0.059
0.057
0.058
0.057
0.055
0.057
0.068
0.061
0.059
0.065
0.056
0.065
0.067
0.059
0.060
0.058
0.058
0.057
0.059
0.058
0.056
0.058
0.056
0.058
0.060
0.059
0.060
0.057
0.059
0.058
0.055
0.057
0.060
0.057
0.055
0.057
0.055
0.057
0.056
0.058
0.054
0.057
0.059
0.058
0.059
0.058
0.052
0.060
0.060
0.058
0.059
0.057
0.060
0.057
0.059
0.057
0.055
0.057
0.054
0.057
0.059
0.058
0.053
0.056
0.059
0.058
0.059
0.057
0.048
0.064
0.060
0.058
0.055
0.057
0.056
0.057
0.055
0.057
0.055
0.065
0.065
0.058
0.060
0.058
0.055
0.058
0.056
0.058
0.059
0.058
0.058
0.057
0.058
0.056
0.055
0.058
0.054
0.056
0.059
0.057
0.054
0.056
0.059
0.058
0.058
0.057
0.059
0.057
0.054
0.057
0.059
0.057
0.054
0.057
0.055
0.057
0.057
0.057
0.054
0.056
0.055
0.057
0.058
0.057
0.058
0.057
0.057
0.057
0.055
0.068
0.059
0.057
0.054
0.057
0.055
0.057
0.054
0.057
0.060
0.058
0.057
0.059
0.056
0.058
0.054
0.058
0.055
0.057
0.062
0.058
0.056
0.059
0.055
0.059
0.058
0.058
0.058
0.057
0.058
0.057
0.059
0.061
0.055
0.057
0.059
0.058
0.054
0.057
0.055
0.056
0.057
0.057
0.060
0.057
0.054
0.057
0.050
0.065
0.062
0.057
0.055
0.059
0.059
0.058
0.060
0.056
0.057
0.057
0.059
0.058
0.059
0.058
0.059
0.057
0.055
0.057
0.054
0.076
0.059
0.062
0.060
0.058
0.060
0.057
0.056
0.056
0.058
0.057
0.054
0.057
0.054
0.060
0.058
0.057
0.055
0.057
0.055
0.057
0.058
0.056
0.057
0.058
0.055
0.057
0.058
0.058
0.061
0.060
0.055
0.058
0.060
0.059
0.056
0.059
0.058
0.058
0.058
0.058
0.060
0.058
0.060
0.057
0.055
0.058
0.054
0.056
0.076
0.062
0.063
0.057
0.059
0.059
0.055
0.057
0.059
0.056
0.057
0.057
0.055
0.057
0.054
0.058
0.056
0.056
0.060
0.057
0.056
0.056
0.054
0.059
0.060
0.059
0.055
0.057
0.058
0.058
0.054
0.056
0.055
0.057
0.054
0.057
0.054
0.057
0.059
0.056
0.058
0.057
0.054
0.059
0.054
0.057
0.060
0.057
0.055
0.057
0.054
0.058
0.059
0.057
0.055
0.056
0.058
0.057
0.055
0.055
0.054
0.057
0.058
0.057
0.054
0.056
0.059
0.057
0.054
0.058
0.059
0.057
0.054
0.058
0.054
0.056
0.055
0.057
0.055
0.276
0.059
0.058
0.061
0.059
0.055
0.058
0.056
0.058
0.278
0.056
0.059
0.056
0.054
0.057
0.055
0.058
0.056
0.056
0.058
0.057
0.055
0.057
0.055
0.057
0.058
0.057
0.058
0.057
0.059
0.057
0.054
0.057
0.054
0.057
0.062
0.057
0.059
0.051
0.055
0.062
0.060
0.058
0.058
0.057
0.059
0.057
0.055
0.058
0.055
0.056
0.054
0.057
0.058
0.056
0.053
0.058
0.059
0.057
0.056
0.058
0.055
0.057
0.055
0.057
0.058
0.058
0.054
0.058
0.055
0.057
0.055
0.058
0.058
0.057
0.059
0.058
0.062
0.058
0.053
0.057
0.058
0.057
0.059
0.056
0.055
0.057
0.054
0.057
0.058
0.057
0.057
0.057
0.060
0.057
0.059
0.057
0.059
0.057
0.056
0.058
0.058
0.058
0.056
0.056
0.055
0.059
0.058
0.057
0.054
0.063
0.058
0.075
0.063
0.061
0.060
0.059
0.056
0.056
0.031
0.057
0.053
0.057
0.059
0.057
0.058
0.056
0.058
0.056
0.059
0.057
0.060
0.057
0.057
0.057
0.054
0.057
0.058
0.057
0.054
0.057
0.057
0.056
0.056
0.058
0.060
0.057
0.059
0.057
0.058
0.056
0.054
0.057
0.055
0.058
0.055
0.057
0.055
0.057
0.055
0.058
0.067
0.061
0.051
0.065
0.055
0.064
0.066
0.058
0.058
0.057
0.055
0.056
0.059
0.058
0.055
0.057
0.059
0.058
0.061
0.057
0.058
0.059
0.059
0.057
0.059
0.057
0.060
0.057
0.055
0.063
0.061
0.059
0.059
0.057
0.055
0.058
0.055
0.057
0.060
0.058
0.055
0.057
0.059
0.057
0.056
0.056
0.054
0.057
0.054
0.057
0.059
0.067
0.063
0.061
0.059
0.058
0.055
0.058
0.059
0.057
0.054
0.056
0.055
0.057
0.054
0.057
0.069
0.056
0.054
0.056
0.058
0.057
0.054
0.063
0.065
0.057
0.054
0.056
0.058
0.057
0.058
0.057
0.056
0.058
0.058
0.057
0.058
0.057
0.060
0.057
0.059
0.057
0.055
0.063
0.061
0.059
0.059
0.058
0.059
0.058
0.054
0.062
0.061
0.058
0.058
0.057
0.059
0.057
0.055
0.057
0.055
0.057
0.058
0.058
0.055
0.056
0.060
0.058
0.059
0.057
0.058
0.057
0.060
0.057
0.054
0.064
0.065
0.057
0.059
0.058
0.059
0.057
0.054
0.057
0.054
0.057
0.054
0.056
0.055
0.057
0.058
0.057
0.058
0.056
0.055
0.059
0.055
0.066
0.055
0.057
0.057
0.058
0.054
0.057
0.055
0.057
0.054
0.060
0.059
0.058
0.054
0.057
0.060
0.067
0.054
0.056
0.058
0.057
0.055
0.057
0.054
0.057
0.054
0.057
0.059
0.057
0.054
0.058
0.059
0.057
0.058
0.057
0.058
0.059
0.055
0.066
0.066
0.057
0.058
0.057
0.059
0.057
0.073
0.036
0.063
0.059
0.055
0.063
0.064
0.057
0.055
0.026
0.058
0.056
0.058
0.056
0.054
0.057
0.056
0.059
0.056
0.057
0.059
0.057
0.055
0.064
0.065
0.059
0.060
0.058
0.058
0.058
0.055
0.058
0.059
0.057
0.055
0.058
0.053
0.057
0.058
0.058
0.058
0.057
0.058
0.057
0.055
0.057
0.058
0.057
0.070
0.062
0.062
0.057
0.056
0.057
0.058
0.057
0.053
0.052
0.058
0.056
0.058
0.057
0.054
0.057
0.054
0.057
0.067
0.059
0.055
0.058
0.054
0.056
0.054
0.060
0.059
0.057
0.056
0.057
0.054
0.056
0.055
0.058
0.058
0.056
0.056
0.057
0.058
0.057
0.055
0.058
0.055
0.056
0.059
0.058
0.054
0.057
0.059
0.052
0.059
0.059
0.054
0.057
0.056
0.057
0.054
0.059
0.059
0.056
0.060
0.059
0.055
0.058
0.055
0.053
0.059
0.058
0.055
0.065
0.059
0.055
0.059
0.056
0.057
0.056
0.057
0.056
0.055
0.056
0.056
0.056
0.054
0.056
0.054
0.057
0.054
0.057
0.059
0.057
0.054
0.057
0.055
0.057
0.055
0.056
0.059
0.056
0.055
0.056
0.058
0.058
0.054
0.058
0.058
0.057
0.058
0.057
0.054
0.051
0.054
0.058
0.056
0.058
0.054
0.057
0.058
0.057
0.054
0.058
0.059
0.057
0.055
0.057
0.058
0.058
0.054
0.057
0.058
0.056
0.057
0.057
0.058
0.059
0.059
0.058
0.054
0.057
0.054
0.059
0.059
0.058
0.059
0.058
0.056
0.058
0.055
0.058
0.055
0.056
0.055
0.071
0.061
0.058
0.059
0.058
0.058
0.057
0.056
0.059
0.058
0.057
0.054
0.057
0.059
0.057
0.059
0.059
0.055
0.057
0.057
0.065
0.058
0.060
0.059
0.059
0.059
0.056
0.058
0.057
0.057
0.057
0.058
0.058
0.058
0.057
0.053
0.057
0.053
0.057
0.058
0.058
0.080
0.062
0.056
0.058
0.058
0.058
0.059
0.058
0.057
0.056
0.053
0.057
0.058
0.057
0.057
0.057
0.054
0.056
0.058
0.057
