0.128
0.052
0.046
0.057
0.057
0.054
0.067
0.068
0.062
0.049
0.059
0.054
0.065
0.065
0.058
0.059
0.059
0.059
0.059
0.055
0.061
0.061
0.061
0.057
0.058
0.055
0.059
0.056
0.059
0.058
0.059
0.056
0.060
0.060
0.058
0.058
0.059
0.054
0.058
0.055
0.058
0.059
0.058
0.054
0.059
0.054
0.058
0.053
0.065
0.061
0.060
0.055
0.058
0.055
0.058
0.058
0.058
0.054
0.064
0.065
0.058
0.058
0.059
0.054
0.058
0.059
0.059
0.058
0.059
0.055
0.058
0.058
0.058
0.058
0.058
0.054
0.058
0.055
0.058
0.054
0.058
0.055
0.058
0.059
0.058
0.060
0.058
0.055
0.057
0.058
0.074
0.060
0.055
0.059
0.059
0.054
0.059
0.059
0.060
0.054
0.060
0.056
0.058
0.058
0.059
0.055
0.059
0.052
0.064
0.062
0.035
0.055
0.059
0.057
0.058
0.059
0.059
0.055
0.058
0.055
0.059
0.059
0.059
0.058
0.058
0.056
0.059
0.055
0.059
0.060
0.059
0.055
0.059
0.059
0.471
0.059
0.058
0.055
0.059
0.055
0.058
0.299
0.296
0.059
0.061
0.054
0.058
0.056
0.058
0.056
0.238
0.054
0.060
0.054
0.059
0.055
0.058
0.052
0.059
0.069
0.247
0.054
0.060
0.050
0.236
0.056
0.060
0.054
0.060
0.054
0.061
0.058
0.058
0.054
0.238
0.055
0.059
0.059
0.061
0.059
0.060
0.054
0.058
0.054
0.060
0.059
0.060
0.059
0.059
0.057
0.059
0.054
0.058
0.058
0.059
0.058
0.059
0.056
0.059
0.055
0.058
0.059
0.060
0.059
0.059
0.058
0.058
0.059
0.059
0.056
0.061
0.060
0.058
0.054
0.058
0.054
0.058
0.055
0.059
0.055
0.060
0.055
0.059
0.055
0.057
0.054
0.058
0.055
0.058
0.056
0.059
0.054
0.063
0.058
0.059
0.056
0.058
0.058
0.058
0.056
0.063
0.056
0.060
0.060
0.059
0.059
0.058
0.055
0.059
0.054
0.058
0.056
0.058
0.059
0.059
0.059
0.058
0.059
0.058
0.055
0.058
0.060
0.058
0.058
0.059
0.059
0.059
0.059
0.059
0.056
0.060
0.059
0.059
0.054
0.059
0.058
0.058
0.058
0.058
0.059
0.058
0.058
0.058
0.058
0.059
0.058
0.058
0.049
0.059
0.056
0.058
0.054
0.059
0.060
0.060
0.058
0.059
0.055
0.058
0.055
0.058
0.059
0.060
0.059
0.059
0.059
0.059
0.056
0.060
0.054
0.059
0.056
0.059
0.056
0.058
0.054
0.059
0.057
0.058
0.055
0.059
0.058
0.058
0.054
0.064
0.060
0.059
0.061
0.059
0.055
0.058
0.055
0.059
0.054
0.060
0.058
0.059
0.059
0.058
0.058
0.057
0.054
0.058
0.056
0.059
0.055
0.059
0.073
0.033
0.057
0.060
0.053
0.058
0.059
0.059
0.056
0.059
0.060
0.058
0.053
0.065
0.058
0.059
0.055
0.058
0.063
0.060
0.057
0.061
0.055
0.058
0.057
0.058
0.058
0.059
0.058
0.059
0.058
0.059
0.059
0.057
0.055
0.058
0.060
0.060
0.055
0.058
0.054
0.059
0.056
0.057
0.058
0.059
0.058
0.058
0.058
0.059
0.055
0.059
0.075
0.063
0.058
0.059
0.057
0.060
0.059
0.059
0.057
0.058
0.055
0.057
0.055
0.054
0.059
0.059
0.059
0.054
0.059
0.058
0.058
0.059
0.055
0.058
0.059
0.058
0.060
0.058
0.055
0.060
0.055
0.058
0.058
0.059
0.055
0.057
0.059
0.059
0.055
0.058
0.059
0.058
0.054
0.058
0.058
0.059
0.054
0.059
0.060
0.059
0.060
0.058
0.059
0.061
0.058
0.059
0.056
0.060
0.056
0.059
0.058
0.057
0.058
0.058
0.055
0.058
0.060
0.058
0.054
0.059
0.056
0.059
0.058
0.274
0.058
0.058
0.059
0.058
0.055
0.059
0.055
0.058
0.060
0.059
0.055
0.058
0.068
0.061
0.055
0.062
0.057
0.059
0.055
0.060
0.058
0.062
0.054
0.059
0.059
0.059
0.055
0.058
0.052
0.060
0.054
0.059
0.055
0.059
0.059
0.058
0.058
0.058
0.059
0.058
0.059
0.059
0.058
0.064
0.055
0.060
0.054
0.059
0.058
0.059
0.066
0.059
0.055
0.058
0.059
0.059
0.058
0.059
0.055
0.059
0.055
0.061
0.057
0.059
0.059
0.058
0.054
0.059
0.054
0.054
0.058
0.059
0.058
0.058
0.056
0.058
0.058
0.059
0.055
0.058
0.058
0.059
0.059
0.059
0.056
0.059
0.054
0.059
0.058
0.058
0.059
0.059
0.059
0.059
0.059
0.059
0.059
0.059
0.058
0.059
0.054
0.059
0.059
0.058
0.055
0.058
0.054
0.058
0.054
0.059
0.059
0.058
0.059
0.059
0.054
0.077
0.059
0.064
0.055
0.059
0.053
0.030
0.056
0.058
0.059
0.058
0.061
0.058
0.055
0.058
0.059
0.059
0.059
0.058
0.059
0.059
0.055
0.058
0.057
0.058
0.056
0.058
0.059
0.058
0.058
0.058
0.055
0.058
0.059
0.059
0.058
0.059
0.058
0.059
0.055
0.058
0.058
0.058
0.055
0.058
0.058
0.059
0.059
0.058
0.054
0.062
0.074
0.064
0.059
0.059
0.056
0.059
0.056
0.060
0.058
0.058
0.058
0.059
0.058
0.058
0.058
0.059
0.061
0.059
0.055
0.059
0.055
0.059
0.057
0.058
0.054
0.059
0.058
0.058
0.059
0.059
0.057
0.059
0.056
0.058
0.055
0.059
0.061
0.060
0.053
0.064
0.065
0.059
0.055
0.059
0.055
0.059
0.059
0.058
0.054
0.058
0.054
0.057
0.059
0.058
0.054
0.059
0.058
0.058
0.055
0.059
0.058
0.058
0.058
0.059
0.054
0.058
0.059
0.058
0.059
0.059
0.048
0.063
0.058
0.059
0.059
0.058
0.058
0.059
0.055
0.058
0.058
0.058
0.054
0.061
0.060
0.059
0.059
0.059
0.059
0.059
0.059
0.059
0.059
0.058
0.058
0.058
0.050
0.059
0.059
0.058
0.054
0.058
0.055
0.059
0.055
0.058
0.068
0.061
0.059
0.058
0.058
0.059
0.058
0.059
0.054
0.059
0.058
0.059
0.059
0.059
0.054
0.058
0.059
0.059
0.054
0.065
0.064
0.059
0.059
0.059
0.058
0.059
0.054
0.059
0.058
0.059
0.055
0.058
0.059
0.059
0.059
0.058
0.055
0.058
0.055
0.058
0.054
0.059
0.054
0.058
0.054
0.058
0.060
0.058
0.058
0.059
0.055
0.059
0.059
0.058
0.055
0.058
0.059
0.058
0.056
0.059
0.054
0.058
0.054
0.059
0.053
0.074
0.067
0.062
0.059
0.058
0.059
0.054
0.056
0.065
0.063
0.060
0.054
0.059
0.059
0.058
0.054
0.065
0.062
0.078
0.063
0.065
0.060
0.054
0.059
0.059
0.059
0.059
0.055
0.060
0.055
0.065
0.064
0.058
0.054
0.058
0.055
0.059
0.059
0.059
0.058
0.058
0.059
0.058
0.059
0.059
0.058
0.058
0.055
0.059
0.054
0.059
0.062
0.058
0.055
0.059
0.058
0.058
0.054
0.066
0.058
0.059
0.048
0.064
0.058
0.058
0.054
0.058
0.057
0.057
0.082
0.064
0.059
0.058
0.055
0.059
0.047
0.059
0.059
0.058
0.058
0.059
0.058
0.058
0.055
0.058
0.054
0.059
0.060
0.060
0.059
0.057
0.055
0.059
0.068
0.059
0.058
0.059
0.055
0.059
0.056
0.059
0.059
0.058
0.060
0.059
0.055
0.059
0.059
0.059
0.058
0.059
0.058
0.058
0.054
0.059
0.055
0.060
0.058
0.058
0.059
0.059
0.059
0.060
0.053
0.059
0.060
0.060
0.058
0.057
0.055
0.058
0.054
0.057
0.054
0.058
0.054
0.064
0.060
0.058
0.054
0.058
0.058
0.059
0.053
0.058
0.058
0.058
0.058
0.059
0.054
0.059
0.058
0.062
0.055
0.059
0.055
0.059
0.055
0.058
0.054
0.059
0.054
0.059
0.058
0.058
0.058
0.058
0.056
0.058
0.055
0.058
0.054
0.061
0.060
0.059
0.055
0.059
0.055
0.058
0.058
0.060
0.058
0.058
0.054
0.063
0.062
0.058
0.058
0.059
0.058
0.058
0.054
0.058
0.055
0.058
0.054
0.059
0.059
0.058
0.058
0.057
0.055
0.059
0.058
0.059
0.055
0.060
0.058
0.059
0.055
0.058
0.054
0.059
0.058
0.058
0.055
0.059
0.054
0.058
0.058
0.058
0.056
0.057
0.059
0.058
0.054
0.058
0.055
0.058
0.055
0.058
0.057
0.059
0.055
0.059
0.056
0.059
0.057
0.057
0.059
0.061
0.059
0.058
0.059
0.058
0.055
0.058
0.059
0.059
0.056
0.058
0.060
0.054
0.059
0.060
0.058
0.058
0.056
0.083
0.056
0.063
0.063
0.059
0.058
0.282
0.058
0.058
0.054
0.059
0.058
0.058
0.058
0.061
0.055
0.059
0.058
0.059
0.059
0.058
0.058
0.058
0.057
0.058
0.055
0.057
0.058
0.059
0.055
0.058
0.055
0.058
0.054
0.058
0.060
0.264
0.056
0.058
0.059
0.059
0.059
0.058
0.055
0.268
0.059
0.058
0.059
0.058
0.054
0.058
0.075
0.063
0.058
0.060
0.059
0.059
0.058
0.058
0.055
0.059
0.055
0.059
0.054
0.058
0.055
0.058
0.054
0.058
0.056
0.059
0.055
0.058
0.055
0.058
0.055
0.059
0.054
0.058
0.054
0.053
0.058
0.059
0.054
0.059
0.058
0.060
0.054
0.059
0.059
0.058
0.059
0.059
0.054
0.058
0.059
0.078
0.055
0.067
0.066
0.060
0.055
0.070
0.062
0.061
0.055
0.059
0.059
0.059
0.060
0.053
0.062
0.059
0.058
0.059
0.059
0.059
0.055
0.059
0.054
0.065
0.058
0.058
0.055
0.058
0.059
0.058
0.058
0.058
0.059
0.059
0.060
0.059
0.059
0.053
0.057
0.059
0.056
0.059
0.059
0.058
0.056
0.059
0.056
0.060
0.058
0.058
0.058
0.059
0.059
0.058
0.054
0.058
0.055
0.062
0.056
0.059
0.058
0.058
0.054
0.058
0.059
0.061
0.062
0.058
0.055
0.058
0.055
0.059
0.053
0.058
0.054
0.058
0.054
0.059
0.054
0.058
0.053
0.058
0.057
0.066
0.055
0.066
0.066
0.059
0.054
0.065
0.065
0.058
0.055
0.058
0.057
0.059
0.059
0.058
0.059
0.058
0.059
0.060
0.067
0.058
0.058
0.058
0.056
0.059
0.057
0.059
0.059
0.058
0.055
0.058
0.055
0.059
0.059
0.059
0.055
0.058
0.055
0.053
0.059
0.058
0.054
0.058
0.055
0.059
0.056
0.059
0.055
0.058
0.058
0.059
0.058
0.058
0.055
0.058
0.059
0.059
0.055
0.061
0.059
0.058
0.071
0.065
0.074
0.059
0.056
0.059
0.056
0.059
0.059
0.058
0.055
0.059
0.059
0.058
0.059
0.059
0.054
0.058
0.059
0.059
0.054
0.065
0.060
0.058
0.055
0.059
0.055
0.058
0.054
0.060
0.058
0.058
0.058
0.059
0.058
0.058
0.056
0.060
0.058
0.059
0.055
0.058
0.056
0.059
0.059
0.058
0.059
0.058
0.059
0.058
0.074
0.063
0.059
0.054
0.056
0.059
0.059
0.058
0.055
0.059
0.059
0.059
0.055
0.058
0.055
0.058
0.058
0.059
0.059
0.059
0.040
0.060
0.058
0.058
0.059
0.059
0.059
0.059
0.055
0.058
0.058
0.058
0.055
0.059
0.054
0.058
0.057
0.059
0.055
0.058
0.058
0.058
0.055
0.059
0.059
0.058
0.054
0.064
0.064
0.059
0.054
0.059
0.059
0.059
0.058
0.058
0.058
0.059
0.054
0.063
0.065
0.060
0.058
0.059
0.054
0.059
0.058
0.059
0.055
0.059
0.060
0.059
0.054
0.064
0.057
0.061
0.056
0.058
0.055
0.059
0.054
0.058
0.055
0.059
0.058
0.062
0.060
0.058
0.055
0.058
0.059
0.059
0.056
0.057
0.055
0.059
0.059
0.058
0.059
0.058
0.059
0.058
0.058
0.065
0.055
0.054
0.055
0.059
0.056
0.059
0.055
0.059
0.054
0.058
0.057
0.058
0.058
0.059
0.052
0.058
0.055
0.062
0.057
0.059
0.055
0.058
0.054
0.058
0.062
0.059
0.054
0.058
0.055
0.060
0.059
0.059
0.059
0.059
0.059
0.058
0.055
