0.152
0.055
0.053
0.051
0.057
0.054
0.058
0.068
0.058
0.065
0.061
0.058
0.055
0.059
0.054
0.057
0.058
0.058
0.059
0.057
0.058
0.059
0.058
0.057
0.054
0.064
0.061
0.058
0.059
0.057
0.059
0.057
0.059
0.057
0.055
0.058
0.055
0.058
0.059
0.058
0.054
0.057
0.058
0.058
0.058
0.053
0.060
0.057
0.055
0.057
0.054
0.057
0.055
0.058
0.058
0.058
0.059
0.058
0.054
0.057
0.058
0.057
0.055
0.058
0.054
0.066
0.062
0.057
0.055
0.057
0.059
0.070
0.055
0.065
0.063
0.058
0.056
0.059
0.055
0.057
0.059
0.058
0.059
0.059
0.056
0.059
0.061
0.059
0.059
0.058
0.055
0.059
0.055
0.058
0.055
0.058
0.054
0.057
0.055
0.057
0.054
0.057
0.058
0.057
0.055
0.057
0.059
0.058
0.069
0.059
0.055
0.057
0.058
0.058
0.058
0.057
0.055
0.058
0.056
0.057
0.054
0.057
0.054
0.061
0.059
0.059
0.059
0.057
0.059
0.058
0.055
0.057
0.054
0.058
0.055
0.057
0.058
0.058
0.055
0.058
0.054
0.082
0.065
0.063
0.059
0.058
0.055
0.057
0.046
0.058
0.054
0.057
0.055
0.058
0.055
0.058
0.054
0.064
0.060
0.059
0.059
0.059
0.060
0.058
0.055
0.058
0.055
0.058
0.055
0.059
0.055
0.058
0.055
0.059
0.059
0.059
0.059
0.058
0.059
0.058
0.058
0.057
0.055
0.057
0.055
0.058
0.071
0.061
0.060
0.058
0.060
0.058
0.059
0.058
0.056
0.058
0.055
0.057
0.058
0.057
0.059
0.057
0.055
0.058
0.059
0.057
0.058
0.057
0.059
0.057
0.058
0.057
0.059
0.058
0.059
0.057
0.058
0.057
0.060
0.057
0.059
0.057
0.059
0.059
0.058
0.058
0.057
0.059
0.055
0.077
0.060
0.059
0.056
0.062
0.063
0.059
0.055
0.060
0.061
0.059
0.055
0.061
0.057
0.059
0.060
0.062
0.056
0.063
0.063
0.059
0.059
0.057
0.059
0.059
0.056
0.058
0.055
0.059
0.059
0.058
0.060
0.058
0.055
0.058
0.059
0.057
0.055
0.051
0.058
0.057
0.054
0.057
0.055
0.059
0.058
0.058
0.058
0.057
0.055
0.058
0.054
0.058
0.058
0.057
0.058
0.058
0.059
0.057
0.059
0.070
0.059
0.057
0.058
0.058
0.054
0.057
0.054
0.052
0.055
0.057
0.054
0.057
0.058
0.057
0.055
0.057
0.055
0.057
0.058
0.059
0.054
0.057
0.054
0.057
0.058
0.057
0.055
0.058
0.061
0.057
0.058
0.059
0.055
0.057
0.058
0.058
0.060
0.057
0.056
0.058
0.054
0.058
0.059
0.058
0.059
0.057
0.059
0.058
0.057
0.059
0.054
0.058
0.059
0.057
0.054
0.059
0.056
0.058
0.054
0.058
0.059
0.059
0.055
0.058
0.056
0.058
0.056
0.058
0.054
0.058
0.058
0.057
0.055
0.061
0.065
0.057
0.055
0.058
0.058
0.057
0.055
0.058
0.059
0.058
0.059
0.059
0.054
0.057
0.055
0.058
0.056
0.080
0.065
0.065
0.056
0.059
0.059
0.058
0.059
0.057
0.058
0.057
0.058
0.057
0.059
0.058
0.055
0.059
0.059
0.058
0.054
0.057
0.057
0.058
0.059
0.057
0.055
0.058
0.059
0.058
0.059
0.058
0.054
0.057
0.055
0.057
0.058
0.059
0.058
0.057
0.055
0.058
0.058
0.057
0.055
0.057
0.055
0.073
0.063
0.058
0.055
0.059
0.058
0.058
0.057
0.056
0.060
0.060
0.055
0.058
0.059
0.059
0.059
0.057
0.055
0.058
0.054
0.057
0.057
0.058
0.060
0.058
0.055
0.058
0.055
0.057
0.058
0.057
0.058
0.058
0.055
0.059
0.059
0.057
0.055
0.058
0.058
0.058
0.061
0.058
0.055
0.057
0.059
0.058
0.057
0.058
0.277
0.059
0.058
0.059
0.056
0.058
0.063
0.058
0.050
0.282
0.059
0.057
0.055
0.058
0.059
0.058
0.055
0.058
0.054
0.058
0.058
0.058
0.059
0.057
0.059
0.059
0.058
0.058
0.055
0.057
0.059
0.057
0.054
0.059
0.059
0.057
0.059
0.057
0.058
0.057
0.054
0.057
0.049
0.058
0.054
0.065
0.060
0.057
0.056
0.058
0.058
0.057
0.059
0.060
0.056
0.058
0.057
0.058
0.054
0.059
0.059
0.058
0.061
0.060
0.057
0.058
0.059
0.058
0.059
0.059
0.059
0.058
0.059
0.058
0.059
0.057
0.059
0.058
0.054
0.057
0.055
0.057
0.056
0.057
0.058
0.058
0.056
0.058
0.055
0.059
0.059
0.057
0.059
0.059
0.058
0.057
0.054
0.052
0.059
0.057
0.054
0.059
0.054
0.064
0.061
0.057
0.054
0.057
0.058
0.058
0.058
0.057
0.059
0.058
0.054
0.057
0.054
0.074
0.061
0.057
0.059
0.067
0.062
0.061
0.049
0.053
0.055
0.064
0.062
0.059
0.054
0.058
0.056
0.058
0.055
0.060
0.055
0.058
0.055
0.058
0.058
0.058
0.059
0.058
0.060
0.079
0.034
0.063
0.056
0.060
0.056
0.058
0.055
0.058
0.055
0.058
0.055
0.057
0.058
0.058
0.054
0.058
0.054
0.057
0.054
0.057
0.054
0.057
0.054
0.057
0.054
0.057
0.055
0.057
0.059
0.057
0.067
0.061
0.055
0.058
0.060
0.058
0.060
0.058
0.058
0.058
0.056
0.058
0.053
0.058
0.059
0.043
0.062
0.062
0.060
0.057
0.060
0.060
0.060
0.025
0.058
0.058
0.054
0.057
0.050
0.057
0.060
0.057
0.055
0.058
0.055
0.058
0.059
0.058
0.059
0.058
0.060
0.057
0.058
0.057
0.058
0.058
0.054
0.057
0.056
0.058
0.056
0.059
0.058
0.058
0.059
0.058
0.054
0.065
0.065
0.058
0.054
0.057
0.060
0.058
0.058
0.059
0.055
0.065
0.061
0.058
0.055
0.062
0.059
0.058
0.058
0.059
0.055
0.058
0.058
0.058
0.054
0.057
0.054
0.059
0.058
0.057
0.054
0.065
0.065
0.058
0.058
0.058
0.054
0.057
0.054
0.059
0.054
0.064
0.065
0.058
0.072
0.063
0.059
0.059
0.060
0.059
0.060
0.058
0.058
0.058
0.054
0.058
0.058
0.057
0.055
0.058
0.054
0.058
0.054
0.057
0.063
0.058
0.058
0.059
0.054
0.057
0.058
0.058
0.059
0.057
0.058
0.058
0.070
0.057
0.054
0.066
0.062
0.057
0.055
0.057
0.054
0.057
0.055
0.057
0.059
0.057
0.058
0.057
0.055
0.057
0.055
0.057
0.059
0.057
0.056
0.058
0.055
0.057
0.058
0.057
0.060
0.058
0.055
0.057
0.056
0.058
0.055
0.057
0.050
0.057
0.056
0.058
0.061
0.058
0.059
0.058
0.060
0.058
0.055
0.063
0.066
0.058
0.056
0.057
0.056
0.058
0.055
0.058
0.055
0.056
0.055
0.057
0.057
0.058
0.054
0.059
0.061
0.058
0.058
0.058
0.055
0.057
0.058
0.057
0.056
0.057
0.059
0.058
0.059
0.058
0.076
0.062
0.059
0.058
0.060
0.057
0.060
0.058
0.056
0.058
0.059
0.058
0.055
0.057
0.056
0.058
0.055
0.063
0.061
0.057
0.058
0.057
0.056
0.058
0.058
0.057
0.054
0.058
0.055
0.057
0.056
0.058
0.059
0.060
0.056
0.059
0.060
0.058
0.059
0.058
0.060
0.058
0.060
0.058
0.060
0.048
0.065
0.035
0.056
0.058
0.061
0.058
0.054
0.058
0.055
0.057
0.057
0.057
0.055
0.058
0.055
0.057
0.058
0.057
0.058
0.058
0.058
0.058
0.058
0.056
0.054
0.057
0.058
0.057
0.055
0.057
0.054
0.056
0.055
0.058
0.059
0.056
0.055
0.058
0.059
0.057
0.057
0.057
0.058
0.056
0.055
0.058
0.061
0.058
0.061
0.061
0.056
0.059
0.056
0.059
0.061
0.058
0.063
0.058
0.060
0.058
0.055
0.057
0.058
0.057
0.055
0.058
0.059
0.057
0.054
0.057
0.055
0.057
0.060
0.058
0.059
0.057
0.055
0.057
0.055
0.058
0.059
0.057
0.060
0.058
0.056
0.058
0.059
0.057
0.055
0.057
0.056
0.057
0.055
0.058
0.055
0.058
0.059
0.057
0.059
0.057
0.055
0.057
0.058
0.057
0.055
0.060
0.056
0.057
0.055
0.058
0.054
0.058
0.061
0.058
0.050
0.057
0.055
0.058
0.054
0.057
0.056
0.057
0.068
0.058
0.055
0.056
0.055
0.057
0.061
0.061
0.061
0.059
0.060
0.049
0.060
0.058
0.050
0.058
0.058
0.057
0.055
0.057
0.060
0.058
0.060
0.057
0.060
0.058
0.055
0.058
0.056
0.058
0.057
0.057
0.055
0.057
0.059
0.058
0.054
0.058
0.059
0.059
0.059
0.058
0.062
0.058
0.059
0.058
0.059
0.058
0.059
0.057
0.055
0.058
0.056
0.057
0.061
0.057
0.059
0.057
0.055
0.057
0.056
0.057
0.056
0.057
0.059
0.058
0.058
0.056
0.054
0.058
0.055
0.058
0.079
0.282
0.063
0.058
0.059
0.058
0.060
0.058
0.055
0.058
0.055
0.057
0.059
0.057
0.055
0.057
0.058
0.058
0.058
0.057
0.056
0.058
0.059
0.057
0.055
0.057
0.056
0.058
0.059
0.060
0.055
0.059
0.060
0.057
0.055
0.058
0.055
0.059
0.056
0.057
0.055
0.058
0.055
0.058
0.055
0.080
0.067
0.061
0.055
0.058
0.060
0.058
0.054
0.057
0.057
0.058
0.054
0.058
0.059
0.057
0.054
0.058
0.059
0.058
0.058
0.057
0.058
0.058
0.058
0.058
0.059
0.058
0.058
0.058
0.054
0.057
0.055
0.058
0.055
0.059
0.059
0.058
0.055
0.057
0.059
0.058
0.058
0.057
0.059
0.058
0.056
0.058
0.057
0.053
0.060
0.058
0.059
0.058
0.059
0.058
0.059
0.072
0.060
0.062
0.056
0.059
0.059
0.057
0.054
0.059
0.056
0.057
0.065
0.053
0.059
0.058
0.054
0.065
0.065
0.057
0.055
0.058
0.055
0.057
0.054
0.057
0.054
0.057
0.057
0.057
0.060
0.058
0.054
0.058
0.059
0.057
0.055
0.057
0.054
0.057
0.058
0.057
0.058
0.056
0.054
0.058
0.054
0.058
0.060
0.060
0.059
0.058
0.054
0.058
0.060
0.057
0.055
0.058
0.056
0.058
0.058
0.058
0.056
0.058
0.054
0.057
0.055
0.057
0.058
0.058
0.059
0.057
0.058
0.060
0.056
0.058
0.059
0.058
0.056
0.058
0.059
0.057
0.059
0.058
0.055
0.053
0.059
0.058
0.058
0.058
0.059
0.059
0.055
0.057
0.055
0.058
0.055
0.052
0.059
0.059
0.058
0.058
0.054
0.057
0.059
0.057
0.058
0.058
0.060
0.058
0.055
0.058
0.059
0.059
0.061
0.063
0.059
0.063
0.056
0.059
0.055
0.058
0.057
0.058
0.055
0.065
0.066
0.052
0.060
0.058
0.058
0.059
0.053
0.064
0.060
0.059
0.058
0.057
0.058
0.057
0.058
0.051
0.057
0.065
0.064
0.060
0.060
0.058
0.061
0.058
0.055
0.059
0.055
0.057
0.056
0.058
0.058
0.058
0.055
0.057
0.055
0.056
0.055
0.057
0.058
0.057
0.059
0.059
0.055
0.057
0.056
0.058
0.055
0.058
0.060
0.058
0.060
0.058
0.055
0.057
0.058
0.058
0.056
0.057
0.059
0.073
0.064
0.059
0.050
0.065
0.061
0.059
0.055
0.057
0.059
0.058
0.058
0.057
0.054
0.057
0.058
0.057
0.058
0.056
0.061
0.066
0.055
0.057
0.056
0.058
0.058
0.059
0.054
0.057
0.058
0.057
0.058
0.059
0.059
0.058
0.057
0.059
0.056
0.057
0.059
0.058
0.061
0.059
0.060
0.060
0.056
0.058
0.056
0.058
0.059
0.058
0.054
0.058
0.056
0.057
0.059
0.058
0.055
0.058
0.063
0.058
0.060
0.057
0.058
0.058
0.055
0.057
0.055
0.058
0.054
0.056
0.054
0.057
0.054
0.056
0.055
0.058
0.054
0.057
0.055
0.059
0.058
0.057
0.059
0.058
0.054
0.057
0.058
0.057
0.055
0.058
0.055
0.058
0.054
0.057
0.058
0.057
0.059
0.057
0.058
0.058
0.055
0.060
0.059
0.059
0.059
0.059
0.057
0.058
0.055
0.057
0.054
0.059
