0.180
0.185
0.188
0.166
0.166
0.169
0.161
0.165
0.168
0.166
0.127
0.173
0.165
0.178
0.169
0.161
0.187
0.166
0.163
0.151
0.177
0.166
0.157
0.171
0.155
0.166
0.156
0.166
0.130
0.164
0.165
0.164
0.168
0.158
0.174
0.164
0.196
0.150
0.164
0.163
0.163
0.168
0.160
0.168
0.160
0.154
0.174
0.082
0.167
0.159
0.163
0.161
0.163
0.167
0.173
0.164
0.157
0.164
0.163
0.168
0.154
0.167
0.164
0.163
0.171
0.156
0.157
0.161
0.169
0.157
0.164
0.158
0.162
0.164
0.150
0.170
0.161
0.168
0.162
0.165
0.164
0.163
0.163
0.153
0.163
0.162
0.162
0.160
0.166
0.167
0.153
0.179
0.159
0.168
0.168
0.173
0.162
0.166
0.192
0.164
0.165
0.166
0.163
0.169
0.168
0.159
0.183
0.153
0.169
0.150
0.152
0.159
0.168
0.158
0.131
0.173
0.161
0.162
0.167
0.162
0.170
0.164
0.164
0.140
0.168
0.160
0.173
0.169
0.161
0.161
0.118
0.162
0.158
0.161
0.163
0.165
0.175
0.159
0.174
0.168
0.164
0.136
0.181
0.164
0.161
0.162
0.161
0.162
0.163
0.162
0.159
0.161
0.159
0.151
0.124
0.154
0.179
0.169
0.188
0.130
0.192
0.166
0.165
0.163
0.162
0.170
0.167
0.162
0.166
0.082
0.161
0.152
0.165
0.154
0.165
0.164
0.167
0.163
0.154
0.169
0.162
0.165
0.158
0.163
0.161
0.168
0.166
0.157
0.164
0.165
0.169
0.153
0.167
0.160
0.156
0.164
0.168
0.161
0.194
0.163
0.158
0.162
0.161
0.163
0.162
0.159
0.165
0.171
0.164
0.155
0.168
0.167
0.163
0.165
0.164
0.163
0.163
0.170
0.154
0.165
0.170
0.172
0.193
0.162
0.162
0.168
0.169
0.126
0.161
0.166
0.155
0.153
0.158
0.161
0.192
0.164
0.127
0.164
0.163
0.154
0.166
0.158
0.164
0.160
0.171
0.153
0.165
0.167
0.161
0.167
0.155
0.163
0.165
0.174
0.144
0.167
0.162
0.162
0.166
0.154
0.166
0.165
0.165
0.168
0.160
0.170
0.163
0.177
0.161
0.166
0.162
0.162
0.168
0.158
0.164
0.163
0.167
0.160
0.166
0.165
0.169
0.131
0.156
0.164
0.198
0.162
0.156
0.183
0.155
0.162
0.159
0.162
0.168
0.084
0.167
0.084
0.160
0.085
0.163
0.168
0.155
0.154
0.168
0.162
0.156
0.166
0.167
0.165
0.161
0.154
0.171
0.163
0.163
0.154
0.167
0.164
0.176
0.162
0.161
0.163
0.121
0.160
0.169
0.163
0.161
0.168
0.157
0.130
0.170
0.162
0.161
0.130
0.160
0.163
0.167
0.157
0.172
0.162
0.160
0.167
0.128
0.162
0.155
0.187
0.168
0.157
0.199
0.176
0.180
0.165
0.167
0.165
0.181
0.163
0.158
0.150
0.163
0.162
0.138
0.167
0.176
0.160
0.164
0.168
0.169
0.170
0.174
0.148
0.193
0.163
0.160
0.165
0.153
0.163
0.166
0.162
0.163
0.162
0.166
0.165
0.156
0.158
0.167
0.165
0.163
0.162
0.153
0.151
0.162
0.167
0.155
0.169
0.162
0.162
0.163
0.158
0.166
0.163
0.163
0.168
0.168
0.167
0.177
0.164
0.164
0.161
0.163
0.164
0.179
0.162
0.168
0.167
0.169
0.155
0.163
0.187
0.177
0.157
0.167
0.082
0.169
0.162
0.084
0.169
0.161
0.165
0.165
0.165
0.166
0.163
0.165
0.156
0.166
0.168
0.148
0.154
0.164
0.167
0.163
0.164
0.161
0.167
0.164
0.163
0.155
0.157
0.163
0.168
0.167
0.154
0.167
0.164
0.164
0.159
0.162
0.175
0.165
0.165
0.152
0.162
0.163
0.162
0.127
0.164
0.193
0.163
0.167
0.164
0.159
0.155
0.193
0.148
0.168
0.176
0.162
0.162
0.161
0.164
0.165
0.083
0.153
0.082
0.166
0.162
0.154
0.160
0.167
0.154
0.162
0.171
0.167
0.164
0.160
0.175
0.162
0.166
0.163
0.167
0.156
0.167
0.169
0.162
0.172
0.156
0.169
0.163
0.161
0.166
0.156
0.167
0.164
0.163
0.158
0.168
0.165
0.167
0.152
0.158
0.158
0.162
0.162
0.157
0.161
0.169
0.173
0.163
0.153
0.163
0.162
0.161
0.159
0.163
0.184
0.162
0.165
0.157
0.167
0.181
0.167
0.152
0.163
0.157
0.167
0.153
0.159
0.162
0.170
0.162
0.151
0.151
0.165
0.170
0.162
0.162
0.169
0.162
0.160
0.132
0.170
0.165
0.162
0.170
0.155
0.165
0.171
0.166
0.133
0.164
0.156
0.169
0.192
0.160
0.173
0.164
0.166
0.152
0.161
0.163
0.160
0.155
0.153
0.163
0.162
0.163
0.127
0.163
0.167
0.161
0.165
0.158
0.179
0.165
0.168
0.127
0.193
0.170
0.162
0.169
0.155
0.164
0.170
0.167
0.174
0.153
0.160
0.156
0.166
0.166
0.168
0.166
0.168
0.163
0.166
0.172
0.161
0.160
0.158
0.164
0.161
0.158
0.176
0.153
0.163
0.164
0.164
0.155
0.159
0.167
0.159
0.158
0.161
0.174
0.165
0.167
0.152
0.162
0.162
0.165
0.186
0.158
0.173
0.162
0.162
0.159
0.174
0.159
0.163
0.169
0.162
0.162
0.160
0.166
0.151
0.172
0.163
0.163
0.195
0.156
0.168
0.166
0.167
0.149
0.161
0.154
0.164
0.168
0.160
0.081
0.160
0.162
0.131
0.167
0.172
0.168
0.166
0.160
0.083
0.178
0.163
0.160
0.161
0.167
0.166
0.167
0.162
0.162
0.165
0.169
0.151
0.162
0.168
0.163
0.185
0.155
0.169
0.168
0.180
0.162
0.176
0.171
0.168
0.163
0.153
0.165
0.172
0.164
0.161
0.164
0.163
0.166
0.162
0.161
0.168
0.168
0.161
0.136
0.165
0.165
0.192
0.160
0.156
0.166
0.169
0.164
0.162
0.160
0.167
0.082
0.166
0.151
0.169
0.196
0.166
0.168
0.155
0.163
0.164
0.164
0.159
0.160
0.164
0.168
0.151
0.158
0.167
0.161
0.161
0.160
0.168
0.163
0.169
0.160
0.152
0.162
0.156
0.166
0.158
0.160
0.168
0.163
0.171
0.154
0.156
0.165
0.164
0.163
0.211
0.169
0.168
0.165
0.159
0.162
0.170
0.166
0.161
0.165
0.165
0.164
0.172
0.163
0.195
0.169
0.165
0.132
0.179
0.161
0.164
0.162
0.158
0.166
0.159
0.082
0.126
0.163
0.166
0.165
0.162
0.160
0.164
0.162
0.170
0.152
0.165
0.161
0.163
0.168
0.158
0.162
0.161
0.169
0.150
0.163
0.164
0.157
0.161
0.155
0.168
0.167
0.164
0.163
0.163
0.164
0.163
0.169
0.157
0.162
0.166
0.173
0.153
0.154
0.157
0.162
0.186
0.163
0.167
0.164
0.161
0.169
0.160
0.181
0.169
0.172
0.156
0.168
0.164
0.164
0.161
0.154
0.165
0.167
0.171
0.155
0.151
0.158
0.163
0.084
0.155
0.163
0.157
0.163
0.155
0.168
0.170
0.162
0.167
0.162
0.171
0.163
0.167
0.157
0.172
0.167
0.171
0.164
0.157
0.164
0.169
0.162
0.129
0.164
0.165
0.176
0.194
0.155
0.166
0.156
0.163
0.127
0.172
0.154
0.167
0.156
0.156
0.160
0.156
0.167
0.129
0.163
0.170
0.163
0.161
0.160
0.164
0.177
0.196
0.153
0.167
0.170
0.171
0.175
0.158
0.162
0.168
0.164
0.140
0.150
0.163
0.155
0.162
0.155
0.164
0.176
0.160
0.161
0.163
0.160
0.163
0.167
0.156
0.165
0.165
0.164
0.161
0.166
0.168
0.166
0.160
0.160
0.166
0.165
0.165
0.167
0.158
0.170
0.169
0.161
0.158
0.163
0.161
0.163
0.169
0.163
0.160
0.124
0.185
0.162
0.155
0.163
0.157
0.164
0.160
0.162
0.158
0.163
0.166
0.168
0.165
0.161
0.164
0.162
0.173
0.167
0.166
0.161
0.168
0.160
0.080
0.084
0.153
0.159
0.168
0.170
0.156
0.165
0.162
0.166
0.178
0.162
0.164
0.162
0.166
0.132
0.165
0.163
0.163
0.164
0.156
0.163
0.165
0.169
0.126
0.163
0.162
0.162
0.156
0.155
0.166
0.165
0.162
0.130
0.162
0.156
0.163
0.161
0.156
0.163
0.168
0.163
0.142
0.162
0.159
0.162
0.164
0.157
0.160
0.166
0.161
0.154
0.195
0.169
0.171
0.162
0.156
0.153
0.163
0.164
0.169
0.161
0.158
0.151
0.165
0.168
0.165
0.156
0.163
0.172
0.159
0.163
0.167
0.158
0.163
0.166
0.167
0.166
0.176
0.154
0.162
0.164
0.163
0.156
0.168
0.162
0.161
0.167
0.160
0.163
0.159
0.155
0.163
0.164
0.163
0.164
0.165
0.160
0.159
0.168
0.174
0.153
0.162
0.165
0.162
0.162
0.161
0.163
0.165
0.163
0.156
0.162
0.170
0.168
0.199
0.155
0.160
0.163
0.160
0.159
0.166
0.167
0.161
0.159
0.159
0.157
0.160
0.162
0.125
0.179
0.163
0.167
0.168
0.161
0.203
0.161
0.166
0.131
0.166
0.169
0.163
0.158
0.160
0.164
0.158
0.172
0.179
0.161
0.163
0.166
0.167
0.161
0.163
0.169
0.164
0.164
0.164
0.163
0.161
0.166
0.156
0.165
0.163
0.157
0.165
0.162
0.166
0.162
0.163
0.160
0.168
0.162
0.162
0.168
0.164
0.165
0.196
0.176
0.153
0.162
0.180
0.162
0.166
0.156
0.168
0.164
0.083
0.081
0.163
0.159
0.167
0.164
0.154
0.173
0.174
0.154
0.157
0.171
0.170
0.164
0.163
0.157
0.160
0.164
0.162
0.154
0.162
0.165
0.163
0.165
0.117
0.168
0.165
0.163
0.157
0.166
0.170
0.165
0.167
0.169
0.176
0.163
0.191
0.154
0.161
0.163
0.165
0.161
0.156
0.164
0.164
0.164
0.173
0.171
0.160
0.170
0.162
0.155
0.200
0.154
0.164
0.126
0.165
0.163
0.181
0.167
0.160
0.157
0.152
0.151
0.156
0.162
0.166
0.162
0.160
0.153
0.162
0.084
0.168
0.128
0.160
0.168
0.158
0.161
0.159
0.166
0.160
0.168
0.170
0.167
0.156
0.163
0.168
0.153
0.169
0.169
0.168
0.167
0.163
0.156
0.163
0.161
0.158
0.176
0.168
0.168
0.166
0.165
0.167
0.168
0.166
0.159
0.160
0.165
0.164
0.166
0.155
0.184
0.174
0.163
0.172
0.162
0.163
0.162
0.161
0.152
0.173
0.164
0.160
0.152
0.154
0.155
0.157
0.163
0.162
0.163
0.162
0.167
0.155
0.169
0.163
0.164
0.168
0.156
0.161
0.169
0.171
0.153
0.159
0.161
0.152
0.163
0.158
0.168
0.166
0.165
0.158
0.162
0.167
0.168
0.165
0.154
0.162
0.163
0.155
0.154
0.164
0.169
0.164
0.164
0.152
0.162
0.153
0.168
0.131
0.166
0.170
0.167
0.165
0.159
0.169
0.165
0.191
0.131
0.165
0.168
0.200
0.163
0.156
0.175
0.185
0.154
0.128
0.083
0.165
0.162
0.164
0.157
0.163
0.161
0.157
0.117
0.163
0.160
0.171
0.165
0.163
0.171
0.160
0.155
0.168
0.170
0.168
0.162
0.157
0.159
0.161
0.161
0.169
0.165
0.164
0.164
0.161
0.167
0.161
0.170
0.164
0.167
0.165
0.155
0.159
0.169
0.161
0.154
0.164
0.171
0.168
0.169
0.160
0.165
0.164
0.176
0.158
0.163
0.193
0.163
0.196
0.162
0.164
0.164
0.161
0.153
0.166
0.161
0.151
0.154
0.159
0.166
0.155
0.162
0.163
0.162
0.160
0.166
0.167
0.167
0.163
0.170
0.164
0.131
0.172
0.157
0.170
0.159
0.153
0.167
0.164
0.161
0.126
0.164
0.169
0.165
0.162
0.159
0.164
0.163
0.169
0.135
0.171
0.162
0.187
0.163
0.161
0.179
0.180
0.165
0.129
0.162
0.164
0.164
0.197
0.168
0.161
0.180
0.163
0.135
0.165
0.163
0.169
0.161
0.151
0.169
0.164
0.162
0.160
0.160
0.086
0.153
0.166
0.157
0.150
0.160
0.169
0.167
0.159
0.164
0.168
0.155
0.153
0.167
0.154
0.166
0.163
0.160
0.163
0.153
0.162
0.160
0.169
0.162
0.174
0.156
0.157
0.167
