0.183
0.171
0.176
0.157
0.146
0.149
0.157
0.147
0.160
0.152
0.167
0.167
0.212
0.160
0.152
0.154
0.153
0.173
0.132
0.155
0.161
0.157
0.153
0.153
0.156
0.149
0.162
0.123
0.165
0.164
0.159
0.172
0.156
0.167
0.161
0.155
0.130
0.168
0.155
0.170
0.159
0.166
0.155
0.164
0.156
0.154
0.161
0.160
0.186
0.157
0.154
0.161
0.161
0.162
0.197
0.163
0.156
0.157
0.167
0.148
0.160
0.156
0.157
0.157
0.077
0.154
0.146
0.155
0.152
0.161
0.153
0.164
0.163
0.151
0.148
0.153
0.171
0.148
0.157
0.176
0.149
0.156
0.151
0.159
0.162
0.159
0.147
0.157
0.159
0.159
0.164
0.160
0.159
0.155
0.158
0.147
0.161
0.162
0.197
0.158
0.147
0.166
0.157
0.156
0.149
0.161
0.164
0.161
0.161
0.156
0.156
0.149
0.173
0.141
0.161
0.161
0.154
0.155
0.154
0.155
0.159
0.164
0.151
0.155
0.155
0.158
0.147
0.147
0.151
0.166
0.164
0.119
0.154
0.156
0.158
0.157
0.167
0.156
0.157
0.158
0.121
0.151
0.156
0.165
0.162
0.150
0.155
0.156
0.155
0.121
0.165
0.160
0.157
0.164
0.153
0.155
0.159
0.158
0.163
0.155
0.159
0.162
0.154
0.147
0.160
0.158
0.156
0.160
0.159
0.148
0.162
0.158
0.150
0.158
0.156
0.167
0.128
0.158
0.193
0.183
0.164
0.149
0.161
0.160
0.154
0.157
0.159
0.157
0.146
0.161
0.074
0.160
0.165
0.154
0.160
0.151
0.159
0.164
0.158
0.149
0.152
0.155
0.164
0.156
0.150
0.156
0.158
0.162
0.120
0.162
0.172
0.168
0.161
0.152
0.162
0.155
0.157
0.168
0.168
0.156
0.159
0.149
0.150
0.149
0.164
0.164
0.126
0.156
0.165
0.163
0.159
0.150
0.157
0.156
0.168
0.119
0.153
0.162
0.162
0.157
0.180
0.155
0.163
0.157
0.129
0.161
0.161
0.162
0.162
0.148
0.085
0.155
0.123
0.124
0.156
0.157
0.157
0.155
0.153
0.159
0.159
0.152
0.125
0.162
0.156
0.176
0.152
0.147
0.157
0.150
0.143
0.146
0.143
0.396
0.163
0.381
0.360
0.357
0.322
0.326
0.285
0.308
0.404
0.397
0.144
0.134
0.163
0.148
0.134
0.129
0.158
0.159
0.170
0.157
0.152
0.175
0.171
0.360
0.142
0.164
0.339
0.344
0.159
0.151
0.155
0.149
0.155
0.161
0.161
0.159
0.151
0.160
0.144
0.158
0.149
0.157
0.167
0.151
0.162
0.163
0.155
0.125
0.158
0.162
0.170
0.161
0.146
0.161
0.158
0.161
0.126
0.158
0.158
0.155
0.165
0.148
0.160
0.158
0.160
0.146
0.153
0.155
0.164
0.157
0.150
0.160
0.157
0.160
0.151
0.156
0.157
0.154
0.156
0.147
0.154
0.156
0.155
0.120
0.156
0.159
0.155
0.152
0.155
0.158
0.185
0.159
0.138
0.155
0.181
0.153
0.144
0.108
0.155
0.155
0.144
0.138
0.120
0.152
0.166
0.161
0.155
0.157
0.161
0.159
0.162
0.155
0.156
0.154
0.164
0.149
0.165
0.176
0.159
0.156
0.157
0.160
0.163
0.161
0.154
0.156
0.151
0.158
0.157
0.148
0.157
0.158
0.158
0.154
0.137
0.158
0.161
0.157
0.149
0.154
0.159
0.159
0.150
0.157
0.154
0.158
0.154
0.147
0.155
0.168
0.155
0.153
0.185
0.155
0.161
0.159
0.163
0.155
0.155
0.165
0.158
0.146
0.119
0.156
0.122
0.153
0.166
0.156
0.154
0.146
0.157
0.156
0.111
0.160
0.158
0.160
0.154
0.163
0.131
0.159
0.161
0.155
0.156
0.147
0.161
0.158
0.160
0.119
0.162
0.160
0.158
0.159
0.153
0.163
0.155
0.156
0.154
0.158
0.161
0.165
0.164
0.150
0.159
0.155
0.156
0.132
0.159
0.156
0.153
0.163
0.150
0.154
0.161
0.161
0.166
0.158
0.159
0.154
0.157
0.153
0.154
0.158
0.163
0.155
0.148
0.168
0.143
0.155
0.149
0.158
0.163
0.161
0.153
0.148
0.165
0.148
0.166
0.142
0.160
0.172
0.149
0.151
0.161
0.161
0.173
0.157
0.159
0.155
0.156
0.155
0.167
0.153
0.156
0.174
0.156
0.147
0.158
0.166
0.148
0.157
0.164
0.164
0.160
0.167
0.149
0.157
0.179
0.158
0.157
0.149
0.159
0.159
0.160
0.151
0.160
0.162
0.186
0.160
0.157
0.159
0.161
0.155
0.127
0.162
0.157
0.160
0.144
0.149
0.146
0.163
0.164
0.121
0.162
0.151
0.157
0.077
0.149
0.143
0.156
0.156
0.144
0.168
0.166
0.156
0.154
0.149
0.163
0.160
0.157
0.123
0.160
0.158
0.153
0.161
0.151
0.159
0.154
0.151
0.124
0.159
0.158
0.167
0.156
0.153
0.169
0.161
0.162
0.154
0.155
0.156
0.157
0.155
0.154
0.156
0.158
0.161
0.124
0.155
0.192
0.156
0.162
0.151
0.157
0.156
0.158
0.162
0.149
0.156
0.119
0.163
0.147
0.162
0.163
0.154
0.154
0.150
0.161
0.158
0.156
0.149
0.191
0.160
0.155
0.161
0.150
0.160
0.170
0.156
0.149
0.158
0.155
0.163
0.161
0.168
0.159
0.167
0.158
0.147
0.162
0.160
0.157
0.156
0.162
0.155
0.155
0.158
0.146
0.159
0.162
0.155
0.160
0.148
0.155
0.158
0.169
0.152
0.157
0.155
0.160
0.157
0.177
0.157
0.158
0.155
0.123
0.161
0.157
0.155
0.159
0.154
0.097
0.157
0.148
0.134
0.150
0.160
0.165
0.159
0.152
0.167
0.154
0.152
0.149
0.156
0.155
0.160
0.158
0.153
0.162
0.160
0.165
0.158
0.157
0.157
0.159
0.156
0.153
0.162
0.154
0.160
0.156
0.155
0.156
0.169
0.161
0.143
0.161
0.156
0.156
0.155
0.165
0.156
0.154
0.157
0.149
0.168
0.154
0.164
0.154
0.178
0.155
0.152
0.190
0.148
0.165
0.161
0.174
0.155
0.156
0.166
0.157
0.161
0.146
0.161
0.149
0.151
0.160
0.163
0.159
0.078
0.164
0.152
0.158
0.152
0.144
0.160
0.169
0.159
0.156
0.161
0.149
0.156
0.166
0.155
0.164
0.146
0.154
0.158
0.155
0.125
0.111
0.156
0.155
0.156
0.150
0.161
0.157
0.160
0.122
0.155
0.161
0.162
0.158
0.162
0.152
0.155
0.163
0.119
0.157
0.157
0.165
0.162
0.153
0.162
0.187
0.162
0.124
0.156
0.164
0.150
0.159
0.155
0.162
0.152
0.146
0.140
0.148
0.156
0.165
0.147
0.159
0.158
0.172
0.159
0.154
0.158
0.151
0.160
0.157
0.154
0.163
0.156
0.154
0.161
0.157
0.158
0.184
0.163
0.150
0.164
0.183
0.152
0.157
0.152
0.161
0.155
0.153
0.147
0.167
0.149
0.159
0.158
0.155
0.162
0.150
0.160
0.152
0.156
0.157
0.157
0.163
0.149
0.163
0.157
0.162
0.149
0.162
0.163
0.154
0.155
0.152
0.162
0.155
0.160
0.151
0.162
0.146
0.157
0.144
0.161
0.162
0.159
0.151
0.144
0.157
0.160
0.150
0.154
0.161
0.152
0.153
0.160
0.119
0.158
0.159
0.161
0.154
0.159
0.164
0.148
0.159
0.124
0.163
0.155
0.173
0.157
0.149
0.158
0.153
0.156
0.139
0.160
0.146
0.159
0.158
0.150
0.156
0.168
0.162
0.122
0.174
0.161
0.159
0.159
0.157
0.159
0.160
0.162
0.176
0.159
0.158
0.163
0.157
0.153
0.158
0.159
0.157
0.163
0.150
0.156
0.073
0.156
0.148
0.130
0.163
0.156
0.150
0.150
0.159
0.156
0.156
0.154
0.158
0.157
0.164
0.157
0.155
0.155
0.157
0.159
0.150
0.156
0.158
0.156
0.159
0.149
0.159
0.157
0.160
0.155
0.163
0.156
0.159
0.161
0.149
0.152
0.157
0.155
0.148
0.162
0.157
0.148
0.156
0.150
0.154
0.155
0.153
0.150
0.158
0.158
0.205
0.158
0.155
0.156
0.157
0.158
0.152
0.165
0.152
0.152
0.114
0.148
0.083
0.164
0.160
0.152
0.158
0.080
0.158
0.158
0.149
0.153
0.157
0.156
0.130
0.162
0.159
0.149
0.162
0.152
0.154
0.154
0.180
0.137
0.165
0.148
0.159
0.156
0.147
0.157
0.163
0.155
0.125
0.156
0.160
0.163
0.171
0.150
0.156
0.156
0.158
0.155
0.160
0.160
0.165
0.162
0.155
0.155
0.161
0.162
0.157
0.157
0.188
0.159
0.158
0.148
0.154
0.159
0.163
0.157
0.157
0.158
0.148
0.157
0.147
0.158
0.163
0.157
0.157
0.153
0.161
0.157
0.163
0.145
0.157
0.159
0.160
0.163
0.164
0.161
0.160
0.159
0.153
0.156
0.156
0.155
0.157
0.148
0.156
0.157
0.163
0.148
0.154
0.159
0.172
0.158
0.150
0.164
0.157
0.160
0.146
0.163
0.159
0.158
0.157
0.153
0.159
0.150
0.156
0.151
0.157
0.174
0.172
0.155
0.142
0.161
0.159
0.159
0.151
0.165
0.162
0.157
0.157
0.160
0.169
0.165
0.149
0.137
0.155
0.160
0.156
0.155
0.149
0.156
0.170
0.152
0.121
0.159
0.167
0.163
0.157
0.151
0.153
0.156
0.159
0.135
0.155
0.156
0.169
0.161
0.160
0.162
0.154
0.161
0.157
0.155
0.161
0.157
0.166
0.153
0.154
0.171
0.156
0.159
0.163
0.159
0.174
0.153
0.160
0.147
0.156
0.160
0.160
0.160
0.153
0.156
0.190
0.150
0.154
0.158
0.156
0.155
0.143
0.109
0.161
0.163
0.149
0.159
0.154
0.155
0.156
0.147
0.161
0.148
0.153
0.149
0.166
0.152
0.164
0.151
0.153
0.160
0.151
0.151
0.149
0.155
0.163
0.163
0.156
0.152
0.163
0.148
0.151
0.148
0.159
0.155
0.164
0.154
0.149
0.156
0.157
0.158
0.134
0.166
0.161
0.155
0.160
0.152
0.161
0.161
0.160
0.122
0.162
0.159
0.161
0.156
0.153
0.163
0.194
0.157
0.122
0.172
0.163
0.155
0.158
0.148
0.156
0.153
0.150
0.122
0.145
0.157
0.154
0.161
0.157
0.155
0.161
0.147
0.122
0.154
0.152
0.156
0.159
0.147
0.154
0.155
0.154
0.162
0.154
0.151
0.154
0.156
0.150
0.157
0.169
0.158
0.156
0.157
0.160
0.159
0.169
0.151
0.155
0.159
0.157
0.155
0.146
0.163
0.155
0.155
0.154
0.156
0.157
0.155
0.156
0.151
0.154
0.165
0.162
0.150
0.156
0.159
0.148
0.161
0.155
0.156
0.158
0.156
0.147
0.157
0.148
0.159
0.143
0.149
0.159
0.160
0.160
0.154
0.155
0.156
0.158
0.152
0.147
0.168
0.161
0.157
0.149
0.166
0.167
0.156
0.158
0.148
0.167
0.164
0.171
0.123
0.161
0.163
0.153
0.156
0.149
0.163
0.167
0.147
0.145
0.157
0.158
0.159
0.156
0.143
0.162
0.163
0.160
0.133
0.157
0.161
0.155
0.170
0.151
0.171
0.157
0.161
0.157
0.167
0.159
0.156
0.155
0.154
0.158
0.159
0.165
0.137
0.091
0.148
0.149
0.157
0.149
0.161
0.156
0.159
0.163
0.162
0.159
0.154
0.168
0.145
0.155
0.159
0.152
0.163
0.155
0.150
0.157
0.161
0.149
0.158
0.164
0.155
0.162
0.149
0.162
0.155
0.164
0.152
0.154
0.156
0.154
0.159
0.153
0.162
0.160
0.161
0.154
0.161
0.157
0.149
0.163
0.152
0.162
0.161
0.157
0.151
0.161
0.159
0.164
0.157
0.149
0.156
0.160
0.157
0.156
0.159
0.161
0.157
0.146
0.160
0.076
0.161
0.156
0.161
0.156
0.156
0.156
0.161
0.153
0.153
0.161
0.155
0.116
0.162
0.157
0.157
0.147
0.151
0.156
0.155
0.157
0.144
0.157
0.155
0.159
0.155
0.147
0.155
0.156
0.159
0.150
0.161
0.166
0.169
0.158
0.154
0.153
0.157
0.164
0.114
0.154
0.173
0.161
0.162
0.155
0.161
0.196
0.161
0.124
0.159
0.188
0.155
0.167
0.154
0.155
0.156
0.161
0.174
0.160
0.161
0.157
0.155
0.144
0.153
0.159
0.156
0.203
0.149
0.158
0.157
