0.172
0.191
0.191
0.157
0.127
0.156
0.166
0.156
0.074
0.153
0.079
0.157
0.153
0.128
0.155
0.166
0.163
0.155
0.145
0.156
0.151
0.166
0.130
0.154
0.152
0.158
0.152
0.161
0.158
0.154
0.161
0.119
0.175
0.155
0.152
0.161
0.145
0.160
0.153
0.157
0.133
0.155
0.154
0.154
0.164
0.151
0.151
0.156
0.156
0.154
0.155
0.159
0.156
0.153
0.144
0.161
0.154
0.158
0.149
0.156
0.155
0.162
0.190
0.150
0.153
0.154
0.154
0.149
0.156
0.158
0.078
0.154
0.073
0.158
0.154
0.158
0.159
0.145
0.143
0.152
0.158
0.149
0.152
0.162
0.157
0.159
0.155
0.158
0.160
0.159
0.152
0.158
0.153
0.146
0.155
0.149
0.153
0.160
0.156
0.143
0.156
0.153
0.160
0.166
0.145
0.146
0.156
0.153
0.117
0.172
0.159
0.161
0.146
0.149
0.154
0.158
0.157
0.117
0.155
0.159
0.152
0.161
0.147
0.158
0.154
0.154
0.115
0.157
0.153
0.157
0.167
0.160
0.070
0.168
0.071
0.125
0.153
0.155
0.164
0.157
0.163
0.154
0.156
0.158
0.121
0.156
0.149
0.151
0.156
0.146
0.152
0.159
0.160
0.149
0.153
0.151
0.159
0.154
0.149
0.157
0.150
0.154
0.161
0.155
0.155
0.157
0.155
0.148
0.154
0.153
0.144
0.157
0.162
0.155
0.154
0.160
0.143
0.155
0.162
0.159
0.153
0.157
0.176
0.161
0.148
0.143
0.158
0.157
0.158
0.156
0.144
0.154
0.154
0.155
0.072
0.152
0.068
0.157
0.154
0.145
0.153
0.153
0.152
0.145
0.170
0.156
0.150
0.162
0.150
0.153
0.156
0.156
0.148
0.153
0.160
0.154
0.152
0.145
0.159
0.157
0.158
0.148
0.155
0.159
0.153
0.154
0.153
0.154
0.156
0.154
0.145
0.156
0.156
0.148
0.154
0.147
0.154
0.158
0.159
0.121
0.164
0.157
0.158
0.158
0.150
0.154
0.144
0.155
0.179
0.168
0.163
0.160
0.160
0.146
0.157
0.157
0.087
0.124
0.120
0.153
0.157
0.170
0.147
0.158
0.153
0.161
0.125
0.154
0.156
0.155
0.160
0.150
0.159
0.154
0.159
0.155
0.159
0.146
0.167
0.155
0.145
0.163
0.161
0.164
0.153
0.156
0.162
0.154
0.160
0.152
0.191
0.163
0.160
0.153
0.162
0.154
0.161
0.154
0.145
0.153
0.155
0.157
0.146
0.148
0.157
0.158
0.153
0.150
0.160
0.154
0.154
0.147
0.152
0.154
0.152
0.159
0.147
0.160
0.077
0.153
0.078
0.150
0.153
0.153
0.169
0.148
0.155
0.159
0.154
0.155
0.152
0.156
0.161
0.154
0.145
0.149
0.154
0.154
0.157
0.145
0.156
0.155
0.158
0.119
0.154
0.160
0.154
0.154
0.152
0.154
0.160
0.153
0.119
0.159
0.152
0.160
0.160
0.147
0.153
0.155
0.156
0.133
0.162
0.159
0.157
0.160
0.150
0.160
0.164
0.365
0.153
0.161
0.185
0.155
0.151
0.150
0.152
0.154
0.157
0.147
0.076
0.147
0.092
0.154
0.147
0.158
0.152
0.158
0.154
0.154
0.156
0.153
0.150
0.144
0.159
0.153
0.154
0.156
0.153
0.152
0.156
0.157
0.144
0.154
0.160
0.155
0.157
0.145
0.161
0.154
0.161
0.152
0.152
0.155
0.155
0.161
0.146
0.152
0.156
0.158
0.147
0.153
0.158
0.155
0.156
0.146
0.147
0.152
0.156
0.146
0.159
0.161
0.165
0.158
0.149
0.156
0.158
0.157
0.155
0.153
0.157
0.157
0.108
0.146
0.116
0.156
0.155
0.152
0.154
0.153
0.156
0.152
0.145
0.158
0.151
0.153
0.119
0.148
0.163
0.157
0.155
0.145
0.163
0.162
0.146
0.118
0.158
0.154
0.157
0.159
0.153
0.158
0.159
0.155
0.143
0.153
0.156
0.155
0.163
0.146
0.172
0.154
0.157
0.133
0.163
0.170
0.160
0.162
0.148
0.158
0.158
0.156
0.142
0.165
0.157
0.154
0.178
0.148
0.160
0.151
0.160
0.154
0.158
0.157
0.174
0.150
0.077
0.156
0.151
0.155
0.169
0.160
0.159
0.159
0.153
0.147
0.157
0.153
0.144
0.153
0.150
0.154
0.156
0.156
0.148
0.157
0.145
0.154
0.166
0.144
0.160
0.153
0.155
0.146
0.154
0.154
0.165
0.163
0.148
0.156
0.152
0.159
0.145
0.154
0.160
0.154
0.151
0.151
0.149
0.152
0.166
0.147
0.157
0.157
0.157
0.146
0.156
0.158
0.156
0.167
0.145
0.153
0.152
0.153
0.148
0.141
0.073
0.154
0.074
0.127
0.153
0.153
0.158
0.155
0.146
0.150
0.159
0.154
0.119
0.152
0.161
0.153
0.160
0.146
0.159
0.157
0.152
0.142
0.151
0.147
0.109
0.154
0.146
0.152
0.159
0.157
0.131
0.156
0.151
0.153
0.152
0.150
0.116
0.158
0.154
0.146
0.155
0.157
0.162
0.153
0.191
0.172
0.184
0.155
0.128
0.187
0.154
0.157
0.158
0.146
0.156
0.158
0.158
0.155
0.146
0.157
0.161
0.159
0.073
0.154
0.144
0.161
0.154
0.147
0.155
0.154
0.161
0.164
0.158
0.153
0.153
0.129
0.183
0.156
0.163
0.161
0.143
0.159
0.158
0.159
0.147
0.147
0.164
0.161
0.153
0.145
0.149
0.155
0.154
0.163
0.149
0.160
0.158
0.156
0.150
0.157
0.154
0.153
0.157
0.147
0.153
0.154
0.151
0.156
0.161
0.154
0.160
0.164
0.144
0.164
0.154
0.154
0.123
0.154
0.155
0.155
0.157
0.145
0.157
0.157
0.144
0.135
0.088
0.164
0.146
0.158
0.146
0.157
0.123
0.158
0.147
0.159
0.151
0.156
0.162
0.150
0.156
0.153
0.150
0.149
0.162
0.161
0.154
0.154
0.147
0.154
0.156
0.156
0.157
0.153
0.158
0.165
0.155
0.150
0.156
0.166
0.156
0.157
0.157
0.154
0.161
0.156
0.150
0.154
0.157
0.173
0.152
0.148
0.158
0.147
0.159
0.146
0.156
0.153
0.156
0.157
0.146
0.154
0.155
0.153
0.148
0.159
0.149
0.159
0.075
0.152
0.155
0.076
0.160
0.156
0.152
0.155
0.160
0.160
0.154
0.157
0.154
0.154
0.140
0.176
0.153
0.160
0.177
0.149
0.152
0.156
0.157
0.150
0.151
0.171
0.156
0.158
0.144
0.154
0.145
0.146
0.151
0.157
0.158
0.160
0.157
0.145
0.165
0.142
0.161
0.117
0.154
0.156
0.144
0.160
0.152
0.154
0.162
0.163
0.156
0.159
0.162
0.146
0.153
0.148
0.160
0.164
0.158
0.134
0.115
0.161
0.141
0.160
0.151
0.152
0.151
0.153
0.159
0.152
0.157
0.153
0.152
0.145
0.163
0.148
0.157
0.160
0.155
0.153
0.159
0.157
0.147
0.156
0.161
0.157
0.154
0.156
0.153
0.159
0.151
0.152
0.160
0.153
0.152
0.159
0.152
0.157
0.156
0.154
0.150
0.153
0.158
0.159
0.145
0.156
0.183
0.159
0.156
0.147
0.158
0.135
0.152
0.154
0.149
0.158
0.160
0.157
0.143
0.152
0.155
0.156
0.117
0.146
0.091
0.157
0.157
0.144
0.165
0.154
0.162
0.154
0.152
0.158
0.152
0.160
0.128
0.146
0.171
0.157
0.154
0.165
0.162
0.153
0.152
0.117
0.167
0.154
0.155
0.162
0.147
0.159
0.156
0.158
0.124
0.154
0.158
0.153
0.154
0.146
0.156
0.153
0.157
0.122
0.145
0.155
0.158
0.109
0.146
0.158
0.161
0.157
0.155
0.159
0.162
0.158
0.151
0.147
0.151
0.155
0.155
0.164
0.156
0.158
0.073
0.154
0.074
0.143
0.156
0.150
0.152
0.078
0.155
0.153
0.167
0.149
0.145
0.158
0.150
0.150
0.150
0.156
0.157
0.160
0.148
0.175
0.154
0.158
0.158
0.147
0.160
0.154
0.158
0.145
0.156
0.156
0.147
0.156
0.150
0.155
0.161
0.153
0.148
0.165
0.155
0.158
0.158
0.153
0.156
0.158
0.153
0.148
0.160
0.154
0.169
0.146
0.145
0.153
0.154
0.106
0.152
0.154
0.155
0.155
0.156
0.150
0.071
0.154
0.153
0.119
0.153
0.158
0.152
0.153
0.152
0.168
0.154
0.156
0.153
0.159
0.154
0.154
0.158
0.158
0.165
0.148
0.152
0.118
0.157
0.163
0.152
0.153
0.147
0.160
0.157
0.155
0.132
0.158
0.156
0.154
0.156
0.145
0.157
0.154
0.156
0.146
0.153
0.159
0.154
0.162
0.147
0.154
0.183
0.156
0.159
0.164
0.157
0.159
0.160
0.151
0.156
0.151
0.157
0.155
0.149
0.169
0.176
0.162
0.070
0.171
0.112
0.153
0.158
0.151
0.138
0.154
0.152
0.147
0.153
0.155
0.152
0.161
0.160
0.158
0.168
0.164
0.152
0.154
0.148
0.154
0.151
0.159
0.156
0.155
0.152
0.147
0.151
0.158
0.158
0.158
0.150
0.160
0.159
0.153
0.146
0.153
0.164
0.155
0.163
0.154
0.152
0.153
0.155
0.146
0.186
0.159
0.159
0.159
0.154
0.158
0.158
0.159
0.123
0.158
0.157
0.153
0.155
0.126
0.166
0.157
0.077
0.121
0.122
0.154
0.172
0.153
0.144
0.154
0.165
0.155
0.115
0.158
0.154
0.154
0.166
0.150
0.154
0.168
0.181
0.141
0.150
0.159
0.151
0.157
0.146
0.153
0.153
0.154
0.158
0.153
0.157
0.153
0.160
0.151
0.155
0.152
0.156
0.157
0.160
0.154
0.157
0.145
0.148
0.158
0.157
0.159
0.155
0.146
0.157
0.155
0.157
0.148
0.167
0.155
0.153
0.153
0.152
0.157
0.169
0.153
0.152
0.154
0.074
0.146
0.136
0.148
0.156
0.158
0.154
0.076
0.150
0.157
0.154
0.160
0.151
0.158
0.153
0.152
0.151
0.154
0.154
0.158
0.157
0.153
0.153
0.159
0.165
0.145
0.155
0.153
0.154
0.146
0.144
0.154
0.154
0.158
0.152
0.157
0.155
0.157
0.157
0.150
0.161
0.156
0.166
0.118
0.158
0.155
0.155
0.158
0.153
0.150
0.152
0.162
0.149
0.151
0.158
0.154
0.148
0.146
0.162
0.153
0.153
0.121
0.142
0.155
0.141
0.152
0.151
0.152
0.161
0.153
0.149
0.154
0.153
0.155
0.148
0.148
0.147
0.153
0.164
0.160
0.106
0.153
0.161
0.168
0.147
0.158
0.158
0.158
0.162
0.156
0.158
0.163
0.153
0.152
0.159
0.157
0.151
0.160
0.147
0.152
0.155
0.163
0.147
0.156
0.161
0.153
0.154
0.174
0.186
0.153
0.157
0.131
0.172
0.133
0.163
0.154
0.147
0.161
0.163
0.153
0.150
0.162
0.157
0.153
0.120
0.151
0.073
0.157
0.131
0.150
0.161
0.162
0.188
0.154
0.146
0.142
0.147
0.161
0.151
0.148
0.156
0.154
0.152
0.147
0.154
0.160
0.155
0.120
0.154
0.154
0.161
0.156
0.151
0.161
0.152
0.151
0.148
0.154
0.158
0.159
0.155
0.151
0.152
0.155
0.161
0.124
0.156
0.157
0.160
0.163
0.145
0.154
0.153
0.152
0.154
0.162
0.154
0.155
0.151
0.145
0.146
0.153
0.155
0.135
0.152
0.156
0.120
0.153
0.143
0.160
0.153
0.157
0.159
0.162
0.159
0.160
0.183
0.143
0.149
0.153
0.170
0.161
0.167
0.158
0.154
0.160
0.147
0.157
0.154
0.146
0.114
0.150
0.155
0.156
0.142
0.150
0.159
0.160
0.156
0.155
0.149
0.145
0.156
0.153
0.159
0.176
0.163
0.155
0.155
0.163
0.154
0.158
0.155
0.147
0.160
0.306
0.331
0.292
0.247
0.151
0.156
0.152
0.142
0.159
0.145
0.158
0.159
0.149
0.110
0.376
0.108
0.348
0.307
0.322
0.308
0.305
0.389
0.395
0.108
0.154
0.145
0.157
0.148
0.157
0.152
0.148
0.156
0.156
0.161
0.154
0.161
0.155
0.153
0.155
0.152
0.165
0.160
0.152
0.149
0.159
0.157
0.160
0.155
0.154
0.158
0.156
0.158
0.153
0.159
0.164
0.157
0.174
0.171
0.159
0.157
0.158
0.157
0.153
0.349
0.327
0.337
0.147
0.161
0.161
0.149
0.154
0.153
0.160
0.152
0.154
0.115
0.155
0.074
0.155
