0.163
0.192
0.196
0.156
0.157
0.160
0.160
0.160
0.149
0.165
0.171
0.159
0.160
0.165
0.163
0.180
0.164
0.151
0.163
0.151
0.159
0.155
0.156
0.158
0.158
0.160
0.153
0.163
0.148
0.157
0.153
0.160
0.164
0.156
0.163
0.149
0.160
0.158
0.157
0.155
0.189
0.161
0.171
0.156
0.149
0.163
0.159
0.150
0.133
0.157
0.160
0.150
0.173
0.152
0.158
0.159
0.161
0.122
0.159
0.164
0.163
0.161
0.156
0.161
0.158
0.149
0.124
0.160
0.159
0.158
0.160
0.157
0.157
0.161
0.152
0.160
0.165
0.161
0.164
0.158
0.151
0.162
0.162
0.151
0.159
0.163
0.159
0.132
0.084
0.151
0.101
0.157
0.160
0.157
0.159
0.158
0.161
0.158
0.154
0.157
0.156
0.157
0.160
0.160
0.158
0.166
0.151
0.153
0.160
0.158
0.160
0.156
0.150
0.158
0.151
0.161
0.150
0.163
0.159
0.156
0.156
0.149
0.165
0.160
0.161
0.149
0.163
0.166
0.156
0.158
0.151
0.161
0.148
0.159
0.151
0.165
0.161
0.157
0.169
0.161
0.161
0.162
0.156
0.124
0.159
0.160
0.115
0.160
0.149
0.157
0.147
0.158
0.149
0.158
0.160
0.163
0.150
0.155
0.081
0.162
0.158
0.121
0.158
0.162
0.194
0.162
0.156
0.163
0.156
0.162
0.122
0.157
0.159
0.160
0.159
0.156
0.163
0.150
0.157
0.124
0.164
0.158
0.156
0.161
0.152
0.158
0.160
0.161
0.142
0.157
0.168
0.164
0.157
0.151
0.165
0.163
0.161
0.158
0.163
0.158
0.156
0.162
0.151
0.159
0.164
0.159
0.158
0.161
0.163
0.157
0.165
0.153
0.145
0.145
0.152
0.158
0.158
0.162
0.156
0.170
0.154
0.161
0.149
0.158
0.156
0.149
0.158
0.162
0.170
0.155
0.158
0.163
0.158
0.163
0.149
0.157
0.153
0.159
0.152
0.162
0.162
0.158
0.161
0.149
0.159
0.165
0.156
0.126
0.157
0.153
0.156
0.159
0.156
0.160
0.153
0.163
0.150
0.164
0.165
0.159
0.157
0.153
0.160
0.151
0.153
0.156
0.160
0.196
0.173
0.165
0.148
0.163
0.163
0.160
0.121
0.132
0.141
0.145
0.160
0.160
0.155
0.163
0.163
0.124
0.158
0.158
0.154
0.164
0.147
0.153
0.157
0.149
0.123
0.158
0.165
0.157
0.147
0.138
0.140
0.174
0.158
0.150
0.156
0.160
0.147
0.159
0.154
0.158
0.159
0.157
0.172
0.161
0.173
0.145
0.158
0.149
0.160
0.153
0.158
0.157
0.165
0.158
0.164
0.168
0.153
0.156
0.164
0.155
0.161
0.156
0.162
0.151
0.167
0.156
0.157
0.163
0.145
0.168
0.155
0.157
0.082
0.161
0.148
0.163
0.157
0.165
0.164
0.151
0.148
0.151
0.156
0.122
0.165
0.158
0.165
0.193
0.151
0.157
0.157
0.161
0.150
0.165
0.158
0.154
0.155
0.150
0.160
0.158
0.160
0.150
0.158
0.163
0.160
0.161
0.146
0.163
0.157
0.162
0.150
0.164
0.159
0.183
0.164
0.149
0.152
0.162
0.162
0.171
0.163
0.165
0.161
0.159
0.152
0.159
0.189
0.157
0.169
0.162
0.152
0.151
0.155
0.077
0.160
0.161
0.161
0.144
0.161
0.158
0.159
0.158
0.150
0.158
0.157
0.160
0.161
0.158
0.159
0.164
0.169
0.157
0.159
0.161
0.157
0.159
0.164
0.159
0.162
0.149
0.149
0.161
0.162
0.161
0.148
0.180
0.161
0.167
0.157
0.151
0.161
0.158
0.175
0.158
0.153
0.157
0.163
0.163
0.155
0.156
0.163
0.163
0.140
0.150
0.158
0.158
0.163
0.155
0.158
0.157
0.161
0.160
0.125
0.162
0.082
0.161
0.151
0.157
0.160
0.162
0.164
0.151
0.157
0.161
0.156
0.150
0.165
0.161
0.155
0.162
0.150
0.169
0.158
0.160
0.154
0.157
0.150
0.159
0.165
0.160
0.163
0.159
0.152
0.154
0.164
0.155
0.159
0.165
0.158
0.157
0.162
0.162
0.122
0.162
0.165
0.159
0.156
0.157
0.163
0.151
0.160
0.128
0.168
0.158
0.167
0.157
0.147
0.163
0.164
0.158
0.148
0.159
0.158
0.156
0.145
0.150
0.148
0.081
0.157
0.165
0.161
0.166
0.183
0.162
0.159
0.145
0.167
0.150
0.159
0.165
0.163
0.146
0.164
0.135
0.144
0.168
0.163
0.152
0.145
0.169
0.143
0.158
0.154
0.159
0.154
0.165
0.121
0.150
0.149
0.163
0.165
0.150
0.189
0.160
0.172
0.155
0.151
0.161
0.158
0.172
0.152
0.158
0.175
0.159
0.157
0.162
0.164
0.164
0.158
0.149
0.164
0.161
0.149
0.158
0.152
0.166
0.148
0.162
0.119
0.157
0.156
0.156
0.158
0.149
0.159
0.163
0.158
0.156
0.158
0.158
0.157
0.161
0.153
0.179
0.158
0.159
0.122
0.165
0.160
0.160
0.157
0.151
0.159
0.156
0.155
0.123
0.163
0.161
0.160
0.160
0.148
0.177
0.160
0.158
0.131
0.160
0.159
0.161
0.166
0.152
0.170
0.159
0.161
0.161
0.158
0.155
0.166
0.166
0.154
0.162
0.157
0.172
0.162
0.163
0.169
0.165
0.160
0.171
0.153
0.157
0.097
0.160
0.164
0.157
0.162
0.150
0.151
0.162
0.168
0.159
0.161
0.148
0.146
0.162
0.151
0.157
0.196
0.175
0.118
0.178
0.189
0.164
0.159
0.160
0.180
0.156
0.158
0.157
0.164
0.159
0.156
0.157
0.156
0.151
0.153
0.163
0.168
0.166
0.151
0.159
0.165
0.159
0.147
0.163
0.163
0.165
0.157
0.157
0.180
0.158
0.160
0.149
0.161
0.163
0.162
0.158
0.152
0.165
0.159
0.161
0.079
0.159
0.151
0.166
0.157
0.156
0.151
0.158
0.165
0.151
0.166
0.157
0.161
0.160
0.155
0.170
0.166
0.158
0.122
0.158
0.158
0.157
0.160
0.154
0.159
0.160
0.158
0.140
0.161
0.158
0.156
0.159
0.154
0.158
0.163
0.154
0.159
0.158
0.168
0.159
0.174
0.152
0.153
0.153
0.160
0.159
0.168
0.156
0.163
0.157
0.147
0.155
0.191
0.157
0.156
0.159
0.156
0.164
0.168
0.152
0.169
0.157
0.166
0.159
0.078
0.159
0.160
0.162
0.151
0.164
0.158
0.157
0.162
0.154
0.169
0.165
0.160
0.157
0.165
0.158
0.157
0.158
0.153
0.170
0.155
0.168
0.159
0.163
0.155
0.160
0.161
0.150
0.161
0.157
0.144
0.157
0.165
0.161
0.156
0.161
0.151
0.169
0.149
0.171
0.153
0.162
0.168
0.161
0.160
0.151
0.145
0.161
0.159
0.158
0.159
0.154
0.156
0.161
0.151
0.149
0.161
0.157
0.155
0.163
0.155
0.165
0.091
0.159
0.159
0.161
0.164
0.188
0.181
0.185
0.205
0.187
0.191
0.191
0.181
0.164
0.157
0.165
0.160
0.169
0.156
0.158
0.155
0.152
0.162
0.152
0.162
0.164
0.156
0.150
0.164
0.169
0.159
0.159
0.151
0.161
0.160
0.164
0.155
0.152
0.163
0.159
0.158
0.157
0.160
0.166
0.161
0.151
0.155
0.163
0.163
0.159
0.162
0.165
0.197
0.161
0.156
0.168
0.159
0.163
0.167
0.155
0.158
0.148
0.157
0.078
0.163
0.160
0.143
0.170
0.150
0.163
0.158
0.160
0.126
0.158
0.168
0.158
0.167
0.154
0.163
0.158
0.166
0.134
0.159
0.156
0.153
0.162
0.152
0.166
0.158
0.158
0.169
0.164
0.160
0.159
0.161
0.150
0.155
0.158
0.158
0.129
0.155
0.161
0.158
0.163
0.149
0.159
0.155
0.165
0.159
0.160
0.157
0.165
0.157
0.153
0.190
0.161
0.164
0.162
0.166
0.165
0.163
0.165
0.156
0.113
0.163
0.078
0.157
0.162
0.163
0.162
0.157
0.155
0.138
0.164
0.155
0.161
0.155
0.157
0.159
0.159
0.150
0.164
0.158
0.165
0.160
0.150
0.155
0.159
0.160
0.155
0.158
0.160
0.156
0.156
0.155
0.161
0.149
0.168
0.154
0.158
0.163
0.165
0.157
0.152
0.153
0.164
0.158
0.150
0.159
0.167
0.168
0.164
0.155
0.164
0.155
0.161
0.147
0.123
0.189
0.164
0.162
0.152
0.187
0.164
0.156
0.103
0.158
0.155
0.171
0.158
0.159
0.147
0.189
0.159
0.138
0.165
0.161
0.152
0.157
0.150
0.158
0.158
0.163
0.121
0.157
0.160
0.166
0.158
0.153
0.163
0.162
0.161
0.156
0.162
0.187
0.160
0.156
0.153
0.159
0.158
0.161
0.165
0.158
0.168
0.158
0.160
0.156
0.169
0.159
0.160
0.157
0.157
0.158
0.167
0.160
0.155
0.164
0.161
0.160
0.166
0.153
0.159
0.155
0.165
0.151
0.158
0.156
0.154
0.155
0.080
0.167
0.161
0.158
0.151
0.169
0.159
0.161
0.159
0.148
0.158
0.187
0.162
0.150
0.172
0.164
0.160
0.157
0.152
0.159
0.164
0.158
0.154
0.149
0.165
0.156
0.158
0.149
0.164
0.162
0.151
0.150
0.158
0.156
0.163
0.162
0.160
0.147
0.154
0.158
0.125
0.164
0.164
0.170
0.159
0.149
0.160
0.155
0.175
0.156
0.172
0.179
0.161
0.151
0.151
0.161
0.160
0.160
0.122
0.170
0.150
0.156
0.148
0.150
0.160
0.148
0.169
0.129
0.159
0.170
0.157
0.161
0.157
0.160
0.154
0.163
0.163
0.166
0.158
0.167
0.155
0.150
0.158
0.148
0.159
0.157
0.161
0.159
0.165
0.157
0.149
0.159
0.159
0.160
0.164
0.147
0.149
0.159
0.154
0.151
0.159
0.174
0.162
0.160
0.150
0.163
0.161
0.154
0.156
0.153
0.161
0.177
0.086
0.187
0.159
0.167
0.162
0.148
0.164
0.161
0.164
0.160
0.157
0.160
0.171
0.159
0.151
0.142
0.152
0.165
0.158
0.161
0.160
0.163
0.156
0.150
0.161
0.157
0.160
0.155
0.151
0.157
0.158
0.160
0.150
0.155
0.160
0.156
0.164
0.151
0.128
0.155
0.150
0.136
0.158
0.164
0.164
0.164
0.151
0.165
0.161
0.159
0.155
0.157
0.166
0.160
0.163
0.149
0.160
0.150
0.177
0.165
0.150
0.168
0.195
0.146
0.154
0.176
0.156
0.161
0.157
0.166
0.157
0.158
0.138
0.147
0.107
0.174
0.159
0.158
0.168
0.143
0.159
0.162
0.167
0.187
0.168
0.180
0.158
0.172
0.159
0.161
0.162
0.148
0.161
0.156
0.159
0.154
0.153
0.159
0.159
0.163
0.158
0.157
0.160
0.160
0.159
0.153
0.162
0.160
0.161
0.149
0.163
0.157
0.160
0.159
0.151
0.162
0.160
0.169
0.144
0.163
0.159
0.155
0.167
0.156
0.156
0.163
0.162
0.151
0.170
0.157
0.163
0.159
0.150
0.151
0.153
0.163
0.079
0.167
0.158
0.157
0.161
0.149
0.166
0.158
0.159
0.121
0.165
0.169
0.160
0.166
0.152
0.162
0.158
0.162
0.151
0.166
0.152
0.151
0.162
0.147
0.162
0.162
0.173
0.125
0.134
0.165
0.164
0.156
0.156
0.164
0.160
0.162
0.170
0.158
0.160
0.166
0.160
0.151
0.158
0.166
0.168
0.179
0.161
0.154
0.164
0.163
0.151
0.191
0.163
0.158
0.154
0.158
0.159
0.161
0.158
0.153
0.154
0.159
0.149
0.157
0.153
0.162
0.158
0.160
0.159
0.154
0.159
0.161
0.155
0.153
0.161
0.156
0.162
0.152
0.161
0.158
0.162
0.166
0.150
0.159
0.160
0.162
0.150
0.160
0.159
0.158
0.158
0.161
0.161
0.156
0.158
0.150
0.159
0.163
0.159
0.157
0.152
0.160
0.162
0.182
0.150
0.159
0.161
0.192
0.160
0.151
0.165
0.190
0.188
0.127
0.152
0.157
0.163
0.159
0.152
0.158
0.159
0.158
0.119
0.158
0.078
0.162
0.163
0.151
0.160
0.156
0.158
0.149
0.159
0.159
0.166
0.164
0.156
0.156
0.157
0.157
0.151
0.164
0.158
0.159
0.160
0.153
0.159
0.160
0.153
0.135
0.165
0.158
0.163
0.157
0.156
0.162
0.158
0.157
0.159
0.156
0.162
0.164
0.157
0.163
0.171
0.157
0.159
0.164
0.151
