0.168
0.157
0.146
0.158
0.156
0.155
0.155
0.155
0.162
0.151
0.151
0.159
0.152
0.154
0.122
0.150
0.156
0.156
0.156
0.149
0.154
0.154
0.154
0.155
0.157
0.167
0.146
0.155
0.154
0.152
0.168
0.156
0.134
0.175
0.155
0.153
0.161
0.151
0.159
0.154
0.161
0.155
0.152
0.154
0.159
0.160
0.151
0.143
0.181
0.155
0.155
0.157
0.075
0.147
0.074
0.145
0.152
0.159
0.154
0.156
0.156
0.155
0.151
0.153
0.151
0.154
0.159
0.159
0.149
0.154
0.164
0.154
0.154
0.151
0.170
0.158
0.163
0.153
0.153
0.153
0.160
0.157
0.147
0.157
0.154
0.165
0.159
0.157
0.153
0.153
0.154
0.148
0.148
0.153
0.158
0.155
0.150
0.147
0.147
0.151
0.150
0.159
0.172
0.157
0.155
0.149
0.159
0.158
0.153
0.149
0.160
0.154
0.159
0.154
0.072
0.156
0.075
0.160
0.147
0.159
0.160
0.155
0.158
0.157
0.156
0.155
0.145
0.130
0.154
0.170
0.151
0.154
0.145
0.155
0.145
0.158
0.122
0.152
0.155
0.153
0.155
0.146
0.158
0.152
0.155
0.118
0.157
0.156
0.156
0.155
0.144
0.156
0.167
0.145
0.144
0.158
0.155
0.147
0.156
0.152
0.156
0.157
0.154
0.147
0.163
0.154
0.162
0.158
0.181
0.153
0.157
0.159
0.154
0.154
0.163
0.156
0.074
0.145
0.088
0.154
0.155
0.153
0.161
0.162
0.158
0.154
0.154
0.153
0.144
0.165
0.152
0.151
0.153
0.154
0.173
0.147
0.156
0.156
0.154
0.163
0.142
0.155
0.161
0.155
0.151
0.150
0.152
0.159
0.158
0.147
0.155
0.158
0.153
0.150
0.158
0.154
0.155
0.155
0.155
0.153
0.158
0.169
0.143
0.163
0.159
0.156
0.144
0.157
0.167
0.153
0.153
0.121
0.166
0.153
0.152
0.160
0.147
0.152
0.077
0.155
0.075
0.157
0.153
0.161
0.148
0.151
0.157
0.153
0.152
0.127
0.155
0.154
0.152
0.149
0.154
0.157
0.155
0.155
0.152
0.160
0.153
0.149
0.151
0.155
0.155
0.159
0.164
0.162
0.155
0.161
0.152
0.150
0.154
0.161
0.155
0.145
0.151
0.154
0.162
0.153
0.153
0.145
0.159
0.147
0.154
0.118
0.153
0.192
0.158
0.162
0.147
0.153
0.153
0.159
0.162
0.157
0.157
0.155
0.155
0.151
0.075
0.154
0.072
0.161
0.156
0.158
0.154
0.154
0.154
0.154
0.157
0.145
0.144
0.145
0.155
0.157
0.144
0.149
0.159
0.155
0.152
0.159
0.148
0.155
0.160
0.157
0.144
0.153
0.161
0.147
0.151
0.147
0.151
0.159
0.152
0.147
0.156
0.155
0.159
0.159
0.148
0.157
0.152
0.158
0.147
0.160
0.163
0.158
0.147
0.148
0.165
0.155
0.153
0.145
0.160
0.162
0.156
0.153
0.152
0.158
0.153
0.150
0.072
0.154
0.070
0.176
0.155
0.152
0.133
0.159
0.188
0.118
0.151
0.154
0.148
0.156
0.142
0.162
0.152
0.153
0.152
0.156
0.155
0.154
0.160
0.152
0.157
0.154
0.147
0.160
0.155
0.159
0.155
0.156
0.150
0.156
0.115
0.161
0.154
0.157
0.156
0.154
0.128
0.148
0.160
0.156
0.144
0.155
0.154
0.154
0.156
0.155
0.145
0.156
0.158
0.163
0.154
0.147
0.146
0.152
0.155
0.150
0.186
0.154
0.073
0.159
0.073
0.160
0.165
0.076
0.118
0.157
0.148
0.159
0.161
0.155
0.145
0.158
0.162
0.147
0.158
0.157
0.155
0.154
0.162
0.156
0.156
0.156
0.124
0.157
0.158
0.153
0.158
0.145
0.156
0.156
0.162
0.147
0.159
0.166
0.154
0.153
0.156
0.154
0.160
0.154
0.122
0.154
0.159
0.131
0.155
0.150
0.148
0.154
0.166
0.148
0.165
0.157
0.155
0.158
0.147
0.153
0.151
0.159
0.149
0.160
0.074
0.153
0.074
0.148
0.161
0.158
0.168
0.146
0.156
0.158
0.155
0.156
0.153
0.151
0.157
0.155
0.155
0.157
0.158
0.153
0.152
0.150
0.143
0.151
0.148
0.152
0.154
0.154
0.155
0.159
0.149
0.154
0.155
0.155
0.145
0.145
0.157
0.159
0.171
0.149
0.154
0.155
0.155
0.156
0.151
0.160
0.157
0.164
0.147
0.152
0.167
0.155
0.157
0.146
0.143
0.156
0.159
0.148
0.152
0.154
0.154
0.167
0.074
0.175
0.071
0.170
0.147
0.161
0.155
0.156
0.156
0.148
0.157
0.158
0.140
0.117
0.152
0.164
0.158
0.152
0.148
0.153
0.153
0.145
0.124
0.153
0.152
0.153
0.156
0.148
0.156
0.161
0.152
0.133
0.153
0.142
0.152
0.153
0.156
0.162
0.145
0.153
0.153
0.152
0.151
0.156
0.155
0.144
0.151
0.152
0.151
0.151
0.152
0.157
0.159
0.153
0.147
0.153
0.154
0.154
0.156
0.156
0.170
0.155
0.073
0.146
0.071
0.150
0.159
0.156
0.149
0.155
0.154
0.154
0.152
0.152
0.147
0.160
0.118
0.149
0.168
0.173
0.154
0.145
0.151
0.156
0.153
0.158
0.146
0.154
0.155
0.157
0.146
0.157
0.156
0.155
0.157
0.146
0.153
0.153
0.155
0.149
0.155
0.162
0.159
0.159
0.143
0.154
0.154
0.155
0.149
0.153
0.153
0.159
0.156
0.147
0.160
0.156
0.158
0.149
0.153
0.153
0.154
0.154
0.151
0.162
0.072
0.153
0.073
0.160
0.152
0.160
0.076
0.150
0.159
0.153
0.154
0.116
0.152
0.154
0.155
0.163
0.148
0.153
0.156
0.155
0.147
0.158
0.150
0.144
0.152
0.146
0.153
0.152
0.154
0.132
0.156
0.150
0.163
0.149
0.143
0.159
0.152
0.155
0.156
0.155
0.161
0.159
0.155
0.146
0.158
0.160
0.152
0.152
0.154
0.157
0.157
0.154
0.162
0.154
0.157
0.153
0.153
0.145
0.158
0.161
0.151
0.157
0.107
0.166
0.073
0.159
0.149
0.153
0.162
0.155
0.149
0.152
0.161
0.154
0.159
0.149
0.158
0.159
0.152
0.146
0.160
0.156
0.157
0.154
0.147
0.154
0.151
0.158
0.141
0.160
0.153
0.155
0.150
0.148
0.148
0.154
0.154
0.145
0.152
0.151
0.145
0.157
0.145
0.159
0.164
0.155
0.147
0.156
0.154
0.157
0.156
0.146
0.188
0.163
0.190
0.126
0.185
0.165
0.153
0.158
0.146
0.155
0.157
0.155
0.073
0.153
0.070
0.153
0.152
0.146
0.157
0.155
0.153
0.131
0.153
0.153
0.157
0.154
0.152
0.153
0.184
0.154
0.154
0.157
0.154
0.157
0.163
0.152
0.152
0.152
0.153
0.153
0.154
0.155
0.146
0.153
0.149
0.159
0.155
0.155
0.153
0.144
0.153
0.146
0.153
0.151
0.164
0.163
0.153
0.161
0.156
0.157
0.152
0.157
0.165
0.156
0.166
0.156
0.147
0.147
0.152
0.158
0.156
0.150
0.160
0.154
0.077
0.153
0.072
0.161
0.154
0.157
0.148
0.149
0.146
0.156
0.164
0.148
0.149
0.178
0.155
0.126
0.162
0.162
0.158
0.141
0.146
0.154
0.150
0.155
0.121
0.166
0.154
0.152
0.153
0.148
0.153
0.156
0.154
0.117
0.167
0.155
0.161
0.151
0.152
0.150
0.144
0.153
0.141
0.158
0.158
0.161
0.159
0.150
0.158
0.146
0.162
0.154
0.154
0.152
0.154
0.153
0.150
0.153
0.153
0.147
0.154
0.149
0.074
0.149
0.070
0.149
0.154
0.162
0.155
0.152
0.153
0.075
0.152
0.162
0.142
0.168
0.152
0.156
0.158
0.151
0.151
0.152
0.160
0.140
0.152
0.150
0.155
0.153
0.145
0.161
0.184
0.146
0.149
0.159
0.154
0.146
0.158
0.151
0.165
0.156
0.160
0.145
0.160
0.157
0.159
0.156
0.144
0.154
0.160
0.155
0.150
0.158
0.155
0.159
0.156
0.145
0.158
0.159
0.157
0.147
0.153
0.169
0.155
0.161
0.074
0.160
0.073
0.154
0.120
0.154
0.148
0.155
0.155
0.149
0.152
0.161
0.150
0.119
0.162
0.157
0.161
0.165
0.156
0.153
0.158
0.152
0.117
0.154
0.153
0.158
0.155
0.151
0.156
0.153
0.155
0.144
0.156
0.152
0.154
0.156
0.146
0.155
0.153
0.154
0.154
0.154
0.157
0.155
0.150
0.146
0.157
0.155
0.165
0.158
0.168
0.157
0.154
0.156
0.152
0.158
0.157
0.162
0.154
0.146
0.155
0.153
0.075
0.152
0.073
0.161
0.155
0.153
0.149
0.157
0.154
0.157
0.147
0.156
0.149
0.164
0.152
0.149
0.146
0.159
0.155
0.139
0.161
0.154
0.152
0.158
0.151
0.153
0.155
0.155
0.145
0.154
0.155
0.161
0.161
0.150
0.158
0.154
0.161
0.121
0.158
0.158
0.157
0.153
0.152
0.155
0.155
0.160
0.142
0.153
0.153
0.144
0.159
0.156
0.154
0.153
0.156
0.139
0.159
0.159
0.151
0.160
0.144
0.158
0.109
0.150
0.070
0.159
0.154
0.171
0.155
0.145
0.155
0.155
0.153
0.141
0.151
0.157
0.154
0.159
0.154
0.154
0.160
0.158
0.163
0.153
0.165
0.151
0.153
0.147
0.148
0.159
0.160
0.160
0.150
0.154
0.159
0.159
0.156
0.153
0.152
0.153
0.159
0.146
0.155
0.158
0.157
0.146
0.154
0.156
0.158
0.153
0.149
0.155
0.183
0.160
0.152
0.157
0.158
0.154
0.144
0.145
0.161
0.156
0.155
0.147
0.079
0.145
0.067
0.152
0.144
0.074
0.143
0.119
0.118
0.155
0.159
0.159
0.143
0.150
0.156
0.158
0.158
0.147
0.153
0.154
0.160
0.156
0.148
0.158
0.148
0.153
0.152
0.154
0.163
0.158
0.151
0.149
0.140
0.158
0.155
0.126
0.155
0.157
0.155
0.158
0.147
0.153
0.156
0.158
0.116
0.163
0.163
0.156
0.157
0.148
0.163
0.158
0.158
0.131
0.154
0.153
0.151
0.160
0.129
0.188
0.169
0.153
0.070
0.158
0.072
0.155
0.156
0.151
0.156
0.158
0.155
0.153
0.159
0.154
0.146
0.157
0.145
0.153
0.152
0.164
0.120
0.160
0.158
0.154
0.173
0.150
0.158
0.156
0.154
0.147
0.158
0.153
0.155
0.156
0.156
0.159
0.156
0.153
0.152
0.146
0.156
0.153
0.154
0.151
0.184
0.154
0.153
0.162
0.152
0.154
0.171
0.150
0.155
0.156
0.158
0.158
0.168
0.150
0.151
0.154
0.157
0.145
0.158
0.160
0.077
0.155
0.088
0.157
0.078
0.146
0.148
0.162
0.156
0.145
0.154
0.145
0.141
0.157
0.153
0.154
0.152
0.154
0.154
0.131
0.153
0.159
0.159
0.155
0.118
0.157
0.160
0.156
0.154
0.149
0.152
0.153
0.158
0.121
0.161
0.155
0.147
0.154
0.144
0.165
0.155
0.167
0.129
0.158
0.161
0.152
0.152
0.151
0.157
0.168
0.152
0.151
0.171
0.152
0.165
0.155
0.147
0.149
0.155
0.157
0.141
0.152
0.076
0.157
0.074
0.148
0.153
0.153
0.155
0.161
0.150
0.158
0.156
0.165
0.144
0.153
0.157
0.159
0.156
0.154
0.160
0.152
0.147
0.151
0.160
0.158
0.160
0.155
0.148
0.148
0.161
0.151
0.148
0.162
0.154
0.153
0.155
0.147
0.155
0.138
0.171
0.145
0.155
0.153
0.146
0.153
0.152
0.164
0.155
0.154
0.146
0.161
0.159
0.158
0.154
0.155
0.157
0.153
0.156
0.149
0.154
0.153
0.163
0.156
0.070
0.151
0.074
0.154
0.151
0.157
0.159
0.159
0.076
0.144
0.153
0.153
0.164
0.154
0.164
0.160
0.161
0.151
0.148
0.157
0.147
0.156
0.149
0.153
0.152
0.155
0.157
0.150
0.154
0.158
0.151
0.138
0.158
0.156
0.154
0.155
0.149
0.149
0.153
0.157
0.120
0.153
0.154
0.156
0.165
0.146
0.153
0.165
0.158
0.154
0.167
0.157
0.155
0.162
0.149
0.157
0.152
0.145
0.160
0.152
0.157
0.155
0.071
0.146
0.071
0.161
0.155
0.165
0.155
0.154
0.159
0.159
0.151
0.153
0.153
0.155
0.156
0.168
0.156
0.153
0.170
0.155
0.156
0.154
