0.354
0.240
0.242
0.219
0.217
0.228
0.233
0.220
0.219
0.208
0.220
0.208
0.223
0.221
0.219
0.220
0.220
0.222
0.215
0.218
0.187
0.218
0.242
0.169
0.221
0.175
0.221
0.210
0.219
0.183
0.239
0.219
0.222
0.215
0.222
0.213
0.225
0.220
0.218
0.216
0.226
0.229
0.231
0.208
0.221
0.209
0.217
0.216
0.226
0.216
0.235
0.217
0.217
0.233
0.179
0.218
0.219
0.215
0.234
0.216
0.221
0.208
0.221
0.180
0.220
0.215
0.215
0.222
0.219
0.220
0.213
0.215
0.188
0.218
0.216
0.231
0.230
0.219
0.231
0.210
0.193
0.182
0.231
0.221
0.227
0.173
0.218
0.235
0.215
0.217
0.218
0.209
0.219
0.219
0.219
0.219
0.220
0.217
0.222
0.219
0.219
0.224
0.219
0.225
0.214
0.220
0.209
0.219
0.219
0.219
0.218
0.219
0.231
0.212
0.216
0.246
0.178
0.211
0.455
0.462
0.430
0.399
0.373
0.465
0.450
0.177
0.223
0.219
0.212
0.229
0.222
0.215
0.218
0.212
0.221
0.224
0.234
0.218
0.226
0.220
0.211
0.227
0.224
0.217
0.224
0.231
0.231
0.174
0.218
0.212
0.224
0.224
0.230
0.219
0.218
0.232
0.218
0.218
0.212
0.219
0.217
0.218
0.219
0.145
0.219
0.216
0.218
0.215
0.230
0.218
0.218
0.210
0.221
0.222
0.210
0.218
0.195
0.221
0.174
0.217
0.222
0.219
0.231
0.210
0.217
0.185
0.218
0.219
0.219
0.218
0.217
0.238
0.211
0.210
0.210
0.233
0.231
0.218
0.222
0.232
0.218
0.211
0.257
0.217
0.217
0.218
0.234
0.222
0.211
0.172
0.229
0.217
0.202
0.232
0.218
0.222
0.212
0.218
0.218
0.214
0.248
0.232
0.234
0.224
0.217
0.219
0.214
0.221
0.216
0.217
0.223
0.223
0.222
0.217
0.217
0.235
0.231
0.213
0.210
0.214
0.179
0.222
0.233
0.221
0.213
0.219
0.190
0.220
0.230
0.219
0.221
0.220
0.219
0.218
0.219
0.233
0.217
0.219
0.217
0.232
0.210
0.215
0.208
0.233
0.218
0.233
0.215
0.233
0.216
0.220
0.215
0.174
0.211
0.232
0.219
0.220
0.216
0.234
0.210
0.221
0.210
0.223
0.218
0.223
0.218
0.220
0.216
0.221
0.230
0.202
0.232
0.233
0.217
0.221
0.218
0.221
0.210
0.223
0.216
0.220
0.238
0.231
0.172
0.218
0.209
0.217
0.173
0.220
0.220
0.222
0.218
0.235
0.213
0.223
0.213
0.214
0.218
0.221
0.224
0.220
0.219
0.211
0.186
0.214
0.252
0.222
0.225
0.234
0.231
0.219
0.213
0.221
0.212
0.181
0.220
0.221
0.231
0.199
0.221
0.212
0.233
0.189
0.234
0.232
0.217
0.223
0.219
0.232
0.171
0.221
0.181
0.221
0.221
0.233
0.217
0.222
0.251
0.214
0.218
0.225
0.254
0.222
0.222
0.225
0.171
0.221
0.208
0.226
0.218
0.220
0.223
0.182
0.217
0.216
0.218
0.212
0.212
0.217
0.218
0.217
0.220
0.232
0.230
0.219
0.216
0.232
0.220
0.219
0.219
0.219
0.219
0.214
0.466
0.188
0.220
0.175
0.218
0.233
0.257
0.220
0.217
0.218
0.186
0.222
0.221
0.219
0.234
0.225
0.221
0.212
0.233
0.222
0.209
0.236
0.218
0.219
0.217
0.222
0.215
0.219
0.225
0.220
0.219
0.217
0.218
0.212
0.174
0.210
0.233
0.222
0.219
0.217
0.219
0.235
0.235
0.209
0.214
0.219
0.230
0.218
0.219
0.223
0.231
0.215
0.218
0.185
0.226
0.219
0.211
0.210
0.219
0.218
0.215
0.221
0.222
0.221
0.220
0.174
0.222
0.220
0.219
0.210
0.228
0.220
0.230
0.212
0.209
0.218
0.217
0.219
0.210
0.232
0.219
0.219
0.218
0.220
0.247
0.207
0.229
0.213
0.222
0.215
0.254
0.226
0.256
0.237
0.217
0.222
0.176
0.214
0.224
0.219
0.225
0.210
0.216
0.214
0.220
0.210
0.236
0.260
0.221
0.215
0.222
0.217
0.212
0.216
0.183
0.216
0.234
0.215
0.235
0.215
0.221
0.208
0.221
0.210
0.220
0.218
0.258
0.172
0.224
0.224
0.234
0.219
0.233
0.216
0.222
0.216
0.221
0.216
0.233
0.207
0.219
0.222
0.227
0.216
0.233
0.210
0.218
0.220
0.212
0.216
0.231
0.217
0.219
0.223
0.217
0.209
0.222
0.185
0.169
0.218
0.219
0.219
0.223
0.225
0.213
0.217
0.203
0.176
0.220
0.209
0.256
0.232
0.221
0.212
0.221
0.210
0.234
0.232
0.227
0.222
0.220
0.231
0.214
0.217
0.235
0.215
0.225
0.218
0.222
0.170
0.219
0.210
0.223
0.233
0.221
0.229
0.220
0.216
0.211
0.231
0.205
0.221
0.220
0.215
0.260
0.217
0.223
0.207
0.235
0.185
0.220
0.217
0.232
0.221
0.221
0.212
0.217
0.220
0.195
0.218
0.178
0.223
0.219
0.217
0.223
0.214
0.222
0.196
0.220
0.228
0.223
0.217
0.220
0.217
0.179
0.217
0.232
0.217
0.238
0.223
0.221
0.207
0.219
0.178
0.219
0.216
0.220
0.215
0.258
0.230
0.216
0.173
0.213
0.219
0.221
0.216
0.223
0.216
0.231
0.219
0.220
0.213
0.225
0.220
0.220
0.221
0.222
0.231
0.223
0.222
0.185
0.218
0.218
0.223
0.219
0.216
0.233
0.209
0.221
0.203
0.220
0.205
0.176
0.221
0.218
0.216
0.211
0.222
0.224
0.216
0.219
0.221
0.213
0.252
0.220
0.215
0.224
0.182
0.234
0.220
0.232
0.218
0.212
0.232
0.217
0.216
0.220
0.219
0.257
0.218
0.223
0.209
0.219
0.170
0.220
0.218
0.220
0.216
0.219
0.217
0.211
0.216
0.205
0.221
0.265
0.214
0.216
0.219
0.220
0.212
0.219
0.193
0.209
0.217
0.230
0.222
0.234
0.217
0.212
0.230
0.222
0.216
0.232
0.216
0.179
0.213
0.233
0.213
0.225
0.208
0.259
0.233
0.220
0.232
0.217
0.210
0.212
0.219
0.220
0.221
0.220
0.219
0.218
0.207
0.221
0.213
0.233
0.224
0.236
0.216
0.220
0.210
0.215
0.219
0.192
0.210
0.219
0.216
0.220
0.217
0.219
0.208
0.223
0.194
0.220
0.216
0.214
0.229
0.224
0.209
0.211
0.216
0.221
0.213
0.229
0.251
0.233
0.214
0.234
0.212
0.218
0.218
0.219
0.217
0.233
0.220
0.175
0.214
0.217
0.214
0.220
0.217
0.221
0.219
0.221
0.212
0.221
0.206
0.219
0.216
0.213
0.216
0.234
0.216
0.211
0.220
0.184
0.217
0.213
0.217
0.234
0.227
0.235
0.207
0.225
0.183
0.237
0.173
0.173
0.230
0.234
0.230
0.213
0.217
0.222
0.241
0.233
0.215
0.214
0.242
0.187
0.211
0.221
0.215
0.217
0.217
0.233
0.215
0.216
0.217
0.178
0.216
0.220
0.217
0.226
0.216
0.225
0.210
0.175
0.211
0.233
0.220
0.225
0.210
0.221
0.230
0.211
0.218
0.186
0.234
0.218
0.221
0.218
0.220
0.218
0.209
0.218
0.212
0.212
0.232
0.218
0.219
0.218
0.222
0.212
0.217
0.254
0.217
0.213
0.174
0.218
0.218
0.217
0.211
0.220
0.210
0.174
0.230
0.218
0.221
0.210
0.220
0.210
0.217
0.217
0.217
0.233
0.216
0.225
0.255
0.218
0.210
0.224
0.219
0.218
0.220
0.220
0.223
0.214
0.212
0.184
0.224
0.214
0.256
0.231
0.219
0.220
0.212
0.176
0.185
0.216
0.222
0.217
0.234
0.221
0.220
0.214
0.223
0.223
0.219
0.217
0.220
0.223
0.231
0.219
0.214
0.217
0.232
0.215
0.232
0.221
0.174
0.215
0.225
0.216
0.259
0.189
0.219
0.243
0.222
0.216
0.213
0.220
0.185
0.233
0.223
0.234
0.223
0.218
0.245
0.210
0.221
0.209
0.221
0.217
0.230
0.219
0.217
0.223
0.210
0.217
0.186
0.170
0.232
0.221
0.219
0.177
0.218
0.210
0.221
0.220
0.216
0.220
0.232
0.233
0.218
0.220
0.218
0.220
0.233
0.218
0.220
0.175
0.223
0.210
0.223
0.209
0.215
0.221
0.225
0.221
0.233
0.227
0.175
0.222
0.207
0.217
0.232
0.223
0.220
0.233
0.216
0.217
0.220
0.187
0.215
0.220
0.218
0.219
0.220
0.218
0.207
0.223
0.198
0.224
0.208
0.218
0.216
0.236
0.219
0.213
0.215
0.208
0.222
0.176
0.219
0.233
0.217
0.219
0.214
0.220
0.217
0.217
0.215
0.219
0.217
0.215
0.216
0.216
0.221
0.236
0.216
0.234
0.219
0.233
0.209
0.232
0.211
0.221
0.222
0.236
0.256
0.232
0.198
0.213
0.192
0.159
0.194
0.214
0.215
0.223
0.218
0.231
0.210
0.223
0.191
0.220
0.175
0.221
0.221
0.234
0.220
0.218
0.216
0.217
0.219
0.212
0.253
0.222
0.220
0.237
0.209
0.223
0.214
0.233
0.225
0.176
0.217
0.217
0.223
0.213
0.219
0.233
0.175
0.224
0.220
0.218
0.207
0.233
0.208
0.220
0.230
0.227
0.220
0.233
0.217
0.212
0.233
0.192
0.215
0.230
0.215
0.235
0.226
0.233
0.214
0.238
0.173
0.221
0.230
0.226
0.216
0.221
0.216
0.219
0.219
0.184
0.225
0.219
0.219
0.219
0.220
0.224
0.217
0.235
0.217
0.223
0.217
0.224
0.217
0.212
0.221
0.214
0.216
0.213
0.220
0.217
0.233
0.173
0.208
0.220
0.213
0.223
0.218
0.220
0.216
0.227
0.217
0.212
0.210
0.222
0.221
0.221
0.217
0.225
0.215
0.221
0.214
0.221
0.181
0.220
0.215
0.221
0.217
0.218
0.253
0.214
0.217
0.195
0.168
0.215
0.216
0.224
0.214
0.226
0.211
0.233
0.216
0.215
0.230
0.222
0.221
0.221
0.252
0.210
0.217
0.235
0.215
0.219
0.218
0.235
0.207
0.219
0.211
0.232
0.216
0.222
0.214
0.224
0.216
0.176
0.213
0.210
0.218
0.213
0.216
0.223
0.221
0.219
0.212
0.233
0.179
0.222
0.221
0.225
0.217
0.219
0.223
0.226
0.232
0.186
0.223
0.221
0.215
0.226
0.216
0.224
0.209
0.219
0.216
0.220
0.173
0.214
0.214
0.215
0.215
0.218
0.214
0.226
0.219
0.237
0.232
0.222
0.207
0.235
0.216
0.213
0.221
0.220
0.216
0.241
0.217
0.210
0.216
0.143
0.220
0.222
0.219
0.225
0.218
0.237
0.217
0.173
0.210
0.231
0.217
0.217
0.219
0.223
0.224
0.218
0.214
0.192
0.214
0.218
0.218
0.220
0.223
0.223
0.215
0.221
0.232
0.220
0.210
0.230
0.218
0.254
0.214
0.210
0.217
0.232
0.219
0.227
0.175
0.217
0.214
0.219
0.216
0.218
0.224
0.233
0.218
0.237
0.222
0.222
0.210
0.214
0.219
0.220
0.221
0.219
0.222
0.219
0.210
0.220
0.185
0.224
0.218
0.232
0.231
0.222
0.212
0.216
0.224
0.174
0.218
0.218
0.218
0.221
0.221
0.218
0.216
0.221
0.228
0.219
0.218
0.218
0.218
0.230
0.231
0.211
0.228
0.217
0.218
0.221
0.217
0.229
0.211
0.219
0.217
0.219
0.218
0.218
0.223
0.252
0.176
0.214
0.227
0.211
0.224
0.227
0.219
0.222
0.217
0.233
0.225
0.222
0.212
0.221
0.218
0.218
0.218
0.217
0.221
0.208
0.233
0.181
0.219
0.217
0.220
0.201
0.218
0.218
0.215
0.218
0.223
0.174
0.220
0.216
0.223
0.218
0.218
0.204
0.220
0.218
0.222
0.220
0.220
0.221
0.212
0.217
0.211
0.215
0.222
0.217
0.234
0.255
0.221
0.209
0.228
0.188
0.225
0.223
0.219
0.230
0.233
0.223
0.176
0.220
0.213
0.221
0.232
0.217
0.223
0.217
0.212
0.210
0.217
0.188
0.223
0.234
0.219
0.222
0.219
0.219
0.210
0.219
0.220
0.220
0.217
0.206
0.234
0.195
0.217
0.211
0.218
0.218
0.233
0.175
0.190
0.220
0.210
0.220
0.212
0.232
0.213
0.216
0.219
0.219
0.234
0.209
0.227
0.212
0.222
0.221
0.219
0.217
0.223
0.217
0.212
0.217
0.183
0.215
0.222
0.214
0.212
0.214
0.222
0.210
0.173
0.185
0.220
0.206
0.224
0.232
0.218
0.220
0.215
0.217
0.219
0.222
0.221
0.194
0.220
0.217
0.224
0.208
0.220
0.221
0.224
0.216
0.233
0.216
0.211
0.220
0.214
0.223
0.221
0.216
0.232
0.172
0.218
0.210
0.221
0.215
0.223
0.210
0.229
0.217
0.219
0.221
0.212
0.222
0.183
0.222
0.219
0.257
0.236
0.217
0.222
0.217
0.219
0.182
0.221
0.209
0.222
0.209
0.225
0.223
0.211
0.216
0.173
0.224
0.223
0.218
0.219
0.217
0.219
0.210
0.225
0.258
0.219
0.219
0.221
0.222
0.214
0.218
0.210
0.222
0.219
0.211
0.231
0.233
0.221
0.221
0.223
0.215
0.219
0.234
0.220
0.232
0.222
0.174
0.211
0.216
0.183
0.179
0.219
0.218
0.219
0.222
0.220
0.215
0.222
0.187
0.218
0.225
0.219
0.403
0.220
0.229
0.217
0.229
0.217
0.219
0.224
0.217
0.231
0.214
0.223
0.216
0.217
0.228
0.176
0.211
0.179
0.221
0.221
0.216
0.210
0.252
0.225
0.218
0.222
0.232
0.223
0.210
0.216
0.182
0.219
0.219
0.216
0.233
0.234
0.220
0.217
0.216
0.209
0.217
0.234
0.218
0.233
0.215
0.221
0.172
0.234
0.190
0.234
0.206
0.220
0.215
0.220
0.220
0.219
0.217
0.226
0.233
0.223
0.217
0.215
0.221
0.220
0.208
0.221
0.215
0.220
0.219
0.219
0.215
0.212
0.216
0.218
0.217
0.218
0.225
0.176
0.216
0.225
0.209
0.222
0.174
0.221
0.217
0.219
0.217
0.222
0.217
0.214
0.223
0.188
0.214
0.225
0.216
0.212
0.214
0.213
0.207
0.224
0.180
0.218
0.215
0.233
0.218
0.236
0.207
0.212
0.173
0.221
0.217
0.220
0.217
0.234
0.216
0.216
0.211
0.235
0.221
0.236
0.253
0.220
0.220
0.211
0.215
0.212
0.220
0.219
0.206
0.221
0.216
0.219
0.209
0.218
0.214
0.221
0.216
0.220
0.217
0.177
0.177
0.215
0.216
0.183
0.226
0.219
0.217
0.232
0.231
0.219
0.210
0.220
0.210
0.221
0.220
0.223
0.223
0.222
0.222
0.212
0.221
0.230
0.216
0.214
0.215
0.224
0.224
0.225
0.209
0.222
0.171
0.224
0.217
0.211
0.217
0.216
0.216
0.213
0.215
0.270
0.217
0.221
0.170
0.215
0.212
0.399
0.210
0.233
0.221
0.217
0.231
0.224
0.217
0.220
0.225
0.188
0.209
0.221
0.210
0.231
0.224
0.175
0.217
0.214
0.187
0.223
0.217
0.222
0.209
0.223
0.232
0.213
0.231
0.223
0.218
0.223
0.217
0.220
0.217
0.219
0.213
0.223
0.222
0.221
0.218
0.218
0.216
0.143
0.224
0.210
0.217
0.226
0.181
0.219
0.232
0.218
0.209
0.178
0.213
0.223
0.214
0.225
0.212
0.218
0.223
0.209
0.232
0.207
0.230
0.219
0.223
0.216
0.218
0.217
0.213
0.217
0.213
0.210
0.220
0.217
0.232
0.218
0.222
0.175
0.219
0.222
0.218
0.223
0.219
0.222
0.221
0.221
0.210
0.218
0.223
0.218
0.218
0.219
0.219
0.217
0.233
0.215
0.219
0.226
0.257
0.209
0.220
0.222
0.211
0.218
0.209
0.217
0.232
0.220
0.173
0.217
0.219
0.215
0.175
0.202
0.221
0.221
0.230
0.220
0.252
0.231
0.219
0.235
0.189
0.224
0.233
0.219
0.217
0.223
0.222
0.211
0.221
0.223
0.217
0.217
0.217
0.222
0.233
0.234
0.257
0.172
0.217
0.219
0.223
0.217
0.224
0.211
0.218
0.212
0.177
0.220
0.220
0.225
0.219
0.221
0.218
0.231
0.216
0.222
0.222
0.218
0.218
0.219
0.233
0.219
0.218
0.210
0.209
0.217
0.231
0.220
0.174
0.230
0.214
0.218
0.184
0.222
0.232
0.232
0.213
0.224
0.220
0.209
0.222
0.217
0.222
0.223
0.223
0.222
0.224
0.234
0.211
0.222
0.211
0.178
