0.249
0.247
0.215
0.236
0.219
0.205
0.175
0.199
0.213
0.202
0.241
0.159
0.262
0.213
0.234
0.206
0.211
0.207
0.209
0.239
0.246
0.183
0.204
0.213
0.204
0.210
0.206
0.237
0.210
0.191
0.204
0.159
0.205
0.209
0.219
0.206
0.201
0.192
0.208
0.209
0.204
0.208
0.200
0.200
0.195
0.205
0.205
0.218
0.205
0.220
0.232
0.195
0.208
0.203
0.201
0.197
0.208
0.242
0.208
0.201
0.240
0.212
0.214
0.205
0.208
0.206
0.211
0.205
0.214
0.209
0.200
0.207
0.238
0.159
0.213
0.197
0.210
0.211
0.206
0.201
0.238
0.207
0.197
0.201
0.220
0.213
0.206
0.211
0.203
0.202
0.217
0.206
0.212
0.201
0.208
0.214
0.216
0.220
0.205
0.201
0.225
0.205
0.215
0.204
0.199
0.198
0.204
0.215
0.209
0.213
0.243
0.206
0.243
0.205
0.199
0.215
0.209
0.244
0.208
0.172
0.236
0.209
0.242
0.219
0.244
0.209
0.210
0.226
0.211
0.210
0.218
0.204
0.215
0.204
0.178
0.162
0.210
0.211
0.198
0.210
0.247
0.206
0.203
0.207
0.211
0.211
0.201
0.160
0.214
0.174
0.199
0.207
0.206
0.218
0.205
0.204
0.208
0.176
0.207
0.203
0.214
0.205
0.233
0.241
0.208
0.198
0.205
0.219
0.210
0.210
0.208
0.207
0.201
0.193
0.202
0.204
0.221
0.207
0.205
0.207
0.204
0.214
0.192
0.203
0.216
0.207
0.204
0.177
0.204
0.226
0.206
0.210
0.247
0.202
0.219
0.197
0.206
0.154
0.214
0.207
0.253
0.207
0.169
0.197
0.243
0.211
0.206
0.201
0.212
0.205
0.210
0.207
0.214
0.200
0.207
0.205
0.206
0.165
0.208
0.201
0.241
0.199
0.198
0.205
0.221
0.203
0.205
0.219
0.209
0.204
0.198
0.211
0.192
0.198
0.206
0.204
0.220
0.208
0.202
0.214
0.202
0.206
0.228
0.213
0.216
0.210
0.245
0.195
0.203
0.172
0.204
0.204
0.242
0.218
0.211
0.198
0.213
0.227
0.205
0.160
0.216
0.206
0.173
0.191
0.221
0.211
0.211
0.205
0.209
0.207
0.195
0.205
0.203
0.206
0.228
0.206
0.224
0.233
0.198
0.210
0.263
0.208
0.211
0.204
0.231
0.203
0.199
0.219
0.211
0.227
0.206
0.211
0.224
0.198
0.244
0.206
0.205
0.208
0.206
0.197
0.236
0.199
0.230
0.202
0.237
0.206
0.203
0.233
0.204
0.203
0.210
0.207
0.203
0.192
0.220
0.201
0.203
0.208
0.205
0.204
0.229
0.158
0.201
0.196
0.224
0.200
0.162
0.206
0.209
0.203
0.205
0.198
0.218
0.203
0.206
0.198
0.223
0.209
0.202
0.216
0.211
0.214
0.204
0.214
0.205
0.197
0.228
0.235
0.209
0.193
0.203
0.204
0.214
0.204
0.203
0.208
0.215
0.192
0.209
0.205
0.170
0.196
0.208
0.206
0.206
0.205
0.199
0.220
0.201
0.205
0.219
0.201
0.213
0.208
0.211
0.204
0.199
0.226
0.208
0.218
0.217
0.210
0.207
0.159
0.205
0.167
0.209
0.195
0.212
0.209
0.237
0.203
0.229
0.235
0.211
0.210
0.212
0.241
0.201
0.193
0.212
0.206
0.219
0.209
0.244
0.205
0.212
0.205
0.217
0.205
0.201
0.206
0.209
0.172
0.195
0.206
0.209
0.237
0.210
0.231
0.240
0.198
0.213
0.200
0.213
0.212
0.210
0.235
0.177
0.195
0.213
0.204
0.238
0.211
0.240
0.203
0.198
0.210
0.211
0.202
0.253
0.205
0.231
0.163
0.229
0.161
0.206
0.218
0.215
0.233
0.238
0.206
0.202
0.205
0.202
0.204
0.212
0.211
0.169
0.194
0.210
0.210
0.203
0.205
0.211
0.204
0.193
0.219
0.210
0.201
0.201
0.210
0.220
0.174
0.193
0.204
0.226
0.161
0.208
0.244
0.210
0.199
0.199
0.194
0.230
0.211
0.197
0.233
0.216
0.195
0.196
0.207
0.214
0.209
0.205
0.202
0.203
0.202
0.210
0.206
0.214
0.203
0.236
0.217
0.243
0.207
0.206
0.157
0.212
0.158
0.238
0.197
0.207
0.210
0.211
0.205
0.211
0.232
0.207
0.197
0.232
0.205
0.220
0.254
0.262
0.216
0.235
0.245
0.211
0.201
0.204
0.205
0.228
0.210
0.192
0.199
0.203
0.210
0.208
0.215
0.241
0.182
0.200
0.212
0.224
0.205
0.215
0.218
0.212
0.214
0.153
0.208
0.223
0.201
0.213
0.208
0.195
0.193
0.204
0.205
0.213
0.210
0.201
0.200
0.213
0.209
0.200
0.205
0.220
0.203
0.219
0.173
0.197
0.200
0.206
0.205
0.216
0.158
0.205
0.198
0.206
0.205
0.204
0.233
0.240
0.209
0.232
0.234
0.209
0.205
0.215
0.208
0.241
0.247
0.192
0.209
0.221
0.240
0.212
0.205
0.213
0.215
0.199
0.206
0.216
0.226
0.203
0.245
0.220
0.192
0.238
0.206
0.160
0.230
0.205
0.213
0.217
0.209
0.160
0.205
0.241
0.205
0.234
0.206
0.208
0.206
0.241
0.235
0.216
0.207
0.202
0.220
0.220
0.202
0.253
0.205
0.216
0.206
0.208
0.171
0.223
0.205
0.213
0.210
0.218
0.206
0.215
0.197
0.215
0.204
0.201
0.210
0.210
0.218
0.177
0.201
0.198
0.206
0.204
0.206
0.164
0.208
0.233
0.204
0.221
0.206
0.208
0.214
0.212
0.212
0.219
0.215
0.238
0.236
0.190
0.207
0.249
0.228
0.208
0.164
0.210
0.205
0.162
0.201
0.170
0.204
0.210
0.200
0.205
0.245
0.199
0.208
0.201
0.201
0.241
0.197
0.246
0.229
0.202
0.194
0.238
0.208
0.206
0.205
0.216
0.206
0.213
0.234
0.209
0.216
0.207
0.207
0.210
0.200
0.202
0.197
0.205
0.201
0.207
0.205
0.206
0.206
0.208
0.198
0.221
0.205
0.241
0.235
0.210
0.214
0.198
0.207
0.220
0.214
0.207
0.206
0.166
0.228
0.198
0.212
0.248
0.206
0.200
0.241
0.228
0.200
0.240
0.234
0.213
0.211
0.206
0.205
0.169
0.203
0.192
0.207
0.207
0.204
0.205
0.205
0.201
0.207
0.199
0.200
0.213
0.211
0.206
0.186
0.203
0.195
0.220
0.207
0.209
0.213
0.219
0.203
0.241
0.241
0.202
0.211
0.235
0.207
0.194
0.234
0.242
0.210
0.234
0.238
0.210
0.233
0.225
0.211
0.210
0.236
0.234
0.213
0.231
0.232
0.171
0.214
0.221
0.209
0.204
0.402
0.220
0.202
0.192
0.205
0.211
0.218
0.207
0.198
0.173
0.359
0.208
0.206
0.211
0.215
0.429
0.233
0.228
0.199
0.212
0.202
0.236
0.204
0.200
0.242
0.369
0.205
0.219
0.209
0.223
0.444
0.201
0.199
0.214
0.203
0.211
0.237
0.239
0.206
0.177
0.199
0.243
0.214
0.207
0.202
0.211
0.239
0.228
0.199
0.216
0.197
0.231
0.208
0.243
0.231
0.194
0.207
0.199
0.212
0.203
0.209
0.213
0.175
0.204
0.219
0.214
0.202
0.207
0.212
0.212
0.232
0.235
0.213
0.233
0.239
0.211
0.210
0.173
0.203
0.249
0.239
0.213
0.204
0.200
0.232
0.202
0.211
0.192
0.208
0.211
0.237
0.238
0.202
0.199
0.201
0.208
0.212
0.208
0.206
0.198
0.195
0.241
0.205
0.203
0.207
0.164
0.172
0.184
0.206
0.217
0.207
0.240
0.208
0.206
0.231
0.199
0.218
0.237
0.207
0.153
0.210
0.209
0.202
0.226
0.237
0.213
0.235
0.235
0.211
0.252
0.197
0.210
0.214
0.211
0.242
0.221
0.213
0.216
0.203
0.198
0.211
0.239
0.208
0.204
0.211
0.205
0.193
0.201
0.206
0.205
0.206
0.203
0.210
0.199
0.240
0.207
0.203
0.243
0.212
0.218
0.199
0.195
0.215
0.206
0.242
0.211
0.210
0.238
0.204
0.205
0.203
0.195
0.206
0.209
0.245
0.179
0.201
0.239
0.206
0.201
0.206
0.168
0.204
0.192
0.218
0.206
0.226
0.205
0.207
0.247
0.184
0.207
0.206
0.213
0.203
0.207
0.161
0.219
0.202
0.204
0.204
0.209
0.207
0.222
0.214
0.208
0.227
0.239
0.217
0.229
0.199
0.204
0.206
0.197
0.194
0.209
0.207
0.239
0.198
0.211
0.190
0.242
0.209
0.236
0.240
0.213
0.204
0.242
0.207
0.219
0.202
0.221
0.432
0.208
0.209
0.206
0.197
0.202
0.205
0.207
0.196
0.208
0.205
0.154
0.195
0.210
0.218
0.212
0.207
0.235
0.199
0.231
0.209
0.244
0.235
0.209
0.201
0.231
0.174
0.200
0.204
0.222
0.207
0.235
0.235
0.212
0.194
0.206
0.210
0.227
0.207
0.201
0.168
0.210
0.240
0.205
0.211
0.235
0.207
0.209
0.209
0.242
0.208
0.227
0.239
0.212
0.206
0.201
0.174
0.209
0.208
0.211
0.209
0.210
0.234
0.204
0.195
0.203
0.205
0.210
0.206
0.201
0.204
0.226
0.237
0.170
0.201
0.243
0.211
0.208
0.207
0.197
0.207
0.215
0.242
0.207
0.211
0.222
0.208
0.217
0.201
0.207
0.205
0.200
0.226
0.208
0.198
0.208
0.207
0.206
0.232
0.201
0.205
0.204
0.211
0.206
0.215
0.220
0.205
0.209
0.236
0.205
0.196
0.206
0.235
0.211
0.201
0.205
0.193
0.229
0.233
0.201
0.209
0.218
0.243
0.212
0.167
0.208
0.209
0.204
0.238
0.207
0.210
0.243
0.232
0.210
0.199
0.154
0.211
0.211
0.217
0.199
0.212
0.242
0.228
0.203
0.202
0.214
0.208
0.199
0.213
0.205
0.209
0.226
0.239
0.213
0.183
0.193
0.207
0.230
0.193
0.221
0.209
0.210
0.239
0.213
0.203
0.202
0.206
0.201
0.207
0.201
0.199
0.227
0.209
0.208
0.201
0.220
0.206
0.195
0.204
0.201
0.209
0.245
0.242
0.207
0.179
0.197
0.213
0.203
0.205
0.216
0.205
0.240
0.232
0.204
0.206
0.205
0.208
0.134
0.212
0.215
0.209
0.239
0.235
0.209
0.160
0.205
0.207
0.194
0.196
0.215
0.211
0.235
0.244
0.218
0.209
0.240
0.169
0.214
0.206
0.201
0.210
0.237
0.227
0.202
0.214
0.243
0.205
0.197
0.208
0.213
0.208
0.236
0.241
0.211
0.193
0.201
0.214
0.202
0.194
0.205
0.211
0.246
0.240
0.207
0.251
0.239
0.204
0.207
0.233
0.211
0.207
0.211
0.210
0.202
0.204
0.211
0.207
0.207
0.204
0.170
0.206
0.243
0.235
0.209
0.219
0.207
0.211
0.176
0.213
0.204
0.206
0.236
0.194
0.205
0.237
0.199
0.208
0.221
0.208
0.200
0.209
0.245
0.227
0.196
0.209
0.209
0.210
0.201
0.210
0.211
0.200
0.239
0.240
0.212
0.203
0.204
0.213
0.192
0.198
0.204
0.205
0.239
0.238
0.202
0.207
0.233
0.203
0.201
0.204
0.195
0.204
0.233
0.232
0.200
0.202
0.242
0.211
0.223
0.210
0.240
0.212
0.190
0.233
0.200
0.235
0.208
0.212
0.220
0.221
0.215
0.204
0.214
0.226
0.218
0.219
0.212
0.202
0.199
0.202
0.215
0.210
0.230
0.211
0.203
0.210
0.207
0.209
0.199
0.210
0.220
0.202
0.235
0.240
0.208
0.208
0.213
0.210
0.246
0.193
0.207
0.208
0.237
0.235
0.208
0.161
0.165
0.202
0.205
0.218
0.213
0.209
0.239
0.238
0.178
0.234
0.236
0.210
0.202
0.207
0.207
0.184
0.198
0.214
0.162
0.202
0.236
0.208
0.204
0.221
0.250
0.206
0.234
0.245
0.207
0.206
0.169
0.202
0.240
0.217
0.208
0.210
0.211
0.234
0.198
0.205
0.222
0.205
0.206
0.206
0.236
0.205
0.205
0.214
0.207
0.208
0.206
0.210
0.211
0.201
0.218
0.209
0.201
0.206
0.194
0.208
0.212
0.195
0.205
0.207
0.215
0.205
0.208
0.235
0.197
0.192
0.211
0.211
0.213
0.210
0.214
0.212
0.194
0.200
0.204
0.209
0.186
0.207
0.200
0.195
0.193
0.205
0.207
0.212
0.210
0.214
0.244
0.167
0.207
0.205
0.202
0.214
0.209
0.211
0.170
0.210
0.237
0.207
0.204
0.208
0.193
0.206
0.199
0.221
0.213
0.207
0.241
0.210
0.221
0.165
0.210
0.209
0.201
0.220
0.209
0.166
0.236
0.200
0.214
0.209
0.210
0.205
0.208
0.209
0.170
0.161
0.227
0.212
0.207
0.201
0.206
0.205
0.194
0.221
0.206
0.212
0.230
0.207
0.163
0.171
0.201
0.204
0.240
0.241
0.211
0.206
0.218
0.166
0.241
0.226
0.241
0.216
0.210
0.208
0.211
0.202
0.248
0.203
0.200
0.204
0.206
0.209
0.200
0.207
0.206
0.206
0.219
0.213
0.212
0.216
0.198
0.212
0.203
0.201
0.206
0.210
0.237
0.170
0.204
0.216
0.227
0.205
0.198
0.211
0.207
0.192
0.217
0.207
0.209
0.202
0.211
0.210
0.169
0.196
0.208
0.206
0.206
0.194
0.162
0.212
0.164
0.207
0.212
0.202
0.213
0.205
0.204
0.174
0.199
0.211
0.210
0.212
0.201
0.203
0.211
0.200
0.246
0.206
0.215
0.205
0.219
0.209
0.194
0.199
0.210
0.205
0.208
0.208
0.208
0.213
0.192
0.207
0.213
0.234
0.208
0.208
0.206
0.169
0.205
0.204
0.221
0.206
0.215
0.209
0.211
0.191
0.159
0.211
0.209
0.214
0.213
0.207
0.177
0.234
0.216
0.163
0.234
0.210
0.200
0.217
0.198
0.204
0.162
0.227
0.212
0.214
0.219
0.207
0.211
0.205
0.203
0.208
0.205
0.210
0.210
0.205
0.231
0.207
0.215
0.206
0.239
0.206
0.239
0.203
0.213
0.215
0.238
0.209
0.212
0.213
0.193
0.204
0.246
0.205
0.210
0.208
0.207
0.210
0.201
0.208
0.212
0.206
0.205
0.210
0.211
0.171
0.235
0.205
0.213
0.224
0.220
0.207
0.227
0.202
0.210
0.199
0.212
0.205
0.210
0.212
0.165
0.204
0.240
0.242
0.160
0.207
0.212
0.199
0.204
0.201
0.202
0.207
0.201
0.213
0.218
0.207
0.232
0.206
0.208
0.216
0.200
0.212
0.219
0.230
0.208
0.202
0.211
0.207
0.239
0.248
0.174
0.199
0.236
0.235
0.207
0.203
0.211
0.201
0.199
0.195
0.217
0.211
0.212
0.214
0.206
0.211
0.226
0.219
0.208
0.241
0.210
0.206
0.203
0.223
0.199
0.216
0.220
0.209
0.205
0.206
0.233
0.200
0.231
0.238
0.212
0.208
0.160
0.200
0.228
0.237
0.205
0.209
0.199
0.205
0.166
0.238
0.240
0.183
0.215
0.203
0.204
0.196
0.242
0.235
0.203
0.238
0.238
0.211
0.202
0.205
0.211
0.200
0.202
0.208
0.212
0.203
0.235
0.210
0.168
0.196
0.213
0.195
0.214
0.221
0.212
0.219
0.199
0.211
0.221
0.215
0.200
0.199
0.212
0.164
0.164
0.213
0.211
0.204
0.219
0.211
0.235
0.205
0.211
0.217
0.212
0.202
0.215
0.210
0.157
0.214
0.211
0.209
0.238
0.244
0.201
0.209
0.223
0.206
0.208
0.207
0.204
0.208
0.214
0.200
0.204
0.206
0.219
0.214
0.201
0.204
0.206
0.204
0.206
0.219
0.207
0.212
0.227
0.208
0.201
0.202
0.206
0.207
0.209
0.207
0.206
0.215
0.234
0.202
0.203
0.201
0.215
0.208
0.206
0.201
0.204
0.207
0.237
0.208
0.203
0.211
0.208
0.197
0.163
0.206
0.208
0.214
0.211
0.210
0.233
0.209
0.154
0.209
0.237
0.235
0.211
0.208
0.212
0.201
0.203
0.207
0.204
0.195
0.214
0.223
0.201
0.203
0.221
0.211
0.202
0.209
0.206
0.202
0.202
0.203
0.210
0.243
0.232
0.206
0.203
0.211
0.241
0.206
0.209
0.222
0.210
0.206
0.189
0.199
0.200
0.209
0.208
0.201
0.205
0.210
0.199
0.203
0.249
0.211
0.215
0.211
0.202
0.191
0.194
0.222
0.211
0.205
0.219
0.209
0.210
0.210
0.248
0.208
0.174
0.206
0.203
0.209
0.202
0.199
0.156
0.213
0.209
0.206
0.213
0.208
0.198
0.203
0.226
0.208
0.217
0.205
0.207
0.206
0.199
0.228
0.211
0.208
