0.283
0.215
0.231
0.195
0.208
0.201
0.161
0.204
0.205
0.615
0.202
0.190
0.211
0.193
0.169
0.193
0.209
0.203
0.205
0.195
0.205
0.202
0.194
0.204
0.162
0.228
0.200
0.192
0.206
0.200
0.207
0.195
0.198
0.188
0.209
0.191
0.204
0.162
0.203
0.205
0.191
0.208
0.206
0.207
0.209
0.199
0.206
0.209
0.196
0.194
0.205
0.196
0.208
0.632
0.198
0.201
0.197
0.205
0.197
0.200
0.203
0.193
0.192
0.201
0.199
0.195
0.205
0.193
0.156
0.201
0.160
0.163
0.198
0.202
0.192
0.204
0.211
0.203
0.159
0.207
0.200
0.207
0.202
0.183
0.210
0.168
0.203
0.213
0.203
0.202
0.211
0.235
0.192
0.200
0.181
0.203
0.203
0.615
0.199
0.149
0.212
0.191
0.199
0.208
0.200
0.201
0.221
0.208
0.208
0.202
0.197
0.200
0.199
0.193
0.202
0.207
0.198
0.192
0.208
0.195
0.196
0.203
0.208
0.204
0.205
0.200
0.194
0.195
0.191
0.201
0.159
0.188
0.209
0.202
0.203
0.196
0.200
0.180
0.196
0.204
0.204
0.623
0.204
0.205
0.193
0.202
0.204
0.184
0.210
0.200
0.202
0.202
0.209
0.193
0.194
0.197
0.213
0.201
0.211
0.198
0.208
0.157
0.194
0.204
0.205
0.200
0.203
0.199
0.200
0.207
0.160
0.188
0.206
0.200
0.206
0.201
0.203
0.157
0.194
0.194
0.199
0.202
0.202
0.206
0.202
0.613
0.208
0.193
0.199
0.170
0.201
0.200
0.158
0.205
0.202
0.197
0.196
0.205
0.180
0.203
0.200
0.206
0.204
0.195
0.206
0.226
0.206
0.204
0.199
0.205
0.193
0.202
0.202
0.209
0.199
0.207
0.199
0.203
0.201
0.193
0.207
0.196
0.199
0.158
0.197
0.202
0.208
0.214
0.209
0.203
0.194
0.187
0.201
0.209
0.205
0.210
0.199
0.202
0.201
0.628
0.203
0.168
0.203
0.194
0.206
0.206
0.203
0.200
0.190
0.203
0.202
0.202
0.198
0.202
0.156
0.201
0.198
0.200
0.200
0.166
0.203
0.203
0.220
0.204
0.205
0.197
0.193
0.196
0.210
0.205
0.203
0.201
0.203
0.193
0.199
0.191
0.211
0.203
0.205
0.205
0.201
0.205
0.195
0.207
0.199
0.159
0.203
0.208
0.205
0.201
0.200
0.187
0.202
0.605
0.199
0.208
0.198
0.206
0.205
0.196
0.201
0.204
0.164
0.207
0.203
0.207
0.193
0.205
0.202
0.199
0.205
0.208
0.200
0.208
0.204
0.194
0.163
0.200
0.192
0.208
0.202
0.203
0.201
0.202
0.193
0.214
0.197
0.196
0.199
0.204
0.200
0.202
0.198
0.201
0.198
0.203
0.194
0.192
0.206
0.204
0.204
0.204
0.207
0.196
0.206
0.168
0.207
0.635
0.207
0.202
0.202
0.202
0.197
0.204
0.174
0.205
0.198
0.205
0.199
0.203
0.198
0.197
0.198
0.201
0.210
0.201
0.200
0.211
0.196
0.204
0.196
0.185
0.208
0.209
0.199
0.207
0.198
0.193
0.158
0.194
0.199
0.207
0.202
0.208
0.202
0.240
0.207
0.195
0.204
0.206
0.206
0.207
0.207
0.159
0.204
0.186
0.207
0.168
0.207
0.204
0.207
0.631
0.198
0.201
0.207
0.206
0.185
0.208
0.199
0.157
0.209
0.199
0.207
0.203
0.202
0.204
0.202
0.193
0.204
0.200
0.209
0.213
0.194
0.205
0.203
0.205
0.203
0.201
0.203
0.194
0.205
0.195
0.202
0.201
0.201
0.202
0.205
0.205
0.193
0.202
0.154
0.211
0.203
0.188
0.206
0.202
0.202
0.200
0.203
0.194
0.206
0.208
0.192
0.209
0.201
0.611
0.202
0.196
0.168
0.201
0.204
0.209
0.201
0.211
0.198
0.202
0.201
0.211
0.204
0.207
0.200
0.158
0.198
0.204
0.196
0.204
0.198
0.201
0.201
0.208
0.202
0.204
0.205
0.192
0.205
0.203
0.191
0.160
0.203
0.158
0.194
0.201
0.201
0.201
0.207
0.207
0.201
0.202
0.205
0.203
0.204
0.199
0.159
0.205
0.198
0.202
0.207
0.203
0.203
0.594
0.228
0.207
0.199
0.207
0.203
0.192
0.203
0.191
0.198
0.207
0.201
0.200
0.207
0.201
0.202
0.211
0.196
0.201
0.210
0.207
0.202
0.194
0.206
0.160
0.475
0.193
0.192
0.202
0.206
0.195
0.208
0.207
0.200
0.211
0.194
0.204
0.204
0.203
0.198
0.203
0.197
0.197
0.197
0.193
0.205
0.194
0.205
0.211
0.202
0.623
0.197
0.202
0.193
0.197
0.165
0.219
0.194
0.195
0.199
0.191
0.203
0.201
0.199
0.206
0.207
0.203
0.205
0.205
0.194
0.192
0.205
0.161
0.199
0.204
0.511
0.206
0.205
0.185
0.222
0.201
0.215
0.208
0.205
0.200
0.198
0.153
0.192
0.204
0.203
0.196
0.204
0.204
0.203
0.199
0.208
0.202
0.202
0.204
0.202
0.626
0.204
0.200
0.207
0.213
0.183
0.204
0.203
0.201
0.206
0.202
0.205
0.191
0.194
0.194
0.203
0.211
0.157
0.153
0.209
0.201
0.193
0.205
0.200
0.165
0.469
0.195
0.204
0.198
0.208
0.158
0.200
0.200
0.203
0.206
0.203
0.194
0.194
0.195
0.190
0.205
0.212
0.195
0.210
0.206
0.203
0.198
0.210
0.158
0.208
0.696
0.209
0.219
0.228
0.218
0.196
0.200
0.171
0.200
0.201
0.207
0.201
0.199
0.197
0.190
0.205
0.201
0.205
0.200
0.211
0.205
0.198
0.200
0.195
0.187
0.472
0.203
0.201
0.202
0.158
0.191
0.202
0.199
0.202
0.206
0.200
0.199
0.195
0.205
0.199
0.195
0.204
0.190
0.204
0.200
0.200
0.210
0.203
0.191
0.225
0.614
0.202
0.201
0.204
0.199
0.204
0.210
0.197
0.207
0.176
0.158
0.207
0.201
0.205
0.193
0.203
0.202
0.209
0.172
0.198
0.204
0.199
0.197
0.204
0.205
0.466
0.200
0.207
0.237
0.205
0.203
0.210
0.205
0.201
0.200
0.205
0.226
0.206
0.194
0.205
0.204
0.159
0.208
0.190
0.202
0.205
0.192
0.164
0.211
0.192
0.638
0.200
0.192
0.203
0.208
0.197
0.200
0.202
0.200
0.205
0.204
0.167
0.195
0.201
0.200
0.197
0.220
0.204
0.193
0.205
0.179
0.208
0.159
0.208
0.202
0.469
0.193
0.193
0.203
0.203
0.190
0.207
0.205
0.199
0.203
0.202
0.188
0.209
0.203
0.199
0.202
0.200
0.205
0.193
0.193
0.196
0.201
0.202
0.178
0.199
0.209
0.625
0.199
0.157
0.201
0.206
0.202
0.198
0.161
0.200
0.193
0.209
0.206
0.167
0.201
0.197
0.212
0.207
0.152
0.247
0.198
0.179
0.176
0.203
0.219
0.206
0.178
0.470
0.198
0.192
0.203
0.203
0.180
0.203
0.152
0.208
0.199
0.201
0.193
0.198
0.206
0.200
0.193
0.205
0.205
0.192
0.206
0.193
0.204
0.200
0.203
0.203
0.201
0.626
0.197
0.198
0.193
0.165
0.200
0.205
0.205
0.209
0.201
0.198
0.206
0.161
0.201
0.207
0.206
0.207
0.207
0.202
0.200
0.195
0.198
0.204
0.202
0.194
0.211
0.466
0.201
0.193
0.198
0.202
0.208
0.202
0.205
0.201
0.204
0.205
0.188
0.204
0.201
0.205
0.202
0.205
0.165
0.196
0.205
0.193
0.201
0.201
0.216
0.200
0.202
0.626
0.191
0.212
0.204
0.204
0.200
0.201
0.207
0.200
0.202
0.207
0.218
0.193
0.200
0.196
0.207
0.202
0.204
0.198
0.197
0.201
0.189
0.158
0.205
0.202
0.201
0.478
0.209
0.194
0.201
0.188
0.206
0.206
0.189
0.247
0.205
0.193
0.201
0.194
0.190
0.207
0.210
0.203
0.196
0.216
0.201
0.197
0.203
0.200
0.192
0.210
0.203
0.621
0.158
0.155
0.193
0.201
0.194
0.205
0.204
0.203
0.191
0.205
0.202
0.198
0.202
0.198
0.194
0.205
0.203
0.199
0.199
0.205
0.174
0.214
0.206
0.201
0.203
0.471
0.202
0.196
0.204
0.185
0.204
0.158
0.203
0.198
0.205
0.199
0.199
0.202
0.244
0.198
0.209
0.197
0.211
0.193
0.201
0.187
0.201
0.201
0.157
0.200
0.209
0.622
0.185
0.205
0.187
0.212
0.203
0.206
0.194
0.202
0.212
0.200
0.166
0.197
0.204
0.200
0.224
0.201
0.193
0.208
0.208
0.208
0.170
0.198
0.201
0.208
0.197
0.484
0.199
0.193
0.199
0.179
0.200
0.199
0.198
0.200
0.202
0.202
0.200
0.201
0.203
0.205
0.199
0.165
0.193
0.203
0.202
0.191
0.195
0.203
0.197
0.190
0.221
0.562
0.175
0.176
0.196
0.171
0.208
0.199
0.207
0.206
0.207
0.199
0.191
0.198
0.205
0.208
0.187
0.205
0.206
0.203
0.211
0.204
0.152
0.214
0.207
0.209
0.205
0.474
0.210
0.198
0.199
0.197
0.201
0.200
0.206
0.193
0.224
0.207
0.189
0.210
0.200
0.196
0.208
0.204
0.207
0.200
0.195
0.207
0.201
0.205
0.206
0.202
0.203
0.578
0.203
0.197
0.194
0.207
0.204
0.204
0.203
0.191
0.194
0.206
0.197
0.191
0.203
0.197
0.202
0.200
0.193
0.207
0.197
0.210
0.173
0.200
0.200
0.202
0.202
0.202
0.201
0.167
0.471
0.187
0.159
0.211
0.196
0.209
0.217
0.201
0.200
0.207
0.190
0.211
0.190
0.206
0.202
0.204
0.201
0.190
0.204
0.204
0.205
0.200
0.201
0.201
0.203
0.203
0.202
0.207
0.197
0.617
0.204
0.203
0.205
0.157
0.203
0.198
0.194
0.206
0.193
0.203
0.202
0.210
0.192
0.207
0.193
0.199
0.201
0.208
0.201
0.203
0.199
0.158
0.200
0.198
0.204
0.213
0.205
0.204
0.486
0.205
0.190
0.204
0.198
0.205
0.160
0.198
0.203
0.202
0.206
0.179
0.209
0.196
0.185
0.204
0.207
0.203
0.185
0.213
0.197
0.199
0.203
0.197
0.200
0.202
0.191
0.207
0.206
0.616
0.204
0.199
0.202
0.201
0.200
0.217
0.195
0.158
0.191
0.203
0.206
0.205
0.193
0.209
0.201
0.188
0.206
0.192
0.206
0.210
0.196
0.207
0.207
0.203
0.199
0.206
0.193
0.206
0.480
0.202
0.201
0.201
0.196
0.190
0.204
0.199
0.194
0.203
0.155
0.203
0.200
0.207
0.194
0.199
0.195
0.211
0.209
0.234
0.207
0.199
0.211
0.191
0.195
0.200
0.206
0.208
0.204
0.582
0.188
0.200
0.190
0.206
0.204
0.201
0.203
0.203
0.226
0.211
0.193
0.161
0.225
0.203
0.227
0.200
0.217
0.203
0.197
0.194
0.174
0.203
0.159
0.210
0.192
0.204
0.202
0.198
0.464
0.198
0.204
0.203
0.202
0.211
0.184
0.206
0.195
0.193
0.208
0.205
0.206
0.201
0.160
0.203
0.203
0.192
0.201
0.199
0.206
0.200
0.198
0.207
0.194
0.208
0.201
0.201
0.205
0.628
0.192
0.206
0.206
0.197
0.203
0.187
0.208
0.207
0.203
0.199
0.200
0.205
0.193
0.203
0.171
0.156
0.191
0.206
0.201
0.206
0.198
0.189
0.202
0.177
0.186
0.203
0.209
0.208
0.468
0.202
0.194
0.200
0.176
0.200
0.204
0.205
0.202
0.190
0.201
0.194
0.195
0.205
0.206
0.199
0.202
0.200
0.158
0.204
0.193
0.205
0.201
0.212
0.204
0.198
0.191
0.209
0.202
0.576
0.207
0.203
0.193
0.205
0.198
0.204
0.186
0.207
0.167
0.200
0.206
0.201
0.204
0.206
0.198
0.198
0.215
0.203
0.203
0.155
0.204
0.201
0.200
0.199
0.197
0.202
0.207
0.194
0.210
0.200
0.198
0.206
0.207
0.192
0.208
0.198
0.212
0.203
0.198
0.202
0.194
0.421
0.201
0.201
0.211
0.627
0.208
0.199
0.208
0.194
0.170
0.191
0.211
0.202
0.196
0.209
0.203
0.203
0.192
0.201
0.185
0.205
0.195
0.206
0.210
0.211
0.199
0.195
0.208
0.193
0.191
0.204
0.200
0.199
0.200
0.197
0.200
0.200
0.194
0.210
0.214
0.155
0.207
0.198
0.194
0.198
0.189
0.209
0.212
0.192
0.215
0.619
0.194
0.209
0.194
0.198
0.195
0.202
0.204
0.202
0.193
0.192
0.195
0.196
0.198
0.202
0.211
0.199
0.203
0.204
0.188
0.208
0.155
0.202
0.204
0.199
0.205
0.211
0.200
0.195
0.192
0.201
0.172
0.199
0.202
0.207
0.192
0.206
0.194
0.204
0.207
0.203
0.202
0.202
0.196
0.204
0.203
0.655
0.202
0.203
0.204
0.205
0.203
0.157
0.197
0.193
0.199
0.200
0.204
0.204
0.194
0.210
0.229
0.193
0.206
0.187
0.199
0.159
0.197
0.206
0.202
0.203
0.196
0.202
0.122
0.205
0.198
0.205
0.204
0.206
0.200
0.195
0.201
0.203
0.151
0.205
0.194
0.203
0.205
0.206
0.196
0.201
0.193
0.628
0.208
0.197
0.209
0.195
0.201
0.199
0.207
0.199
0.202
0.202
0.207
0.198
0.202
0.199
0.158
0.205
0.203
0.201
0.200
0.204
0.204
0.159
0.198
0.197
0.201
0.201
0.202
0.204
0.201
0.190
0.199
0.200
0.166
0.210
0.200
0.204
0.207
0.210
0.193
0.204
0.201
0.207
0.207
0.201
0.208
0.627
0.195
0.207
0.209
0.202
0.203
0.200
0.159
0.201
0.205
0.193
0.202
0.193
0.197
0.197
0.209
0.199
0.193
0.206
0.202
0.204
0.204
0.200
0.212
0.206
0.207
0.217
0.200
0.222
0.207
0.193
0.202
0.204
0.215
0.194
0.201
0.204
0.200
0.163
0.166
0.207
0.155
0.200
0.205
0.207
0.209
0.675
0.200
0.176
0.196
0.210
0.201
0.200
0.204
0.197
0.199
0.213
0.200
0.194
0.206
0.159
0.202
0.200
0.202
0.194
0.200
0.205
0.205
0.202
0.160
0.198
0.193
0.200
0.184
0.208
0.202
0.199
0.195
0.195
0.203
0.198
0.216
0.164
0.203
0.202
0.201
0.205
0.203
0.205
0.184
0.208
0.196
0.619
0.212
0.198
0.198
0.201
0.186
0.195
0.211
0.157
0.207
0.207
0.200
0.202
0.202
0.203
0.191
0.201
0.203
0.204
0.199
0.207
0.192
0.201
0.203
0.197
0.204
0.205
0.201
0.205
0.191
0.122
0.194
0.206
0.198
0.200
0.201
0.204
0.208
0.208
0.166
0.205
0.207
0.194
0.203
0.204
0.191
0.611
0.197
0.206
0.192
0.206
0.183
0.200
0.197
0.204
0.197
0.222
0.214
0.205
0.204
0.201
0.203
0.196
0.203
0.205
0.207
0.197
0.195
0.201
0.201
0.163
0.205
0.205
0.201
0.199
0.203
0.197
0.185
0.195
0.210
0.203
0.206
0.199
0.196
0.204
0.192
0.199
0.195
0.210
0.627
0.200
0.220
0.208
0.201
0.198
0.206
0.199
0.203
0.200
0.207
0.202
0.149
0.206
0.165
0.205
0.205
0.203
0.206
0.200
0.205
0.189
0.202
0.184
0.207
0.199
0.196
0.205
0.197
0.212
0.194
0.204
0.199
0.198
0.202
0.204
0.197
0.213
0.201
0.199
0.202
0.201
0.211
0.575
0.199
0.200
0.197
0.199
0.198
0.202
0.201
0.190
0.195
0.205
0.203
0.192
0.204
0.165
0.202
0.200
0.196
0.209
0.206
0.237
0.195
0.196
0.167
0.206
0.205
0.198
0.208
0.201
0.208
0.189
0.159
0.177
0.188
0.202
0.210
0.204
0.208
0.204
0.185
0.202
0.196
0.202
0.612
0.229
0.174
0.204
0.211
0.196
0.215
0.165
0.205
0.197
0.159
0.194
0.194
0.203
0.184
0.204
0.202
0.200
0.202
0.158
0.203
0.192
0.197
0.198
0.201
0.207
0.200
0.186
0.212
0.204
0.201
0.201
0.164
0.157
0.207
0.208
0.207
0.205
0.199
0.199
0.205
0.197
0.145
0.621
0.201
0.200
0.194
0.213
0.194
0.205
0.161
0.200
0.194
0.200
0.193
0.201
0.205
0.198
0.198
0.174
0.200
0.193
0.190
0.210
0.193
0.201
0.194
0.197
0.203
0.203
0.191
0.204
0.207
0.193
0.205
0.197
0.204
0.205
0.215
0.198
0.201
0.159
0.192
0.201
0.177
0.204
0.705
0.214
0.200
0.195
0.209
