0.314
0.196
0.211
0.214
0.249
0.248
0.242
0.210
0.212
0.215
0.213
0.203
0.216
0.215
0.198
0.206
0.204
0.219
0.214
0.220
0.222
0.208
0.253
0.183
0.206
0.213
0.204
0.211
0.222
0.243
0.211
0.242
0.245
0.210
0.243
0.214
0.247
0.216
0.206
0.221
0.217
0.213
0.213
0.210
0.214
0.215
0.214
0.218
0.222
0.242
0.215
0.228
0.220
0.173
0.199
0.215
0.249
0.210
0.214
0.240
0.213
0.197
0.213
0.213
0.215
0.214
0.236
0.210
0.181
0.163
0.202
0.226
0.219
0.215
0.206
0.210
0.221
0.211
0.197
0.205
0.216
0.241
0.235
0.185
0.212
0.165
0.228
0.214
0.253
0.228
0.211
0.229
0.252
0.212
0.236
0.249
0.250
0.213
0.162
0.236
0.216
0.205
0.208
0.234
0.209
0.213
0.217
0.201
0.219
0.211
0.224
0.241
0.248
0.252
0.202
0.234
0.217
0.214
0.205
0.239
0.208
0.198
0.200
0.216
0.210
0.196
0.243
0.218
0.216
0.196
0.213
0.235
0.229
0.209
0.206
0.219
0.238
0.198
0.212
0.235
0.219
0.236
0.234
0.211
0.241
0.210
0.220
0.173
0.216
0.207
0.210
0.170
0.223
0.210
0.204
0.217
0.248
0.211
0.208
0.228
0.215
0.221
0.210
0.210
0.245
0.219
0.183
0.204
0.229
0.236
0.214
0.208
0.241
0.209
0.216
0.217
0.221
0.213
0.213
0.236
0.220
0.198
0.241
0.212
0.215
0.209
0.247
0.214
0.218
0.229
0.211
0.216
0.224
0.211
0.239
0.201
0.211
0.211
0.218
0.204
0.214
0.229
0.236
0.217
0.202
0.208
0.235
0.214
0.219
0.159
0.212
0.227
0.244
0.212
0.226
0.211
0.234
0.212
0.215
0.229
0.172
0.207
0.242
0.208
0.244
0.228
0.237
0.203
0.219
0.208
0.212
0.242
0.247
0.209
0.204
0.230
0.217
0.210
0.214
0.213
0.214
0.250
0.210
0.216
0.219
0.240
0.243
0.214
0.216
0.206
0.201
0.244
0.247
0.211
0.250
0.218
0.246
0.201
0.213
0.254
0.216
0.214
0.250
0.209
0.178
0.196
0.213
0.214
0.217
0.221
0.211
0.160
0.229
0.209
0.205
0.214
0.214
0.167
0.210
0.176
0.209
0.217
0.161
0.210
0.249
0.210
0.248
0.202
0.171
0.245
0.210
0.219
0.252
0.210
0.174
0.198
0.219
0.210
0.211
0.237
0.217
0.216
0.232
0.203
0.233
0.216
0.221
0.211
0.254
0.211
0.201
0.222
0.221
0.202
0.245
0.251
0.213
0.201
0.200
0.243
0.214
0.243
0.210
0.202
0.219
0.197
0.220
0.213
0.219
0.223
0.210
0.215
0.237
0.164
0.213
0.204
0.224
0.212
0.244
0.235
0.207
0.214
0.219
0.210
0.206
0.214
0.231
0.196
0.206
0.228
0.209
0.214
0.251
0.209
0.216
0.205
0.241
0.211
0.213
0.237
0.217
0.210
0.172
0.201
0.218
0.209
0.211
0.219
0.216
0.220
0.205
0.211
0.230
0.209
0.210
0.242
0.247
0.183
0.236
0.236
0.219
0.214
0.213
0.216
0.222
0.199
0.221
0.211
0.203
0.246
0.221
0.215
0.174
0.207
0.216
0.165
0.232
0.210
0.219
0.244
0.208
0.236
0.235
0.202
0.223
0.207
0.217
0.203
0.208
0.250
0.211
0.204
0.215
0.215
0.209
0.199
0.222
0.210
0.206
0.210
0.216
0.203
0.219
0.210
0.213
0.214
0.227
0.215
0.247
0.234
0.204
0.208
0.229
0.213
0.211
0.249
0.247
0.216
0.207
0.237
0.215
0.210
0.236
0.215
0.232
0.198
0.206
0.212
0.217
0.245
0.211
0.215
0.253
0.208
0.210
0.214
0.253
0.165
0.211
0.214
0.207
0.211
0.226
0.203
0.216
0.212
0.243
0.212
0.212
0.226
0.210
0.219
0.217
0.213
0.204
0.173
0.253
0.211
0.204
0.215
0.219
0.248
0.210
0.222
0.216
0.251
0.243
0.210
0.222
0.246
0.176
0.207
0.245
0.215
0.216
0.208
0.171
0.209
0.205
0.214
0.217
0.205
0.216
0.209
0.222
0.234
0.234
0.211
0.244
0.236
0.211
0.241
0.242
0.207
0.207
0.214
0.229
0.209
0.208
0.162
0.208
0.198
0.227
0.205
0.219
0.216
0.239
0.212
0.212
0.233
0.211
0.214
0.223
0.214
0.214
0.213
0.234
0.212
0.213
0.221
0.214
0.229
0.237
0.204
0.221
0.212
0.218
0.215
0.214
0.208
0.209
0.218
0.222
0.213
0.207
0.215
0.252
0.211
0.206
0.163
0.221
0.220
0.217
0.210
0.224
0.205
0.218
0.232
0.218
0.156
0.210
0.244
0.267
0.225
0.203
0.216
0.240
0.210
0.215
0.239
0.216
0.196
0.240
0.210
0.218
0.213
0.212
0.211
0.215
0.200
0.211
0.219
0.222
0.210
0.219
0.223
0.214
0.210
0.223
0.234
0.217
0.244
0.235
0.187
0.209
0.216
0.206
0.219
0.214
0.210
0.209
0.202
0.220
0.217
0.210
0.218
0.244
0.215
0.214
0.236
0.233
0.213
0.241
0.208
0.214
0.209
0.202
0.206
0.219
0.227
0.205
0.235
0.245
0.211
0.199
0.213
0.222
0.209
0.216
0.236
0.216
0.168
0.197
0.167
0.217
0.213
0.237
0.210
0.217
0.222
0.214
0.209
0.222
0.211
0.206
0.214
0.206
0.208
0.250
0.249
0.224
0.218
0.244
0.215
0.205
0.227
0.228
0.209
0.215
0.218
0.212
0.178
0.214
0.211
0.210
0.214
0.218
0.210
0.218
0.221
0.214
0.212
0.208
0.216
0.176
0.213
0.177
0.207
0.213
0.226
0.216
0.204
0.212
0.209
0.202
0.226
0.241
0.210
0.213
0.223
0.215
0.177
0.233
0.216
0.218
0.159
0.221
0.215
0.207
0.199
0.210
0.212
0.217
0.210
0.228
0.206
0.213
0.201
0.214
0.219
0.218
0.209
0.226
0.208
0.210
0.215
0.214
0.209
0.216
0.202
0.211
0.205
0.223
0.209
0.206
0.204
0.220
0.248
0.213
0.204
0.214
0.239
0.246
0.211
0.220
0.210
0.207
0.211
0.213
0.215
0.212
0.241
0.251
0.211
0.182
0.199
0.216
0.211
0.203
0.211
0.213
0.203
0.244
0.209
0.219
0.214
0.210
0.165
0.220
0.170
0.202
0.213
0.252
0.212
0.207
0.228
0.213
0.201
0.208
0.211
0.214
0.203
0.211
0.210
0.205
0.203
0.227
0.210
0.216
0.211
0.215
0.216
0.218
0.213
0.206
0.213
0.253
0.219
0.216
0.174
0.206
0.227
0.219
0.211
0.210
0.214
0.213
0.205
0.215
0.242
0.211
0.209
0.258
0.209
0.182
0.197
0.220
0.210
0.213
0.213
0.217
0.210
0.203
0.205
0.215
0.213
0.210
0.213
0.240
0.164
0.166
0.220
0.221
0.212
0.227
0.164
0.213
0.200
0.198
0.244
0.221
0.208
0.213
0.231
0.184
0.231
0.244
0.209
0.217
0.237
0.209
0.214
0.243
0.207
0.208
0.194
0.244
0.211
0.240
0.242
0.219
0.208
0.245
0.214
0.252
0.213
0.236
0.175
0.203
0.206
0.209
0.199
0.222
0.209
0.161
0.202
0.223
0.210
0.227
0.213
0.214
0.250
0.187
0.169
0.210
0.212
0.213
0.211
0.253
0.238
0.201
0.163
0.221
0.209
0.215
0.211
0.241
0.175
0.204
0.245
0.215
0.215
0.210
0.170
0.233
0.208
0.241
0.210
0.216
0.250
0.203
0.244
0.187
0.203
0.210
0.216
0.213
0.214
0.219
0.233
0.211
0.206
0.220
0.210
0.220
0.178
0.214
0.201
0.252
0.237
0.211
0.214
0.230
0.210
0.213
0.196
0.246
0.211
0.204
0.222
0.217
0.210
0.219
0.196
0.216
0.201
0.228
0.209
0.215
0.243
0.207
0.197
0.262
0.164
0.228
0.208
0.240
0.215
0.206
0.221
0.219
0.210
0.209
0.209
0.220
0.203
0.168
0.209
0.216
0.161
0.210
0.219
0.243
0.203
0.205
0.209
0.223
0.214
0.213
0.232
0.181
0.199
0.245
0.203
0.241
0.203
0.221
0.212
0.208
0.226
0.215
0.228
0.266
0.210
0.215
0.187
0.223
0.211
0.212
0.237
0.215
0.212
0.236
0.205
0.215
0.214
0.214
0.212
0.219
0.234
0.187
0.198
0.252
0.215
0.197
0.171
0.240
0.212
0.202
0.220
0.218
0.213
0.236
0.213
0.214
0.213
0.212
0.213
0.220
0.221
0.210
0.242
0.248
0.205
0.200
0.213
0.230
0.215
0.208
0.241
0.217
0.214
0.248
0.214
0.212
0.210
0.217
0.210
0.205
0.231
0.210
0.209
0.246
0.212
0.210
0.228
0.213
0.213
0.215
0.217
0.207
0.212
0.212
0.206
0.212
0.220
0.239
0.209
0.171
0.218
0.212
0.204
0.215
0.214
0.223
0.208
0.219
0.164
0.178
0.218
0.220
0.213
0.211
0.210
0.243
0.242
0.237
0.211
0.219
0.219
0.214
0.215
0.169
0.172
0.196
0.215
0.242
0.215
0.214
0.235
0.215
0.199
0.231
0.231
0.218
0.214
0.214
0.209
0.178
0.205
0.210
0.252
0.219
0.210
0.220
0.206
0.221
0.209
0.220
0.242
0.215
0.217
0.214
0.213
0.209
0.214
0.220
0.213
0.214
0.232
0.208
0.243
0.242
0.211
0.199
0.201
0.213
0.211
0.213
0.161
0.214
0.196
0.218
0.210
0.244
0.226
0.203
0.202
0.241
0.236
0.211
0.202
0.252
0.214
0.202
0.219
0.248
0.210
0.212
0.219
0.220
0.170
0.212
0.209
0.215
0.215
0.248
0.210
0.214
0.228
0.210
0.207
0.221
0.214
0.216
0.235
0.177
0.207
0.207
0.207
0.233
0.239
0.238
0.209
0.213
0.216
0.248
0.212
0.215
0.227
0.209
0.174
0.225
0.209
0.221
0.212
0.216
0.211
0.213
0.244
0.217
0.164
0.205
0.210
0.219
0.211
0.203
0.208
0.215
0.211
0.211
0.212
0.257
0.213
0.197
0.211
0.242
0.165
0.205
0.210
0.214
0.209
0.202
0.211
0.215
0.213
0.209
0.208
0.200
0.217
0.206
0.223
0.229
0.209
0.210
0.216
0.229
0.200
0.209
0.222
0.209
0.213
0.251
0.210
0.201
0.198
0.225
0.209
0.216
0.214
0.210
0.215
0.222
0.222
0.217
0.206
0.215
0.209
0.239
0.232
0.216
0.213
0.199
0.168
0.216
0.211
0.215
0.206
0.241
0.212
0.211
0.213
0.216
0.203
0.173
0.196
0.239
0.216
0.216
0.466
0.220
0.215
0.198
0.212
0.446
0.221
0.216
0.210
0.220
0.213
0.204
0.206
0.222
0.210
0.386
0.212
0.237
0.204
0.248
0.334
0.222
0.209
0.222
0.212
0.318
0.232
0.216
0.216
0.220
0.276
0.212
0.198
0.220
0.211
0.266
0.211
0.221
0.209
0.212
0.135
0.210
0.215
0.217
0.212
0.182
0.176
0.249
0.207
0.230
0.135
0.202
0.210
0.218
0.212
0.134
0.201
0.230
0.215
0.224
0.134
0.212
0.235
0.232
0.206
0.142
0.214
0.228
0.210
0.221
0.133
0.208
0.253
0.237
0.211
0.149
0.210
0.246
0.203
0.212
0.168
0.213
0.249
0.211
0.210
0.181
0.203
0.227
0.215
0.252
0.204
0.209
0.215
0.242
0.170
0.198
0.196
0.254
0.211
0.242
0.229
0.206
0.207
0.218
0.202
0.203
0.213
0.249
0.171
0.216
0.231
0.215
0.205
0.215
0.211
0.203
0.202
0.253
0.210
0.211
0.201
0.216
0.246
0.177
0.204
0.208
0.214
0.174
0.216
0.229
0.231
0.202
0.216
0.213
0.217
0.221
0.230
0.247
0.179
0.218
0.242
0.207
0.165
0.214
0.211
0.254
0.248
0.222
0.215
0.217
0.243
0.215
0.227
0.221
0.202
0.213
0.198
0.218
0.210
0.251
0.237
0.211
0.212
0.225
0.223
0.254
0.239
0.241
0.210
0.219
0.162
0.214
0.216
0.262
0.230
0.250
0.209
0.246
0.216
0.216
0.220
0.216
0.217
0.240
0.202
0.220
0.201
0.214
0.205
0.215
0.242
0.166
0.209
0.213
0.216
0.205
0.202
0.230
0.212
0.171
0.241
0.224
0.215
0.248
0.218
0.244
0.218
0.244
0.218
0.219
0.244
0.211
0.210
0.242
0.204
0.213
0.211
0.221
0.207
0.219
0.237
0.183
0.204
0.248
0.216
0.215
0.213
0.234
0.210
0.216
0.244
0.213
0.159
0.216
0.215
0.249
0.170
0.246
0.213
0.217
0.252
0.221
0.219
0.239
0.203
0.214
0.211
0.228
0.210
0.214
0.241
0.210
0.197
0.221
0.212
0.221
0.213
0.218
0.214
0.200
0.199
0.216
0.213
0.214
0.210
0.218
0.207
0.233
0.216
0.228
0.212
0.212
0.199
0.217
0.241
0.205
0.208
0.217
0.209
0.215
0.204
0.216
0.198
0.251
0.211
0.211
0.215
0.227
0.210
0.204
0.245
0.216
0.209
0.221
0.167
0.210
0.244
0.236
0.210
0.212
0.254
0.215
0.218
0.218
0.203
0.203
0.211
0.165
0.210
0.214
0.235
0.211
0.213
0.220
0.209
0.213
0.165
0.241
0.216
0.207
0.230
0.214
0.213
0.209
0.216
0.221
0.210
0.215
0.209
0.217
0.218
0.210
0.214
0.227
0.173
0.201
0.214
0.216
0.212
0.215
0.217
0.220
0.201
0.212
0.210
0.215
0.216
0.214
0.209
0.187
0.212
0.215
0.212
0.252
0.210
0.236
0.159
0.248
0.206
0.213
0.213
0.220
0.227
0.219
0.212
0.207
0.221
0.208
0.215
0.214
0.213
0.210
0.207
0.221
0.211
0.205
0.218
0.219
0.210
0.247
0.192
0.217
0.208
0.254
0.215
0.216
0.205
0.199
0.203
0.215
0.204
0.231
0.242
0.241
0.213
0.198
0.234
0.229
0.215
0.209
0.234
0.221
0.171
0.209
0.211
0.215
0.210
0.215
0.205
0.253
0.227
0.214
0.210
0.240
0.215
0.214
0.227
0.197
0.165
0.215
0.214
0.233
0.214
0.210
0.210
0.202
0.213
0.225
0.203
0.230
0.213
0.214
0.170
0.202
0.211
0.208
0.215
0.231
0.209
0.212
0.182
0.222
0.206
0.223
0.210
0.219
0.211
0.170
0.202
0.218
0.243
0.210
0.201
0.215
0.210
0.203
0.214
0.249
0.167
0.201
0.216
0.215
0.216
0.210
0.209
0.216
0.214
0.228
0.210
0.255
0.227
0.203
0.205
0.223
0.211
0.205
0.208
0.251
0.202
0.234
0.156
0.222
0.218
0.212
0.221
0.203
0.201
0.213
0.211
0.220
0.202
0.210
0.254
0.234
0.217
0.213
0.469
0.231
0.216
0.252
0.196
0.449
0.215
0.225
0.209
0.221
0.347
0.249
0.204
0.215
0.206
0.332
0.218
0.215
0.209
0.168
0.208
0.244
0.211
0.209
0.162
0.220
0.217
0.232
0.210
0.209
0.208
0.238
0.206
0.215
0.194
0.207
0.237
0.247
0.211
0.217
0.215
0.243
0.204
0.201
0.209
0.217
0.165
0.244
0.185
0.174
0.201
0.205
0.201
0.217
0.205
0.208
0.210
0.203
0.208
0.214
0.237
0.220
0.209
0.213
0.186
0.216
0.209
0.213
0.207
0.218
0.241
0.209
0.210
0.202
0.211
0.215
0.214
0.233
0.210
0.211
0.229
0.246
0.209
0.210
0.214
0.215
0.208
0.211
0.201
0.218
0.210
0.211
0.209
0.218
0.225
0.208
0.213
0.229
0.209
0.215
0.198
0.229
0.210
0.208
0.214
0.219
0.206
0.242
0.168
0.232
0.207
0.256
0.211
0.218
0.243
0.215
0.251
0.238
0.209
0.210
0.224
0.246
0.212
0.226
0.216
0.217
0.212
0.247
0.214
0.217
0.218
0.242
0.178
0.223
0.238
0.215
0.219
0.251
0.213
0.218
0.219
0.254
0.220
0.214
0.246
0.224
0.222
0.171
0.202
0.220
0.216
0.198
0.212
0.215
0.237
0.202
0.211
0.243
0.215
0.210
0.209
0.218
0.189
0.198
0.214
0.219
0.209
0.235
0.211
0.231
0.175
0.210
0.209
0.222
0.218
0.211
0.208
0.229
0.205
0.215
0.212
0.221
0.209
0.214
0.240
0.212
0.201
0.213
0.210
0.230
0.214
0.215
0.216
0.213
0.205
0.216
0.229
0.229
0.210
0.219
0.241
0.234
0.212
0.213
0.214
0.223
0.214
0.243
0.204
0.231
0.214
0.244
0.215
0.254
0.211
0.201
0.163
0.215
0.212
0.216
0.208
0.237
0.213
0.220
0.236
