0.305
0.247
0.204
0.231
0.229
0.241
0.246
0.212
0.203
0.214
0.193
0.213
0.218
0.175
0.196
0.217
0.211
0.212
0.214
0.212
0.242
0.242
0.210
0.211
0.193
0.209
0.216
0.210
0.204
0.218
0.239
0.237
0.168
0.192
0.216
0.172
0.234
0.201
0.215
0.244
0.207
0.245
0.217
0.213
0.212
0.226
0.245
0.206
0.215
0.204
0.208
0.235
0.209
0.211
0.219
0.225
0.210
0.213
0.193
0.202
0.217
0.213
0.204
0.209
0.218
0.211
0.241
0.210
0.213
0.173
0.210
0.246
0.204
0.216
0.219
0.217
0.239
0.205
0.218
0.215
0.162
0.198
0.201
0.218
0.213
0.216
0.245
0.214
0.214
0.207
0.264
0.242
0.188
0.198
0.220
0.212
0.245
0.210
0.213
0.212
0.227
0.245
0.212
0.175
0.162
0.211
0.210
0.210
0.213
0.213
0.209
0.212
0.213
0.213
0.217
0.205
0.201
0.209
0.216
0.238
0.235
0.233
0.208
0.218
0.249
0.240
0.241
0.208
0.214
0.213
0.212
0.212
0.218
0.216
0.225
0.212
0.212
0.201
0.206
0.204
0.213
0.244
0.211
0.242
0.248
0.241
0.239
0.219
0.212
0.198
0.209
0.213
0.213
0.161
0.200
0.217
0.251
0.213
0.219
0.213
0.200
0.238
0.214
0.210
0.242
0.225
0.235
0.208
0.216
0.204
0.212
0.168
0.203
0.215
0.247
0.208
0.218
0.188
0.215
0.219
0.228
0.209
0.186
0.205
0.197
0.213
0.228
0.207
0.190
0.213
0.215
0.210
0.199
0.205
0.200
0.218
0.243
0.209
0.220
0.218
0.227
0.213
0.212
0.194
0.217
0.160
0.181
0.210
0.204
0.211
0.239
0.243
0.213
0.215
0.240
0.248
0.188
0.201
0.206
0.169
0.214
0.218
0.218
0.213
0.211
0.224
0.247
0.211
0.201
0.198
0.210
0.204
0.214
0.209
0.216
0.200
0.216
0.215
0.194
0.170
0.206
0.211
0.210
0.195
0.201
0.215
0.219
0.194
0.184
0.220
0.170
0.197
0.207
0.209
0.237
0.249
0.235
0.213
0.221
0.202
0.209
0.206
0.201
0.202
0.213
0.212
0.214
0.209
0.221
0.214
0.220
0.238
0.210
0.201
0.209
0.217
0.220
0.205
0.206
0.225
0.214
0.225
0.218
0.210
0.176
0.197
0.204
0.209
0.222
0.244
0.250
0.210
0.212
0.211
0.216
0.214
0.198
0.207
0.213
0.219
0.221
0.220
0.215
0.214
0.208
0.214
0.229
0.202
0.195
0.207
0.214
0.214
0.223
0.212
0.208
0.212
0.214
0.215
0.210
0.248
0.233
0.213
0.210
0.215
0.222
0.212
0.225
0.208
0.193
0.199
0.203
0.203
0.214
0.211
0.219
0.213
0.213
0.217
0.213
0.221
0.214
0.198
0.206
0.210
0.214
0.213
0.228
0.208
0.213
0.212
0.212
0.206
0.209
0.184
0.236
0.200
0.227
0.211
0.210
0.227
0.235
0.210
0.215
0.180
0.201
0.201
0.243
0.206
0.210
0.207
0.214
0.251
0.205
0.213
0.210
0.213
0.211
0.209
0.221
0.235
0.229
0.238
0.207
0.189
0.216
0.198
0.203
0.201
0.190
0.209
0.197
0.212
0.211
0.199
0.206
0.189
0.207
0.173
0.184
0.203
0.219
0.243
0.215
0.215
0.239
0.242
0.241
0.213
0.237
0.199
0.205
0.245
0.208
0.220
0.220
0.250
0.251
0.210
0.214
0.251
0.219
0.211
0.210
0.214
0.245
0.249
0.242
0.200
0.214
0.221
0.216
0.169
0.206
0.210
0.218
0.218
0.247
0.210
0.221
0.214
0.212
0.211
0.198
0.186
0.207
0.237
0.206
0.210
0.199
0.236
0.219
0.235
0.212
0.210
0.196
0.230
0.209
0.210
0.194
0.212
0.237
0.206
0.216
0.194
0.204
0.227
0.232
0.212
0.203
0.190
0.236
0.206
0.211
0.197
0.167
0.236
0.204
0.209
0.244
0.241
0.215
0.226
0.199
0.188
0.213
0.214
0.223
0.209
0.206
0.202
0.213
0.226
0.207
0.211
0.239
0.243
0.235
0.172
0.210
0.192
0.226
0.212
0.210
0.222
0.213
0.211
0.235
0.214
0.204
0.214
0.207
0.209
0.205
0.210
0.209
0.241
0.240
0.210
0.206
0.219
0.236
0.201
0.213
0.202
0.208
0.216
0.242
0.210
0.217
0.223
0.209
0.213
0.216
0.202
0.219
0.212
0.213
0.219
0.213
0.213
0.214
0.216
0.210
0.216
0.193
0.202
0.223
0.210
0.225
0.249
0.241
0.213
0.219
0.169
0.205
0.200
0.195
0.203
0.213
0.229
0.225
0.211
0.201
0.220
0.217
0.222
0.222
0.201
0.198
0.215
0.227
0.247
0.210
0.217
0.208
0.215
0.260
0.211
0.159
0.201
0.215
0.247
0.220
0.231
0.200
0.225
0.159
0.198
0.207
0.186
0.207
0.225
0.204
0.235
0.239
0.254
0.226
0.218
0.210
0.215
0.213
0.196
0.214
0.209
0.216
0.244
0.237
0.210
0.215
0.206
0.205
0.214
0.176
0.200
0.207
0.206
0.237
0.227
0.210
0.212
0.205
0.253
0.213
0.179
0.203
0.196
0.216
0.207
0.219
0.247
0.240
0.234
0.213
0.204
0.210
0.194
0.246
0.204
0.177
0.163
0.237
0.236
0.202
0.212
0.243
0.207
0.199
0.170
0.211
0.226
0.218
0.162
0.215
0.211
0.214
0.213
0.213
0.204
0.199
0.207
0.215
0.214
0.168
0.207
0.222
0.251
0.245
0.210
0.211
0.207
0.219
0.242
0.211
0.211
0.220
0.210
0.252
0.213
0.214
0.216
0.200
0.208
0.211
0.211
0.204
0.242
0.235
0.212
0.210
0.214
0.203
0.204
0.207
0.220
0.208
0.217
0.239
0.210
0.209
0.212
0.210
0.223
0.208
0.207
0.197
0.207
0.212
0.221
0.212
0.218
0.208
0.214
0.211
0.212
0.203
0.163
0.211
0.213
0.249
0.244
0.249
0.232
0.201
0.203
0.213
0.187
0.213
0.215
0.213
0.202
0.243
0.242
0.216
0.215
0.214
0.227
0.173
0.204
0.207
0.209
0.215
0.222
0.217
0.211
0.212
0.214
0.203
0.209
0.193
0.208
0.214
0.245
0.210
0.208
0.214
0.216
0.252
0.208
0.204
0.205
0.200
0.254
0.216
0.252
0.248
0.218
0.239
0.217
0.228
0.218
0.169
0.204
0.204
0.216
0.216
0.212
0.212
0.211
0.209
0.217
0.213
0.236
0.206
0.207
0.215
0.213
0.241
0.209
0.210
0.210
0.212
0.225
0.211
0.205
0.205
0.219
0.242
0.211
0.210
0.211
0.213
0.214
0.211
0.213
0.181
0.210
0.216
0.208
0.212
0.245
0.234
0.242
0.202
0.209
0.242
0.193
0.242
0.202
0.205
0.198
0.211
0.245
0.204
0.216
0.227
0.228
0.213
0.210
0.206
0.207
0.213
0.212
0.209
0.203
0.209
0.207
0.207
0.210
0.180
0.202
0.217
0.252
0.222
0.250
0.247
0.213
0.214
0.215
0.211
0.196
0.198
0.212
0.212
0.207
0.219
0.214
0.227
0.214
0.211
0.201
0.211
0.205
0.206
0.211
0.251
0.243
0.238
0.211
0.210
0.215
0.205
0.236
0.181
0.205
0.228
0.214
0.244
0.212
0.210
0.163
0.211
0.210
0.212
0.179
0.197
0.204
0.213
0.211
0.216
0.213
0.227
0.219
0.210
0.213
0.217
0.199
0.220
0.211
0.209
0.230
0.215
0.241
0.215
0.234
0.244
0.233
0.234
0.206
0.212
0.210
0.211
0.252
0.212
0.210
0.215
0.216
0.245
0.177
0.218
0.214
0.244
0.207
0.209
0.216
0.235
0.227
0.213
0.209
0.204
0.203
0.205
0.244
0.212
0.207
0.219
0.218
0.250
0.216
0.199
0.220
0.206
0.222
0.211
0.168
0.219
0.211
0.205
0.207
0.210
0.215
0.213
0.179
0.202
0.216
0.212
0.215
0.236
0.211
0.214
0.220
0.229
0.246
0.211
0.202
0.202
0.214
0.215
0.213
0.214
0.214
0.215
0.215
0.214
0.210
0.206
0.203
0.209
0.213
0.254
0.244
0.248
0.241
0.218
0.217
0.216
0.198
0.197
0.208
0.167
0.213
0.218
0.212
0.210
0.215
0.217
0.204
0.169
0.203
0.203
0.203
0.211
0.251
0.213
0.214
0.207
0.215
0.252
0.218
0.191
0.210
0.247
0.235
0.209
0.187
0.216
0.214
0.216
0.206
0.197
0.204
0.200
0.210
0.210
0.205
0.220
0.262
0.234
0.215
0.194
0.213
0.197
0.214
0.216
0.186
0.210
0.249
0.210
0.219
0.194
0.208
0.201
0.214
0.201
0.206
0.246
0.207
0.219
0.216
0.213
0.215
0.213
0.213
0.210
0.177
0.210
0.246
0.247
0.203
0.210
0.242
0.212
0.243
0.218
0.198
0.169
0.218
0.209
0.217
0.215
0.242
0.198
0.241
0.210
0.215
0.211
0.214
0.196
0.200
0.211
0.237
0.245
0.239
0.219
0.200
0.213
0.215
0.201
0.210
0.164
0.163
0.211
0.211
0.213
0.212
0.209
0.226
0.220
0.218
0.171
0.205
0.214
0.208
0.214
0.244
0.242
0.252
0.228
0.213
0.214
0.183
0.211
0.210
0.208
0.208
0.243
0.245
0.238
0.214
0.210
0.214
0.213
0.200
0.207
0.213
0.212
0.225
0.240
0.210
0.215
0.207
0.214
0.216
0.176
0.204
0.214
0.213
0.241
0.212
0.209
0.218
0.214
0.239
0.214
0.173
0.197
0.201
0.216
0.167
0.220
0.240
0.241
0.239
0.210
0.214
0.216
0.201
0.200
0.212
0.214
0.215
0.221
0.241
0.212
0.211
0.211
0.215
0.202
0.209
0.213
0.208
0.210
0.238
0.216
0.214
0.216
0.215
0.250
0.193
0.201
0.239
0.241
0.244
0.222
0.208
0.215
0.218
0.175
0.213
0.213
0.165
0.167
0.231
0.219
0.221
0.235
0.200
0.227
0.209
0.213
0.241
0.212
0.225
0.210
0.233
0.246
0.250
0.248
0.199
0.216
0.240
0.242
0.236
0.203
0.213
0.215
0.227
0.212
0.217
0.217
0.207
0.213
0.249
0.204
0.208
0.207
0.211
0.236
0.210
0.205
0.217
0.214
0.226
0.208
0.210
0.217
0.221
0.249
0.209
0.203
0.214
0.217
0.239
0.214
0.212
0.258
0.206
0.204
0.213
0.210
0.214
0.244
0.208
0.214
0.219
0.229
0.210
0.170
0.200
0.203
0.220
0.212
0.245
0.214
0.214
0.211
0.199
0.252
0.211
0.201
0.197
0.234
0.223
0.211
0.210
0.208
0.226
0.213
0.169
0.210
0.203
0.198
0.212
0.204
0.211
0.217
0.218
0.241
0.201
0.253
0.219
0.176
0.236
0.167
0.215
0.210
0.208
0.219
0.209
0.227
0.248
0.216
0.212
0.207
0.202
0.207
0.215
0.215
0.212
0.212
0.209
0.200
0.221
0.209
0.203
0.201
0.209
0.208
0.213
0.199
0.213
0.226
0.246
0.213
0.213
0.182
0.208
0.243
0.212
0.213
0.212
0.241
0.245
0.216
0.213
0.165
0.207
0.213
0.206
0.217
0.215
0.210
0.208
0.212
0.203
0.203
0.214
0.221
0.201
0.201
0.217
0.213
0.211
0.216
0.215
0.229
0.203
0.213
0.210
0.174
0.205
0.209
0.215
0.217
0.238
0.244
0.240
0.230
0.211
0.226
0.163
0.210
0.238
0.209
0.217
0.250
0.218
0.206
0.210
0.211
0.171
0.249
0.204
0.211
0.209
0.214
0.214
0.241
0.212
0.214
0.215
0.211
0.251
0.201
0.202
0.214
0.213
0.243
0.222
0.213
0.213
0.213
0.244
0.210
0.175
0.199
0.213
0.212
0.210
0.218
0.251
0.242
0.234
0.201
0.213
0.217
0.214
0.212
0.210
0.210
0.213
0.210
0.245
0.210
0.212
0.212
0.213
0.212
0.206
0.207
0.221
0.215
0.244
0.212
0.203
0.213
0.218
0.212
0.181
0.203
0.217
0.198
0.213
0.210
0.214
0.227
0.219
0.238
0.217
0.209
0.201
0.206
0.224
0.209
0.205
0.236
0.218
0.234
0.216
0.210
0.206
0.199
0.213
0.215
0.216
0.249
0.210
0.238
0.210
0.212
0.219
0.248
0.169
0.200
0.212
0.207
0.214
0.243
0.209
0.209
0.165
0.214
0.222
0.196
0.201
0.198
0.226
0.211
0.213
0.240
0.212
0.241
0.238
0.210
0.214
0.238
0.244
0.239
0.209
0.219
0.245
0.215
0.164
0.207
0.240
0.227
0.242
0.236
0.216
0.215
0.214
0.218
0.220
0.209
0.210
0.214
0.228
0.170
0.212
0.221
0.240
0.213
0.242
0.215
0.214
0.215
0.215
0.213
0.212
0.203
0.214
0.212
0.223
0.208
0.218
0.240
0.220
0.235
0.211
0.214
0.213
0.212
0.217
0.209
0.208
0.249
0.246
0.235
0.212
0.213
0.212
0.209
0.235
0.207
0.215
0.208
0.248
0.241
0.209
0.215
0.221
0.212
0.201
0.200
0.202
0.209
0.220
0.206
0.218
0.214
0.209
0.210
0.221
0.210
0.205
0.220
0.226
0.212
0.213
0.212
0.243
0.226
0.237
0.220
0.215
0.184
0.222
0.248
0.214
0.211
0.221
0.222
0.238
0.214
0.214
0.213
0.235
0.209
0.206
0.211
0.211
0.213
0.253
0.215
0.210
0.214
0.212
0.206
0.210
0.197
0.206
0.210
0.214
0.210
0.217
0.223
0.210
0.218
0.200
0.171
0.221
0.227
0.244
0.209
0.250
0.210
0.245
0.226
0.215
0.210
0.195
0.201
0.204
0.215
0.165
0.205
0.236
0.242
0.215
0.214
0.205
0.221
0.203
0.206
0.220
0.229
0.216
0.213
0.209
0.206
0.263
0.170
0.213
0.200
0.205
0.243
0.251
0.236
0.212
0.214
0.207
0.215
0.226
0.202
0.200
0.203
0.199
0.243
0.216
0.213
0.241
0.211
0.242
0.216
0.244
0.211
0.236
0.247
0.214
0.202
0.218
0.210
0.246
0.213
0.214
0.218
0.217
0.212
0.202
0.209
0.222
0.219
0.255
0.216
0.205
0.218
0.208
0.213
0.204
0.205
0.243
0.244
0.238
0.209
0.228
0.166
0.216
0.227
0.211
0.213
0.206
0.206
0.204
0.208
0.209
0.207
0.219
0.215
0.215
0.212
0.220
0.209
0.213
0.210
0.215
0.246
0.218
0.210
0.213
0.216
0.196
0.205
0.172
0.207
0.201
0.245
0.215
0.219
0.215
0.215
0.238
0.211
0.218
0.219
0.196
0.221
0.210
0.242
0.230
0.210
0.240
0.253
0.232
0.206
0.195
0.175
0.417
0.252
0.215
0.213
0.236
0.217
0.236
0.210
0.216
0.220
0.173
0.220
0.209
0.212
0.229
0.226
0.245
0.243
0.213
0.246
0.245
0.237
0.206
0.221
0.242
0.216
0.244
0.213
0.243
0.245
0.242
0.239
0.217
0.202
0.201
0.217
0.213
0.168
0.221
0.249
0.213
0.238
0.222
0.211
0.207
0.201
0.208
0.213
0.213
0.237
0.258
0.240
0.212
0.215
0.212
0.183
0.215
0.205
0.212
0.237
0.212
0.244
0.215
0.215
0.226
0.201
0.213
0.201
0.220
0.216
0.240
0.244
0.211
0.209
0.213
0.200
0.210
0.210
0.201
0.195
0.219
0.214
0.175
0.218
0.213
0.242
0.239
0.210
0.211
0.170
0.205
0.209
0.175
0.209
0.252
0.240
0.235
0.209
0.222
0.221
0.213
0.198
0.200
0.251
0.215
0.214
0.242
0.210
0.209
0.206
0.218
0.221
0.202
0.211
0.216
0.212
0.232
0.210
0.211
0.205
0.214
0.220
0.218
0.170
0.198
0.208
0.245
0.216
0.217
0.210
0.249
0.235
0.208
0.217
0.191
0.204
0.214
0.210
0.210
0.219
0.246
0.245
0.209
0.202
0.213
0.206
0.201
0.211
0.211
0.208
0.214
0.236
0.205
0.210
0.241
0.241
0.236
0.176
0.208
0.230
0.212
0.219
0.211
0.244
0.243
0.238
0.241
0.214
0.175
0.211
0.211
0.236
0.212
0.215
0.241
0.212
0.230
0.210
0.205
0.227
0.164
0.221
0.222
0.214
0.212
0.217
0.239
0.211
0.216
0.214
0.211
0.212
0.202
0.199
0.213
0.210
0.242
0.211
0.199
0.198
0.228
0.212
0.202
0.198
0.202
0.214
0.216
0.202
0.225
0.225
0.218
0.236
0.221
0.213
0.205
0.206
0.211
0.210
0.213
0.237
0.241
0.237
0.210
0.206
0.220
0.234
0.235
0.218
0.213
0.217
0.252
0.239
0.215
0.212
0.213
0.214
0.173
0.200
0.209
0.214
0.213
0.217
0.213
0.214
0.208
