0.315
0.222
0.245
0.249
0.247
0.251
0.239
0.238
0.200
0.167
0.212
0.237
0.246
0.213
0.217
0.211
0.206
0.237
0.212
0.238
0.204
0.201
0.196
0.202
0.211
0.214
0.215
0.244
0.212
0.205
0.210
0.205
0.166
0.202
0.212
0.206
0.216
0.238
0.211
0.212
0.202
0.213
0.220
0.170
0.194
0.194
0.214
0.213
0.216
0.211
0.213
0.211
0.219
0.207
0.209
0.201
0.197
0.237
0.205
0.208
0.232
0.196
0.237
0.209
0.235
0.242
0.233
0.235
0.206
0.210
0.205
0.235
0.241
0.206
0.204
0.203
0.203
0.228
0.208
0.237
0.229
0.239
0.238
0.211
0.209
0.205
0.228
0.218
0.210
0.201
0.167
0.205
0.242
0.204
0.233
0.242
0.204
0.238
0.215
0.203
0.234
0.199
0.239
0.207
0.227
0.241
0.218
0.242
0.210
0.237
0.231
0.196
0.231
0.212
0.239
0.237
0.235
0.241
0.205
0.204
0.169
0.205
0.183
0.197
0.199
0.212
0.204
0.234
0.206
0.211
0.202
0.204
0.239
0.173
0.228
0.235
0.205
0.236
0.217
0.237
0.244
0.239
0.235
0.206
0.204
0.194
0.205
0.220
0.212
0.206
0.204
0.217
0.212
0.205
0.207
0.197
0.169
0.210
0.196
0.211
0.208
0.220
0.238
0.205
0.200
0.203
0.207
0.211
0.206
0.198
0.208
0.209
0.199
0.203
0.219
0.205
0.204
0.209
0.209
0.197
0.235
0.239
0.238
0.212
0.205
0.203
0.219
0.250
0.210
0.207
0.170
0.198
0.214
0.209
0.209
0.204
0.209
0.204
0.213
0.207
0.202
0.194
0.198
0.201
0.219
0.165
0.206
0.235
0.204
0.200
0.217
0.209
0.220
0.200
0.199
0.203
0.216
0.206
0.211
0.207
0.242
0.211
0.236
0.212
0.171
0.204
0.195
0.220
0.214
0.252
0.239
0.248
0.235
0.214
0.207
0.196
0.233
0.224
0.204
0.210
0.222
0.211
0.204
0.236
0.214
0.206
0.206
0.211
0.205
0.201
0.202
0.202
0.252
0.208
0.201
0.208
0.206
0.201
0.182
0.193
0.204
0.206
0.205
0.210
0.204
0.221
0.209
0.205
0.204
0.193
0.202
0.202
0.234
0.208
0.217
0.211
0.250
0.232
0.207
0.208
0.208
0.194
0.202
0.205
0.195
0.194
0.206
0.241
0.178
0.205
0.203
0.241
0.168
0.198
0.214
0.212
0.207
0.242
0.206
0.199
0.206
0.201
0.219
0.186
0.205
0.196
0.215
0.207
0.207
0.211
0.214
0.201
0.221
0.550
0.214
0.201
0.203
0.248
0.204
0.213
0.210
0.215
0.202
0.209
0.219
0.207
0.201
0.210
0.207
0.205
0.217
0.239
0.232
0.204
0.213
0.197
0.226
0.192
0.199
0.202
0.211
0.192
0.239
0.208
0.192
0.196
0.220
0.211
0.210
0.195
0.161
0.214
0.212
0.208
0.207
0.206
0.227
0.211
0.216
0.204
0.207
0.199
0.240
0.208
0.236
0.237
0.238
0.235
0.207
0.202
0.218
0.170
0.215
0.200
0.197
0.210
0.206
0.207
0.211
0.204
0.202
0.208
0.207
0.197
0.198
0.226
0.223
0.217
0.206
0.209
0.228
0.201
0.207
0.207
0.197
0.199
0.210
0.203
0.206
0.225
0.219
0.200
0.253
0.205
0.207
0.168
0.198
0.219
0.208
0.206
0.240
0.210
0.211
0.206
0.209
0.211
0.192
0.195
0.201
0.201
0.219
0.206
0.236
0.206
0.206
0.206
0.209
0.206
0.198
0.195
0.227
0.226
0.214
0.210
0.208
0.213
0.204
0.251
0.214
0.192
0.201
0.202
0.204
0.197
0.253
0.234
0.242
0.243
0.208
0.205
0.171
0.198
0.162
0.206
0.214
0.209
0.205
0.204
0.212
0.204
0.207
0.219
0.212
0.200
0.215
0.201
0.217
0.210
0.215
0.205
0.215
0.208
0.215
0.170
0.201
0.207
0.208
0.201
0.209
0.210
0.244
0.213
0.235
0.205
0.170
0.194
0.202
0.206
0.207
0.218
0.211
0.220
0.245
0.215
0.212
0.212
0.201
0.194
0.212
0.210
0.216
0.196
0.240
0.209
0.229
0.211
0.221
0.238
0.202
0.210
0.216
0.212
0.248
0.212
0.213
0.200
0.227
0.219
0.169
0.196
0.215
0.203
0.248
0.206
0.211
0.227
0.213
0.213
0.209
0.205
0.196
0.199
0.243
0.211
0.213
0.219
0.219
0.209
0.206
0.208
0.202
0.199
0.219
0.204
0.210
0.202
0.240
0.231
0.214
0.212
0.207
0.205
0.204
0.200
0.213
0.211
0.213
0.205
0.213
0.203
0.206
0.200
0.222
0.169
0.200
0.225
0.232
0.228
0.219
0.216
0.214
0.213
0.235
0.207
0.195
0.190
0.207
0.213
0.205
0.213
0.218
0.220
0.215
0.211
0.207
0.199
0.194
0.207
0.210
0.205
0.160
0.210
0.238
0.208
0.213
0.207
0.204
0.186
0.198
0.199
0.209
0.214
0.206
0.205
0.204
0.219
0.210
0.212
0.209
0.197
0.193
0.215
0.216
0.208
0.195
0.205
0.212
0.242
0.209
0.207
0.194
0.199
0.216
0.206
0.210
0.211
0.251
0.237
0.205
0.204
0.208
0.165
0.218
0.198
0.205
0.214
0.218
0.243
0.207
0.205
0.213
0.200
0.223
0.197
0.197
0.210
0.196
0.234
0.213
0.210
0.215
0.212
0.222
0.209
0.206
0.199
0.203
0.240
0.208
0.213
0.223
0.194
0.211
0.215
0.204
0.196
0.199
0.211
0.205
0.200
0.243
0.250
0.237
0.207
0.207
0.205
0.195
0.197
0.202
0.200
0.211
0.207
0.220
0.205
0.206
0.220
0.195
0.205
0.202
0.197
0.212
0.235
0.205
0.211
0.199
0.226
0.229
0.210
0.206
0.208
0.199
0.202
0.221
0.206
0.221
0.160
0.251
0.236
0.210
0.208
0.171
0.200
0.194
0.206
0.212
0.239
0.240
0.206
0.206
0.207
0.211
0.214
0.226
0.200
0.216
0.207
0.210
0.212
0.210
0.204
0.201
0.203
0.213
0.169
0.205
0.202
0.206
0.212
0.210
0.236
0.226
0.228
0.237
0.204
0.212
0.200
0.198
0.198
0.206
0.208
0.253
0.219
0.211
0.200
0.203
0.207
0.200
0.187
0.232
0.206
0.212
0.218
0.245
0.205
0.214
0.221
0.194
0.197
0.204
0.206
0.210
0.222
0.224
0.206
0.213
0.202
0.221
0.211
0.182
0.198
0.218
0.211
0.207
0.208
0.208
0.219
0.222
0.210
0.212
0.199
0.196
0.200
0.215
0.210
0.212
0.216
0.210
0.208
0.208
0.200
0.208
0.192
0.198
0.216
0.209
0.202
0.210
0.249
0.205
0.208
0.207
0.201
0.163
0.202
0.201
0.200
0.213
0.244
0.211
0.204
0.207
0.185
0.209
0.182
0.198
0.199
0.201
0.217
0.210
0.204
0.203
0.203
0.246
0.210
0.208
0.203
0.192
0.215
0.210
0.207
0.219
0.214
0.238
0.209
0.224
0.213
0.195
0.203
0.201
0.210
0.165
0.209
0.212
0.214
0.206
0.208
0.215
0.167
0.202
0.201
0.214
0.206
0.194
0.214
0.217
0.212
0.192
0.190
0.211
0.201
0.205
0.207
0.159
0.208
0.226
0.219
0.221
0.154
0.206
0.213
0.168
0.202
0.160
0.205
0.206
0.241
0.236
0.234
0.208
0.205
0.202
0.173
0.219
0.209
0.213
0.210
0.204
0.210
0.199
0.202
0.165
0.198
0.205
0.202
0.192
0.206
0.222
0.213
0.206
0.221
0.205
0.202
0.207
0.209
0.199
0.220
0.205
0.218
0.208
0.210
0.210
0.203
0.241
0.212
0.217
0.198
0.227
0.238
0.210
0.206
0.199
0.235
0.237
0.205
0.208
0.213
0.198
0.204
0.204
0.206
0.209
0.205
0.215
0.205
0.206
0.219
0.243
0.236
0.203
0.203
0.201
0.214
0.218
0.215
0.207
0.218
0.219
0.209
0.205
0.165
0.206
0.208
0.201
0.207
0.216
0.238
0.216
0.204
0.202
0.210
0.174
0.196
0.197
0.210
0.198
0.215
0.218
0.204
0.213
0.197
0.207
0.222
0.212
0.199
0.207
0.207
0.244
0.235
0.211
0.204
0.208
0.202
0.193
0.197
0.165
0.206
0.212
0.209
0.206
0.247
0.214
0.236
0.237
0.211
0.173
0.195
0.196
0.206
0.210
0.206
0.209
0.205
0.240
0.206
0.205
0.220
0.205
0.200
0.206
0.206
0.211
0.204
0.237
0.206
0.200
0.203
0.204
0.204
0.198
0.201
0.202
0.206
0.216
0.206
0.195
0.226
0.218
0.219
0.174
0.193
0.212
0.203
0.205
0.210
0.222
0.242
0.211
0.210
0.205
0.209
0.214
0.195
0.219
0.203
0.210
0.201
0.213
0.211
0.206
0.214
0.205
0.195
0.221
0.212
0.213
0.207
0.217
0.203
0.201
0.201
0.214
0.208
0.206
0.204
0.210
0.216
0.206
0.204
0.204
0.215
0.217
0.206
0.220
0.186
0.193
0.196
0.215
0.214
0.208
0.221
0.210
0.217
0.242
0.207
0.202
0.199
0.204
0.214
0.209
0.205
0.219
0.208
0.241
0.200
0.249
0.242
0.228
0.228
0.215
0.208
0.168
0.209
0.240
0.195
0.203
0.210
0.224
0.200
0.197
0.198
0.222
0.202
0.206
0.213
0.206
0.215
0.214
0.218
0.208
0.194
0.242
0.211
0.241
0.204
0.208
0.238
0.240
0.236
0.212
0.204
0.185
0.193
0.205
0.209
0.204
0.213
0.244
0.233
0.205
0.212
0.202
0.165
0.206
0.202
0.201
0.213
0.206
0.211
0.212
0.201
0.210
0.161
0.240
0.197
0.201
0.210
0.202
0.237
0.205
0.201
0.231
0.237
0.204
0.211
0.196
0.201
0.229
0.207
0.210
0.208
0.211
0.210
0.221
0.211
0.205
0.203
0.199
0.244
0.208
0.212
0.194
0.203
0.207
0.205
0.213
0.203
0.184
0.204
0.198
0.206
0.209
0.242
0.211
0.205
0.203
0.160
0.210
0.212
0.199
0.199
0.219
0.203
0.209
0.203
0.211
0.216
0.210
0.233
0.213
0.197
0.207
0.218
0.234
0.138
0.212
0.219
0.204
0.203
0.210
0.205
0.176
0.197
0.217
0.198
0.190
0.216
0.205
0.236
0.206
0.211
0.208
0.211
0.211
0.204
0.207
0.209
0.212
0.163
0.209
0.213
0.219
0.207
0.220
0.162
0.197
0.206
0.213
0.200
0.205
0.211
0.245
0.248
0.246
0.207
0.171
0.198
0.196
0.209
0.209
0.201
0.231
0.236
0.239
0.209
0.203
0.206
0.220
0.220
0.210
0.207
0.206
0.212
0.236
0.205
0.213
0.203
0.215
0.168
0.198
0.211
0.218
0.206
0.203
0.205
0.204
0.202
0.214
0.220
0.169
0.198
0.212
0.217
0.248
0.211
0.211
0.162
0.214
0.229
0.218
0.210
0.236
0.240
0.230
0.209
0.209
0.214
0.221
0.202
0.206
0.194
0.207
0.207
0.196
0.209
0.206
0.206
0.223
0.231
0.204
0.213
0.210
0.214
0.213
0.197
0.211
0.209
0.216
0.210
0.209
0.203
0.205
0.204
0.202
0.185
0.197
0.201
0.210
0.198
0.208
0.227
0.212
0.257
0.214
0.210
0.212
0.201
0.212
0.235
0.206
0.199
0.205
0.250
0.166
0.204
0.209
0.240
0.209
0.202
0.216
0.220
0.212
0.204
0.220
0.201
0.205
0.208
0.200
0.163
0.198
0.212
0.250
0.250
0.248
0.211
0.202
0.211
0.217
0.218
0.205
0.198
0.203
0.211
0.247
0.206
0.208
0.250
0.211
0.241
0.214
0.204
0.210
0.210
0.242
0.206
0.206
0.194
0.245
0.235
0.206
0.200
0.208
0.177
0.209
0.197
0.210
0.198
0.205
0.237
0.199
0.208
0.199
0.207
0.231
0.202
0.200
0.207
0.219
0.212
0.170
0.213
0.207
0.243
0.230
0.204
0.202
0.199
0.202
0.211
0.206
0.202
0.249
0.240
0.234
0.212
0.209
0.254
0.216
0.199
0.205
0.206
0.245
0.212
0.244
0.206
0.211
0.210
0.185
0.198
0.205
0.201
0.210
0.209
0.203
0.204
0.204
0.210
0.212
0.204
0.201
0.197
0.214
0.208
0.210
0.211
0.218
0.240
0.254
0.243
0.211
0.172
0.199
0.221
0.211
0.206
0.228
0.217
0.211
0.241
0.204
0.208
0.165
0.193
0.237
0.208
0.214
0.208
0.248
0.212
0.207
0.200
0.208
0.228
0.202
0.206
0.205
0.208
0.201
0.209
0.161
0.206
0.244
0.210
0.216
0.199
0.194
0.203
0.200
0.191
0.210
0.219
0.210
0.213
0.243
0.207
0.185
0.200
0.202
0.249
0.206
0.215
0.245
0.235
0.232
0.201
0.201
0.226
0.200
0.199
0.211
0.212
0.214
0.218
0.237
0.200
0.196
0.197
0.200
0.192
0.205
0.211
0.215
0.208
0.208
0.207
0.217
0.235
0.227
0.213
0.171
0.164
0.165
0.206
0.207
0.205
0.198
0.236
0.244
0.201
0.209
0.184
0.198
0.193
0.223
0.205
0.209
0.213
0.245
0.232
0.211
0.209
0.210
0.198
0.193
0.208
0.212
0.208
0.206
0.205
0.206
0.200
0.223
0.178
0.214
0.198
0.210
0.208
0.200
0.254
0.204
0.204
0.214
0.227
0.223
0.184
0.197
0.195
0.201
0.213
0.210
0.205
0.240
0.242
0.184
0.206
0.200
0.193
0.213
0.237
0.209
0.235
0.241
0.233
0.235
0.208
0.206
0.206
0.197
0.206
0.212
0.209
0.203
0.163
0.214
0.209
0.196
0.212
0.205
0.174
0.205
0.198
0.208
0.203
0.207
0.211
0.210
0.200
0.207
0.203
0.206
0.194
0.229
0.206
0.220
0.207
0.200
0.236
0.237
0.232
0.209
0.206
0.205
0.199
0.208
0.205
0.206
0.211
0.241
0.234
0.214
0.209
0.210
0.165
0.218
0.206
0.215
0.210
0.206
0.220
0.207
0.207
0.207
0.204
0.193
0.158
0.198
0.212
0.205
0.229
0.205
0.205
0.202
0.206
0.236
0.172
0.232
0.234
0.239
0.236
0.208
0.206
0.217
0.213
0.238
0.205
0.201
0.171
0.193
0.205
0.214
0.206
0.243
0.242
0.235
0.206
0.199
0.227
0.172
0.198
0.202
0.208
0.211
0.207
0.209
0.212
0.202
0.251
0.204
0.199
0.206
0.197
0.244
0.205
0.205
0.206
0.217
0.220
0.210
0.243
0.208
0.173
0.209
0.206
0.220
0.210
0.210
0.211
0.215
0.211
0.204
0.206
0.167
0.198
0.224
0.213
0.205
0.207
0.218
0.211
0.211
0.210
0.209
0.214
0.198
0.199
0.215
0.203
0.208
0.212
0.206
0.214
0.214
0.211
0.209
0.199
0.199
0.227
0.163
0.212
0.205
0.210
0.218
0.236
0.245
0.196
0.198
0.161
0.198
0.203
0.216
0.201
0.165
0.221
0.207
0.210
0.216
0.203
0.198
0.210
0.196
0.201
0.218
0.206
0.238
0.215
0.237
0.242
0.227
0.229
0.204
0.210
0.215
0.207
0.215
0.206
0.206
0.212
0.206
0.207
0.172
0.202
0.213
0.212
0.219
0.206
0.214
0.213
0.240
0.234
0.206
0.186
0.202
0.195
0.201
0.207
0.210
0.207
0.221
0.244
0.209
0.213
0.202
0.198
0.239
0.207
0.207
0.211
0.205
0.218
0.208
0.164
0.158
0.210
0.171
0.199
0.219
0.216
0.201
0.236
0.208
0.198
0.211
0.212
0.212
0.173
0.197
0.201
0.209
0.203
0.208
0.205
0.238
0.232
0.236
0.198
0.206
0.201
0.202
0.203
0.209
0.205
0.207
0.218
0.243
0.209
0.229
0.222
0.210
0.235
0.207
0.210
0.197
0.205
0.232
0.205
0.205
0.199
0.210
0.171
0.201
0.202
0.212
0.199
0.215
0.212
0.210
0.247
0.242
0.232
0.210
0.197
0.200
0.201
0.206
0.164
0.204
0.236
0.238
0.236
0.205
0.206
0.169
0.195
0.214
0.211
0.206
0.208
0.213
0.238
0.211
0.210
0.204
0.171
0.205
0.206
0.206
0.207
0.214
0.202
0.205
0.202
0.205
0.213
0.178
0.197
0.195
0.205
0.231
0.206
0.210
0.206
0.244
0.214
0.220
0.208
0.199
0.205
0.243
0.241
0.206
0.212
0.217
0.209
0.236
0.216
0.197
0.166
0.214
0.211
0.214
0.199
0.214
0.205
0.243
0.205
0.203
0.227
0.163
0.198
0.205
0.202
0.209
0.244
0.227
0.209
0.204
0.201
0.215
0.219
0.199
0.201
0.212
0.200
0.215
0.212
0.220
0.213
0.242
0.231
0.213
0.176
