0.253
0.263
0.231
0.254
0.247
0.245
0.247
0.250
0.254
0.217
0.244
0.235
0.229
0.208
0.203
0.246
0.234
0.212
0.218
0.215
0.230
0.213
0.221
0.213
0.233
0.242
0.217
0.230
0.170
0.213
0.228
0.219
0.222
0.230
0.215
0.241
0.211
0.251
0.218
0.207
0.214
0.219
0.219
0.187
0.217
0.244
0.221
0.214
0.247
0.219
0.222
0.210
0.277
0.220
0.219
0.236
0.222
0.207
0.198
0.205
0.256
0.214
0.250
0.217
0.216
0.250
0.208
0.251
0.247
0.215
0.217
0.214
0.246
0.192
0.203
0.244
0.225
0.215
0.222
0.211
0.227
0.180
0.213
0.213
0.230
0.226
0.221
0.216
0.245
0.212
0.167
0.213
0.237
0.216
0.235
0.251
0.211
0.244
0.237
0.216
0.219
0.249
0.241
0.213
0.215
0.245
0.216
0.214
0.244
0.221
0.251
0.203
0.221
0.213
0.214
0.244
0.229
0.218
0.214
0.215
0.237
0.216
0.227
0.218
0.229
0.239
0.185
0.203
0.228
0.216
0.241
0.211
0.219
0.205
0.203
0.243
0.221
0.220
0.214
0.220
0.251
0.183
0.213
0.212
0.240
0.214
0.216
0.259
0.250
0.215
0.214
0.236
0.177
0.218
0.250
0.245
0.213
0.204
0.220
0.215
0.227
0.218
0.234
0.212
0.229
0.244
0.218
0.219
0.222
0.182
0.220
0.179
0.242
0.212
0.212
0.234
0.227
0.225
0.218
0.207
0.219
0.215
0.228
0.211
0.261
0.248
0.229
0.227
0.251
0.217
0.210
0.216
0.228
0.212
0.211
0.238
0.221
0.214
0.233
0.215
0.220
0.213
0.218
0.212
0.209
0.182
0.208
0.214
0.254
0.208
0.203
0.205
0.223
0.213
0.169
0.217
0.220
0.206
0.253
0.216
0.234
0.251
0.243
0.212
0.189
0.215
0.219
0.251
0.239
0.216
0.215
0.224
0.213
0.213
0.236
0.218
0.220
0.236
0.250
0.179
0.216
0.234
0.226
0.195
0.249
0.242
0.208
0.201
0.240
0.214
0.215
0.214
0.264
0.251
0.186
0.203
0.235
0.217
0.215
0.218
0.220
0.215
0.206
0.213
0.216
0.220
0.218
0.246
0.256
0.192
0.207
0.213
0.262
0.214
0.241
0.241
0.177
0.206
0.210
0.215
0.215
0.208
0.239
0.216
0.229
0.220
0.215
0.215
0.252
0.214
0.219
0.212
0.216
0.217
0.203
0.222
0.179
0.253
0.245
0.217
0.242
0.220
0.248
0.222
0.255
0.244
0.227
0.205
0.215
0.214
0.216
0.216
0.246
0.217
0.220
0.204
0.222
0.229
0.224
0.210
0.208
0.216
0.251
0.219
0.235
0.218
0.221
0.249
0.259
0.211
0.202
0.228
0.230
0.217
0.243
0.242
0.177
0.174
0.164
0.214
0.251
0.215
0.243
0.215
0.233
0.209
0.211
0.210
0.239
0.215
0.240
0.218
0.182
0.213
0.228
0.206
0.220
0.243
0.246
0.222
0.222
0.216
0.227
0.216
0.236
0.221
0.220
0.178
0.235
0.218
0.166
0.219
0.228
0.216
0.215
0.221
0.220
0.248
0.239
0.219
0.248
0.252
0.204
0.211
0.223
0.225
0.217
0.240
0.248
0.216
0.201
0.203
0.227
0.212
0.212
0.252
0.219
0.214
0.221
0.214
0.171
0.216
0.213
0.212
0.239
0.206
0.208
0.210
0.256
0.216
0.251
0.200
0.246
0.213
0.229
0.218
0.221
0.225
0.243
0.218
0.215
0.207
0.213
0.218
0.208
0.244
0.211
0.214
0.229
0.193
0.203
0.215
0.222
0.212
0.215
0.184
0.216
0.214
0.219
0.216
0.221
0.218
0.166
0.204
0.221
0.225
0.211
0.216
0.249
0.217
0.188
0.219
0.257
0.227
0.216
0.225
0.222
0.227
0.221
0.214
0.256
0.257
0.170
0.217
0.260
0.228
0.208
0.223
0.224
0.215
0.221
0.226
0.265
0.215
0.214
0.251
0.220
0.219
0.240
0.216
0.220
0.203
0.226
0.215
0.220
0.240
0.220
0.212
0.221
0.207
0.216
0.217
0.222
0.219
0.259
0.217
0.213
0.220
0.202
0.214
0.255
0.168
0.244
0.203
0.212
0.215
0.220
0.220
0.250
0.216
0.216
0.215
0.217
0.204
0.212
0.243
0.211
0.216
0.236
0.211
0.252
0.249
0.217
0.212
0.171
0.228
0.207
0.213
0.172
0.215
0.217
0.259
0.250
0.179
0.173
0.259
0.219
0.215
0.253
0.205
0.218
0.219
0.251
0.212
0.216
0.247
0.215
0.218
0.177
0.215
0.214
0.214
0.220
0.212
0.217
0.251
0.212
0.212
0.244
0.218
0.217
0.214
0.193
0.178
0.216
0.212
0.220
0.213
0.230
0.172
0.218
0.216
0.238
0.249
0.228
0.224
0.226
0.206
0.163
0.212
0.225
0.225
0.218
0.213
0.257
0.241
0.175
0.208
0.229
0.216
0.219
0.238
0.224
0.212
0.214
0.256
0.233
0.215
0.228
0.221
0.239
0.203
0.219
0.217
0.216
0.223
0.215
0.212
0.254
0.208
0.215
0.217
0.219
0.217
0.217
0.226
0.216
0.238
0.227
0.213
0.221
0.256
0.246
0.212
0.208
0.221
0.215
0.252
0.220
0.215
0.235
0.179
0.217
0.213
0.204
0.220
0.209
0.215
0.230
0.206
0.218
0.220
0.219
0.212
0.229
0.219
0.178
0.202
0.170
0.214
0.237
0.214
0.230
0.191
0.206
0.250
0.216
0.214
0.212
0.217
0.238
0.177
0.214
0.216
0.220
0.230
0.215
0.249
0.243
0.206
0.215
0.214
0.229
0.218
0.186
0.242
0.199
0.206
0.219
0.217
0.213
0.218
0.180
0.217
0.216
0.248
0.219
0.213
0.217
0.208
0.219
0.215
0.232
0.216
0.213
0.245
0.214
0.213
0.213
0.213
0.212
0.212
0.214
0.212
0.246
0.241
0.216
0.210
0.252
0.214
0.163
0.216
0.250
0.218
0.202
0.207
0.220
0.205
0.213
0.217
0.220
0.214
0.205
0.217
0.220
0.216
0.520
0.256
0.239
0.178
0.221
0.525
0.235
0.216
0.242
0.245
0.531
0.204
0.224
0.215
0.233
0.459
0.249
0.213
0.212
0.215
0.472
0.228
0.247
0.220
0.243
0.374
0.246
0.212
0.215
0.221
0.366
0.257
0.242
0.189
0.206
0.331
0.255
0.216
0.239
0.245
0.317
0.210
0.246
0.220
0.213
0.217
0.170
0.218
0.185
0.219
0.209
0.218
0.250
0.216
0.256
0.145
0.237
0.214
0.231
0.226
0.150
0.219
0.261
0.201
0.243
0.141
0.251
0.220
0.217
0.243
0.149
0.173
0.221
0.222
0.218
0.138
0.252
0.212
0.229
0.220
0.144
0.215
0.227
0.215
0.219
0.148
0.209
0.214
0.214
0.164
0.177
0.250
0.237
0.216
0.211
0.172
0.216
0.215
0.218
0.246
0.206
0.207
0.252
0.229
0.235
0.219
0.245
0.214
0.169
0.242
0.211
0.213
0.213
0.218
0.247
0.241
0.186
0.212
0.217
0.225
0.209
0.225
0.245
0.218
0.212
0.213
0.231
0.218
0.257
0.242
0.205
0.209
0.241
0.218
0.235
0.209
0.211
0.212
0.217
0.244
0.214
0.222
0.221
0.220
0.224
0.205
0.204
0.213
0.215
0.222
0.217
0.186
0.249
0.219
0.201
0.213
0.215
0.207
0.178
0.244
0.229
0.227
0.220
0.215
0.224
0.214
0.225
0.212
0.213
0.207
0.175
0.226
0.240
0.218
0.238
0.219
0.218
0.213
0.215
0.259
0.219
0.219
0.248
0.220
0.213
0.214
0.230
0.211
0.215
0.243
0.223
0.215
0.210
0.215
0.222
0.215
0.202
0.213
0.229
0.220
0.215
0.215
0.220
0.220
0.247
0.251
0.248
0.219
0.235
0.219
0.218
0.215
0.251
0.220
0.179
0.215
0.250
0.217
0.221
0.240
0.231
0.219
0.221
0.214
0.221
0.220
0.216
0.215
0.215
0.190
0.222
0.237
0.164
0.215
0.220
0.258
0.251
0.212
0.238
0.226
0.216
0.218
0.220
0.215
0.180
0.214
0.220
0.212
0.213
0.236
0.230
0.226
0.206
0.218
0.231
0.213
0.219
0.215
0.229
0.253
0.208
0.213
0.217
0.217
0.203
0.229
0.229
0.208
0.207
0.247
0.223
0.218
0.229
0.218
0.260
0.227
0.238
0.207
0.237
0.216
0.221
0.227
0.213
0.216
0.230
0.213
0.238
0.220
0.220
0.226
0.217
0.219
0.246
0.217
0.180
0.218
0.255
0.179
0.217
0.228
0.216
0.211
0.217
0.222
0.215
0.211
0.221
0.211
0.215
0.231
0.221
0.213
0.172
0.209
0.220
0.201
0.256
0.209
0.218
0.249
0.208
0.214
0.251
0.219
0.220
0.254
0.252
0.201
0.205
0.226
0.233
0.213
0.214
0.217
0.260
0.247
0.242
0.216
0.229
0.214
0.216
0.214
0.176
0.210
0.235
0.219
0.209
0.218
0.218
0.246
0.214
0.216
0.227
0.220
0.232
0.208
0.175
0.206
0.212
0.217
0.218
0.175
0.234
0.212
0.214
0.239
0.249
0.212
0.210
0.215
0.219
0.250
0.248
0.213
0.233
0.199
0.227
0.216
0.248
0.219
0.205
0.171
0.216
0.215
0.219
0.218
0.261
0.217
0.207
0.250
0.221
0.213
0.211
0.207
0.236
0.207
0.202
0.211
0.237
0.253
0.216
0.247
0.252
0.209
0.208
0.203
0.229
0.212
0.210
0.207
0.216
0.219
0.217
0.219
0.236
0.225
0.229
0.210
0.190
0.228
0.219
0.214
0.225
0.206
0.215
0.174
0.207
0.212
0.212
0.227
0.221
0.213
0.243
0.206
0.220
0.218
0.240
0.204
0.173
0.239
0.194
0.237
0.242
0.219
0.215
0.219
0.253
0.213
0.206
0.228
0.220
0.215
0.249
0.221
0.219
0.197
0.202
0.216
0.220
0.227
0.214
0.247
0.172
0.209
0.213
0.217
0.221
0.217
0.215
0.241
0.234
0.211
0.249
0.215
0.218
0.218
0.248
0.207
0.215
0.214
0.172
0.215
0.237
0.212
0.219
0.229
0.245
0.219
0.213
0.228
0.220
0.245
0.238
0.183
0.215
0.213
0.228
0.212
0.234
0.242
0.207
0.213
0.220
0.215
0.214
0.216
0.221
0.215
0.202
0.206
0.232
0.235
0.215
0.215
0.222
0.211
0.234
0.216
0.214
0.229
0.219
0.224
0.244
0.197
0.207
0.218
0.218
0.211
0.233
0.240
0.223
0.207
0.248
0.217
0.232
0.212
0.220
0.212
0.187
0.221
0.215
0.224
0.169
0.219
0.221
0.215
0.214
0.216
0.217
0.246
0.222
0.249
0.254
0.181
0.249
0.245
0.248
0.212
0.232
0.250
0.219
0.212
0.254
0.218
0.213
0.215
0.220
0.227
0.208
0.236
0.224
0.227
0.229
0.216
0.237
0.235
0.208
0.217
0.217
0.255
0.217
0.214
0.241
0.214
0.214
0.230
0.229
0.213
0.219
0.242
0.220
0.205
0.163
0.215
0.236
0.220
0.213
0.211
0.236
0.214
0.209
0.217
0.226
0.216
0.169
0.210
0.240
0.205
0.220
0.251
0.220
0.217
0.243
0.221
0.219
0.216
0.215
0.218
0.421
0.240
0.216
0.178
0.250
0.443
0.215
0.215
0.211
0.218
0.330
0.215
0.235
0.223
0.227
0.461
0.217
0.214
0.205
0.216
0.225
0.248
0.219
0.215
0.244
0.216
0.236
0.240
0.248
0.217
0.213
0.240
0.220
0.212
0.213
0.220
0.250
0.240
0.241
0.212
0.222
0.234
0.216
0.215
0.259
0.216
0.240
0.249
0.174
0.217
0.213
0.222
0.220
0.214
0.237
0.214
0.211
0.201
0.213
0.213
0.251
0.217
0.214
0.226
0.246
0.172
0.205
0.214
0.238
0.218
0.247
0.212
0.211
0.224
0.167
0.218
0.234
0.220
0.214
0.213
0.251
0.227
0.218
0.218
0.234
0.215
0.174
0.206
0.221
0.213
0.215
0.200
0.222
0.213
0.246
0.217
0.219
0.215
0.214
0.212
0.182
0.196
0.210
0.214
0.218
0.217
0.216
0.243
0.245
0.206
0.165
0.221
0.232
0.215
0.214
0.214
0.213
0.212
0.221
0.211
0.220
0.168
0.173
0.214
0.221
0.232
0.258
0.236
0.246
0.213
0.259
0.229
0.224
0.217
0.241
0.219
0.219
0.212
0.250
0.208
0.215
0.221
0.215
0.213
0.216
0.180
0.215
0.207
0.239
0.207
0.216
0.216
0.226
0.214
0.206
0.218
0.216
0.214
0.216
0.212
0.221
0.241
0.207
0.226
0.207
0.215
0.214
0.216
0.247
0.182
0.208
0.243
0.173
0.214
0.216
0.215
0.233
0.212
0.219
0.211
0.238
0.215
0.213
0.244
0.239
0.211
0.218
0.180
0.230
0.217
0.241
0.242
0.214
0.216
0.225
0.224
0.220
0.215
0.253
0.181
0.217
0.213
0.216
0.215
0.224
0.216
0.203
0.202
0.211
0.208
0.213
0.215
0.219
0.249
0.185
0.212
0.231
0.218
0.243
0.218
0.245
0.245
0.207
0.213
0.244
0.231
0.214
0.232
0.222
0.186
0.211
0.228
0.225
0.228
0.170
0.216
0.236
0.212
0.249
0.212
0.232
0.250
0.217
0.244
0.210
0.208
0.216
0.217
0.255
0.212
0.216
0.238
0.209
0.236
0.247
0.220
0.217
0.213
0.249
0.211
0.219
0.244
0.215
0.236
0.233
0.214
0.240
0.236
0.245
0.216
0.234
0.220
0.220
0.249
0.241
0.209
0.238
0.217
0.215
0.219
0.215
0.235
0.206
0.213
0.219
0.217
0.217
0.221
0.252
0.217
0.206
0.213
0.232
0.236
0.225
0.217
0.169
0.209
0.236
0.218
0.220
0.244
0.220
0.243
0.254
0.207
0.215
0.228
0.228
0.222
0.211
0.252
0.204
0.206
0.218
0.219
0.170
0.219
0.248
0.213
0.217
0.226
0.214
0.228
0.214
0.215
0.225
0.173
0.221
0.212
0.215
0.229
0.221
0.215
0.239
0.214
0.220
0.218
0.226
0.214
0.221
0.240
0.217
0.202
0.220
0.214
0.215
0.215
0.239
0.218
0.214
0.201
0.220
0.228
0.227
0.212
0.259
0.249
0.163
0.219
0.222
0.215
0.216
0.220
0.244
0.182
0.207
0.212
0.229
0.215
0.235
0.253
0.234
0.213
0.237
0.218
0.251
0.214
0.257
0.214
0.214
0.213
0.214
0.214
0.220
0.215
0.244
0.249
0.216
0.211
0.218
0.220
0.220
0.218
0.226
0.195
0.215
0.215
0.215
0.212
0.220
0.242
0.216
0.245
0.221
0.214
0.215
0.217
0.227
0.212
0.179
0.234
0.219
0.219
0.228
0.218
0.221
0.246
0.235
0.213
0.171
0.228
0.215
0.222
0.244
0.188
0.210
0.214
0.238
0.220
0.212
0.216
0.241
0.211
0.251
0.219
0.220
0.236
0.208
0.220
0.218
0.214
0.221
0.218
0.220
0.221
0.227
0.216
0.212
0.214
0.215
0.240
0.218
0.215
0.220
0.217
0.216
0.212
0.218
0.218
0.233
0.227
0.215
0.209
0.226
0.219
0.219
0.253
0.215
0.214
0.234
0.213
0.232
0.234
0.214
0.210
0.216
0.234
0.216
0.214
0.225
0.239
0.170
0.253
0.217
0.217
0.219
0.229
0.219
0.212
0.215
0.230
0.218
0.182
0.217
0.217
0.215
0.214
0.222
0.217
0.228
0.214
0.214
0.215
0.209
0.211
0.218
0.236
0.210
0.213
0.235
0.252
0.219
0.216
0.221
0.216
0.212
0.213
0.245
0.219
0.214
0.250
0.218
0.181
0.214
0.217
0.241
0.247
0.230
0.213
0.208
0.240
0.220
0.216
0.243
0.218
0.232
0.205
0.231
0.207
0.216
0.243
0.222
0.217
0.172
0.215
0.215
0.218
0.245
0.213
0.218
0.223
0.219
0.214
0.220
0.215
0.230
0.166
0.219
0.215
0.257
0.234
0.209
0.252
0.256
0.217
0.221
0.228
0.254
0.214
0.227
0.246
0.225
0.236
0.221
0.216
0.221
0.218
0.229
0.212
0.225
0.254
0.223
0.249
0.247
0.215
0.228
0.235
0.265
0.219
0.236
0.202
0.210
0.176
0.225
0.215
0.219
0.214
0.245
0.216
0.230
0.214
0.216
0.213
0.214
0.214
0.165
0.204
0.214
0.212
0.215
0.218
0.208
0.228
0.234
0.216
0.216
0.215
0.236
0.219
0.250
0.189
0.214
0.216
0.256
0.214
0.215
0.217
0.249
0.208
0.220
0.249
0.231
0.212
0.166
0.215
0.217
0.206
0.218
0.207
0.216
0.219
0.217
0.247
0.234
0.209
0.217
0.206
0.242
0.213
0.263
0.244
0.212
0.220
0.203
0.231
