0.662
0.212
0.239
0.196
0.233
0.234
0.229
0.225
0.227
0.228
0.227
0.203
0.243
0.194
0.188
0.198
0.192
0.218
0.225
0.197
0.235
0.207
0.229
0.195
0.235
0.192
0.194
0.202
0.199
0.200
0.192
0.208
0.197
0.237
0.236
0.201
0.203
0.221
0.226
0.230
0.234
0.204
0.236
0.206
0.229
0.230
0.204
0.191
0.160
0.188
0.203
0.205
0.194
0.206
0.235
0.225
0.222
0.208
0.196
0.206
0.204
0.194
0.203
0.216
0.230
0.229
0.203
0.227
0.232
0.229
0.230
0.193
0.194
0.200
0.211
0.201
0.200
0.198
0.191
0.212
0.225
0.199
0.167
0.191
0.193
0.203
0.205
0.193
0.198
0.207
0.231
0.200
0.201
0.185
0.220
0.235
0.199
0.203
0.223
0.226
0.227
0.198
0.212
0.190
0.189
0.216
0.197
0.206
0.186
0.195
0.214
0.204
0.233
0.212
0.233
0.232
0.168
0.197
0.170
0.199
0.233
0.203
0.207
0.185
0.245
0.241
0.203
0.189
0.198
0.228
0.235
0.200
0.215
0.200
0.202
0.222
0.200
0.230
0.195
0.205
0.198
0.202
0.204
0.192
0.215
0.215
0.206
0.185
0.185
0.205
0.173
0.193
0.202
0.199
0.207
0.606
0.194
0.197
0.207
0.205
0.228
0.183
0.197
0.187
0.200
0.222
0.199
0.187
0.206
0.196
0.197
0.203
0.203
0.192
0.197
0.195
0.212
0.196
0.174
0.199
0.201
0.184
0.192
0.169
0.196
0.191
0.197
0.201
0.172
0.199
0.206
0.199
0.228
0.224
0.230
0.220
0.200
0.202
0.226
0.220
0.229
0.203
0.209
0.196
0.246
0.203
0.204
0.194
0.219
0.212
0.233
0.202
0.199
0.204
0.227
0.226
0.192
0.205
0.191
0.187
0.214
0.205
0.229
0.223
0.226
0.227
0.205
0.191
0.193
0.178
0.190
0.204
0.207
0.204
0.207
0.232
0.201
0.185
0.206
0.201
0.209
0.191
0.191
0.192
0.194
0.212
0.203
0.195
0.226
0.227
0.230
0.207
0.194
0.229
0.201
0.229
0.200
0.151
0.200
0.199
0.226
0.201
0.205
0.156
0.189
0.210
0.204
0.184
0.198
0.201
0.229
0.201
0.205
0.191
0.179
0.193
0.202
0.188
0.189
0.231
0.234
0.197
0.190
0.197
0.232
0.212
0.196
0.185
0.199
0.203
0.201
0.155
0.209
0.191
0.216
0.207
0.193
0.180
0.184
0.200
0.243
0.194
0.189
0.193
0.198
0.196
0.206
0.186
0.140
0.181
0.193
0.199
0.206
0.191
0.200
0.238
0.202
0.246
0.235
0.228
0.205
0.192
0.206
0.189
0.228
0.200
0.205
0.230
0.226
0.230
0.230
0.198
0.194
0.184
0.208
0.202
0.193
0.205
0.202
0.237
0.202
0.202
0.178
0.176
0.200
0.202
0.207
0.225
0.233
0.234
0.230
0.206
0.208
0.171
0.195
0.194
0.186
0.201
0.197
0.200
0.241
0.200
0.199
0.203
0.205
0.190
0.179
0.197
0.175
0.196
0.213
0.199
0.592
0.232
0.235
0.238
0.196
0.224
0.228
0.230
0.228
0.204
0.200
0.198
0.205
0.209
0.199
0.186
0.189
0.196
0.205
0.201
0.192
0.171
0.191
0.196
0.209
0.204
0.172
0.188
0.189
0.201
0.194
0.208
0.194
0.205
0.205
0.199
0.218
0.233
0.225
0.193
0.196
0.179
0.198
0.201
0.156
0.209
0.185
0.215
0.202
0.175
0.191
0.173
0.203
0.197
0.205
0.204
0.198
0.206
0.230
0.200
0.206
0.181
0.219
0.237
0.199
0.201
0.231
0.234
0.226
0.192
0.199
0.183
0.175
0.188
0.191
0.200
0.179
0.181
0.202
0.204
0.224
0.183
0.171
0.188
0.192
0.205
0.191
0.193
0.202
0.198
0.195
0.236
0.204
0.225
0.199
0.188
0.172
0.197
0.236
0.206
0.198
0.177
0.242
0.208
0.207
0.227
0.183
0.189
0.197
0.199
0.209
0.237
0.230
0.216
0.205
0.190
0.208
0.164
0.187
0.156
0.228
0.188
0.199
0.190
0.212
0.195
0.188
0.195
0.164
0.192
0.237
0.230
0.234
0.220
0.194
0.211
0.197
0.239
0.230
0.200
0.192
0.191
0.207
0.233
0.202
0.202
0.189
0.206
0.234
0.205
0.208
0.183
0.205
0.237
0.202
0.225
0.232
0.227
0.228
0.159
0.232
0.217
0.224
0.228
0.198
0.201
0.186
0.200
0.196
0.200
0.206
0.188
0.202
0.199
0.199
0.194
0.205
0.195
0.199
0.213
0.250
0.229
0.243
0.233
0.199
0.198
0.231
0.229
0.229
0.200
0.201
0.227
0.232
0.237
0.205
0.193
0.194
0.196
0.191
0.204
0.227
0.202
0.202
0.230
0.209
0.199
0.201
0.201
0.209
0.190
0.202
0.197
0.196
0.205
0.206
0.242
0.661
0.213
0.196
0.195
0.193
0.202
0.231
0.230
0.204
0.195
0.224
0.200
0.228
0.207
0.171
0.188
0.201
0.221
0.203
0.197
0.202
0.202
0.205
0.204
0.201
0.201
0.188
0.198
0.205
0.228
0.187
0.196
0.224
0.189
0.230
0.201
0.163
0.222
0.198
0.200
0.190
0.205
0.209
0.202
0.239
0.202
0.209
0.197
0.166
0.187
0.186
0.194
0.195
0.204
0.230
0.232
0.230
0.205
0.242
0.188
0.206
0.186
0.192
0.203
0.233
0.232
0.230
0.211
0.200
0.202
0.187
0.195
0.197
0.201
0.201
0.193
0.196
0.205
0.207
0.185
0.186
0.200
0.197
0.193
0.229
0.222
0.227
0.226
0.202
0.200
0.188
0.199
0.206
0.187
0.198
0.188
0.202
0.220
0.201
0.223
0.231
0.228
0.229
0.201
0.194
0.190
0.192
0.205
0.203
0.201
0.201
0.196
0.228
0.200
0.208
0.200
0.223
0.220
0.202
0.197
0.191
0.200
0.205
0.190
0.207
0.221
0.230
0.221
0.192
0.203
0.226
0.231
0.234
0.199
0.209
0.218
0.207
0.242
0.205
0.189
0.194
0.197
0.195
0.201
0.201
0.189
0.192
0.244
0.201
0.195
0.186
0.193
0.208
0.205
0.206
0.208
0.242
0.230
0.201
0.187
0.159
0.223
0.222
0.195
0.209
0.190
0.200
0.204
0.204
0.197
0.185
0.198
0.198
0.193
0.197
0.229
0.208
0.205
0.205
0.201
0.197
0.218
0.200
0.201
0.226
0.185
0.191
0.229
0.200
0.199
0.205
0.204
0.236
0.202
0.205
0.160
0.192
0.199
0.209
0.190
0.427
0.204
0.207
0.203
0.236
0.384
0.162
0.205
0.193
0.203
0.364
0.210
0.211
0.156
0.237
0.437
0.227
0.594
0.191
0.188
0.437
0.214
0.202
0.207
0.236
0.196
0.231
0.235
0.203
0.212
0.198
0.198
0.231
0.196
0.224
0.199
0.230
0.223
0.200
0.186
0.194
0.219
0.233
0.201
0.223
0.198
0.229
0.215
0.209
0.220
0.193
0.191
0.226
0.202
0.230
0.227
0.232
0.229
0.220
0.194
0.202
0.231
0.226
0.196
0.195
0.202
0.229
0.227
0.204
0.201
0.202
0.237
0.227
0.201
0.172
0.201
0.211
0.218
0.199
0.177
0.217
0.202
0.245
0.158
0.200
0.210
0.220
0.228
0.195
0.204
0.225
0.198
0.213
0.199
0.208
0.203
0.199
0.193
0.158
0.198
0.196
0.206
0.228
0.205
0.203
0.233
0.233
0.201
0.166
0.194
0.204
0.228
0.231
0.201
0.203
0.199
0.225
0.227
0.211
0.157
0.221
0.187
0.215
0.200
0.199
0.205
0.198
0.211
0.200
0.208
0.191
0.167
0.189
0.202
0.200
0.185
0.205
0.207
0.204
0.194
0.186
0.211
0.223
0.178
0.203
0.201
0.203
0.228
0.208
0.212
0.194
0.203
0.191
0.186
0.193
0.203
0.213
0.213
0.200
0.204
0.205
0.209
0.212
0.207
0.203
0.199
0.205
0.198
0.199
0.195
0.198
0.195
0.195
0.211
0.204
0.202
0.202
0.194
0.202
0.225
0.231
0.235
0.227
0.206
0.223
0.202
0.203
0.162
0.195
0.193
0.200
0.196
0.202
0.200
0.246
0.210
0.229
0.241
0.168
0.232
0.233
0.235
0.230
0.201
0.225
0.233
0.234
0.231
0.203
0.206
0.231
0.224
0.229
0.201
0.205
0.195
0.196
0.214
0.199
0.198
0.195
0.160
0.190
0.205
0.237
0.228
0.204
0.233
0.202
0.210
0.204
0.230
0.178
0.197
0.653
0.198
0.230
0.230
0.197
0.201
0.230
0.230
0.228
0.157
0.189
0.198
0.208
0.211
0.207
0.232
0.234
0.202
0.235
0.203
0.193
0.197
0.194
0.207
0.200
0.185
0.201
0.206
0.203
0.203
0.207
0.182
0.167
0.192
0.197
0.201
0.199
0.226
0.233
0.207
0.238
0.234
0.219
0.225
0.192
0.226
0.231
0.207
0.236
0.199
0.236
0.246
0.215
0.201
0.197
0.187
0.193
0.205
0.199
0.199
0.203
0.198
0.201
0.228
0.203
0.203
0.159
0.193
0.231
0.192
0.201
0.211
0.197
0.212
0.197
0.198
0.189
0.194
0.192
0.196
0.195
0.189
0.204
0.200
0.201
0.235
0.235
0.200
0.156
0.176
0.197
0.196
0.199
0.200
0.199
0.195
0.196
0.229
0.201
0.199
0.222
0.230
0.201
0.234
0.201
0.198
0.194
0.228
0.237
0.199
0.195
0.191
0.202
0.197
0.202
0.187
0.189
0.201
0.207
0.207
0.203
0.187
0.213
0.201
0.191
0.209
0.184
0.201
0.191
0.198
0.230
0.227
0.234
0.233
0.180
0.187
0.199
0.198
0.227
0.200
0.204
0.190
0.204
0.227
0.207
0.158
0.190
0.191
0.196
0.199
0.203
0.196
0.158
0.239
0.206
0.197
0.188
0.228
0.236
0.201
0.208
0.197
0.233
0.224
0.198
0.194
0.158
0.196
0.190
0.191
0.202
0.194
0.197
0.208
0.201
0.197
0.205
0.201
0.232
0.168
0.195
0.195
0.199
0.228
0.207
0.197
0.196
0.231
0.229
0.206
0.203
0.190
0.199
0.228
0.200
0.229
0.227
0.209
0.234
0.205
0.205
0.198
0.195
0.222
0.201
0.194
0.198
0.226
0.154
0.209
0.230
0.233
0.214
0.164
0.194
0.191
0.194
0.700
0.197
0.205
0.203
0.188
0.199
0.227
0.200
0.188
0.205
0.194
0.195
0.204
0.207
0.194
0.236
0.204
0.201
0.205
0.184
0.187
0.202
0.202
0.200
0.205
0.199
0.199
0.204
0.192
0.192
0.158
0.193
0.200
0.203
0.185
0.216
0.193
0.200
0.221
0.226
0.227
0.224
0.196
0.188
0.198
0.231
0.234
0.199
0.198
0.206
0.227
0.228
0.202
0.194
0.197
0.206
0.234
0.201
0.206
0.209
0.230
0.151
0.201
0.217
0.230
0.221
0.233
0.204
0.223
0.229
0.227
0.227
0.201
0.200
0.194
0.167
0.212
0.192
0.200
0.186
0.200
0.206
0.200
0.202
0.215
0.205
0.204
0.204
0.197
0.206
0.229
0.232
0.201
0.192
0.204
0.197
0.204
0.203
0.192
0.221
0.228
0.228
0.200
0.153
0.201
0.196
0.233
0.197
0.192
0.171
0.240
0.233
0.206
0.198
0.201
0.195
0.196
0.203
0.207
0.202
0.206
0.197
0.196
0.202
0.193
0.224
0.228
0.194
0.214
0.200
0.234
0.205
0.191
0.224
0.197
0.204
0.221
0.196
0.205
0.198
0.202
0.212
0.203
0.159
0.185
0.199
0.202
0.161
0.219
0.198
0.194
0.212
0.201
0.208
0.196
0.197
0.231
0.199
0.200
0.194
0.206
0.218
0.198
0.193
0.195
0.168
0.220
0.193
0.207
0.185
0.201
0.223
0.200
0.233
0.228
0.230
0.233
0.199
0.222
0.202
0.235
0.219
0.202
0.203
0.211
0.235
0.188
0.163
0.163
0.191
0.186
0.206
0.196
0.228
0.226
0.229
0.235
0.200
0.234
0.195
0.188
0.210
0.201
0.205
0.191
0.195
0.201
0.201
0.212
0.245
0.242
0.197
0.192
0.202
0.184
0.202
0.210
0.623
0.224
0.235
0.233
0.227
0.201
0.221
0.230
0.230
0.201
0.200
0.199
0.205
0.232
0.209
0.199
0.199
0.192
0.187
0.197
0.205
0.200
0.204
0.202
0.204
0.205
0.202
0.191
0.234
0.223
0.205
0.158
0.239
0.229
0.229
0.201
0.203
0.229
0.231
0.227
0.157
0.188
0.199
0.187
0.197
0.199
0.199
0.189
0.201
0.226
0.214
0.188
0.193
0.207
0.238
0.210
0.219
0.192
0.187
0.212
0.201
0.157
0.183
0.199
0.231
0.202
0.195
0.203
0.229
0.232
0.200
0.225
0.225
0.186
0.185
0.196
0.199
0.190
0.191
0.202
0.202
0.210
0.237
0.197
0.176
0.192
0.201
0.193
0.199
0.208
0.205
0.201
0.217
0.208
0.228
0.205
0.188
0.205
0.201
0.221
0.199
0.199
0.208
0.237
0.205
0.200
0.200
0.160
0.197
0.203
0.223
0.190
0.186
0.201
0.208
0.202
0.237
0.234
0.218
0.192
0.231
0.235
0.195
0.207
0.199
0.203
0.229
0.228
0.230
0.157
0.197
0.188
0.191
0.201
0.218
0.203
0.203
0.207
0.233
0.211
0.200
0.166
0.187
0.198
0.200
0.204
0.196
0.200
0.197
0.229
0.199
0.190
0.161
0.196
0.198
0.197
0.205
0.195
0.205
0.212
0.162
0.228
0.230
0.227
0.223
0.198
0.206
0.226
0.231
0.222
0.202
0.197
0.205
0.208
0.227
0.193
0.193
0.200
0.200
0.234
0.201
0.200
0.157
0.244
0.235
0.205
0.200
0.225
0.236
0.231
0.206
0.203
0.226
0.217
0.231
0.202
0.199
0.194
0.188
0.188
0.201
0.204
0.201
0.197
0.205
0.200
0.204
0.194
0.203
0.203
0.191
0.200
0.192
0.216
0.199
0.205
0.234
0.645
0.233
0.230
0.192
0.188
0.199
0.231
0.232
0.201
0.208
0.201
0.214
0.221
0.199
0.226
0.193
0.192
0.237
0.205
0.196
0.198
0.199
0.495
0.209
0.198
0.213
0.157
0.405
0.206
0.197
0.195
0.189
0.206
0.205
0.205
0.239
0.204
0.419
0.201
0.194
0.199
0.201
0.201
0.204
0.208
0.197
0.209
0.197
0.166
0.205
0.220
0.201
0.511
0.216
0.187
0.209
0.205
0.428
0.212
0.201
0.193
0.208
0.321
0.209
0.190
0.219
0.205
0.236
0.201
0.232
0.203
0.224
0.239
0.200
0.193
0.201
0.213
0.421
0.203
0.211
0.206
0.231
0.374
0.196
0.236
0.211
0.233
0.333
0.206
0.201
0.238
0.237
0.312
0.165
0.214
0.225
0.228
0.159
0.204
0.231
0.227
0.227
0.162
0.202
0.196
0.192
0.192
0.272
0.203
0.203
0.201
0.196
0.208
0.205
0.188
0.211
0.157
0.179
0.204
0.209
0.192
0.197
0.161
0.199
0.190
0.204
0.148
0.141
0.191
0.200
0.227
0.227
0.159
0.202
0.229
0.226
0.204
0.164
0.190
0.222
0.231
0.229
0.194
0.204
0.210
0.202
0.223
0.115
0.173
0.200
0.171
0.227
0.218
0.174
0.200
0.178
0.225
0.224
0.207
0.191
0.197
0.224
0.225
0.193
0.207
0.185
0.197
0.126
0.204
0.238
0.232
0.206
0.137
0.193
0.192
0.225
0.188
0.137
0.201
0.203
0.154
0.209
0.161
0.198
0.183
0.190
0.199
0.221
0.200
0.200
0.150
0.161
0.221
0.202
0.193
0.180
0.189
0.189
0.202
0.203
0.193
0.205
0.191
0.198
0.195
0.199
0.165
0.225
0.200
0.203
0.189
0.239
0.200
0.199
0.212
0.211
0.235
0.184
0.199
0.194
0.205
0.199
0.192
0.208
0.230
0.204
0.229
0.228
0.201
0.164
0.239
0.207
0.225
0.202
0.193
0.196
0.205
0.208
0.204
0.196
0.163
0.210
0.196
0.201
0.199
0.193
0.214
0.190
0.211
0.224
0.232
0.219
0.237
0.194
0.226
0.217
0.230
0.237
0.200
0.204
0.205
0.194
0.188
0.167
0.187
0.614
0.200
0.203
0.199
0.201
0.194
0.235
0.187
0.200
0.191
0.207
0.215
0.194
0.203
0.154
0.227
0.236
0.230
0.210
0.205
0.188
0.229
0.241
0.201
0.201
0.200
0.217
0.187
0.200
0.196
0.211
0.211
0.185
0.191
0.197
0.189
0.231
0.197
0.199
0.188
0.197
0.248
0.230
0.173
0.193
0.188
0.212
0.188
0.201
0.185
0.153
0.233
0.235
0.206
0.199
0.206
0.197
0.205
0.156
0.201
0.205
0.204
