0.797
0.207
0.198
0.230
0.206
0.215
0.204
0.211
0.209
0.166
0.203
0.212
0.206
0.204
0.205
0.205
0.207
0.606
0.208
0.200
0.195
0.210
0.204
0.210
0.211
0.200
0.204
0.205
0.209
0.194
0.206
0.233
0.210
0.206
0.205
0.204
0.209
0.204
0.202
0.211
0.212
0.209
0.196
0.209
0.210
0.200
0.208
0.208
0.211
0.195
0.204
0.172
0.205
0.208
0.212
0.196
0.197
0.213
0.204
0.209
0.179
0.152
0.197
0.243
0.210
0.214
0.210
0.209
0.210
0.170
0.203
0.200
0.206
0.208
0.202
0.211
0.208
0.208
0.200
0.206
0.203
0.202
0.202
0.209
0.209
0.218
0.205
0.166
0.210
0.205
0.205
0.211
0.199
0.222
0.225
0.207
0.203
0.208
0.207
0.209
0.205
0.599
0.206
0.221
0.205
0.209
0.196
0.209
0.165
0.212
0.198
0.230
0.218
0.209
0.205
0.213
0.207
0.210
0.225
0.200
0.210
0.194
0.208
0.160
0.207
0.206
0.206
0.226
0.196
0.213
0.207
0.222
0.205
0.160
0.203
0.206
0.206
0.201
0.211
0.208
0.207
0.210
0.196
0.209
0.196
0.191
0.208
0.211
0.209
0.208
0.207
0.211
0.204
0.205
0.205
0.196
0.206
0.210
0.207
0.207
0.201
0.211
0.204
0.200
0.173
0.209
0.227
0.153
0.207
0.193
0.205
0.250
0.207
0.198
0.210
0.206
0.212
0.211
0.200
0.211
0.208
0.207
0.169
0.215
0.211
0.585
0.205
0.202
0.212
0.199
0.209
0.186
0.200
0.233
0.206
0.208
0.202
0.207
0.204
0.242
0.211
0.216
0.206
0.210
0.204
0.200
0.198
0.208
0.210
0.176
0.197
0.209
0.213
0.209
0.202
0.221
0.205
0.206
0.212
0.214
0.205
0.207
0.208
0.197
0.206
0.208
0.198
0.224
0.201
0.203
0.210
0.237
0.203
0.238
0.197
0.204
0.210
0.208
0.204
0.214
0.208
0.198
0.209
0.204
0.205
0.206
0.196
0.162
0.211
0.209
0.184
0.247
0.177
0.197
0.209
0.196
0.203
0.206
0.165
0.198
0.207
0.211
0.206
0.215
0.206
0.194
0.177
0.204
0.192
0.619
0.211
0.204
0.208
0.233
0.211
0.200
0.210
0.197
0.212
0.192
0.210
0.206
0.201
0.204
0.228
0.207
0.170
0.244
0.206
0.210
0.213
0.204
0.210
0.215
0.204
0.207
0.215
0.206
0.205
0.209
0.198
0.239
0.211
0.213
0.209
0.248
0.206
0.204
0.211
0.159
0.210
0.212
0.210
0.205
0.206
0.206
0.204
0.206
0.196
0.211
0.206
0.203
0.209
0.202
0.201
0.207
0.208
0.195
0.206
0.215
0.244
0.191
0.212
0.215
0.206
0.212
0.200
0.212
0.208
0.211
0.207
0.208
0.209
0.231
0.207
0.201
0.199
0.206
0.205
0.207
0.201
0.207
0.206
0.198
0.197
0.204
0.610
0.204
0.206
0.222
0.204
0.210
0.206
0.172
0.205
0.206
0.205
0.210
0.203
0.208
0.215
0.158
0.169
0.205
0.211
0.210
0.205
0.201
0.204
0.204
0.206
0.171
0.203
0.207
0.211
0.205
0.200
0.245
0.212
0.211
0.198
0.204
0.247
0.204
0.205
0.203
0.224
0.159
0.223
0.169
0.208
0.207
0.207
0.203
0.198
0.205
0.206
0.213
0.199
0.205
0.210
0.208
0.207
0.201
0.209
0.208
0.207
0.197
0.199
0.210
0.206
0.209
0.200
0.244
0.205
0.212
0.213
0.231
0.208
0.209
0.206
0.199
0.207
0.162
0.212
0.204
0.195
0.209
0.209
0.208
0.207
0.222
0.204
0.620
0.208
0.196
0.206
0.214
0.205
0.198
0.179
0.210
0.209
0.219
0.188
0.214
0.211
0.201
0.200
0.233
0.207
0.163
0.209
0.194
0.206
0.208
0.209
0.198
0.209
0.208
0.165
0.210
0.198
0.208
0.208
0.208
0.172
0.247
0.225
0.210
0.206
0.202
0.201
0.244
0.208
0.188
0.195
0.205
0.209
0.214
0.196
0.219
0.168
0.201
0.197
0.155
0.205
0.205
0.200
0.196
0.208
0.207
0.205
0.173
0.205
0.226
0.206
0.205
0.196
0.213
0.206
0.210
0.212
0.216
0.207
0.203
0.161
0.191
0.214
0.209
0.205
0.171
0.205
0.235
0.209
0.208
0.200
0.212
0.166
0.200
0.628
0.197
0.205
0.213
0.210
0.197
0.209
0.209
0.208
0.208
0.199
0.204
0.206
0.205
0.200
0.206
0.204
0.207
0.204
0.196
0.204
0.223
0.214
0.202
0.208
0.207
0.205
0.169
0.199
0.209
0.204
0.207
0.196
0.215
0.204
0.211
0.205
0.203
0.196
0.211
0.205
0.173
0.214
0.201
0.209
0.211
0.196
0.220
0.207
0.211
0.200
0.230
0.203
0.234
0.201
0.203
0.205
0.208
0.206
0.168
0.207
0.201
0.209
0.202
0.161
0.206
0.206
0.210
0.176
0.209
0.214
0.209
0.209
0.198
0.211
0.206
0.205
0.177
0.206
0.208
0.212
0.209
0.202
0.214
0.205
0.208
0.206
0.627
0.209
0.162
0.215
0.215
0.210
0.205
0.160
0.205
0.209
0.204
0.205
0.205
0.204
0.207
0.205
0.202
0.211
0.209
0.200
0.200
0.205
0.203
0.195
0.232
0.201
0.169
0.203
0.209
0.205
0.232
0.197
0.223
0.210
0.206
0.210
0.206
0.205
0.205
0.206
0.204
0.206
0.208
0.209
0.213
0.198
0.208
0.207
0.212
0.197
0.246
0.209
0.186
0.208
0.203
0.206
0.207
0.206
0.195
0.204
0.215
0.207
0.237
0.206
0.157
0.197
0.208
0.196
0.208
0.210
0.200
0.204
0.207
0.206
0.218
0.209
0.169
0.204
0.208
0.206
0.207
0.200
0.237
0.213
0.202
0.199
0.194
0.633
0.202
0.205
0.203
0.207
0.204
0.206
0.191
0.205
0.195
0.198
0.157
0.198
0.221
0.213
0.207
0.209
0.206
0.207
0.205
0.208
0.225
0.205
0.205
0.211
0.208
0.203
0.208
0.204
0.209
0.204
0.208
0.205
0.236
0.205
0.201
0.198
0.208
0.210
0.162
0.207
0.210
0.220
0.204
0.200
0.216
0.208
0.213
0.201
0.197
0.241
0.207
0.213
0.198
0.207
0.220
0.205
0.202
0.204
0.206
0.200
0.211
0.206
0.205
0.204
0.222
0.205
0.221
0.198
0.208
0.208
0.199
0.212
0.161
0.211
0.199
0.204
0.208
0.208
0.205
0.200
0.215
0.200
0.202
0.198
0.206
0.215
0.630
0.206
0.196
0.209
0.204
0.208
0.169
0.208
0.208
0.206
0.204
0.197
0.215
0.206
0.159
0.165
0.204
0.222
0.210
0.204
0.201
0.206
0.201
0.204
0.166
0.184
0.205
0.198
0.206
0.199
0.222
0.205
0.204
0.210
0.219
0.197
0.212
0.207
0.211
0.208
0.207
0.205
0.205
0.204
0.202
0.218
0.205
0.198
0.245
0.209
0.205
0.227
0.191
0.211
0.205
0.208
0.197
0.210
0.205
0.205
0.208
0.200
0.214
0.206
0.204
0.201
0.208
0.206
0.208
0.214
0.209
0.214
0.211
0.210
0.194
0.207
0.161
0.212
0.234
0.204
0.221
0.213
0.223
0.198
0.222
0.199
0.210
0.648
0.190
0.204
0.207
0.207
0.202
0.206
0.205
0.208
0.210
0.225
0.214
0.214
0.211
0.167
0.209
0.210
0.211
0.207
0.197
0.205
0.229
0.212
0.168
0.207
0.208
0.204
0.214
0.196
0.215
0.208
0.207
0.178
0.211
0.210
0.208
0.208
0.196
0.203
0.213
0.204
0.165
0.212
0.212
0.204
0.209
0.202
0.218
0.212
0.198
0.197
0.161
0.196
0.209
0.206
0.192
0.208
0.210
0.209
0.204
0.206
0.209
0.203
0.212
0.201
0.222
0.209
0.153
0.205
0.209
0.221
0.205
0.163
0.207
0.204
0.202
0.205
0.192
0.198
0.207
0.206
0.204
0.193
0.211
0.209
0.217
0.211
0.624
0.215
0.203
0.205
0.206
0.206
0.211
0.214
0.203
0.197
0.201
0.204
0.211
0.196
0.198
0.210
0.205
0.213
0.198
0.213
0.206
0.208
0.192
0.205
0.207
0.209
0.163
0.198
0.214
0.162
0.209
0.154
0.208
0.207
0.208
0.197
0.214
0.209
0.209
0.206
0.171
0.204
0.207
0.208
0.205
0.198
0.221
0.197
0.211
0.169
0.204
0.212
0.206
0.474
0.202
0.213
0.208
0.206
0.171
0.210
0.207
0.209
0.203
0.206
0.214
0.209
0.206
0.204
0.204
0.212
0.207
0.203
0.198
0.207
0.221
0.169
0.209
0.206
0.155
0.196
0.208
0.199
0.206
0.210
0.209
0.205
0.209
0.206
0.159
0.206
0.202
0.207
0.198
0.210
0.204
0.197
0.214
0.205
0.222
0.204
0.205
0.204
0.208
0.204
0.203
0.211
0.601
0.209
0.197
0.210
0.202
0.210
0.209
0.209
0.204
0.203
0.205
0.172
0.211
0.204
0.201
0.207
0.196
0.207
0.206
0.208
0.193
0.205
0.207
0.212
0.198
0.196
0.213
0.200
0.203
0.202
0.207
0.209
0.207
0.200
0.200
0.199
0.211
0.209
0.195
0.207
0.207
0.207
0.204
0.199
0.160
0.206
0.204
0.199
0.164
0.206
0.208
0.210
0.196
0.475
0.208
0.205
0.174
0.224
0.237
0.204
0.232
0.197
0.219
0.207
0.209
0.156
0.210
0.163
0.212
0.205
0.202
0.208
0.208
0.205
0.220
0.205
0.215
0.205
0.210
0.196
0.204
0.210
0.217
0.205
0.207
0.206
0.208
0.207
0.197
0.211
0.207
0.204
0.227
0.203
0.208
0.207
0.204
0.202
0.214
0.207
0.209
0.213
0.199
0.211
0.200
0.213
0.582
0.206
0.204
0.208
0.211
0.196
0.222
0.201
0.208
0.195
0.206
0.211
0.209
0.213
0.200
0.209
0.209
0.204
0.195
0.165
0.206
0.195
0.209
0.203
0.190
0.211
0.238
0.182
0.208
0.210
0.213
0.210
0.193
0.212
0.209
0.213
0.171
0.208
0.223
0.202
0.244
0.204
0.223
0.198
0.208
0.185
0.211
0.211
0.208
0.213
0.196
0.209
0.222
0.477
0.171
0.210
0.222
0.205
0.212
0.195
0.208
0.206
0.156
0.199
0.237
0.211
0.207
0.205
0.191
0.205
0.208
0.208
0.207
0.205
0.211
0.212
0.204
0.195
0.208
0.206
0.400
0.200
0.206
0.409
0.420
0.314
0.295
0.197
0.206
0.207
0.206
0.197
0.452
0.207
0.444
0.428
0.377
0.395
0.366
0.361
0.446
0.327
0.451
0.334
0.209
0.207
0.613
0.205
0.209
0.212
0.199
0.205
0.198
0.198
0.201
0.196
0.205
0.207
0.192
0.204
0.210
0.196
0.195
0.207
0.159
0.211
0.201
0.195
0.214
0.208
0.205
0.172
0.203
0.215
0.213
0.208
0.201
0.207
0.207
0.207
0.169
0.226
0.207
0.206
0.217
0.188
0.219
0.213
0.233
0.168
0.204
0.208
0.209
0.208
0.199
0.209
0.207
0.206
0.169
0.476
0.207
0.212
0.210
0.196
0.208
0.208
0.204
0.183
0.207
0.203
0.213
0.208
0.195
0.206
0.208
0.203
0.207
0.207
0.202
0.211
0.205
0.200
0.209
0.204
0.212
0.204
0.165
0.206
0.205
0.213
0.192
0.226
0.208
0.206
0.208
0.209
0.157
0.209
0.237
0.163
0.209
0.213
0.161
0.208
0.203
0.204
0.205
0.200
0.204
0.213
0.212
0.195
0.618
0.197
0.203
0.207
0.209
0.162
0.204
0.206
0.209
0.208
0.202
0.211
0.159
0.207
0.231
0.205
0.213
0.203
0.214
0.224
0.197
0.204
0.198
0.172
0.203
0.214
0.229
0.196
0.194
0.209
0.209
0.200
0.197
0.209
0.217
0.200
0.159
0.202
0.230
0.211
0.221
0.171
0.211
0.208
0.219
0.207
0.208
0.206
0.195
0.212
0.194
0.208
0.221
0.476
0.196
0.210
0.202
0.204
0.195
0.208
0.204
0.206
0.206
0.210
0.197
0.212
0.243
0.213
0.209
0.206
0.206
0.196
0.208
0.198
0.205
0.210
0.210
0.207
0.211
0.206
0.209
0.204
0.194
0.206
0.244
0.212
0.206
0.197
0.205
0.165
0.206
0.202
0.209
0.204
0.208
0.205
0.202
0.210
0.160
0.199
0.204
0.208
0.214
0.216
0.208
0.198
0.619
0.204
0.196
0.199
0.205
0.206
0.206
0.205
0.193
0.208
0.197
0.204
0.221
0.198
0.212
0.206
0.203
0.208
0.237
0.210
0.195
0.212
0.209
0.204
0.198
0.204
0.199
0.206
0.200
0.209
0.171
0.211
0.215
0.218
0.211
0.198
0.213
0.210
0.197
0.171
0.207
0.204
0.199
0.223
0.196
0.206
0.244
0.211
0.168
0.215
0.214
0.207
0.209
0.470
0.163
0.206
0.213
0.171
0.206
0.208
0.206
0.206
0.197
0.207
0.201
0.209
0.200
0.218
0.216
0.211
0.203
0.196
0.206
0.209
0.207
0.200
0.204
0.164
0.205
0.212
0.203
0.208
0.205
0.196
0.210
0.196
0.208
0.210
0.209
0.199
0.212
0.206
0.208
0.225
0.193
0.204
0.209
0.204
0.209
0.208
0.221
0.205
0.212
0.193
0.210
0.213
0.204
0.195
0.207
0.214
0.210
0.202
0.212
0.210
0.252
0.206
0.163
0.214
0.239
0.207
0.219
0.200
0.209
0.209
0.208
0.198
0.200
0.639
0.197
0.209
0.201
0.209
0.205
0.209
0.196
0.208
0.156
0.221
0.244
0.160
0.211
0.211
0.191
0.211
0.193
0.204
0.205
0.204
0.213
0.203
0.209
0.205
0.208
0.194
0.195
0.207
0.201
0.210
0.209
0.203
0.229
0.208
0.169
0.208
0.221
0.204
0.209
0.198
0.203
0.198
0.209
0.184
0.215
0.210
0.206
0.208
0.192
0.162
0.239
0.206
0.170
0.206
0.204
0.205
0.232
0.197
0.209
0.208
0.211
0.184
0.211
0.210
0.200
0.207
0.204
0.196
0.236
0.218
0.190
0.197
0.173
0.631
0.207
0.205
0.205
0.206
0.205
0.206
0.206
0.204
0.200
0.211
0.202
0.205
0.216
0.203
0.205
0.198
0.208
0.211
0.213
0.198
0.208
0.206
0.210
0.202
0.204
0.213
0.211
0.209
0.196
0.204
0.214
0.205
0.207
0.206
0.209
0.200
0.206
0.161
0.209
0.205
0.206
0.205
0.213
0.206
0.159
0.212
0.200
0.207
0.244
0.207
0.207
0.208
0.210
0.204
0.223
0.199
0.204
0.207
0.191
0.224
0.195
0.202
0.208
0.214
0.172
0.206
0.222
0.207
0.230
0.200
0.204
0.197
0.179
0.581
0.203
0.212
0.204
0.211
0.203
0.208
0.210
0.204
0.171
0.208
0.212
0.209
0.204
0.199
0.205
0.205
0.209
0.179
0.203
0.214
0.204
0.205
0.195
0.204
0.221
0.162
0.207
0.206
0.207
0.205
0.209
0.208
0.210
0.204
0.208
0.201
0.207
0.210
0.205
0.205
0.199
0.203
0.199
0.210
0.177
0.206
0.248
0.207
0.234
0.200
0.202
0.205
0.209
0.204
0.193
0.206
0.242
0.207
0.194
0.205
0.214
0.207
0.206
0.200
0.206
0.205
0.208
0.203
0.207
0.210
0.208
0.206
0.201
0.612
0.228
0.210
0.205
0.209
0.224
0.204
0.210
0.206
0.200
0.214
0.220
0.195
0.205
0.164
0.193
0.191
0.204
0.204
0.237
0.211
0.197
0.209
0.215
0.203
0.203
0.201
0.208
0.211
0.208
0.169
0.206
0.208
0.221
0.204
0.205
0.201
0.218
0.206
0.233
0.206
0.230
0.211
0.204
0.201
0.235
0.208
0.209
0.176
0.221
0.212
0.165
0.204
0.198
0.205
0.202
0.206
0.208
0.215
0.205
0.201
0.205
0.203
0.211
0.209
0.209
0.204
0.205
0.215
0.222
0.206
0.196
0.213
0.244
0.628
0.230
0.160
0.206
0.207
0.208
0.200
0.205
0.210
0.206
0.205
0.197
0.208
0.213
0.205
0.194
0.207
0.206
0.209
0.210
0.234
0.208
0.206
0.191
0.210
0.191
0.214
0.210
0.206
0.159
0.207
0.206
0.210
0.195
0.206
0.163
0.208
0.206
0.199
0.245
0.205
0.218
0.197
0.214
0.208
0.200
0.204
0.216
0.205
0.155
0.210
0.171
0.211
0.233
0.205
0.213
0.204
0.206
0.207
0.205
0.171
0.208
0.225
0.211
0.162
0.199
0.206
0.224
0.207
0.165
0.206
0.210
0.208
0.622
0.203
0.207
0.215
0.241
0.180
0.208
0.209
0.210
