0.280
0.240
0.189
0.230
0.196
0.203
0.204
0.194
0.197
0.240
0.235
0.199
0.199
0.198
0.201
0.200
0.193
0.206
0.192
0.225
0.238
0.193
0.207
0.374
0.208
0.201
0.124
0.598
0.198
0.228
0.228
0.201
0.199
0.201
0.193
0.200
0.203
0.200
0.193
0.150
0.225
0.191
0.193
0.209
0.160
0.206
0.200
0.200
0.202
0.213
0.231
0.210
0.204
0.196
0.201
0.202
0.197
0.194
0.207
0.229
0.199
0.204
0.200
0.209
0.189
0.206
0.204
0.199
0.202
0.195
0.234
0.181
0.194
0.197
0.201
0.207
0.206
0.200
0.201
0.195
0.201
0.200
0.201
0.185
0.213
0.200
0.167
0.193
0.207
0.199
0.228
0.202
0.201
0.206
0.198
0.195
0.197
0.203
0.203
0.228
0.227
0.169
0.205
0.232
0.209
0.200
0.151
0.200
0.197
0.220
0.231
0.208
0.207
0.215
0.204
0.203
0.178
0.194
0.200
0.205
0.212
0.202
0.203
0.231
0.193
0.458
0.186
0.206
0.202
0.232
0.219
0.208
0.193
0.216
0.201
0.210
0.221
0.190
0.200
0.187
0.193
0.200
0.203
0.204
0.202
0.187
0.205
0.197
0.203
0.205
0.200
0.201
0.236
0.237
0.198
0.193
0.197
0.197
0.195
0.208
0.202
0.208
0.198
0.209
0.217
0.191
0.201
0.200
0.152
0.210
0.228
0.199
0.206
0.202
0.209
0.198
0.201
0.193
0.207
0.212
0.217
0.201
0.202
0.205
0.203
0.228
0.236
0.202
0.188
0.205
0.231
0.194
0.215
0.228
0.203
0.200
0.206
0.208
0.214
0.178
0.193
0.198
0.196
0.208
0.215
0.236
0.234
0.187
0.224
0.203
0.195
0.203
0.204
0.204
0.179
0.192
0.237
0.202
0.206
0.230
0.230
0.206
0.193
0.199
0.615
0.224
0.195
0.205
0.196
0.174
0.154
0.196
0.194
0.229
0.207
0.204
0.159
0.197
0.199
0.238
0.234
0.204
0.197
0.198
0.204
0.187
0.201
0.207
0.218
0.199
0.189
0.232
0.196
0.192
0.201
0.198
0.195
0.201
0.205
0.198
0.221
0.206
0.204
0.198
0.200
0.202
0.200
0.198
0.192
0.187
0.223
0.202
0.204
0.195
0.189
0.191
0.223
0.199
0.202
0.201
0.231
0.206
0.192
0.199
0.207
0.201
0.226
0.209
0.207
0.200
0.188
0.202
0.156
0.207
0.200
0.225
0.236
0.170
0.186
0.220
0.237
0.197
0.205
0.213
0.203
0.192
0.210
0.207
0.204
0.235
0.232
0.203
0.156
0.197
0.206
0.204
0.202
0.211
0.204
0.238
0.226
0.205
0.152
0.476
0.205
0.205
0.207
0.172
0.192
0.234
0.232
0.194
0.204
0.195
0.204
0.194
0.205
0.206
0.234
0.232
0.229
0.206
0.187
0.218
0.205
0.199
0.202
0.203
0.202
0.231
0.194
0.199
0.155
0.192
0.158
0.202
0.201
0.202
0.209
0.217
0.229
0.161
0.201
0.210
0.200
0.192
0.191
0.214
0.197
0.235
0.252
0.195
0.200
0.209
0.190
0.165
0.204
0.207
0.200
0.205
0.195
0.197
0.214
0.202
0.206
0.199
0.196
0.202
0.196
0.200
0.228
0.202
0.207
0.179
0.210
0.159
0.189
0.200
0.197
0.202
0.229
0.201
0.201
0.232
0.200
0.206
0.196
0.204
0.200
0.229
0.220
0.194
0.202
0.206
0.203
0.202
0.153
0.200
0.189
0.236
0.234
0.201
0.614
0.320
0.199
0.166
0.195
0.212
0.208
0.208
0.195
0.201
0.203
0.227
0.201
0.198
0.196
0.206
0.198
0.230
0.226
0.193
0.202
0.209
0.200
0.207
0.203
0.203
0.192
0.195
0.201
0.205
0.198
0.202
0.204
0.187
0.198
0.201
0.201
0.231
0.206
0.201
0.220
0.225
0.194
0.194
0.196
0.199
0.209
0.195
0.164
0.197
0.197
0.202
0.206
0.214
0.195
0.201
0.157
0.213
0.212
0.204
0.200
0.222
0.201
0.159
0.235
0.205
0.203
0.246
0.214
0.202
0.204
0.188
0.205
0.229
0.235
0.198
0.188
0.218
0.201
0.195
0.211
0.236
0.200
0.208
0.195
0.203
0.158
0.196
0.207
0.203
0.201
0.202
0.202
0.217
0.192
0.191
0.212
0.207
0.192
0.476
0.205
0.194
0.197
0.201
0.190
0.206
0.202
0.229
0.220
0.193
0.199
0.197
0.199
0.198
0.208
0.223
0.165
0.195
0.153
0.206
0.200
0.232
0.205
0.210
0.198
0.199
0.208
0.198
0.209
0.202
0.205
0.203
0.194
0.165
0.201
0.202
0.227
0.232
0.185
0.202
0.206
0.238
0.200
0.202
0.202
0.203
0.166
0.221
0.230
0.208
0.204
0.199
0.207
0.207
0.224
0.192
0.217
0.192
0.217
0.200
0.204
0.198
0.193
0.198
0.226
0.204
0.197
0.196
0.195
0.194
0.193
0.239
0.199
0.202
0.233
0.201
0.252
0.222
0.228
0.201
0.157
0.201
0.176
0.221
0.225
0.195
0.201
0.205
0.235
0.199
0.198
0.215
0.193
0.197
0.201
0.207
0.227
0.240
0.616
0.165
0.179
0.304
0.200
0.204
0.201
0.203
0.203
0.226
0.228
0.203
0.235
0.201
0.201
0.198
0.158
0.193
0.209
0.210
0.208
0.190
0.207
0.205
0.193
0.201
0.219
0.202
0.196
0.234
0.230
0.172
0.192
0.208
0.206
0.214
0.202
0.211
0.195
0.206
0.246
0.239
0.198
0.212
0.156
0.199
0.194
0.196
0.197
0.232
0.228
0.208
0.206
0.213
0.201
0.192
0.196
0.203
0.201
0.197
0.204
0.200
0.195
0.227
0.192
0.207
0.207
0.202
0.206
0.222
0.216
0.202
0.204
0.207
0.205
0.205
0.201
0.193
0.200
0.206
0.228
0.200
0.195
0.178
0.159
0.191
0.213
0.213
0.197
0.203
0.203
0.202
0.213
0.160
0.197
0.223
0.199
0.202
0.204
0.462
0.222
0.205
0.208
0.214
0.199
0.185
0.155
0.196
0.214
0.229
0.230
0.194
0.200
0.217
0.200
0.191
0.204
0.199
0.202
0.192
0.205
0.202
0.189
0.230
0.200
0.177
0.195
0.210
0.243
0.222
0.223
0.204
0.160
0.211
0.197
0.190
0.205
0.194
0.229
0.213
0.159
0.199
0.201
0.199
0.177
0.180
0.209
0.160
0.202
0.227
0.206
0.209
0.221
0.227
0.200
0.202
0.206
0.200
0.203
0.204
0.188
0.201
0.206
0.128
0.195
0.197
0.213
0.179
0.151
0.229
0.230
0.202
0.205
0.201
0.206
0.206
0.207
0.203
0.209
0.213
0.206
0.205
0.198
0.233
0.203
0.232
0.235
0.197
0.193
0.206
0.187
0.204
0.199
0.243
0.207
0.156
0.206
0.614
0.224
0.207
0.234
0.200
0.197
0.298
0.203
0.199
0.230
0.236
0.200
0.228
0.229
0.208
0.197
0.204
0.207
0.202
0.224
0.200
0.195
0.201
0.193
0.201
0.196
0.206
0.200
0.204
0.208
0.198
0.188
0.229
0.186
0.183
0.206
0.207
0.205
0.233
0.234
0.204
0.200
0.206
0.191
0.200
0.167
0.208
0.205
0.199
0.201
0.203
0.200
0.224
0.185
0.224
0.198
0.205
0.202
0.207
0.209
0.192
0.196
0.205
0.194
0.203
0.200
0.201
0.206
0.198
0.230
0.203
0.201
0.202
0.233
0.203
0.201
0.191
0.200
0.202
0.228
0.202
0.200
0.214
0.194
0.192
0.203
0.190
0.191
0.201
0.204
0.179
0.197
0.238
0.224
0.203
0.159
0.187
0.207
0.200
0.192
0.203
0.200
0.202
0.205
0.205
0.205
0.198
0.206
0.205
0.201
0.209
0.199
0.227
0.220
0.197
0.193
0.221
0.200
0.198
0.205
0.181
0.190
0.235
0.221
0.202
0.243
0.215
0.202
0.166
0.200
0.207
0.204
0.222
0.229
0.218
0.206
0.203
0.201
0.201
0.202
0.201
0.233
0.231
0.226
0.194
0.197
0.200
0.201
0.203
0.215
0.206
0.202
0.617
0.228
0.206
0.230
0.229
0.156
0.176
0.195
0.163
0.191
0.201
0.221
0.201
0.199
0.194
0.203
0.204
0.201
0.199
0.218
0.229
0.222
0.197
0.219
0.203
0.195
0.198
0.196
0.203
0.203
0.201
0.227
0.203
0.229
0.233
0.205
0.194
0.193
0.212
0.186
0.191
0.235
0.203
0.199
0.195
0.197
0.200
0.208
0.204
0.199
0.202
0.219
0.199
0.202
0.300
0.199
0.213
0.212
0.200
0.195
0.230
0.228
0.202
0.194
0.190
0.202
0.202
0.154
0.191
0.207
0.221
0.199
0.160
0.235
0.192
0.197
0.205
0.205
0.204
0.234
0.229
0.215
0.200
0.169
0.192
0.202
0.198
0.144
0.208
0.167
0.208
0.199
0.203
0.206
0.202
0.201
0.201
0.193
0.204
0.200
0.204
0.199
0.164
0.200
0.186
0.200
0.199
0.200
0.201
0.200
0.231
0.199
0.192
0.229
0.200
0.204
0.205
0.210
0.204
0.180
0.191
0.212
0.206
0.202
0.196
0.205
0.243
0.193
0.198
0.166
0.196
0.234
0.201
0.201
0.202
0.197
0.216
0.200
0.203
0.200
0.202
0.203
0.200
0.193
0.210
0.204
0.233
0.230
0.204
0.188
0.201
0.197
0.622
0.159
0.200
0.203
0.203
0.192
0.194
0.193
0.206
0.206
0.201
0.201
0.179
0.204
0.202
0.206
0.200
0.198
0.202
0.212
0.167
0.157
0.204
0.204
0.197
0.215
0.205
0.164
0.193
0.240
0.204
0.188
0.197
0.193
0.198
0.162
0.205
0.196
0.236
0.185
0.195
0.224
0.199
0.198
0.230
0.240
0.203
0.194
0.199
0.207
0.177
0.192
0.248
0.202
0.217
0.200
0.202
0.227
0.225
0.187
0.207
0.199
0.205
0.200
0.189
0.196
0.198
0.202
0.229
0.230
0.206
0.200
0.203
0.197
0.207
0.214
0.201
0.207
0.202
0.240
0.202
0.197
0.196
0.199
0.201
0.229
0.199
0.207
0.191
0.184
0.215
0.201
0.201
0.200
0.232
0.218
0.193
0.200
0.210
0.233
0.204
0.155
0.189
0.163
0.199
0.205
0.206
0.205
0.214
0.221
0.197
0.196
0.220
0.202
0.199
0.206
0.201
0.215
0.193
0.188
0.202
0.187
0.218
0.200
0.196
0.196
0.197
0.205
0.237
0.227
0.202
0.200
0.196
0.169
0.192
0.199
0.206
0.204
0.223
0.231
0.210
0.208
0.207
0.204
0.207
0.201
0.211
0.228
0.227
0.221
0.202
0.194
0.614
0.201
0.188
0.208
0.192
0.197
0.232
0.236
0.204
0.205
0.244
0.158
0.188
0.212
0.225
0.200
0.232
0.197
0.209
0.224
0.195
0.201
0.205
0.207
0.207
0.200
0.169
0.191
0.201
0.196
0.205
0.195
0.208
0.200
0.196
0.203
0.195
0.205
0.213
0.199
0.195
0.201
0.195
0.204
0.201
0.197
0.201
0.228
0.200
0.197
0.204
0.233
0.237
0.197
0.202
0.200
0.158
0.227
0.206
0.205
0.200
0.204
0.198
0.204
0.195
0.200
0.230
0.200
0.204
0.206
0.202
0.166
0.225
0.184
0.192
0.206
0.233
0.218
0.194
0.194
0.206
0.201
0.213
0.202
0.201
0.205
0.202
0.188
0.199
0.199
0.206
0.200
0.202
0.186
0.172
0.184
0.204
0.192
0.201
0.203
0.229
0.205
0.234
0.234
0.200
0.205
0.201
0.231
0.201
0.194
0.233
0.205
0.216
0.204
0.202
0.200
0.231
0.197
0.201
0.184
0.227
0.206
0.207
0.207
0.180
0.207
0.213
0.235
0.207
0.206
0.198
0.201
0.194
0.229
0.202
0.158
0.192
0.229
0.201
0.169
0.203
0.206
0.209
0.200
0.204
0.157
0.210
0.196
0.198
0.201
0.325
0.197
0.647
0.221
0.204
0.180
0.217
0.199
0.202
0.208
0.202
0.209
0.193
0.213
0.200
0.212
0.201
0.195
0.203
0.158
0.196
0.205
0.200
0.206
0.206
0.204
0.212
0.190
0.167
0.142
0.178
0.205
0.201
0.199
0.199
0.197
0.230
0.234
0.203
0.200
0.195
0.199
0.165
0.190
0.203
0.233
0.234
0.186
0.192
0.206
0.189
0.204
0.201
0.184
0.201
0.202
0.230
0.221
0.157
0.182
0.204
0.212
0.205
0.202
0.202
0.192
0.196
0.186
0.211
0.196
0.207
0.201
0.198
0.202
0.202
0.195
0.203
0.190
0.192
0.206
0.198
0.207
0.201
0.197
0.204
0.203
0.195
0.222
0.198
0.153
0.149
0.200
0.194
0.194
0.203
0.190
0.212
0.200
0.192
0.212
0.208
0.201
0.200
0.196
0.203
0.189
0.193
0.228
0.204
0.154
0.178
0.197
0.246
0.213
0.201
0.213
0.209
0.208
0.199
0.215
0.233
0.200
0.195
0.162
0.203
0.192
0.235
0.239
0.202
0.186
0.236
0.206
0.201
0.191
0.201
0.206
0.234
0.227
0.203
0.199
0.192
0.200
0.221
0.200
0.205
0.202
0.231
0.202
0.197
0.229
0.228
0.203
0.189
0.200
0.618
0.186
0.231
0.239
0.205
0.208
0.203
0.201
0.201
0.192
0.209
0.199
0.226
0.229
0.409
0.229
0.231
0.169
0.189
0.202
0.197
0.199
0.204
0.212
0.183
0.223
0.202
0.202
0.229
0.454
0.202
0.197
0.221
0.230
0.442
0.199
0.197
0.192
0.210
0.372
0.202
0.199
0.205
0.182
0.363
0.202
0.177
0.191
0.222
0.205
0.209
0.201
0.209
0.196
0.509
0.229
0.195
0.201
0.201
0.506
0.205
0.164
0.193
0.227
0.203
0.232
0.228
0.206
0.194
0.192
0.199
0.198
0.229
0.218
0.522
0.232
0.164
0.194
0.213
0.157
0.191
0.207
0.230
0.233
0.198
0.198
0.210
0.200
0.199
0.503
0.210
0.204
0.196
0.200
0.207
0.206
0.232
0.200
0.202
0.456
0.203
0.235
0.235
0.227
0.512
0.212
0.189
0.197
0.211
0.348
0.211
0.208
0.210
0.196
0.139
0.207
0.229
0.200
0.202
0.295
0.208
0.186
0.221
0.210
0.132
0.192
0.238
0.206
0.200
0.209
0.194
0.203
0.208
0.199
0.150
0.211
0.199
0.193
0.210
0.160
0.204
0.154
0.194
0.233
0.130
0.195
0.207
0.199
0.193
0.131
0.194
0.198
0.586
0.199
0.132
0.200
0.215
0.199
0.210
0.127
0.193
0.187
0.230
0.229
0.130
0.203
0.205
0.192
0.219
0.221
0.226
0.200
0.206
0.234
0.160
0.212
0.207
0.203
0.196
0.186
0.201
0.197
0.191
0.207
0.196
0.200
0.198
0.199
0.199
0.194
0.192
0.207
0.227
0.204
0.198
0.201
0.236
0.192
0.202
0.188
0.200
0.202
0.232
0.188
0.183
0.200
0.238
0.200
0.189
0.192
0.201
0.195
0.195
0.189
0.193
0.202
0.231
0.201
0.201
0.174
0.192
0.201
0.224
0.183
0.198
0.200
0.198
0.167
0.202
0.195
0.203
0.208
0.213
0.236
0.201
0.195
0.232
0.205
0.207
0.201
0.201
0.195
0.194
0.222
0.204
0.198
0.301
0.201
0.204
0.229
0.194
0.230
0.229
0.229
0.202
0.199
0.214
0.181
0.194
0.215
0.211
0.203
0.226
0.198
0.200
0.152
0.207
0.207
0.207
0.210
0.202
0.199
0.191
0.225
0.206
0.199
0.202
0.202
0.235
0.230
0.201
0.201
0.230
0.230
0.207
0.186
0.224
0.200
0.189
0.210
0.203
0.220
0.230
0.234
0.213
0.210
0.206
0.192
0.200
0.202
0.210
0.206
0.196
0.225
0.622
0.200
0.217
0.199
0.199
0.204
0.198
0.226
0.232
0.228
0.202
0.194
0.201
0.198
0.193
0.207
0.192
0.198
0.229
0.229
0.197
0.224
0.225
0.155
0.180
0.206
0.213
0.206
0.205
0.205
0.204
0.206
0.205
0.202
0.196
0.195
0.163
0.197
0.188
0.201
0.201
0.207
0.224
0.149
0.199
0.201
0.206
0.215
0.199
0.199
0.207
0.167
0.190
0.202
0.201
0.199
0.207
0.201
0.203
0.222
0.196
0.195
0.240
0.234
0.200
0.200
0.185
0.158
0.228
0.228
0.201
0.197
0.245
0.204
0.197
0.205
0.205
0.202
0.235
0.233
0.200
0.206
0.206
0.201
0.211
0.154
0.194
0.477
0.201
0.194
0.196
0.236
0.232
0.204
0.188
0.200
0.204
0.194
0.234
0.234
0.199
0.206
0.231
0.204
0.196
0.182
0.206
0.208
0.206
0.229
0.207
0.195
0.224
0.201
0.242
0.233
0.202
0.197
0.233
