0.274
0.238
0.190
0.225
0.239
0.232
0.196
0.158
0.195
0.209
0.241
0.199
0.201
0.198
0.192
0.219
0.208
0.201
0.177
0.196
0.192
0.205
0.195
0.201
0.243
0.233
0.205
0.189
0.209
0.232
0.203
0.203
0.207
0.235
0.236
0.236
0.210
0.203
0.157
0.207
0.212
0.593
0.159
0.209
0.218
0.211
0.203
0.197
0.208
0.202
0.205
0.204
0.165
0.199
0.200
0.204
0.202
0.199
0.201
0.226
0.238
0.202
0.197
0.172
0.220
0.230
0.203
0.189
0.212
0.152
0.213
0.201
0.208
0.209
0.207
0.197
0.195
0.242
0.208
0.239
0.230
0.203
0.194
0.230
0.240
0.228
0.173
0.194
0.198
0.199
0.207
0.206
0.198
0.205
0.208
0.238
0.201
0.196
0.199
0.202
0.150
0.206
0.193
0.210
0.221
0.205
0.207
0.209
0.235
0.199
0.155
0.201
0.201
0.200
0.198
0.179
0.207
0.182
0.211
0.207
0.175
0.205
0.198
0.202
0.230
0.207
0.202
0.206
0.206
0.199
0.217
0.158
0.199
0.198
0.207
0.238
0.206
0.205
0.203
0.206
0.213
0.202
0.194
0.167
0.200
0.214
0.218
0.199
0.204
0.217
0.210
0.201
0.242
0.239
0.227
0.221
0.206
0.230
0.235
0.231
0.227
0.195
0.179
0.178
0.210
0.201
0.168
0.190
0.131
0.182
0.168
0.200
0.209
0.216
0.238
0.237
0.186
0.193
0.211
0.212
0.212
0.202
0.180
0.208
0.202
0.207
0.193
0.204
0.222
0.225
0.229
0.201
0.205
0.156
0.198
0.209
0.201
0.203
0.201
0.163
0.198
0.202
0.245
0.219
0.207
0.229
0.206
0.202
0.204
0.206
0.212
0.195
0.224
0.189
0.208
0.204
0.201
0.208
0.206
0.230
0.230
0.209
0.198
0.193
0.153
0.236
0.202
0.208
0.207
0.201
0.227
0.202
0.201
0.152
0.202
0.235
0.207
0.212
0.211
0.208
0.224
0.202
0.193
0.210
0.200
0.224
0.198
0.206
0.205
0.206
0.236
0.212
0.206
0.219
0.201
0.189
0.198
0.191
0.208
0.219
0.203
0.207
0.195
0.202
0.206
0.199
0.215
0.171
0.187
0.218
0.231
0.206
0.205
0.216
0.212
0.189
0.223
0.203
0.173
0.195
0.191
0.201
0.193
0.199
0.225
0.225
0.157
0.196
0.200
0.213
0.210
0.204
0.209
0.205
0.196
0.231
0.202
0.201
0.207
0.199
0.210
0.201
0.187
0.629
0.201
0.213
0.193
0.203
0.199
0.202
0.209
0.205
0.203
0.219
0.204
0.220
0.194
0.153
0.169
0.237
0.231
0.203
0.198
0.203
0.189
0.193
0.203
0.231
0.204
0.226
0.206
0.211
0.223
0.222
0.243
0.225
0.200
0.198
0.225
0.230
0.227
0.204
0.204
0.228
0.234
0.235
0.192
0.198
0.184
0.229
0.231
0.202
0.190
0.208
0.195
0.202
0.202
0.203
0.193
0.167
0.236
0.203
0.192
0.181
0.205
0.201
0.202
0.201
0.193
0.199
0.201
0.203
0.237
0.207
0.230
0.196
0.204
0.209
0.206
0.153
0.187
0.200
0.228
0.236
0.195
0.198
0.204
0.203
0.205
0.205
0.209
0.165
0.221
0.237
0.232
0.231
0.205
0.219
0.196
0.175
0.222
0.196
0.207
0.199
0.197
0.231
0.201
0.206
0.223
0.218
0.152
0.207
0.207
0.220
0.160
0.194
0.206
0.237
0.233
0.236
0.229
0.201
0.234
0.235
0.233
0.228
0.194
0.231
0.230
0.234
0.224
0.202
0.208
0.199
0.201
0.202
0.175
0.229
0.231
0.232
0.231
0.157
0.186
0.207
0.204
0.210
0.207
0.201
0.195
0.196
0.200
0.204
0.209
0.206
0.220
0.214
0.207
0.219
0.206
0.167
0.195
0.192
0.211
0.207
0.219
0.210
0.212
0.237
0.237
0.232
0.223
0.198
0.158
0.244
0.204
0.234
0.213
0.200
0.202
0.206
0.202
0.203
0.186
0.201
0.208
0.231
0.203
0.202
0.207
0.205
0.209
0.208
0.188
0.176
0.201
0.196
0.205
0.201
0.236
0.231
0.225
0.205
0.191
0.154
0.183
0.195
0.194
0.248
0.198
0.212
0.206
0.203
0.193
0.193
0.207
0.219
0.196
0.199
0.204
0.211
0.210
0.208
0.192
0.200
0.228
0.234
0.216
0.164
0.198
0.210
0.248
0.205
0.205
0.206
0.153
0.221
0.205
0.156
0.187
0.195
0.195
0.204
0.193
0.187
0.207
0.206
0.204
0.220
0.220
0.204
0.199
0.200
0.207
0.233
0.192
0.230
0.203
0.205
0.203
0.197
0.231
0.202
0.188
0.203
0.240
0.570
0.208
0.213
0.242
0.229
0.227
0.197
0.164
0.203
0.187
0.213
0.198
0.195
0.192
0.196
0.195
0.204
0.201
0.210
0.231
0.186
0.209
0.236
0.231
0.228
0.202
0.197
0.227
0.202
0.221
0.227
0.180
0.191
0.242
0.229
0.234
0.203
0.192
0.207
0.218
0.211
0.180
0.199
0.205
0.232
0.229
0.208
0.157
0.206
0.219
0.211
0.206
0.232
0.221
0.235
0.221
0.208
0.231
0.228
0.221
0.223
0.201
0.156
0.203
0.191
0.203
0.160
0.203
0.227
0.210
0.242
0.206
0.201
0.208
0.205
0.188
0.196
0.202
0.212
0.203
0.233
0.202
0.192
0.205
0.225
0.210
0.183
0.160
0.226
0.230
0.225
0.201
0.203
0.153
0.193
0.207
0.198
0.185
0.193
0.196
0.239
0.203
0.230
0.201
0.229
0.203
0.211
0.195
0.208
0.180
0.197
0.203
0.197
0.198
0.206
0.197
0.202
0.190
0.204
0.234
0.222
0.202
0.197
0.210
0.155
0.212
0.202
0.207
0.205
0.204
0.213
0.202
0.194
0.199
0.207
0.242
0.202
0.227
0.205
0.226
0.219
0.195
0.193
0.223
0.246
0.229
0.205
0.222
0.190
0.203
0.234
0.203
0.166
0.229
0.164
0.160
0.209
0.203
0.235
0.237
0.211
0.202
0.207
0.217
0.202
0.197
0.194
0.231
0.229
0.229
0.238
0.199
0.191
0.206
0.218
0.194
0.209
0.187
0.199
0.226
0.204
0.194
0.201
0.219
0.212
0.207
0.156
0.185
0.222
0.227
0.232
0.206
0.191
0.204
0.201
0.219
0.207
0.186
0.219
0.167
0.240
0.197
0.200
0.238
0.233
0.228
0.192
0.222
0.202
0.204
0.234
0.201
0.223
0.241
0.235
0.230
0.207
0.158
0.228
0.205
0.207
0.201
0.195
0.189
0.202
0.202
0.207
0.194
0.220
0.201
0.232
0.204
0.201
0.151
0.189
0.215
0.198
0.193
0.222
0.232
0.241
0.201
0.200
0.232
0.190
0.219
0.194
0.205
0.154
0.241
0.238
0.213
0.213
0.218
0.215
0.203
0.193
0.191
0.204
0.217
0.233
0.224
0.212
0.610
0.195
0.215
0.207
0.189
0.181
0.239
0.227
0.206
0.193
0.208
0.232
0.231
0.201
0.190
0.218
0.154
0.198
0.201
0.207
0.196
0.210
0.213
0.197
0.156
0.211
0.207
0.189
0.196
0.232
0.232
0.230
0.229
0.206
0.193
0.205
0.188
0.218
0.179
0.195
0.209
0.208
0.232
0.205
0.188
0.223
0.206
0.154
0.195
0.194
0.188
0.198
0.202
0.208
0.185
0.216
0.213
0.197
0.205
0.237
0.199
0.222
0.223
0.206
0.212
0.229
0.224
0.199
0.206
0.231
0.239
0.229
0.190
0.197
0.203
0.234
0.231
0.238
0.155
0.206
0.204
0.201
0.198
0.169
0.189
0.213
0.206
0.211
0.208
0.201
0.209
0.231
0.234
0.158
0.177
0.197
0.234
0.230
0.193
0.260
0.207
0.208
0.203
0.203
0.229
0.236
0.224
0.199
0.212
0.191
0.238
0.189
0.232
0.201
0.196
0.209
0.194
0.201
0.201
0.196
0.220
0.242
0.209
0.203
0.204
0.205
0.197
0.191
0.204
0.181
0.222
0.209
0.231
0.198
0.199
0.230
0.231
0.229
0.202
0.201
0.167
0.193
0.200
0.202
0.205
0.201
0.207
0.202
0.206
0.198
0.202
0.163
0.194
0.203
0.205
0.203
0.201
0.229
0.203
0.207
0.201
0.230
0.216
0.200
0.196
0.202
0.232
0.230
0.203
0.202
0.214
0.152
0.201
0.203
0.194
0.195
0.205
0.211
0.203
0.221
0.204
0.208
0.209
0.201
0.207
0.198
0.198
0.207
0.203
0.221
0.205
0.188
0.207
0.203
0.187
0.206
0.196
0.224
0.194
0.216
0.234
0.217
0.161
0.205
0.208
0.207
0.218
0.207
0.201
0.229
0.208
0.194
0.231
0.201
0.203
0.230
0.234
0.224
0.201
0.194
0.191
0.207
0.192
0.211
0.202
0.207
0.205
0.205
0.202
0.200
0.168
0.189
0.198
0.156
0.191
0.220
0.221
0.235
0.203
0.202
0.210
0.222
0.197
0.194
0.236
0.203
0.205
0.231
0.204
0.196
0.207
0.199
0.219
0.195
0.230
0.230
0.234
0.230
0.211
0.235
0.235
0.230
0.230
0.620
0.158
0.188
0.202
0.204
0.160
0.237
0.235
0.229
0.235
0.203
0.192
0.211
0.228
0.193
0.206
0.202
0.234
0.197
0.218
0.205
0.188
0.208
0.210
0.189
0.200
0.212
0.234
0.234
0.233
0.201
0.156
0.156
0.205
0.206
0.171
0.191
0.200
0.205
0.238
0.210
0.204
0.202
0.205
0.201
0.224
0.187
0.199
0.193
0.206
0.202
0.203
0.189
0.243
0.240
0.201
0.207
0.201
0.227
0.223
0.210
0.244
0.233
0.151
0.237
0.202
0.202
0.210
0.235
0.210
0.201
0.202
0.205
0.212
0.246
0.204
0.207
0.201
0.192
0.202
0.195
0.189
0.193
0.201
0.232
0.203
0.201
0.206
0.205
0.233
0.200
0.196
0.201
0.194
0.157
0.208
0.155
0.214
0.214
0.202
0.206
0.209
0.195
0.198
0.194
0.200
0.203
0.232
0.231
0.229
0.202
0.197
0.209
0.204
0.154
0.201
0.207
0.232
0.235
0.204
0.206
0.193
0.208
0.213
0.198
0.160
0.190
0.195
0.208
0.230
0.207
0.189
0.206
0.192
0.212
0.205
0.202
0.196
0.195
0.204
0.207
0.208
0.206
0.206
0.220
0.194
0.206
0.206
0.159
0.198
0.208
0.228
0.236
0.235
0.233
0.204
0.157
0.207
0.205
0.177
0.195
0.191
0.206
0.235
0.234
0.202
0.205
0.210
0.206
0.219
0.210
0.199
0.192
0.203
0.236
0.206
0.204
0.227
0.233
0.233
0.208
0.203
0.194
0.227
0.233
0.203
0.239
0.149
0.219
0.237
0.208
0.188
0.203
0.205
0.226
0.198
0.205
0.242
0.210
0.237
0.210
0.202
0.202
0.193
0.236
0.197
0.200
0.195
0.205
0.205
0.203
0.193
0.200
0.228
0.230
0.207
0.195
0.233
0.151
0.219
0.201
0.208
0.208
0.202
0.206
0.207
0.207
0.205
0.196
0.208
0.213
0.188
0.183
0.202
0.206
0.200
0.207
0.210
0.195
0.206
0.193
0.232
0.235
0.203
0.185
0.205
0.206
0.212
0.211
0.153
0.197
0.188
0.201
0.204
0.205
0.198
0.205
0.232
0.206
0.206
0.202
0.196
0.225
0.605
0.233
0.205
0.213
0.194
0.220
0.206
0.200
0.232
0.229
0.230
0.203
0.200
0.203
0.203
0.226
0.229
0.156
0.208
0.206
0.220
0.197
0.197
0.209
0.242
0.241
0.231
0.206
0.192
0.227
0.205
0.206
0.194
0.195
0.203
0.228
0.233
0.192
0.208
0.203
0.206
0.200
0.210
0.198
0.198
0.234
0.236
0.194
0.160
0.217
0.210
0.214
0.207
0.206
0.191
0.189
0.214
0.202
0.200
0.200
0.198
0.244
0.203
0.208
0.205
0.211
0.191
0.194
0.189
0.217
0.221
0.205
0.204
0.201
0.231
0.229
0.231
0.196
0.200
0.157
0.207
0.158
0.207
0.207
0.204
0.206
0.200
0.203
0.189
0.193
0.191
0.201
0.205
0.221
0.211
0.203
0.203
0.207
0.200
0.198
0.232
0.226
0.205
0.198
0.203
0.231
0.236
0.201
0.232
0.195
0.153
0.177
0.198
0.221
0.205
0.212
0.215
0.201
0.200
0.254
0.207
0.196
0.209
0.195
0.238
0.205
0.202
0.204
0.192
0.200
0.199
0.237
0.209
0.207
0.191
0.200
0.228
0.201
0.237
0.231
0.198
0.185
0.203
0.218
0.211
0.162
0.194
0.204
0.228
0.462
0.236
0.236
0.202
0.201
0.205
0.211
0.173
0.196
0.198
0.205
0.158
0.242
0.246
0.204
0.201
0.230
0.180
0.200
0.192
0.198
0.206
0.210
0.155
0.201
0.223
0.200
0.229
0.198
0.206
0.181
0.197
0.206
0.201
0.232
0.211
0.233
0.237
0.206
0.193
0.203
0.203
0.210
0.204
0.207
0.227
0.230
0.158
0.157
0.229
0.235
0.230
0.199
0.198
0.186
0.230
0.238
0.234
0.160
0.191
0.203
0.208
0.206
0.192
0.188
0.192
0.203
0.242
0.203
0.159
0.201
0.205
0.230
0.222
0.201
0.168
0.212
0.237
0.206
0.202
0.228
0.229
0.236
0.202
0.206
0.186
0.202
0.222
0.200
0.204
0.236
0.211
0.156
0.204
0.202
0.189
0.199
0.205
0.193
0.191
0.206
0.206
0.228
0.208
0.207
0.207
0.206
0.197
0.204
0.195
0.185
0.230
0.229
0.205
0.190
0.204
0.183
0.238
0.205
0.191
0.205
0.198
0.198
0.212
0.245
0.232
0.208
0.212
0.208
0.196
0.200
0.199
0.214
0.196
0.234
0.202
0.196
0.222
0.200
0.190
0.151
0.205
0.228
0.196
0.190
0.231
0.198
0.195
0.198
0.620
0.202
0.233
0.240
0.202
0.164
0.189
0.209
0.206
0.202
0.197
0.204
0.205
0.205
0.208
0.187
0.208
0.197
0.189
0.206
0.205
0.231
0.230
0.208
0.194
0.203
0.205
0.208
0.194
0.161
0.237
0.221
0.232
0.231
0.205
0.210
0.229
0.207
0.245
0.180
0.195
0.198
0.204
0.202
0.205
0.206
0.201
0.199
0.200
0.206
0.208
0.196
0.237
0.234
0.193
0.211
0.199
0.208
0.205
0.204
0.192
0.210
0.223
0.222
0.210
0.194
0.218
0.218
0.210
0.209
0.196
0.200
0.201
0.161
0.195
0.201
0.207
0.203
0.230
0.202
0.205
0.243
0.238
0.200
0.202
0.191
0.228
0.227
0.236
0.207
0.199
0.195
0.225
0.230
0.207
0.198
0.201
0.188
0.204
0.203
0.202
0.201
0.202
0.233
0.203
0.208
0.200
0.189
0.198
0.202
0.236
0.203
0.209
0.205
0.207
0.207
0.209
0.227
0.218
0.194
0.195
0.203
0.166
0.230
0.201
0.208
0.196
0.205
0.208
0.194
0.191
0.190
0.208
0.241
0.211
0.230
0.207
0.205
0.206
0.209
0.207
0.200
0.189
0.234
0.203
0.233
0.242
0.193
0.242
0.470
0.199
0.204
0.195
0.194
0.196
0.209
0.202
0.205
0.208
0.202
0.206
0.207
0.208
0.207
0.197
0.196
0.213
0.206
0.203
0.203
0.232
0.230
0.224
0.198
0.208
0.188
0.199
0.210
0.202
0.198
0.237
0.230
0.233
0.203
0.156
0.194
0.167
0.200
0.210
0.204
0.193
0.235
0.238
0.234
0.201
0.218
0.205
0.200
0.196
0.192
0.208
0.205
0.212
0.184
0.189
0.190
0.207
0.179
0.201
0.193
0.222
0.236
0.232
0.230
0.203
0.200
0.231
0.230
0.237
0.201
0.199
0.195
0.234
0.212
0.204
0.207
0.196
0.206
0.244
0.202
0.194
0.187
0.191
0.195
0.203
0.204
0.245
0.208
0.213
0.207
0.193
0.210
0.206
0.191
0.195
0.206
0.188
0.228
0.232
0.208
0.188
0.206
0.202
0.203
0.168
0.203
0.201
0.228
0.232
0.206
0.245
0.221
0.239
0.234
0.206
0.168
0.196
0.201
0.207
0.205
0.199
0.202
0.203
0.201
0.202
0.230
0.166
0.192
0.235
0.221
0.226
0.233
0.207
0.240
0.204
0.202
0.204
0.201
0.178
0.196
0.203
0.206
0.212
0.201
0.207
0.203
0.204
0.205
0.605
0.167
0.191
0.195
0.204
0.236
0.205
0.215
0.213
0.206
0.196
0.178
0.190
0.197
0.154
0.202
0.203
0.183
0.203
0.226
0.243
0.201
0.242
0.193
0.224
0.221
0.202
0.203
0.236
0.236
0.211
0.206
0.186
0.206
0.212
0.157
0.201
0.208
0.204
0.204
0.203
0.156
0.232
0.236
0.230
0.233
0.204
0.190
0.212
0.230
