0.240
0.224
0.210
0.263
0.230
0.192
0.252
0.230
0.230
0.225
0.474
0.227
0.197
0.204
0.218
0.500
0.225
0.162
0.165
0.198
0.501
0.204
0.198
0.202
0.214
0.428
0.225
0.616
0.204
0.198
0.466
0.204
0.221
0.172
0.194
0.384
0.205
0.204
0.198
0.202
0.431
0.201
0.213
0.204
0.199
0.131
0.197
0.202
0.191
0.212
0.301
0.205
0.205
0.204
0.198
0.132
0.226
0.203
0.152
0.211
0.162
0.202
0.202
0.208
0.201
0.118
0.234
0.202
0.220
0.229
0.133
0.193
0.201
0.201
0.197
0.127
0.213
0.206
0.235
0.202
0.136
0.206
0.198
0.203
0.200
0.224
0.223
0.201
0.218
0.209
0.156
0.214
0.203
0.202
0.192
0.147
0.211
0.202
0.205
0.230
0.174
0.165
0.181
0.221
0.219
0.188
0.204
0.208
0.162
0.187
0.200
0.202
0.201
0.208
0.205
0.194
0.191
0.207
0.202
0.229
0.159
0.225
0.203
0.202
0.198
0.205
0.206
0.206
0.209
0.201
0.194
0.182
0.215
0.203
0.193
0.198
0.206
0.203
0.208
0.189
0.625
0.197
0.198
0.203
0.207
0.202
0.190
0.200
0.206
0.230
0.201
0.196
0.209
0.203
0.205
0.186
0.210
0.206
0.202
0.202
0.207
0.189
0.231
0.203
0.200
0.226
0.207
0.202
0.194
0.196
0.201
0.201
0.208
0.205
0.194
0.202
0.217
0.200
0.196
0.216
0.206
0.201
0.151
0.207
0.198
0.197
0.197
0.201
0.206
0.236
0.208
0.207
0.201
0.198
0.233
0.227
0.245
0.202
0.217
0.224
0.209
0.202
0.207
0.202
0.205
0.202
0.213
0.197
0.201
0.235
0.209
0.208
0.220
0.202
0.204
0.212
0.201
0.204
0.211
0.206
0.204
0.202
0.198
0.196
0.200
0.201
0.198
0.209
0.208
0.170
0.205
0.203
0.204
0.202
0.207
0.203
0.204
0.196
0.203
0.209
0.214
0.198
0.201
0.211
0.155
0.198
0.237
0.195
0.206
0.226
0.211
0.189
0.232
0.623
0.196
0.206
0.201
0.209
0.203
0.159
0.197
0.202
0.202
0.210
0.200
0.201
0.203
0.195
0.206
0.214
0.205
0.204
0.209
0.204
0.181
0.195
0.234
0.205
0.203
0.196
0.203
0.205
0.201
0.198
0.200
0.235
0.231
0.206
0.243
0.207
0.194
0.207
0.231
0.207
0.201
0.230
0.231
0.196
0.191
0.244
0.210
0.228
0.206
0.207
0.169
0.228
0.186
0.204
0.209
0.238
0.201
0.202
0.204
0.193
0.201
0.204
0.208
0.202
0.208
0.201
0.196
0.202
0.236
0.208
0.197
0.207
0.161
0.169
0.194
0.203
0.208
0.202
0.201
0.201
0.203
0.191
0.205
0.202
0.202
0.215
0.208
0.204
0.167
0.195
0.207
0.208
0.209
0.204
0.206
0.202
0.194
0.166
0.208
0.203
0.192
0.206
0.208
0.185
0.200
0.205
0.206
0.209
0.217
0.205
0.193
0.196
0.596
0.202
0.157
0.211
0.202
0.203
0.169
0.195
0.155
0.202
0.235
0.202
0.199
0.200
0.188
0.222
0.196
0.203
0.208
0.192
0.201
0.206
0.192
0.238
0.207
0.203
0.446
0.215
0.194
0.226
0.234
0.415
0.212
0.197
0.205
0.204
0.332
0.193
0.207
0.201
0.200
0.441
0.208
0.175
0.193
0.193
0.193
0.208
0.198
0.204
0.205
0.180
0.190
0.230
0.209
0.202
0.205
0.209
0.204
0.159
0.189
0.379
0.231
0.231
0.158
0.204
0.208
0.199
0.202
0.215
0.208
0.206
0.228
0.210
0.166
0.197
0.208
0.203
0.197
0.197
0.200
0.195
0.187
0.201
0.205
0.212
0.243
0.201
0.208
0.196
0.197
0.203
0.204
0.197
0.209
0.200
0.235
0.203
0.210
0.207
0.200
0.196
0.206
0.202
0.199
0.228
0.233
0.205
0.193
0.207
0.215
0.202
0.193
0.595
0.206
0.185
0.239
0.206
0.201
0.183
0.200
0.203
0.224
0.203
0.205
0.210
0.156
0.196
0.236
0.237
0.245
0.202
0.206
0.209
0.205
0.221
0.201
0.204
0.236
0.201
0.209
0.207
0.231
0.193
0.202
0.210
0.203
0.203
0.216
0.198
0.217
0.215
0.197
0.197
0.208
0.212
0.200
0.158
0.227
0.232
0.237
0.202
0.202
0.221
0.203
0.200
0.208
0.158
0.190
0.207
0.195
0.208
0.167
0.190
0.204
0.206
0.206
0.206
0.203
0.205
0.226
0.201
0.208
0.239
0.208
0.206
0.235
0.192
0.153
0.206
0.208
0.208
0.219
0.205
0.204
0.204
0.231
0.202
0.211
0.208
0.207
0.204
0.193
0.210
0.204
0.200
0.209
0.202
0.201
0.208
0.194
0.202
0.207
0.215
0.209
0.203
0.210
0.168
0.199
0.192
0.245
0.203
0.205
0.205
0.227
0.206
0.632
0.205
0.203
0.208
0.224
0.195
0.191
0.205
0.208
0.201
0.199
0.201
0.201
0.234
0.223
0.202
0.208
0.216
0.201
0.209
0.203
0.172
0.222
0.235
0.187
0.211
0.214
0.208
0.206
0.201
0.204
0.205
0.232
0.231
0.230
0.207
0.207
0.205
0.208
0.202
0.206
0.206
0.209
0.201
0.228
0.194
0.207
0.207
0.207
0.203
0.208
0.202
0.213
0.201
0.205
0.203
0.219
0.212
0.204
0.161
0.199
0.204
0.200
0.212
0.204
0.202
0.202
0.211
0.195
0.209
0.202
0.207
0.207
0.206
0.195
0.201
0.204
0.202
0.202
0.188
0.195
0.211
0.195
0.199
0.231
0.207
0.160
0.204
0.204
0.199
0.200
0.213
0.209
0.199
0.234
0.202
0.208
0.230
0.205
0.202
0.208
0.201
0.202
0.197
0.187
0.197
0.204
0.209
0.209
0.208
0.210
0.208
0.190
0.592
0.234
0.203
0.250
0.211
0.203
0.230
0.197
0.211
0.197
0.207
0.210
0.203
0.203
0.221
0.197
0.207
0.189
0.221
0.197
0.207
0.202
0.199
0.207
0.235
0.203
0.207
0.204
0.203
0.203
0.213
0.215
0.202
0.232
0.236
0.164
0.204
0.198
0.207
0.212
0.201
0.195
0.207
0.228
0.227
0.204
0.207
0.208
0.206
0.200
0.197
0.156
0.200
0.203
0.203
0.205
0.201
0.211
0.198
0.182
0.202
0.197
0.205
0.205
0.204
0.207
0.198
0.193
0.207
0.197
0.200
0.210
0.202
0.201
0.172
0.194
0.202
0.210
0.208
0.193
0.245
0.202
0.208
0.209
0.216
0.202
0.233
0.231
0.207
0.177
0.197
0.192
0.204
0.208
0.203
0.206
0.205
0.160
0.220
0.203
0.191
0.208
0.215
0.209
0.190
0.199
0.212
0.217
0.203
0.199
0.205
0.197
0.196
0.592
0.234
0.175
0.201
0.222
0.203
0.198
0.191
0.226
0.200
0.201
0.235
0.203
0.195
0.199
0.202
0.203
0.216
0.194
0.222
0.201
0.210
0.196
0.205
0.204
0.201
0.205
0.203
0.194
0.203
0.214
0.238
0.207
0.208
0.198
0.170
0.200
0.196
0.199
0.208
0.194
0.231
0.205
0.203
0.196
0.195
0.159
0.208
0.208
0.205
0.204
0.202
0.195
0.202
0.232
0.207
0.205
0.204
0.207
0.165
0.201
0.214
0.208
0.197
0.196
0.203
0.200
0.199
0.208
0.207
0.203
0.199
0.194
0.203
0.185
0.195
0.203
0.193
0.215
0.206
0.211
0.219
0.200
0.201
0.213
0.202
0.215
0.239
0.225
0.178
0.183
0.237
0.202
0.208
0.206
0.202
0.209
0.232
0.239
0.206
0.220
0.213
0.208
0.211
0.194
0.196
0.233
0.231
0.186
0.204
0.210
0.194
0.197
0.639
0.209
0.204
0.224
0.231
0.227
0.201
0.193
0.208
0.204
0.204
0.195
0.205
0.207
0.199
0.206
0.207
0.204
0.201
0.202
0.191
0.170
0.194
0.230
0.210
0.205
0.208
0.202
0.203
0.198
0.204
0.208
0.204
0.202
0.201
0.198
0.204
0.196
0.201
0.184
0.210
0.205
0.203
0.157
0.199
0.199
0.203
0.202
0.220
0.205
0.207
0.202
0.199
0.203
0.201
0.226
0.205
0.170
0.202
0.175
0.220
0.212
0.201
0.166
0.168
0.221
0.208
0.194
0.203
0.206
0.202
0.208
0.203
0.201
0.182
0.223
0.206
0.211
0.211
0.210
0.202
0.210
0.195
0.199
0.187
0.235
0.206
0.211
0.219
0.203
0.199
0.198
0.205
0.236
0.238
0.231
0.205
0.216
0.198
0.204
0.210
0.193
0.206
0.208
0.192
0.206
0.203
0.251
0.230
0.205
0.208
0.218
0.194
0.608
0.245
0.215
0.202
0.231
0.236
0.156
0.195
0.234
0.195
0.197
0.197
0.206
0.194
0.227
0.230
0.207
0.197
0.180
0.203
0.207
0.204
0.192
0.202
0.205
0.202
0.205
0.206
0.240
0.197
0.197
0.188
0.215
0.202
0.194
0.192
0.162
0.194
0.213
0.202
0.203
0.197
0.211
0.203
0.167
0.205
0.207
0.243
0.230
0.206
0.190
0.217
0.197
0.202
0.209
0.202
0.206
0.199
0.222
0.201
0.212
0.213
0.222
0.209
0.196
0.210
0.204
0.225
0.190
0.218
0.200
0.237
0.205
0.202
0.194
0.227
0.204
0.215
0.222
0.205
0.230
0.231
0.224
0.206
0.204
0.235
0.206
0.221
0.210
0.207
0.207
0.222
0.224
0.208
0.207
0.231
0.198
0.198
0.228
0.206
0.204
0.208
0.200
0.210
0.170
0.194
0.601
0.202
0.201
0.209
0.200
0.207
0.182
0.206
0.211
0.197
0.206
0.205
0.230
0.202
0.198
0.212
0.235
0.207
0.210
0.201
0.202
0.193
0.229
0.204
0.152
0.205
0.246
0.201
0.208
0.196
0.204
0.202
0.229
0.207
0.202
0.207
0.173
0.199
0.210
0.206
0.201
0.235
0.237
0.207
0.192
0.189
0.217
0.202
0.203
0.198
0.204
0.180
0.191
0.206
0.207
0.192
0.198
0.203
0.209
0.194
0.202
0.200
0.204
0.205
0.194
0.230
0.226
0.196
0.194
0.251
0.205
0.207
0.210
0.203
0.198
0.230
0.231
0.206
0.204
0.238
0.205
0.206
0.208
0.205
0.231
0.198
0.189
0.205
0.206
0.195
0.201
0.203
0.205
0.211
0.198
0.194
0.208
0.199
0.208
0.156
0.204
0.204
0.200
0.208
0.190
0.197
0.599
0.195
0.199
0.224
0.203
0.177
0.223
0.202
0.204
0.208
0.206
0.208
0.194
0.198
0.205
0.212
0.233
0.204
0.211
0.208
0.197
0.195
0.200
0.204
0.194
0.212
0.202
0.206
0.197
0.202
0.234
0.203
0.205
0.204
0.202
0.202
0.200
0.202
0.189
0.202
0.235
0.201
0.156
0.171
0.196
0.201
0.210
0.203
0.209
0.203
0.230
0.194
0.216
0.235
0.208
0.209
0.207
0.202
0.193
0.183
0.232
0.199
0.210
0.232
0.204
0.203
0.198
0.205
0.197
0.230
0.232
0.201
0.220
0.181
0.195
0.209
0.208
0.202
0.232
0.237
0.225
0.195
0.203
0.231
0.208
0.214
0.188
0.219
0.193
0.196
0.205
0.203
0.232
0.230
0.205
0.206
0.205
0.202
0.206
0.209
0.211
0.201
0.202
0.205
0.166
0.209
0.594
0.204
0.201
0.204
0.202
0.196
0.234
0.230
0.202
0.219
0.209
0.202
0.211
0.196
0.220
0.204
0.208
0.199
0.205
0.222
0.195
0.198
0.217
0.202
0.194
0.198
0.208
0.205
0.195
0.215
0.244
0.203
0.204
0.190
0.237
0.202
0.225
0.236
0.206
0.201
0.200
0.204
0.196
0.196
0.200
0.202
0.204
0.215
0.215
0.231
0.225
0.161
0.202
0.207
0.203
0.195
0.197
0.202
0.199
0.220
0.151
0.204
0.225
0.205
0.208
0.167
0.196
0.204
0.207
0.202
0.204
0.203
0.228
0.222
0.234
0.203
0.202
0.206
0.205
0.204
0.176
0.205
0.196
0.236
0.235
0.207
0.205
0.202
0.196
0.200
0.236
0.204
0.198
0.202
0.195
0.208
0.228
0.218
0.204
0.203
0.203
0.205
0.197
0.166
0.181
0.213
0.596
0.229
0.208
0.202
0.168
0.199
0.242
0.204
0.232
0.203
0.202
0.198
0.168
0.203
0.233
0.209
0.155
0.215
0.209
0.194
0.229
0.202
0.202
0.236
0.226
0.197
0.204
0.195
0.232
0.208
0.190
0.200
0.203
0.210
0.203
0.204
0.248
0.245
0.199
0.194
0.162
0.229
0.165
0.193
0.206
0.210
0.197
0.203
0.210
0.213
0.194
0.245
0.208
0.203
0.202
0.201
0.237
0.199
0.195
0.202
0.193
0.221
0.201
0.210
0.222
0.200
0.154
0.230
0.228
0.205
0.206
0.205
0.175
0.194
0.214
0.202
0.233
0.234
0.186
0.208
0.206
0.232
0.199
0.213
0.209
0.207
0.211
0.199
0.205
0.204
0.205
0.203
0.209
0.208
0.212
0.196
0.239
0.204
0.213
0.195
0.204
0.216
0.209
0.197
0.203
0.204
0.597
0.203
0.202
0.209
0.236
0.242
0.208
0.220
0.208
0.205
0.205
0.206
0.159
0.203
0.214
0.203
0.197
0.210
0.204
0.198
0.206
0.201
0.206
0.207
0.245
0.238
0.203
0.206
0.213
0.203
0.207
0.210
0.231
0.208
0.171
0.195
0.204
0.207
0.208
0.201
0.202
0.203
0.202
0.206
0.202
0.197
0.207
0.204
0.239
0.170
0.191
0.233
0.228
0.201
0.204
0.213
0.205
0.190
0.207
0.194
0.208
0.231
0.237
0.202
0.194
0.213
0.207
0.207
0.202
0.194
0.230
0.186
0.228
0.202
0.207
0.231
0.202
0.217
0.192
0.182
0.225
0.236
0.236
0.207
0.204
0.230
0.211
0.175
0.201
0.205
0.236
0.233
0.232
0.207
0.217
0.223
0.157
0.211
0.213
0.201
0.160
0.209
0.196
0.210
0.233
0.227
0.619
0.200
0.198
0.214
0.200
0.201
0.210
0.205
0.203
0.212
0.206
0.195
0.198
0.208
0.202
0.202
0.204
0.202
0.204
0.231
0.209
0.202
0.214
0.201
0.215
0.206
0.223
0.199
0.205
0.206
0.204
0.235
0.224
0.194
0.180
0.219
0.192
0.194
0.203
0.208
0.207
0.167
0.194
0.202
0.210
0.202
0.196
0.204
0.206
0.206
0.210
0.226
0.152
0.205
0.205
0.208
0.205
0.199
0.255
0.204
0.202
0.199
0.265
0.202
0.196
0.194
0.198
0.193
0.201
0.231
0.206
0.164
0.197
0.204
0.204
0.242
0.235
0.210
0.228
0.226
0.198
0.208
0.199
0.217
0.209
0.202
0.189
0.196
0.200
0.226
0.204
0.241
0.206
0.203
0.195
0.197
0.195
0.209
0.195
0.202
0.205
0.179
0.228
0.203
0.216
0.208
0.618
0.208
0.203
0.193
0.196
0.194
0.244
0.202
0.158
0.195
0.192
0.172
0.197
0.204
0.206
0.236
0.233
0.202
0.166
0.198
0.213
0.203
0.218
0.217
0.202
0.206
0.228
0.202
0.201
0.191
0.214
0.207
0.202
0.164
0.197
0.212
0.221
0.201
0.203
0.201
0.235
0.195
0.216
0.201
0.203
0.231
0.232
0.206
0.199
0.229
0.231
0.213
0.188
0.208
0.209
0.202
0.195
0.198
0.230
0.231
0.158
0.108
0.208
0.226
0.195
0.222
0.208
0.160
0.239
0.234
0.190
0.203
0.208
0.200
0.208
0.230
0.198
0.205
0.205
0.199
0.197
0.208
0.236
0.208
0.202
0.207
0.197
0.197
0.205
0.209
0.206
0.204
0.203
0.210
0.203
0.200
0.208
0.202
0.236
0.205
0.157
0.195
0.226
0.208
0.200
0.203
0.616
0.203
0.199
0.200
0.204
0.201
0.217
0.197
0.198
0.223
0.199
0.196
0.202
0.201
0.202
0.202
0.208
0.209
0.194
0.220
0.237
0.215
0.202
0.155
0.232
0.178
0.160
0.207
0.211
0.233
0.202
0.206
0.190
0.184
0.230
0.201
0.208
0.214
0.205
0.215
0.194
0.194
0.199
0.203
0.232
0.203
0.208
0.243
0.201
0.216
0.201
0.200
0.203
0.235
0.230
0.187
0.198
0.236
0.202
0.200
0.206
0.203
0.208
0.222
0.237
0.202
0.203
0.189
0.205
0.199
0.157
0.224
0.203
0.197
0.207
0.202
0.206
0.233
0.195
0.209
0.203
0.211
0.198
0.199
0.212
0.163
0.224
0.186
0.160
0.212
0.220
0.206
0.205
0.195
0.202
0.202
0.205
0.198
0.206
0.196
0.196
0.195
0.196
0.231
0.214
0.203
0.600
0.247
