0.302
0.228
0.232
0.200
0.234
0.203
0.207
0.221
0.221
0.243
0.212
0.209
0.214
0.214
0.241
0.197
0.197
0.196
0.215
0.211
0.210
0.206
0.208
0.208
0.220
0.212
0.225
0.200
0.235
0.240
0.168
0.212
0.212
0.208
0.162
0.209
0.215
0.219
0.208
0.219
0.209
0.208
0.208
0.200
0.208
0.209
0.220
0.218
0.243
0.231
0.204
0.195
0.208
0.217
0.214
0.214
0.243
0.212
0.208
0.243
0.217
0.158
0.194
0.207
0.262
0.210
0.218
0.204
0.207
0.212
0.215
0.206
0.209
0.205
0.212
0.213
0.211
0.202
0.218
0.207
0.215
0.211
0.213
0.180
0.208
0.167
0.215
0.220
0.219
0.216
0.212
0.203
0.158
0.206
0.220
0.202
0.200
0.213
0.218
0.220
0.213
0.230
0.198
0.211
0.239
0.213
0.199
0.194
0.209
0.208
0.213
0.202
0.210
0.214
0.246
0.219
0.195
0.186
0.213
0.211
0.213
0.209
0.210
0.161
0.235
0.210
0.217
0.203
0.186
0.242
0.203
0.205
0.210
0.210
0.212
0.201
0.211
0.226
0.207
0.210
0.206
0.203
0.202
0.161
0.208
0.202
0.207
0.206
0.206
0.212
0.215
0.177
0.213
0.214
0.158
0.216
0.207
0.212
0.220
0.240
0.214
0.214
0.182
0.201
0.210
0.217
0.210
0.213
0.213
0.211
0.215
0.208
0.213
0.202
0.218
0.200
0.203
0.213
0.215
0.216
0.212
0.203
0.233
0.241
0.233
0.163
0.204
0.234
0.240
0.233
0.209
0.220
0.244
0.219
0.235
0.215
0.165
0.213
0.204
0.250
0.208
0.202
0.207
0.212
0.245
0.210
0.201
0.205
0.195
0.199
0.212
0.216
0.232
0.205
0.215
0.210
0.163
0.236
0.241
0.233
0.201
0.214
0.203
0.206
0.237
0.208
0.210
0.248
0.212
0.235
0.173
0.201
0.198
0.214
0.252
0.212
0.207
0.246
0.212
0.234
0.232
0.203
0.208
0.201
0.213
0.167
0.216
0.158
0.214
0.206
0.208
0.207
0.244
0.197
0.205
0.210
0.209
0.205
0.218
0.214
0.214
0.217
0.240
0.244
0.242
0.203
0.235
0.235
0.235
0.243
0.224
0.209
0.242
0.248
0.239
0.207
0.217
0.194
0.152
0.221
0.216
0.198
0.205
0.207
0.250
0.206
0.209
0.200
0.218
0.236
0.202
0.207
0.202
0.208
0.229
0.208
0.207
0.201
0.195
0.218
0.216
0.208
0.214
0.207
0.218
0.215
0.206
0.212
0.194
0.157
0.206
0.199
0.211
0.204
0.204
0.218
0.211
0.215
0.244
0.238
0.209
0.196
0.194
0.207
0.242
0.210
0.204
0.212
0.215
0.251
0.206
0.217
0.193
0.196
0.220
0.212
0.213
0.205
0.209
0.214
0.164
0.199
0.204
0.169
0.219
0.207
0.207
0.202
0.214
0.230
0.208
0.217
0.219
0.209
0.242
0.201
0.203
0.211
0.239
0.236
0.219
0.213
0.208
0.220
0.220
0.209
0.198
0.199
0.202
0.236
0.211
0.157
0.213
0.236
0.191
0.214
0.212
0.179
0.197
0.205
0.209
0.215
0.214
0.208
0.237
0.211
0.211
0.208
0.215
0.204
0.203
0.190
0.211
0.207
0.241
0.209
0.216
0.232
0.242
0.234
0.203
0.200
0.161
0.226
0.243
0.210
0.212
0.242
0.213
0.233
0.202
0.165
0.206
0.217
0.247
0.209
0.219
0.208
0.204
0.233
0.217
0.207
0.180
0.200
0.210
0.213
0.209
0.206
0.208
0.251
0.208
0.211
0.211
0.159
0.165
0.200
0.202
0.228
0.228
0.211
0.204
0.209
0.238
0.210
0.245
0.207
0.195
0.205
0.210
0.241
0.212
0.207
0.218
0.220
0.239
0.215
0.177
0.201
0.196
0.219
0.211
0.214
0.228
0.212
0.156
0.214
0.210
0.214
0.194
0.204
0.211
0.220
0.218
0.249
0.241
0.214
0.219
0.242
0.210
0.230
0.210
0.209
0.212
0.206
0.235
0.213
0.211
0.212
0.210
0.236
0.200
0.212
0.208
0.227
0.211
0.162
0.212
0.207
0.215
0.237
0.215
0.214
0.201
0.194
0.221
0.208
0.206
0.227
0.209
0.214
0.214
0.203
0.160
0.200
0.200
0.217
0.212
0.203
0.203
0.203
0.209
0.219
0.163
0.247
0.224
0.206
0.157
0.212
0.250
0.244
0.217
0.209
0.209
0.242
0.239
0.182
0.218
0.200
0.209
0.232
0.204
0.201
0.206
0.212
0.235
0.217
0.211
0.199
0.193
0.205
0.210
0.213
0.220
0.199
0.214
0.209
0.215
0.157
0.206
0.204
0.218
0.207
0.201
0.203
0.200
0.201
0.246
0.209
0.207
0.225
0.210
0.199
0.226
0.205
0.232
0.211
0.215
0.208
0.212
0.232
0.212
0.195
0.207
0.211
0.221
0.208
0.207
0.167
0.166
0.202
0.213
0.201
0.194
0.214
0.213
0.204
0.212
0.206
0.211
0.203
0.207
0.211
0.241
0.228
0.228
0.216
0.247
0.237
0.241
0.240
0.218
0.236
0.233
0.239
0.202
0.206
0.194
0.214
0.203
0.165
0.209
0.210
0.216
0.216
0.242
0.215
0.201
0.196
0.208
0.210
0.218
0.216
0.207
0.206
0.217
0.217
0.214
0.172
0.210
0.213
0.213
0.214
0.230
0.213
0.215
0.214
0.219
0.250
0.205
0.200
0.164
0.198
0.214
0.226
0.227
0.203
0.213
0.209
0.222
0.234
0.211
0.197
0.206
0.215
0.204
0.212
0.214
0.202
0.216
0.210
0.211
0.178
0.211
0.203
0.234
0.211
0.205
0.206
0.218
0.224
0.209
0.163
0.184
0.197
0.207
0.209
0.206
0.209
0.214
0.208
0.213
0.214
0.250
0.240
0.232
0.202
0.207
0.208
0.205
0.210
0.209
0.208
0.254
0.253
0.209
0.208
0.207
0.203
0.210
0.223
0.208
0.206
0.157
0.208
0.224
0.202
0.172
0.195
0.199
0.210
0.218
0.202
0.218
0.200
0.238
0.208
0.213
0.243
0.201
0.236
0.213
0.213
0.231
0.220
0.203
0.209
0.224
0.209
0.214
0.233
0.204
0.214
0.207
0.157
0.206
0.215
0.211
0.218
0.217
0.236
0.187
0.206
0.202
0.210
0.220
0.207
0.212
0.202
0.215
0.213
0.218
0.207
0.198
0.200
0.212
0.208
0.213
0.220
0.216
0.203
0.208
0.204
0.208
0.194
0.168
0.210
0.207
0.204
0.208
0.207
0.213
0.218
0.209
0.239
0.186
0.207
0.204
0.220
0.162
0.211
0.209
0.201
0.210
0.217
0.247
0.199
0.199
0.202
0.218
0.201
0.215
0.203
0.207
0.206
0.244
0.163
0.207
0.188
0.205
0.219
0.214
0.203
0.203
0.209
0.206
0.220
0.209
0.204
0.187
0.211
0.210
0.206
0.220
0.212
0.212
0.209
0.212
0.212
0.251
0.165
0.208
0.213
0.238
0.243
0.237
0.209
0.157
0.215
0.202
0.211
0.217
0.201
0.195
0.212
0.219
0.210
0.213
0.201
0.203
0.218
0.209
0.212
0.197
0.195
0.245
0.211
0.210
0.204
0.214
0.217
0.214
0.206
0.211
0.170
0.212
0.238
0.191
0.188
0.213
0.237
0.214
0.206
0.211
0.246
0.243
0.203
0.204
0.220
0.203
0.220
0.213
0.203
0.212
0.207
0.241
0.208
0.202
0.199
0.215
0.215
0.209
0.207
0.206
0.208
0.217
0.239
0.212
0.165
0.159
0.239
0.209
0.202
0.213
0.208
0.207
0.216
0.223
0.210
0.188
0.197
0.202
0.217
0.212
0.214
0.210
0.213
0.208
0.213
0.220
0.238
0.202
0.199
0.222
0.208
0.225
0.210
0.194
0.206
0.212
0.156
0.220
0.202
0.203
0.205
0.205
0.212
0.215
0.203
0.209
0.162
0.210
0.208
0.185
0.212
0.205
0.212
0.212
0.214
0.231
0.203
0.218
0.211
0.235
0.240
0.231
0.205
0.209
0.219
0.209
0.219
0.170
0.205
0.205
0.202
0.251
0.196
0.162
0.209
0.204
0.205
0.210
0.203
0.229
0.209
0.225
0.201
0.189
0.242
0.207
0.233
0.215
0.208
0.201
0.210
0.245
0.214
0.202
0.192
0.193
0.216
0.214
0.158
0.214
0.204
0.205
0.216
0.207
0.235
0.239
0.202
0.208
0.206
0.221
0.212
0.239
0.217
0.208
0.206
0.227
0.210
0.199
0.206
0.200
0.211
0.216
0.210
0.227
0.212
0.214
0.236
0.215
0.208
0.157
0.198
0.236
0.212
0.216
0.218
0.218
0.234
0.200
0.214
0.228
0.210
0.198
0.211
0.207
0.200
0.203
0.204
0.210
0.212
0.213
0.202
0.227
0.204
0.216
0.203
0.204
0.160
0.221
0.211
0.244
0.158
0.240
0.201
0.198
0.205
0.227
0.218
0.201
0.214
0.212
0.217
0.211
0.215
0.206
0.205
0.200
0.211
0.209
0.213
0.205
0.219
0.217
0.211
0.210
0.211
0.194
0.218
0.214
0.216
0.219
0.215
0.156
0.207
0.211
0.213
0.214
0.189
0.203
0.199
0.213
0.209
0.212
0.212
0.209
0.243
0.219
0.241
0.209
0.199
0.195
0.233
0.251
0.207
0.212
0.215
0.214
0.206
0.223
0.201
0.195
0.197
0.219
0.164
0.215
0.215
0.207
0.212
0.213
0.218
0.244
0.213
0.199
0.202
0.213
0.206
0.209
0.161
0.214
0.204
0.243
0.240
0.232
0.205
0.195
0.202
0.208
0.219
0.217
0.205
0.208
0.208
0.219
0.213
0.161
0.194
0.227
0.249
0.209
0.215
0.205
0.208
0.242
0.216
0.208
0.172
0.209
0.250
0.212
0.209
0.215
0.217
0.215
0.214
0.219
0.211
0.195
0.225
0.204
0.208
0.215
0.212
0.214
0.219
0.210
0.156
0.187
0.238
0.201
0.195
0.219
0.217
0.211
0.166
0.207
0.208
0.230
0.220
0.216
0.173
0.217
0.216
0.212
0.214
0.209
0.224
0.214
0.240
0.213
0.208
0.177
0.206
0.205
0.218
0.212
0.226
0.157
0.240
0.211
0.226
0.220
0.211
0.249
0.203
0.211
0.210
0.252
0.241
0.215
0.203
0.202
0.238
0.243
0.173
0.199
0.201
0.198
0.217
0.214
0.215
0.202
0.211
0.200
0.204
0.194
0.161
0.207
0.156
0.211
0.206
0.217
0.214
0.210
0.209
0.208
0.203
0.199
0.200
0.211
0.203
0.227
0.227
0.205
0.206
0.218
0.211
0.219
0.204
0.213
0.209
0.204
0.206
0.218
0.210
0.209
0.207
0.217
0.240
0.174
0.200
0.203
0.162
0.226
0.209
0.208
0.206
0.211
0.206
0.210
0.217
0.240
0.213
0.214
0.208
0.217
0.207
0.219
0.202
0.207
0.213
0.228
0.199
0.199
0.164
0.208
0.202
0.213
0.209
0.209
0.158
0.241
0.244
0.191
0.204
0.207
0.208
0.207
0.205
0.214
0.218
0.207
0.189
0.240
0.186
0.195
0.212
0.205
0.202
0.217
0.222
0.213
0.208
0.234
0.213
0.215
0.195
0.204
0.210
0.210
0.207
0.162
0.218
0.218
0.206
0.206
0.242
0.213
0.230
0.214
0.202
0.227
0.225
0.212
0.211
0.216
0.243
0.208
0.188
0.213
0.209
0.232
0.214
0.239
0.211
0.212
0.206
0.207
0.214
0.167
0.201
0.205
0.158
0.240
0.210
0.213
0.215
0.211
0.212
0.212
0.213
0.203
0.219
0.253
0.214
0.214
0.207
0.213
0.199
0.213
0.218
0.211
0.169
0.244
0.204
0.211
0.202
0.207
0.209
0.212
0.208
0.212
0.203
0.158
0.203
0.195
0.247
0.208
0.219
0.214
0.194
0.218
0.208
0.242
0.214
0.197
0.199
0.217
0.244
0.217
0.228
0.203
0.238
0.237
0.215
0.206
0.172
0.199
0.219
0.201
0.160
0.216
0.209
0.210
0.166
0.208
0.213
0.198
0.194
0.213
0.210
0.202
0.206
0.230
0.214
0.213
0.249
0.212
0.235
0.206
0.194
0.205
0.203
0.227
0.208
0.215
0.220
0.207
0.241
0.201
0.181
0.207
0.226
0.235
0.211
0.164
0.204
0.213
0.226
0.201
0.199
0.172
0.206
0.230
0.214
0.200
0.224
0.241
0.235
0.185
0.178
0.176
0.203
0.179
0.205
0.216
0.206
0.178
0.180
0.208
0.180
0.215
0.191
0.235
0.149
0.200
0.159
0.211
0.224
0.207
0.208
0.215
0.207
0.238
0.211
0.191
0.213
0.196
0.241
0.212
0.225
0.243
0.213
0.234
0.210
0.213
0.207
0.210
0.233
0.208
0.207
0.215
0.202
0.239
0.208
0.202
0.250
0.161
0.239
0.207
0.213
0.201
0.213
0.252
0.213
0.208
0.209
0.235
0.238
0.178
0.203
0.215
0.214
0.219
0.215
0.216
0.213
0.207
0.205
0.204
0.214
0.201
0.196
0.201
0.218
0.219
0.211
0.251
0.157
0.209
0.220
0.244
0.233
0.234
0.213
0.212
0.244
0.205
0.212
0.219
0.210
0.241
0.210
0.231
0.202
0.212
0.201
0.213
0.244
0.211
0.208
0.204
0.196
0.238
0.182
0.195
0.196
0.208
0.195
0.163
0.213
0.215
0.206
0.245
0.211
0.205
0.198
0.200
0.233
0.218
0.206
0.203
0.225
0.245
0.208
0.221
0.241
0.198
0.227
0.210
0.212
0.217
0.208
0.220
0.217
0.200
0.251
0.258
0.203
0.205
0.157
0.211
0.210
0.213
0.210
0.200
0.210
0.219
0.244
0.209
0.198
0.205
0.211
0.220
0.207
0.217
0.235
0.196
0.234
0.215
0.210
0.206
0.240
0.234
0.211
0.206
0.220
0.217
0.213
0.209
0.217
0.157
0.172
0.229
0.201
0.213
0.206
0.215
0.242
0.218
0.209
0.207
0.217
0.238
0.205
0.199
0.214
0.211
0.243
0.213
0.211
0.218
0.206
0.240
0.211
0.199
0.204
0.214
0.187
0.211
0.208
0.208
0.162
0.203
0.214
0.202
0.168
0.194
0.209
0.188
0.202
0.226
0.205
0.211
0.204
0.210
0.235
0.172
0.225
0.202
0.214
0.207
0.203
0.243
0.213
0.213
0.213
0.244
0.239
0.202
0.195
0.218
0.215
0.168
0.210
0.206
0.209
0.212
0.234
0.218
0.170
0.199
0.207
0.170
0.208
0.255
0.243
0.203
0.209
0.209
0.203
0.169
0.199
0.198
0.211
0.205
0.218
0.226
0.164
0.212
0.209
0.213
0.242
0.237
0.173
0.203
0.207
0.207
0.233
0.213
0.208
0.211
0.211
0.160
0.204
0.202
0.206
0.226
0.255
0.210
0.208
0.217
0.212
0.235
0.208
0.194
0.198
0.207
0.202
0.210
0.217
0.197
0.209
0.227
0.212
0.160
0.196
0.228
0.243
0.213
0.212
0.208
0.204
0.215
0.199
0.242
0.241
0.236
0.249
0.208
0.168
0.202
0.211
0.257
0.214
0.209
0.210
0.211
0.240
0.195
0.189
0.198
0.216
0.207
0.208
0.199
0.157
0.203
0.208
0.217
0.212
0.195
0.198
0.201
0.209
0.212
0.211
0.247
0.220
0.209
0.223
0.246
0.214
0.234
0.210
0.205
0.205
0.201
0.219
0.208
0.212
0.243
0.156
0.208
0.201
0.204
0.202
0.159
0.220
0.218
0.213
0.235
0.212
0.224
0.164
0.203
0.199
0.204
0.214
0.209
0.203
0.209
0.222
0.244
0.208
0.204
0.196
0.214
0.242
0.213
0.208
0.443
0.205
0.206
0.210
0.219
0.425
0.210
0.157
0.214
0.208
0.410
0.214
0.202
0.209
0.212
0.350
0.219
0.205
0.204
0.200
0.458
0.204
0.238
0.215
0.204
0.453
0.215
0.223
0.209
0.193
0.166
0.241
0.242
0.212
0.203
0.211
0.238
0.236
0.169
0.209
0.199
0.229
0.241
0.208
0.218
0.207
0.242
0.239
0.216
0.225
0.211
0.229
0.232
0.206
0.212
0.205
0.234
0.225
0.209
0.210
0.211
0.234
0.203
0.202
0.198
0.206
0.242
0.233
0.222
0.161
0.207
0.208
0.233
0.209
0.198
0.201
0.173
0.218
0.209
0.203
0.243
0.213
0.210
0.215
0.170
0.167
0.220
0.197
0.216
0.189
0.205
0.235
0.243
0.210
0.203
0.226
0.231
0.231
0.194
0.206
0.148
0.198
0.213
0.210
0.208
0.233
0.197
0.217
0.205
0.201
0.240
0.207
0.246
0.204
0.213
0.234
0.206
0.239
0.201
0.169
0.202
0.205
0.242
0.217
0.201
0.210
0.212
0.242
0.216
0.218
0.187
0.158
0.219
0.215
0.244
0.213
0.243
0.232
0.203
0.215
0.235
0.232
0.210
0.205
0.213
0.214
0.209
0.208
