0.306
0.213
0.256
0.276
0.270
0.272
0.276
0.284
0.257
0.243
0.258
0.235
0.255
0.244
0.274
0.202
0.256
0.239
0.209
0.272
0.285
0.275
0.244
0.256
0.282
0.247
0.263
0.670
0.257
0.257
0.272
0.260
0.258
0.275
0.222
0.197
0.274
0.253
0.317
0.291
0.267
0.259
0.230
0.261
0.241
0.257
0.255
0.240
0.237
0.234
0.258
0.246
0.232
0.265
0.274
0.258
0.228
0.205
0.259
0.240
0.274
0.234
0.244
0.226
0.230
0.258
0.281
0.235
0.246
0.242
0.266
0.260
0.239
0.256
0.232
0.258
0.236
0.241
0.248
0.229
0.269
0.246
0.240
0.273
0.260
0.257
0.213
0.237
0.257
0.242
0.242
0.271
0.200
0.258
0.239
0.259
0.260
0.248
0.259
0.240
0.282
0.234
0.231
0.262
0.270
0.261
0.258
0.231
0.258
0.253
0.258
0.266
0.249
0.257
0.294
0.257
0.263
0.194
0.258
0.190
0.280
0.194
0.248
0.257
0.241
0.224
0.258
0.249
0.286
0.253
0.246
0.258
0.234
0.257
0.282
0.255
0.284
0.241
0.258
0.209
0.246
0.275
0.249
0.259
0.299
0.269
0.264
0.229
0.260
0.239
0.246
0.267
0.242
0.259
0.261
0.234
0.257
0.241
0.259
0.227
0.283
0.270
0.248
0.254
0.275
0.237
0.258
0.270
0.261
0.186
0.272
0.279
0.248
0.256
0.257
0.255
0.281
0.235
0.257
0.191
0.241
0.190
0.240
0.245
0.263
0.255
0.273
0.240
0.258
0.233
0.257
0.242
0.240
0.637
0.234
0.256
0.258
0.239
0.260
0.200
0.232
0.258
0.245
0.273
0.268
0.236
0.246
0.228
0.257
0.235
0.283
0.271
0.243
0.267
0.237
0.256
0.277
0.287
0.256
0.257
0.257
0.246
0.233
0.235
0.243
0.256
0.278
0.246
0.257
0.266
0.252
0.270
0.249
0.257
0.258
0.255
0.276
0.235
0.238
0.225
0.259
0.246
0.241
0.194
0.272
0.239
0.272
0.246
0.257
0.227
0.256
0.272
0.200
0.238
0.247
0.260
0.256
0.246
0.256
0.233
0.262
0.269
0.259
0.223
0.241
0.257
0.279
0.231
0.249
0.230
0.243
0.231
0.247
0.245
0.231
0.238
0.254
0.249
0.257
0.258
0.257
0.210
0.213
0.231
0.266
0.236
0.281
0.236
0.257
0.271
0.265
0.273
0.252
0.272
0.272
0.255
0.269
0.227
0.236
0.241
0.258
0.260
0.259
0.236
0.258
0.237
0.255
0.234
0.259
0.240
0.241
0.225
0.244
0.256
0.243
0.257
0.246
0.246
0.257
0.226
0.276
0.265
0.248
0.256
0.280
0.259
0.234
0.208
0.235
0.257
0.250
0.264
0.255
0.257
0.273
0.232
0.246
0.235
0.235
0.238
0.280
0.237
0.247
0.219
0.242
0.271
0.269
0.235
0.204
0.276
0.257
0.266
0.247
0.238
0.204
0.256
0.263
0.220
0.272
0.673
0.246
0.268
0.240
0.257
0.274
0.213
0.236
0.197
0.258
0.235
0.274
0.267
0.241
0.217
0.203
0.199
0.284
0.253
0.246
0.257
0.269
0.262
0.255
0.257
0.284
0.257
0.257
0.253
0.235
0.267
0.268
0.265
0.255
0.279
0.236
0.208
0.237
0.395
0.247
0.226
0.272
0.267
0.385
0.245
0.269
0.256
0.257
0.254
0.264
0.270
0.263
0.268
0.244
0.255
0.257
0.261
0.233
0.243
0.236
0.241
0.256
0.255
0.292
0.257
0.272
0.258
0.235
0.254
0.242
0.195
0.260
0.226
0.215
0.237
0.237
0.230
0.256
0.240
0.232
0.218
0.231
0.209
0.259
0.223
0.257
0.255
0.255
0.221
0.212
0.214
0.259
0.171
0.244
0.218
0.246
0.276
0.266
0.242
0.252
0.245
0.262
0.269
0.234
0.204
0.240
0.257
0.198
0.234
0.259
0.256
0.217
0.260
0.248
0.255
0.269
0.259
0.257
0.244
0.233
0.220
0.271
0.267
0.243
0.256
0.241
0.257
0.236
0.246
0.257
0.258
0.258
0.223
0.239
0.226
0.264
0.258
0.258
0.238
0.282
0.239
0.279
0.261
0.247
0.248
0.275
0.258
0.238
0.269
0.257
0.244
0.257
0.257
0.250
0.248
0.269
0.260
0.245
0.258
0.260
0.282
0.257
0.245
0.257
0.236
0.261
0.695
0.271
0.237
0.199
0.259
0.257
0.234
0.253
0.257
0.259
0.258
0.275
0.235
0.256
0.264
0.255
0.246
0.258
0.256
0.282
0.255
0.264
0.241
0.257
0.238
0.268
0.268
0.265
0.195
0.234
0.250
0.259
0.250
0.258
0.225
0.295
0.230
0.241
0.261
0.271
0.257
0.280
0.246
0.258
0.237
0.243
0.269
0.243
0.200
0.242
0.272
0.264
0.234
0.256
0.274
0.271
0.257
0.200
0.246
0.232
0.257
0.257
0.243
0.257
0.243
0.259
0.258
0.249
0.246
0.232
0.257
0.241
0.235
0.256
0.273
0.255
0.261
0.239
0.240
0.272
0.258
0.240
0.266
0.260
0.238
0.244
0.271
0.258
0.255
0.242
0.195
0.259
0.259
0.259
0.258
0.260
0.229
0.255
0.259
0.261
0.257
0.243
0.649
0.285
0.227
0.259
0.269
0.256
0.258
0.259
0.261
0.214
0.230
0.257
0.226
0.250
0.273
0.241
0.259
0.241
0.247
0.198
0.239
0.249
0.243
0.257
0.236
0.232
0.258
0.283
0.230
0.270
0.234
0.256
0.258
0.241
0.244
0.240
0.258
0.244
0.254
0.271
0.236
0.259
0.257
0.280
0.241
0.245
0.260
0.200
0.255
0.279
0.207
0.199
0.233
0.249
0.262
0.247
0.225
0.272
0.255
0.247
0.234
0.247
0.247
0.263
0.239
0.265
0.251
0.241
0.259
0.276
0.239
0.247
0.253
0.272
0.266
0.213
0.270
0.209
0.256
0.257
0.239
0.259
0.258
0.258
0.274
0.236
0.237
0.241
0.259
0.259
0.236
0.260
0.225
0.238
0.277
0.247
0.296
0.236
0.259
0.273
0.196
0.258
0.662
0.238
0.246
0.234
0.267
0.259
0.237
0.242
0.246
0.259
0.189
0.256
0.239
0.236
0.237
0.266
0.229
0.257
0.265
0.259
0.259
0.230
0.237
0.246
0.259
0.258
0.198
0.273
0.241
0.235
0.241
0.270
0.268
0.242
0.259
0.282
0.232
0.272
0.239
0.262
0.239
0.266
0.267
0.237
0.236
0.264
0.261
0.257
0.240
0.258
0.237
0.262
0.269
0.248
0.257
0.261
0.258
0.256
0.233
0.255
0.228
0.272
0.235
0.252
0.224
0.258
0.257
0.234
0.240
0.258
0.225
0.278
0.197
0.255
0.232
0.259
0.235
0.259
0.237
0.257
0.237
0.241
0.256
0.241
0.248
0.266
0.258
0.282
0.242
0.257
0.258
0.273
0.269
0.248
0.265
0.266
0.236
0.251
0.247
0.258
0.246
0.257
0.657
0.207
0.258
0.274
0.257
0.281
0.251
0.256
0.283
0.260
0.247
0.256
0.257
0.258
0.255
0.259
0.248
0.236
0.243
0.261
0.241
0.255
0.258
0.269
0.207
0.241
0.278
0.258
0.260
0.268
0.258
0.246
0.194
0.259
0.257
0.260
0.272
0.256
0.146
0.207
0.266
0.256
0.258
0.247
0.249
0.268
0.228
0.260
0.226
0.259
0.280
0.244
0.257
0.248
0.260
0.241
0.283
0.261
0.235
0.281
0.234
0.245
0.227
0.254
0.258
0.280
0.245
0.257
0.255
0.200
0.234
0.238
0.237
0.275
0.246
0.238
0.245
0.236
0.242
0.236
0.242
0.201
0.248
0.270
0.256
0.260
0.240
0.272
0.272
0.270
0.267
0.255
0.211
0.243
0.196
0.257
0.269
0.256
0.260
0.258
0.225
0.248
0.668
0.279
0.259
0.198
0.257
0.237
0.238
0.258
0.240
0.241
0.257
0.244
0.257
0.231
0.268
0.257
0.258
0.280
0.274
0.245
0.238
0.238
0.269
0.234
0.290
0.261
0.237
0.216
0.266
0.247
0.260
0.258
0.248
0.268
0.242
0.226
0.255
0.267
0.272
0.241
0.261
0.250
0.257
0.259
0.248
0.259
0.280
0.241
0.258
0.249
0.219
0.263
0.259
0.257
0.206
0.262
0.244
0.273
0.260
0.256
0.227
0.258
0.257
0.259
0.232
0.213
0.261
0.268
0.268
0.247
0.267
0.237
0.261
0.257
0.243
0.251
0.247
0.273
0.272
0.251
0.256
0.243
0.258
0.280
0.250
0.257
0.233
0.236
0.263
0.241
0.257
0.256
0.262
0.277
0.245
0.236
0.246
0.256
0.245
0.614
0.260
0.259
0.646
0.200
0.243
0.258
0.226
0.277
0.269
0.251
0.259
0.238
0.258
0.273
0.237
0.257
0.193
0.258
0.235
0.236
0.257
0.259
0.233
0.256
0.277
0.256
0.276
0.247
0.247
0.245
0.258
0.264
0.256
0.226
0.258
0.256
0.257
0.247
0.269
0.239
0.258
0.280
0.273
0.265
0.275
0.238
0.247
0.246
0.259
0.250
0.226
0.257
0.259
0.236
0.246
0.257
0.230
0.267
0.265
0.251
0.258
0.242
0.258
0.209
0.235
0.240
0.239
0.240
0.269
0.244
0.234
0.268
0.259
0.197
0.243
0.234
0.232
0.259
0.191
0.249
0.246
0.270
0.254
0.281
0.233
0.245
0.216
0.268
0.273
0.465
0.249
0.268
0.259
0.270
0.242
0.259
0.267
0.272
0.272
0.239
0.269
0.229
0.258
0.250
0.649
0.260
0.236
0.237
0.214
0.470
0.232
0.255
0.259
0.234
0.264
0.261
0.263
0.266
0.247
0.240
0.255
0.252
0.253
0.272
0.274
0.257
0.242
0.242
0.274
0.288
0.257
0.198
0.256
0.258
0.248
0.257
0.259
0.268
0.257
0.242
0.192
0.258
0.245
0.275
0.236
0.258
0.198
0.267
0.273
0.242
0.259
0.273
0.256
0.258
0.233
0.199
0.239
0.281
0.270
0.260
0.239
0.247
0.258
0.241
0.295
0.251
0.256
0.257
0.265
0.240
0.230
0.258
0.256
0.236
0.249
0.256
0.187
0.242
0.271
0.242
0.246
0.238
0.258
0.233
0.245
0.256
0.234
0.256
0.258
0.243
0.247
0.235
0.236
0.274
0.235
0.247
0.264
0.269
0.274
0.450
0.261
0.277
0.197
0.261
0.236
0.258
0.708
0.232
0.187
0.247
0.257
0.239
0.257
0.247
0.240
0.236
0.244
0.257
0.265
0.214
0.237
0.257
0.237
0.237
0.237
0.258
0.257
0.252
0.257
0.205
0.229
0.259
0.246
0.199
0.267
0.257
0.258
0.264
0.276
0.271
0.229
0.260
0.247
0.232
0.234
0.234
0.227
0.256
0.233
0.239
0.224
0.249
0.234
0.240
0.251
0.258
0.255
0.280
0.255
0.225
0.239
0.270
0.288
0.262
0.197
0.261
0.234
0.268
0.273
0.251
0.225
0.240
0.195
0.256
0.217
0.233
0.258
0.274
0.268
0.247
0.256
0.238
0.235
0.256
0.266
0.246
0.234
0.271
0.275
0.252
0.267
0.239
0.258
0.259
0.235
0.257
0.256
0.269
0.230
0.412
0.277
0.274
0.258
0.297
0.243
0.196
0.263
0.280
0.652
0.244
0.237
0.265
0.236
0.248
0.231
0.227
0.259
0.271
0.265
0.243
0.237
0.279
0.261
0.232
0.238
0.253
0.180
0.268
0.247
0.259
0.254
0.257
0.233
0.256
0.239
0.236
0.258
0.246
0.249
0.253
0.256
0.258
0.258
0.233
0.240
0.257
0.256
0.246
0.269
0.252
0.235
0.247
0.271
0.261
0.235
0.256
0.249
0.219
0.243
0.258
0.261
0.276
0.257
0.238
0.242
0.205
0.246
0.270
0.264
0.252
0.274
0.266
0.204
0.258
0.237
0.240
0.228
0.271
0.272
0.267
0.255
0.280
0.257
0.279
0.245
0.258
0.282
0.256
0.188
0.244
0.279
0.246
0.258
0.258
0.232
0.250
0.257
0.257
0.261
0.475
0.247
0.267
0.256
0.268
0.241
0.260
0.225
0.257
0.235
0.441
0.638
0.227
0.258
0.253
0.249
0.258
0.233
0.259
0.233
0.457
0.257
0.280
0.256
0.239
0.257
0.205
0.233
0.241
0.246
0.242
0.256
0.266
0.258
0.268
0.262
0.257
0.282
0.239
0.256
0.242
0.238
0.238
0.255
0.259
0.239
0.259
0.241
0.224
0.241
0.282
0.180
0.259
0.241
0.276
0.269
0.237
0.216
0.280
0.270
0.240
0.245
0.246
0.261
0.264
0.265
0.201
0.265
0.272
0.265
0.245
0.208
0.247
0.258
0.282
0.245
0.249
0.263
0.257
0.263
0.234
0.246
0.253
0.257
0.258
0.250
0.200
0.218
0.270
0.267
0.245
0.246
0.266
0.257
0.259
0.239
0.257
0.279
0.277
0.279
0.467
0.204
0.262
0.228
0.254
0.406
0.433
0.257
0.274
0.228
0.248
0.240
0.234
0.187
0.272
0.234
0.298
0.294
0.280
0.223
0.243
0.256
0.279
0.247
0.254
0.243
0.257
0.258
0.283
0.266
0.244
0.237
0.264
0.259
0.267
0.240
0.241
0.257
0.251
0.232
0.238
0.259
0.270
0.245
0.230
0.252
0.257
0.240
0.280
0.282
0.256
0.665
0.241
0.247
0.263
0.233
0.235
0.256
0.278
0.278
0.240
0.255
0.245
0.196
0.259
0.239
0.261
0.225
0.274
0.263
0.237
0.257
0.240
0.260
0.279
0.198
0.256
0.236
0.269
0.274
0.246
0.228
0.257
0.257
0.260
0.279
0.246
0.258
0.269
0.277
0.257
0.257
0.263
0.235
0.236
0.247
0.246
0.231
0.268
0.249
0.258
0.270
0.272
0.258
0.259
0.236
0.244
0.265
0.292
0.281
0.243
0.260
0.265
0.260
0.256
0.235
0.240
0.266
0.267
0.261
0.249
0.257
0.267
0.260
0.226
0.233
0.257
0.280
0.276
0.275
0.237
0.258
0.258
0.258
0.271
0.266
0.257
0.193
0.243
0.244
0.405
0.265
0.270
0.228
0.256
0.226
0.257
0.229
0.255
0.248
0.247
0.256
0.222
0.231
0.256
0.246
0.257
0.242
0.232
0.272
0.238
0.258
0.301
0.279
0.272
0.235
0.258
0.229
0.237
0.268
0.241
0.257
0.278
0.238
0.256
0.235
0.237
0.237
0.273
0.269
0.245
0.255
0.274
0.237
0.260
0.241
0.273
0.257
0.266
0.276
0.628
0.235
0.281
0.257
0.259
0.255
0.246
0.235
0.261
0.222
0.251
0.240
0.279
0.258
0.241
0.219
0.250
0.245
0.256
0.241
0.409
0.264
0.230
0.236
0.282
0.237
0.247
0.263
0.271
0.266
0.454
0.239
0.260
0.258
0.251
0.268
0.258
0.199
0.255
0.246
0.460
0.258
0.260
0.259
0.258
0.230
0.240
0.257
0.260
0.246
0.259
0.259
0.244
0.235
0.278
0.272
0.240
0.242
0.250
0.256
0.237
0.269
0.270
0.255
0.257
0.285
0.258
0.243
0.239
0.272
0.249
0.188
0.242
0.260
0.259
0.205
0.236
0.225
0.257
0.280
0.252
0.281
0.238
0.230
0.276
0.234
0.258
0.279
0.261
0.255
0.241
0.236
0.240
0.258
0.287
0.284
0.252
0.271
0.236
0.235
0.259
0.248
0.247
0.258
0.271
0.239
0.257
0.244
0.281
0.272
0.240
0.247
0.267
0.235
0.267
0.255
0.258
0.233
0.256
0.259
0.204
0.226
0.265
0.246
0.248
0.232
0.260
0.256
0.241
0.257
0.253
0.193
0.280
0.197
0.246
0.403
0.235
0.282
0.283
0.238
0.669
0.259
0.276
0.256
0.248
0.233
0.241
0.257
0.242
0.240
0.241
0.238
0.238
0.258
0.247
0.202
0.258
0.271
0.218
0.261
0.242
0.258
0.241
0.246
0.254
0.241
0.237
0.260
0.240
0.199
0.249
0.260
0.244
0.206
0.263
0.236
0.258
0.254
0.242
0.196
0.252
0.258
0.310
0.257
0.257
0.238
0.236
0.480
0.257
0.232
0.237
0.260
0.400
0.256
0.256
0.196
0.235
0.364
0.272
0.269
0.251
0.223
0.398
0.235
0.260
0.245
0.246
0.248
0.272
0.267
0.253
0.236
0.263
0.257
0.258
0.238
0.247
0.246
0.230
0.267
0.247
0.271
0.240
0.259
0.193
0.241
0.215
0.228
0.266
0.274
0.240
0.257
0.242
0.258
0.266
0.244
0.260
0.240
0.274
0.254
0.248
0.205
0.267
0.259
0.249
0.208
0.255
0.273
0.260
0.258
0.240
0.259
0.273
0.259
0.269
0.238
0.209
0.207
0.259
0.238
0.246
0.259
0.274
0.229
0.257
0.240
0.260
0.268
0.273
0.272
0.248
0.214
0.236
0.256
0.262
0.225
0.258
0.220
