0.393
0.193
0.221
0.247
0.217
0.208
0.207
0.225
0.178
0.213
0.218
0.230
0.220
0.214
0.210
0.215
0.216
0.234
0.214
0.242
0.224
0.248
0.221
0.209
0.215
0.214
0.222
0.250
0.214
0.203
0.216
0.208
0.211
0.244
0.225
0.230
0.209
0.252
0.217
0.231
0.220
0.209
0.230
0.167
0.214
0.182
0.217
0.239
0.217
0.220
0.212
0.249
0.217
0.250
0.184
0.218
0.231
0.259
0.223
0.172
0.217
0.214
0.226
0.178
0.207
0.229
0.218
0.215
0.209
0.227
0.218
0.220
0.219
0.193
0.218
0.243
0.220
0.211
0.218
0.220
0.222
0.250
0.212
0.248
0.219
0.216
0.215
0.238
0.219
0.222
0.219
0.215
0.217
0.216
0.222
0.210
0.217
0.219
0.221
0.227
0.207
0.221
0.219
0.212
0.212
0.258
0.217
0.215
0.216
0.201
0.222
0.230
0.227
0.209
0.217
0.249
0.217
0.220
0.209
0.220
0.215
0.170
0.214
0.214
0.220
0.214
0.216
0.207
0.216
0.220
0.214
0.221
0.218
0.226
0.209
0.215
0.212
0.247
0.231
0.251
0.186
0.219
0.219
0.206
0.221
0.206
0.217
0.215
0.215
0.234
0.230
0.225
0.238
0.130
0.207
0.250
0.217
0.214
0.180
0.217
0.220
0.216
0.218
0.213
0.217
0.222
0.216
0.192
0.229
0.242
0.223
0.225
0.208
0.218
0.216
0.214
0.205
0.232
0.221
0.228
0.229
0.219
0.215
0.165
0.231
0.222
0.216
0.227
0.217
0.217
0.201
0.222
0.219
0.217
0.224
0.207
0.217
0.224
0.218
0.213
0.225
0.258
0.209
0.250
0.213
0.173
0.222
0.215
0.207
0.245
0.220
0.243
0.220
0.214
0.215
0.219
0.232
0.206
0.221
0.221
0.216
0.216
0.209
0.224
0.221
0.214
0.208
0.227
0.216
0.227
0.218
0.218
0.219
0.253
0.218
0.206
0.217
0.216
0.214
0.220
0.209
0.217
0.235
0.216
0.208
0.171
0.217
0.251
0.232
0.208
0.215
0.211
0.220
0.200
0.219
0.214
0.220
0.230
0.210
0.214
0.216
0.221
0.186
0.226
0.212
0.229
0.218
0.219
0.216
0.221
0.218
0.176
0.219
0.220
0.222
0.216
0.214
0.214
0.220
0.220
0.216
0.215
0.217
0.213
0.233
0.213
0.220
0.218
0.219
0.214
0.176
0.218
0.217
0.220
0.216
0.216
0.226
0.212
0.215
0.222
0.218
0.215
0.221
0.212
0.216
0.245
0.231
0.166
0.231
0.212
0.215
0.216
0.213
0.214
0.218
0.236
0.217
0.217
0.218
0.215
0.233
0.215
0.213
0.242
0.231
0.220
0.209
0.223
0.222
0.251
0.212
0.246
0.220
0.212
0.216
0.209
0.231
0.215
0.217
0.214
0.229
0.223
0.216
0.214
0.217
0.249
0.217
0.239
0.216
0.206
0.234
0.221
0.215
0.209
0.219
0.216
0.222
0.178
0.220
0.175
0.220
0.227
0.210
0.220
0.210
0.225
0.192
0.234
0.220
0.166
0.216
0.208
0.217
0.206
0.218
0.184
0.228
0.217
0.219
0.215
0.211
0.231
0.217
0.224
0.186
0.207
0.226
0.215
0.231
0.206
0.213
0.214
0.251
0.218
0.221
0.217
0.217
0.206
0.212
0.219
0.217
0.221
0.218
0.214
0.219
0.258
0.217
0.214
0.224
0.210
0.222
0.231
0.219
0.169
0.218
0.214
0.209
0.221
0.205
0.221
0.218
0.245
0.210
0.216
0.213
0.216
0.220
0.238
0.222
0.248
0.208
0.168
0.214
0.217
0.209
0.231
0.216
0.219
0.224
0.207
0.216
0.245
0.221
0.207
0.221
0.229
0.216
0.217
0.207
0.236
0.218
0.257
0.201
0.214
0.218
0.225
0.227
0.166
0.217
0.251
0.223
0.219
0.219
0.227
0.219
0.227
0.209
0.233
0.220
0.241
0.190
0.222
0.220
0.228
0.230
0.219
0.217
0.213
0.219
0.201
0.218
0.249
0.232
0.220
0.207
0.252
0.219
0.215
0.191
0.246
0.217
0.219
0.209
0.177
0.217
0.219
0.219
0.216
0.216
0.243
0.226
0.215
0.211
0.217
0.236
0.232
0.223
0.257
0.217
0.222
0.219
0.216
0.223
0.247
0.219
0.249
0.208
0.217
0.218
0.212
0.209
0.215
0.216
0.244
0.216
0.226
0.209
0.185
0.216
0.210
0.220
0.217
0.217
0.220
0.209
0.230
0.230
0.218
0.174
0.222
0.217
0.221
0.222
0.203
0.216
0.217
0.217
0.206
0.221
0.218
0.216
0.217
0.216
0.227
0.223
0.169
0.178
0.217
0.216
0.214
0.218
0.211
0.231
0.218
0.218
0.178
0.219
0.229
0.220
0.204
0.223
0.215
0.218
0.215
0.179
0.226
0.230
0.230
0.217
0.212
0.217
0.228
0.229
0.172
0.217
0.235
0.216
0.170
0.204
0.214
0.210
0.230
0.184
0.229
0.218
0.226
0.220
0.204
0.216
0.217
0.224
0.208
0.221
0.225
0.220
0.215
0.215
0.220
0.220
0.226
0.218
0.210
0.219
0.168
0.218
0.207
0.217
0.189
0.220
0.216
0.210
0.215
0.219
0.248
0.209
0.239
0.225
0.216
0.217
0.215
0.217
0.209
0.223
0.262
0.225
0.220
0.217
0.215
0.215
0.236
0.219
0.230
0.212
0.219
0.226
0.258
0.221
0.211
0.216
0.209
0.220
0.217
0.216
0.251
0.231
0.216
0.210
0.228
0.216
0.220
0.211
0.219
0.225
0.218
0.220
0.222
0.217
0.214
0.227
0.238
0.218
0.231
0.209
0.259
0.178
0.219
0.229
0.253
0.209
0.169
0.213
0.222
0.218
0.205
0.230
0.245
0.219
0.212
0.224
0.253
0.218
0.242
0.211
0.232
0.217
0.218
0.188
0.214
0.220
0.216
0.214
0.222
0.217
0.217
0.220
0.221
0.221
0.219
0.232
0.218
0.218
0.216
0.216
0.217
0.233
0.214
0.219
0.236
0.219
0.214
0.229
0.247
0.219
0.181
0.219
0.232
0.229
0.214
0.216
0.216
0.222
0.246
0.224
0.208
0.210
0.216
0.219
0.216
0.217
0.206
0.217
0.170
0.213
0.218
0.217
0.207
0.210
0.215
0.221
0.208
0.223
0.208
0.219
0.242
0.228
0.221
0.218
0.233
0.231
0.216
0.209
0.229
0.219
0.214
0.215
0.230
0.215
0.217
0.217
0.204
0.231
0.242
0.215
0.209
0.230
0.220
0.220
0.260
0.205
0.214
0.231
0.214
0.182
0.216
0.230
0.216
0.217
0.214
0.232
0.257
0.208
0.181
0.218
0.215
0.217
0.218
0.175
0.217
0.217
0.217
0.183
0.253
0.206
0.169
0.221
0.202
0.221
0.219
0.215
0.196
0.216
0.214
0.218
0.216
0.208
0.218
0.216
0.215
0.219
0.216
0.217
0.218
0.224
0.204
0.218
0.245
0.216
0.218
0.217
0.216
0.222
0.237
0.209
0.223
0.217
0.227
0.221
0.224
0.216
0.217
0.219
0.220
0.220
0.217
0.216
0.221
0.212
0.221
0.221
0.215
0.209
0.218
0.210
0.256
0.221
0.240
0.221
0.231
0.217
0.168
0.218
0.223
0.215
0.238
0.210
0.166
0.220
0.212
0.213
0.218
0.213
0.215
0.233
0.267
0.228
0.248
0.226
0.202
0.231
0.217
0.207
0.209
0.214
0.216
0.218
0.212
0.180
0.222
0.219
0.221
0.222
0.209
0.217
0.169
0.179
0.178
0.218
0.217
0.216
0.229
0.219
0.201
0.209
0.217
0.185
0.217
0.231
0.245
0.218
0.211
0.215
0.216
0.218
0.194
0.220
0.215
0.231
0.220
0.213
0.214
0.217
0.216
0.191
0.223
0.230
0.214
0.224
0.166
0.218
0.252
0.531
0.524
0.535
0.507
0.526
0.529
0.488
0.478
0.498
0.500
0.513
0.473
0.440
0.414
0.398
0.374
0.380
0.373
0.357
0.340
0.359
0.313
0.309
0.292
0.249
0.252
0.296
0.278
0.251
0.201
0.148
0.142
0.159
0.145
0.146
0.143
0.148
0.144
0.152
0.142
0.139
0.145
0.150
0.147
0.147
0.146
0.141
0.142
0.150
0.136
0.156
0.146
0.162
0.221
0.171
0.173
0.188
0.206
0.183
0.171
0.213
0.216
0.213
0.212
0.208
0.228
0.211
0.238
0.214
0.181
0.209
0.224
0.213
0.207
0.215
0.217
0.213
0.207
0.202
0.219
0.207
0.219
0.213
0.205
0.208
0.216
0.211
0.177
0.219
0.212
0.231
0.211
0.228
0.208
0.217
0.220
0.192
0.215
0.218
0.220
0.219
0.215
0.214
0.246
0.230
0.214
0.218
0.215
0.219
0.216
0.230
0.220
0.217
0.229
0.218
0.235
0.218
0.219
0.224
0.205
0.228
0.168
0.228
0.217
0.217
0.214
0.228
0.229
0.211
0.227
0.220
0.220
0.230
0.218
0.229
0.223
0.220
0.221
0.218
0.218
0.217
0.214
0.219
0.229
0.218
0.223
0.207
0.218
0.217
0.214
0.228
0.204
0.216
0.243
0.221
0.211
0.216
0.239
0.229
0.217
0.207
0.209
0.218
0.223
0.208
0.235
0.221
0.249
0.220
0.211
0.221
0.224
0.219
0.180
0.215
0.231
0.209
0.226
0.211
0.227
0.217
0.217
0.180
0.179
0.221
0.248
0.219
0.209
0.214
0.217
0.232
0.180
0.218
0.214
0.217
0.255
0.208
0.214
0.222
0.220
0.185
0.256
0.231
0.221
0.232
0.207
0.216
0.229
0.212
0.227
0.231
0.208
0.211
0.218
0.208
0.214
0.222
0.244
0.199
0.218
0.215
0.248
0.221
0.211
0.215
0.229
0.229
0.227
0.224
0.216
0.218
0.222
0.211
0.208
0.220
0.227
0.217
0.218
0.220
0.256
0.234
0.221
0.215
0.244
0.219
0.172
0.216
0.213
0.174
0.217
0.207
0.213
0.220
0.172
0.220
0.214
0.235
0.248
0.251
0.243
0.219
0.218
0.233
0.205
0.228
0.245
0.215
0.230
0.214
0.220
0.233
0.220
0.218
0.231
0.230
0.242
0.215
0.205
0.230
0.229
0.215
0.251
0.217
0.229
0.219
0.233
0.189
0.213
0.219
0.245
0.216
0.219
0.219
0.217
0.214
0.185
0.217
0.222
0.217
0.215
0.212
0.218
0.229
0.229
0.181
0.216
0.223
0.165
0.217
0.211
0.225
0.221
0.232
0.219
0.220
0.215
0.219
0.216
0.211
0.218
0.218
0.221
0.212
0.217
0.217
0.175
0.215
0.213
0.227
0.260
0.232
0.227
0.176
0.216
0.221
0.217
0.211
0.226
0.217
0.228
0.214
0.207
0.220
0.212
0.224
0.227
0.140
0.217
0.215
0.219
0.210
0.213
0.215
0.219
0.211
0.218
0.228
0.219
0.221
0.243
0.219
0.236
0.229
0.204
0.218
0.220
0.217
0.250
0.215
0.168
0.222
0.259
0.218
0.219
0.217
0.216
0.208
0.218
0.225
0.217
0.219
0.184
0.215
0.228
0.219
0.252
0.212
0.174
0.217
0.214
0.184
0.230
0.217
0.253
0.208
0.209
0.224
0.166
0.209
0.176
0.216
0.216
0.216
0.213
0.212
0.216
0.229
0.259
0.182
0.217
0.217
0.227
0.229
0.232
0.218
0.211
0.221
0.194
0.216
0.217
0.224
0.214
0.172
0.255
0.227
0.214
0.221
0.217
0.216
0.216
0.223
0.165
0.220
0.247
0.231
0.221
0.231
0.213
0.226
0.216
0.209
0.216
0.217
0.214
0.222
0.213
0.234
0.223
0.221
0.203
0.217
0.237
0.220
0.216
0.216
0.255
0.223
0.219
0.231
0.205
0.218
0.218
0.219
0.219
0.219
0.242
0.217
0.212
0.216
0.216
0.228
0.261
0.214
0.226
0.222
0.214
0.183
0.216
0.224
0.215
0.217
0.213
0.221
0.211
0.209
0.197
0.219
0.213
0.218
0.220
0.215
0.214
0.219
0.169
0.180
0.220
0.216
0.231
0.221
0.206
0.219
0.216
0.222
0.209
0.219
0.214
0.218
0.236
0.207
0.213
0.228
0.217
0.188
0.214
0.215
0.217
0.224
0.205
0.215
0.216
0.219
0.213
0.227
0.215
0.218
0.222
0.208
0.212
0.229
0.204
0.218
0.252
0.210
0.207
0.220
0.204
0.231
0.207
0.221
0.169
0.219
0.170
0.215
0.173
0.213
0.214
0.201
0.217
0.215
0.208
0.216
0.217
0.233
0.208
0.231
0.175
0.220
0.218
0.212
0.217
0.219
0.215
0.211
0.215
0.220
0.213
0.173
0.223
0.218
0.219
0.218
0.211
0.219
0.234
0.215
0.216
0.212
0.207
0.217
0.229
0.208
0.245
0.230
0.227
0.215
0.215
0.231
0.217
0.229
0.204
0.222
0.246
0.217
0.217
0.218
0.217
0.216
0.219
0.181
0.205
0.230
0.250
0.217
0.213
0.215
0.211
0.220
0.196
0.231
0.217
0.224
0.215
0.224
0.217
0.217
0.215
0.192
0.166
0.224
0.207
0.216
0.211
0.207
0.215
0.232
0.196
0.216
0.217
0.217
0.211
0.218
0.216
0.222
0.215
0.219
0.214
0.217
0.210
0.215
0.214
0.215
0.218
0.220
0.214
0.215
0.228
0.215
0.214
0.212
0.236
0.219
0.231
0.215
0.202
0.220
0.225
0.231
0.218
0.212
0.230
0.220
0.216
0.207
0.223
0.251
0.215
0.190
0.232
0.216
0.212
0.218
0.247
0.220
0.228
0.212
0.245
0.223
0.228
0.234
0.168
0.208
0.220
0.227
0.215
0.213
0.217
0.218
0.217
0.216
0.208
0.220
0.244
0.229
0.210
0.215
0.215
0.219
0.225
0.208
0.218
0.218
0.216
0.209
0.216
0.219
0.249
0.230
0.202
0.222
0.214
0.215
0.184
0.220
0.216
0.218
0.236
0.212
0.217
0.212
0.232
0.182
0.247
0.218
0.247
0.219
0.207
0.219
0.214
0.215
0.215
0.217
0.220
0.220
0.215
0.209
0.218
0.216
0.224
0.182
0.243
0.216
0.169
0.220
0.211
0.222
0.220
0.210
0.216
0.215
0.220
0.219
0.226
0.209
0.263
0.217
0.219
0.222
0.216
0.229
0.229
0.215
0.204
0.223
0.216
0.231
0.221
0.214
0.214
0.219
0.226
0.207
0.261
0.213
0.235
0.231
0.219
0.215
0.218
0.217
0.201
0.221
0.213
0.228
0.223
0.208
0.221
0.220
0.249
0.212
0.218
0.219
0.219
0.218
0.218
0.216
0.235
0.218
0.210
0.219
0.219
0.217
0.208
0.213
0.164
0.218
0.218
0.214
0.224
0.216
0.227
0.221
0.214
0.228
0.233
0.219
0.185
0.223
0.223
0.220
0.245
0.207
0.214
0.217
0.242
0.179
0.229
0.215
0.216
0.234
0.202
0.216
0.249
0.216
0.173
0.219
0.220
0.230
0.221
0.206
0.245
0.220
0.215
0.216
0.219
0.232
0.257
0.219
0.212
0.229
0.219
0.208
0.234
0.226
0.216
0.223
0.233
0.208
0.228
0.224
0.215
0.217
0.209
0.219
0.214
0.220
0.165
0.217
0.249
0.216
0.215
0.177
0.221
0.215
0.227
0.207
0.213
0.218
0.226
0.215
0.205
0.214
0.218
0.222
0.219
0.221
0.215
0.230
0.253
0.212
0.216
0.210
0.217
0.213
0.217
0.232
0.214
0.218
0.214
0.214
0.226
0.225
0.206
0.218
0.261
0.222
0.257
0.213
0.222
0.218
0.219
0.207
0.214
0.225
0.220
0.216
0.216
0.209
0.216
0.216
0.210
0.216
0.232
0.215
0.205
0.212
0.216
0.179
0.170
0.182
0.228
0.218
0.255
0.215
0.215
0.224
0.208
0.221
0.174
0.221
0.230
0.218
0.202
0.215
0.209
0.214
0.247
0.206
0.217
0.220
0.205
0.218
0.210
0.216
0.214
0.218
0.206
0.217
0.222
0.218
0.241
0.221
0.213
0.437
0.221
0.215
0.215
0.222
0.214
0.214
0.213
0.216
0.220
0.217
0.220
0.206
0.222
0.214
0.225
0.213
0.243
0.207
0.220
0.207
0.206
0.234
0.235
0.216
0.212
0.217
0.165
0.218
0.213
0.208
0.222
0.214
0.216
0.216
0.218
0.176
0.210
0.217
0.212
0.218
0.219
0.219
0.209
0.219
0.217
0.223
0.213
0.209
0.222
0.216
0.228
0.213
0.243
0.231
0.258
0.216
0.204
0.224
0.214
0.215
0.180
0.214
0.207
0.235
0.219
0.209
0.220
0.218
0.216
0.190
0.230
0.221
0.219
0.215
0.211
0.221
0.218
0.215
0.215
0.221
0.227
0.220
0.140
0.211
0.217
0.219
0.227
0.223
0.167
0.219
0.218
0.217
0.218
0.220
0.220
0.230
0.229
0.219
0.233
0.218
0.238
0.214
0.231
0.223
0.216
0.232
0.189
