0.302
0.225
0.208
0.207
0.220
0.198
0.211
0.164
0.209
0.625
0.213
0.200
0.206
0.212
0.197
0.205
0.177
0.210
0.206
0.213
0.205
0.232
0.228
0.200
0.211
0.180
0.203
0.209
0.205
0.205
0.204
0.207
0.196
0.205
0.190
0.206
0.206
0.205
0.206
0.202
0.209
0.198
0.199
0.176
0.204
0.208
0.210
0.215
0.204
0.204
0.197
0.207
0.209
0.205
0.208
0.204
0.199
0.201
0.216
0.204
0.206
0.622
0.203
0.214
0.202
0.203
0.201
0.213
0.175
0.212
0.217
0.206
0.197
0.201
0.210
0.195
0.206
0.208
0.208
0.204
0.212
0.209
0.207
0.205
0.226
0.236
0.202
0.214
0.242
0.213
0.213
0.205
0.197
0.204
0.232
0.209
0.207
0.425
0.210
0.208
0.198
0.165
0.200
0.209
0.200
0.209
0.214
0.211
0.208
0.201
0.209
0.200
0.230
0.646
0.212
0.203
0.210
0.204
0.195
0.193
0.175
0.206
0.205
0.207
0.208
0.204
0.208
0.197
0.204
0.168
0.206
0.248
0.199
0.212
0.209
0.196
0.204
0.222
0.202
0.208
0.205
0.209
0.205
0.199
0.204
0.200
0.210
0.207
0.209
0.213
0.206
0.211
0.198
0.205
0.199
0.208
0.213
0.210
0.212
0.203
0.205
0.228
0.200
0.190
0.207
0.612
0.207
0.204
0.207
0.207
0.203
0.209
0.170
0.205
0.204
0.206
0.209
0.207
0.204
0.198
0.197
0.170
0.208
0.206
0.225
0.202
0.212
0.205
0.202
0.204
0.197
0.198
0.212
0.205
0.212
0.211
0.206
0.194
0.221
0.203
0.202
0.208
0.207
0.210
0.201
0.205
0.201
0.210
0.211
0.212
0.205
0.211
0.208
0.200
0.210
0.199
0.609
0.208
0.210
0.209
0.208
0.204
0.208
0.205
0.169
0.210
0.205
0.221
0.197
0.211
0.205
0.198
0.206
0.213
0.212
0.180
0.207
0.175
0.217
0.204
0.203
0.211
0.214
0.206
0.160
0.211
0.202
0.227
0.210
0.199
0.208
0.207
0.205
0.210
0.208
0.202
0.203
0.204
0.204
0.205
0.160
0.205
0.206
0.206
0.249
0.226
0.243
0.673
0.225
0.227
0.248
0.238
0.227
0.246
0.250
0.227
0.223
0.228
0.230
0.220
0.217
0.214
0.221
0.198
0.228
0.221
0.219
0.219
0.212
0.226
0.204
0.401
0.225
0.226
0.452
0.223
0.451
0.424
0.385
0.355
0.471
0.174
0.177
0.220
0.221
0.218
0.216
0.221
0.228
0.216
0.217
0.211
0.228
0.227
0.400
0.218
0.220
0.223
0.616
0.229
0.222
0.201
0.235
0.223
0.215
0.226
0.227
0.227
0.226
0.227
0.236
0.225
0.225
0.210
0.226
0.226
0.237
0.227
0.225
0.209
0.221
0.225
0.213
0.225
0.228
0.220
0.224
0.218
0.226
0.212
0.229
0.213
0.239
0.256
0.196
0.193
0.224
0.226
0.211
0.227
0.184
0.226
0.220
0.226
0.226
0.225
0.228
0.212
0.227
0.620
0.228
0.226
0.227
0.225
0.226
0.226
0.212
0.224
0.226
0.226
0.226
0.227
0.214
0.201
0.261
0.214
0.226
0.226
0.224
0.226
0.248
0.225
0.212
0.221
0.212
0.177
0.222
0.226
0.227
0.186
0.216
0.209
0.207
0.197
0.225
0.202
0.205
0.121
0.211
0.197
0.204
0.212
0.198
0.204
0.190
0.212
0.204
0.205
0.206
0.212
0.621
0.196
0.211
0.204
0.210
0.207
0.205
0.212
0.201
0.209
0.198
0.161
0.204
0.206
0.208
0.210
0.205
0.206
0.206
0.196
0.205
0.209
0.209
0.167
0.210
0.209
0.210
0.222
0.168
0.201
0.210
0.210
0.205
0.162
0.245
0.204
0.208
0.168
0.209
0.204
0.205
0.206
0.209
0.211
0.200
0.211
0.170
0.211
0.203
0.209
0.207
0.634
0.205
0.232
0.207
0.205
0.194
0.208
0.205
0.204
0.198
0.212
0.199
0.198
0.205
0.204
0.206
0.207
0.212
0.200
0.206
0.204
0.204
0.213
0.205
0.209
0.205
0.210
0.201
0.205
0.198
0.210
0.210
0.209
0.209
0.209
0.214
0.189
0.217
0.196
0.214
0.204
0.215
0.211
0.207
0.204
0.198
0.204
0.178
0.212
0.207
0.615
0.207
0.209
0.207
0.195
0.206
0.208
0.210
0.205
0.212
0.209
0.208
0.204
0.199
0.200
0.207
0.204
0.205
0.206
0.205
0.203
0.204
0.205
0.209
0.209
0.207
0.216
0.204
0.211
0.195
0.197
0.171
0.204
0.227
0.209
0.203
0.206
0.203
0.202
0.230
0.191
0.219
0.205
0.207
0.204
0.207
0.207
0.197
0.193
0.205
0.622
0.205
0.164
0.207
0.207
0.205
0.197
0.198
0.196
0.202
0.225
0.210
0.205
0.206
0.204
0.199
0.204
0.228
0.532
0.210
0.226
0.198
0.212
0.205
0.203
0.210
0.207
0.206
0.207
0.195
0.210
0.209
0.205
0.197
0.208
0.207
0.203
0.205
0.205
0.209
0.213
0.206
0.202
0.204
0.208
0.203
0.205
0.203
0.160
0.197
0.625
0.193
0.213
0.206
0.159
0.214
0.210
0.205
0.199
0.206
0.173
0.207
0.205
0.223
0.204
0.205
0.208
0.199
0.205
0.205
0.210
0.208
0.205
0.207
0.199
0.226
0.161
0.207
0.203
0.206
0.226
0.209
0.204
0.200
0.205
0.201
0.208
0.206
0.208
0.207
0.206
0.202
0.214
0.214
0.169
0.202
0.209
0.210
0.206
0.206
0.589
0.201
0.217
0.191
0.223
0.204
0.206
0.205
0.208
0.205
0.200
0.212
0.205
0.205
0.204
0.204
0.205
0.210
0.209
0.198
0.206
0.197
0.196
0.211
0.211
0.203
0.204
0.212
0.202
0.197
0.205
0.204
0.214
0.206
0.210
0.197
0.207
0.196
0.197
0.210
0.248
0.207
0.205
0.203
0.176
0.181
0.212
0.207
0.206
0.199
0.624
0.204
0.208
0.198
0.205
0.202
0.205
0.208
0.211
0.204
0.210
0.205
0.203
0.209
0.228
0.204
0.201
0.205
0.207
0.210
0.211
0.202
0.215
0.225
0.204
0.204
0.209
0.208
0.204
0.210
0.193
0.212
0.206
0.206
0.203
0.221
0.210
0.201
0.199
0.199
0.200
0.214
0.206
0.205
0.210
0.209
0.199
0.216
0.206
0.211
0.623
0.206
0.208
0.210
0.204
0.197
0.206
0.203
0.209
0.204
0.212
0.210
0.206
0.212
0.199
0.195
0.210
0.211
0.204
0.205
0.206
0.203
0.225
0.199
0.198
0.206
0.207
0.205
0.211
0.204
0.207
0.206
0.204
0.200
0.205
0.199
0.209
0.208
0.208
0.238
0.636
0.201
0.205
0.230
0.164
0.197
0.203
0.212
0.198
0.206
0.171
0.200
0.204
0.205
0.208
0.192
0.206
0.198
0.209
0.175
0.206
0.210
0.210
0.227
0.208
0.209
0.203
0.205
0.190
0.204
0.211
0.206
0.201
0.206
0.174
0.197
0.226
0.195
0.204
0.204
0.800
0.208
0.214
0.207
0.200
0.210
0.207
0.205
0.198
0.208
0.204
0.208
0.520
0.471
0.427
0.503
0.484
0.452
0.419
0.400
0.340
0.347
0.287
0.287
0.288
0.205
0.172
0.133
0.189
0.175
0.134
0.136
0.137
0.134
0.133
0.135
0.145
0.135
0.170
0.157
0.575
0.204
0.155
0.198
0.215
0.225
0.199
0.200
0.199
0.199
0.199
0.203
0.197
0.212
0.205
0.197
0.199
0.203
0.208
0.207
0.206
0.205
0.207
0.206
0.225
0.201
0.207
0.208
0.198
0.210
0.206
0.209
0.210
0.205
0.196
0.209
0.205
0.206
0.209
0.206
0.618
0.203
0.206
0.202
0.210
0.208
0.211
0.193
0.208
0.222
0.188
0.211
0.188
0.204
0.208
0.205
0.205
0.203
0.212
0.198
0.206
0.206
0.197
0.249
0.206
0.204
0.204
0.208
0.205
0.211
0.197
0.210
0.207
0.210
0.203
0.201
0.209
0.202
0.206
0.213
0.630
0.197
0.209
0.212
0.200
0.216
0.174
0.199
0.209
0.213
0.205
0.215
0.200
0.198
0.205
0.204
0.206
0.214
0.211
0.196
0.210
0.206
0.159
0.223
0.168
0.217
0.205
0.206
0.206
0.214
0.205
0.202
0.206
0.171
0.209
0.210
0.206
0.207
0.197
0.208
0.610
0.205
0.208
0.207
0.205
0.218
0.210
0.197
0.200
0.203
0.208
0.206
0.206
0.205
0.210
0.208
0.196
0.205
0.203
0.207
0.206
0.206
0.205
0.197
0.216
0.203
0.209
0.180
0.205
0.211
0.207
0.213
0.210
0.216
0.198
0.207
0.173
0.209
0.210
0.210
0.605
0.205
0.205
0.200
0.204
0.174
0.207
0.206
0.205
0.209
0.210
0.207
0.197
0.206
0.195
0.212
0.204
0.213
0.207
0.198
0.204
0.206
0.205
0.228
0.205
0.210
0.207
0.207
0.199
0.208
0.166
0.208
0.209
0.206
0.206
0.207
0.625
0.198
0.208
0.168
0.213
0.205
0.207
0.205
0.209
0.202
0.200
0.204
0.175
0.212
0.205
0.205
0.213
0.210
0.204
0.203
0.204
0.206
0.208
0.206
0.210
0.206
0.207
0.214
0.202
0.205
0.206
0.207
0.207
0.206
0.203
0.196
0.611
0.197
0.210
0.225
0.195
0.236
0.206
0.209
0.198
0.211
0.197
0.204
0.203
0.208
0.205
0.211
0.164
0.200
0.206
0.183
0.206
0.208
0.207
0.204
0.206
0.204
0.206
0.211
0.170
0.206
0.211
0.209
0.209
0.207
0.208
0.188
0.634
0.204
0.211
0.199
0.214
0.204
0.163
0.205
0.198
0.204
0.211
0.209
0.207
0.207
0.210
0.213
0.205
0.206
0.209
0.204
0.210
0.159
0.206
0.208
0.203
0.209
0.170
0.213
0.198
0.207
0.205
0.204
0.208
0.200
0.208
0.172
0.664
0.209
0.206
0.210
0.210
0.206
0.198
0.207
0.174
0.196
0.196
0.207
0.202
0.212
0.208
0.197
0.205
0.218
0.208
0.208
0.205
0.207
0.205
0.206
0.203
0.199
0.178
0.213
0.210
0.206
0.207
0.208
0.208
0.197
0.211
0.205
0.619
0.212
0.206
0.206
0.201
0.196
0.198
0.207
0.209
0.209
0.216
0.209
0.203
0.197
0.206
0.168
0.206
0.213
0.214
0.210
0.195
0.213
0.197
0.204
0.166
0.206
0.203
0.209
0.248
0.206
0.199
0.201
0.205
0.209
0.209
0.210
0.623
0.207
0.209
0.205
0.199
0.225
0.198
0.201
0.198
0.225
0.205
0.203
0.208
0.201
0.204
0.205
0.210
0.212
0.205
0.205
0.198
0.210
0.180
0.205
0.205
0.211
0.209
0.212
0.209
0.196
0.166
0.170
0.208
0.207
0.213
0.210
0.614
0.206
0.201
0.206
0.171
0.205
0.206
0.204
0.208
0.208
0.197
0.204
0.229
0.211
0.162
0.207
0.198
0.210
0.209
0.207
0.201
0.207
0.212
0.198
0.209
0.206
0.212
0.200
0.208
0.198
0.204
0.205
0.210
0.215
0.207
0.205
0.610
0.207
0.202
0.204
0.207
0.188
0.209
0.215
0.204
0.198
0.210
0.170
0.211
0.209
0.200
0.225
0.204
0.213
0.201
0.209
0.173
0.212
0.213
0.207
0.211
0.206
0.205
0.196
0.197
0.210
0.227
0.217
0.202
0.206
0.204
0.207
0.209
0.211
0.625
0.205
0.204
0.204
0.211
0.204
0.209
0.201
0.205
0.200
0.208
0.213
0.208
0.210
0.197
0.210
0.194
0.210
0.207
0.207
0.204
0.211
0.202
0.201
0.208
0.169
0.209
0.216
0.207
0.197
0.216
0.203
0.203
0.210
0.170
0.212
0.219
0.629
0.207
0.208
0.202
0.195
0.210
0.204
0.206
0.210
0.207
0.211
0.210
0.203
0.196
0.203
0.167
0.205
0.199
0.204
0.210
0.196
0.226
0.197
0.197
0.203
0.195
0.206
0.208
0.208
0.197
0.210
0.198
0.205
0.210
0.204
0.215
0.213
1.08
0.199
0.224
0.198
0.204
0.204
0.204
0.205
0.209
0.201
0.197
0.198
0.201
0.207
0.205
0.208
0.208
0.210
0.206
0.200
0.209
0.204
0.210
0.205
0.165
0.205
0.208
0.204
0.206
0.206
0.210
0.209
0.206
0.210
0.206
0.203
0.208
0.610
0.201
0.209
0.204
0.206
0.208
0.213
0.206
0.205
0.196
0.198
0.198
0.217
0.197
0.205
0.204
0.208
0.224
0.174
0.209
0.206
0.210
0.208
0.209
0.204
0.204
0.210
0.190
0.208
0.216
0.211
0.227
0.212
0.205
0.199
0.206
0.211
0.617
0.211
0.211
0.208
0.202
0.201
0.203
0.209
0.207
0.225
0.209
0.209
0.206
0.198
0.195
0.200
0.210
0.205
0.199
0.204
0.206
0.208
0.198
0.195
0.204
0.208
0.206
0.205
0.211
0.434
0.228
0.200
0.207
0.198
0.209
0.228
0.205
0.615
0.209
0.204
0.197
0.214
0.171
0.204
0.213
0.207
0.229
0.204
0.212
0.201
0.208
0.204
0.205
0.210
0.205
0.205
0.211
0.211
0.198
0.213
0.167
0.207
0.207
0.199
0.205
0.202
0.205
0.188
0.212
0.196
0.205
0.206
0.210
0.208
0.610
0.207
0.196
0.205
0.205
0.209
0.213
0.208
0.203
0.200
0.203
0.171
0.207
0.206
0.228
0.205
0.215
0.204
0.201
0.225
0.171
0.206
0.211
0.206
0.197
0.210
0.205
0.203
0.210
0.210
0.207
0.212
0.208
0.210
0.204
0.208
0.199
0.621
0.205
0.205
0.208
0.201
0.204
0.199
0.225
0.202
0.204
0.212
0.214
0.209
0.203
0.212
0.213
0.204
0.203
0.204
0.199
0.207
0.205
0.212
0.208
0.209
0.207
0.173
0.210
0.209
0.207
0.208
0.205
0.205
0.208
0.207
0.184
0.211
0.618
0.207
0.207
0.247
0.208
0.212
0.205
0.207
0.206
0.204
0.205
0.206
0.189
0.213
0.198
0.212
0.209
0.212
0.205
0.227
0.206
0.201
0.206
0.201
0.212
0.213
0.207
0.208
0.206
0.203
0.199
0.210
0.617
0.210
0.204
0.207
0.206
0.211
0.214
0.198
0.204
0.197
0.208
0.198
0.210
0.208
0.224
0.225
0.197
0.204
0.189
0.197
0.208
0.199
0.202
0.205
0.195
0.199
0.202
0.225
0.202
0.210
0.210
0.206
0.621
0.202
0.200
0.209
0.205
0.204
0.213
0.211
0.208
0.199
0.203
0.202
0.211
0.212
0.210
0.226
0.209
0.205
0.202
0.201
0.204
0.210
0.221
0.208
0.208
0.163
0.208
0.207
0.223
0.203
0.204
0.209
0.615
0.203
0.208
0.207
0.200
0.213
0.170
0.206
0.204
0.202
0.210
0.207
0.199
0.202
0.201
0.204
0.205
0.208
0.207
0.206
0.204
0.205
0.200
0.201
0.213
0.206
0.207
0.249
0.198
0.199
0.207
0.199
0.630
0.187
0.204
0.206
0.207
0.212
0.204
0.222
0.183
0.208
0.205
0.237
0.212
0.210
0.208
0.209
0.214
0.198
0.242
0.210
0.209
0.223
0.210
0.207
0.208
0.210
0.209
0.209
0.209
0.209
0.211
0.205
0.615
0.196
0.206
0.212
0.205
0.208
0.208
0.208
0.208
0.210
0.196
0.212
0.213
0.215
0.226
0.202
0.208
0.202
0.203
0.201
0.207
0.209
0.204
0.211
0.208
0.205
0.203
0.210
0.198
0.220
0.209
0.211
0.620
0.210
0.212
0.203
0.205
0.173
0.196
0.214
0.207
0.208
0.203
0.206
0.200
0.208
0.178
0.206
0.207
0.202
0.206
0.206
0.251
0.192
0.204
0.191
0.208
0.208
0.209
0.213
0.206
0.214
0.199
0.205
0.634
0.211
0.206
0.196
0.233
0.196
0.215
0.205
0.203
0.211
0.211
0.206
0.204
0.207
0.205
0.206
0.187
0.205
0.208
0.226
0.202
0.218
0.206
0.208
0.206
0.203
0.205
0.205
0.214
0.242
0.209
0.203
0.580
0.203
0.186
0.206
0.208
0.209
0.207
0.210
0.206
0.200
0.205
0.219
0.206
0.207
0.210
0.163
0.213
0.203
0.196
0.208
0.204
0.167
0.211
0.214
0.204
0.199
0.205
0.198
0.206
0.210
0.208
0.204
0.619
0.202
0.197
0.198
0.205
0.213
0.205
0.224
0.209
0.164
0.204
0.203
0.162
0.169
0.213
0.207
0.206
0.228
0.244
0.199
0.198
0.206
0.200
0.207
0.211
0.208
0.204
0.206
0.208
0.201
0.197
0.183
0.223
0.205
0.198
0.222
0.211
0.208
0.196
