0.328
0.255
0.222
0.213
0.218
0.208
0.217
0.203
0.221
0.227
0.222
0.209
0.215
0.219
0.203
0.211
0.216
0.217
0.219
0.211
0.216
0.211
0.215
0.205
0.215
0.204
0.220
0.211
0.221
0.211
0.215
0.208
0.215
0.214
0.198
0.203
0.208
0.211
0.214
0.201
0.220
0.206
0.214
0.179
0.220
0.213
0.217
0.216
0.217
0.214
0.215
0.215
0.216
0.230
0.216
0.207
0.213
0.210
0.214
0.202
0.221
0.215
0.213
0.216
0.216
0.212
0.207
0.207
0.208
0.213
0.216
0.214
0.220
0.234
0.218
0.209
0.229
0.168
0.220
0.210
0.217
0.216
0.213
0.207
0.215
0.211
0.212
0.219
0.216
0.210
0.221
0.201
0.213
0.203
0.217
0.195
0.210
0.211
0.213
0.211
0.219
0.215
0.208
0.210
0.215
0.209
0.216
0.214
0.238
0.211
0.217
0.205
0.214
0.213
0.219
0.209
0.215
0.212
0.211
0.226
0.218
0.216
0.215
0.216
0.217
0.216
0.215
0.208
0.214
0.205
0.223
0.210
0.217
0.211
0.216
0.210
0.206
0.202
0.207
0.211
0.223
0.219
0.214
0.217
0.214
0.203
0.231
0.212
0.215
0.208
0.219
0.212
0.212
0.245
0.210
0.211
0.214
0.210
0.216
0.213
0.222
0.216
0.218
0.203
0.215
0.210
0.218
0.207
0.217
0.211
0.207
0.212
0.218
0.218
0.220
0.205
0.220
0.217
0.221
0.210
0.215
0.201
0.209
0.213
0.235
0.204
0.213
0.221
0.208
0.212
0.209
0.201
0.215
0.231
0.219
0.208
0.215
0.207
0.214
0.179
0.175
0.210
0.228
0.209
0.220
0.211
0.211
0.213
0.221
0.213
0.215
0.212
0.220
0.219
0.220
0.203
0.217
0.216
0.221
0.213
0.220
0.217
0.220
0.211
0.207
0.214
0.218
0.217
0.219
0.213
0.213
0.206
0.216
0.210
0.214
0.216
0.220
0.215
0.216
0.212
0.209
0.211
0.182
0.211
0.215
0.215
0.219
0.211
0.219
0.203
0.213
0.184
0.217
0.213
0.215
0.213
0.219
0.211
0.208
0.210
0.214
0.213
0.220
0.211
0.180
0.210
0.217
0.207
0.214
0.211
0.218
0.235
0.216
0.211
0.207
0.210
0.207
0.217
0.215
0.215
0.211
0.218
0.216
0.212
0.212
0.206
0.216
0.175
0.221
0.219
0.219
0.213
0.206
0.219
0.206
0.211
0.216
0.212
0.221
0.235
0.215
0.202
0.206
0.177
0.212
0.217
0.212
0.220
0.215
0.215
0.213
0.211
0.195
0.232
0.204
0.204
0.198
0.217
0.212
0.209
0.212
0.209
0.208
0.211
0.210
0.213
0.219
0.209
0.210
0.202
0.214
0.208
0.203
0.208
0.168
0.168
0.220
0.212
0.233
0.213
0.212
0.212
0.212
0.213
0.204
0.213
0.175
0.213
0.215
0.213
0.218
0.215
0.216
0.205
0.213
0.177
0.212
0.216
0.218
0.214
0.212
0.208
0.206
0.220
0.211
0.213
0.212
0.216
0.217
0.215
0.245
0.204
0.217
0.221
0.193
0.213
0.220
0.214
0.217
0.217
0.206
0.215
0.213
0.219
0.216
0.214
0.210
0.204
0.218
0.211
0.239
0.213
0.211
0.219
0.215
0.218
0.206
0.218
0.215
0.215
0.222
0.213
0.215
0.217
0.213
0.204
0.204
0.204
0.202
0.212
0.173
0.218
0.212
0.213
0.205
0.217
0.204
0.219
0.212
0.221
0.218
0.221
0.217
0.206
0.212
0.215
0.169
0.215
0.211
0.220
0.202
0.217
0.206
0.235
0.212
0.215
0.216
0.221
0.205
0.216
0.211
0.206
0.220
0.211
0.206
0.217
0.215
0.214
0.206
0.218
0.195
0.216
0.210
0.214
0.211
0.219
0.216
0.209
0.211
0.190
0.209
0.218
0.210
0.211
0.210
0.191
0.203
0.216
0.174
0.223
0.207
0.216
0.211
0.221
0.216
0.207
0.213
0.219
0.215
0.220
0.213
0.217
0.210
0.223
0.207
0.220
0.212
0.215
0.215
0.217
0.216
0.218
0.217
0.206
0.215
0.219
0.218
0.227
0.216
0.221
0.211
0.212
0.208
0.222
0.218
0.224
0.217
0.216
0.212
0.209
0.216
0.206
0.214
0.218
0.210
0.214
0.209
0.214
0.207
0.216
0.188
0.215
0.211
0.215
0.182
0.214
0.216
0.209
0.211
0.215
0.211
0.216
0.209
0.217
0.215
0.215
0.203
0.219
0.212
0.233
0.209
0.221
0.219
0.217
0.215
0.206
0.212
0.218
0.214
0.217
0.211
0.212
0.202
0.211
0.217
0.197
0.210
0.220
0.211
0.219
0.214
0.205
0.213
0.177
0.217
0.216
0.204
0.217
0.219
0.216
0.204
0.218
0.179
0.218
0.213
0.219
0.216
0.220
0.215
0.215
0.207
0.214
0.210
0.217
0.210
0.172
0.210
0.214
0.208
0.219
0.216
0.220
0.211
0.217
0.212
0.211
0.214
0.209
0.216
0.215
0.212
0.221
0.166
0.213
0.214
0.219
0.211
0.218
0.215
0.219
0.210
0.211
0.215
0.206
0.214
0.202
0.210
0.220
0.216
0.217
0.218
0.225
0.214
0.220
0.179
0.210
0.218
0.173
0.212
0.215
0.212
0.208
0.208
0.214
0.168
0.222
0.220
0.215
0.215
0.214
0.170
0.215
0.211
0.214
0.219
0.212
0.209
0.165
0.214
0.216
0.214
0.215
0.188
0.216
0.214
0.224
0.214
0.212
0.206
0.219
0.214
0.209
0.217
0.209
0.206
0.213
0.213
0.206
0.217
0.210
0.219
0.210
0.218
0.211
0.221
0.210
0.209
0.211
0.215
0.213
0.216
0.211
0.214
0.210
0.219
0.213
0.213
0.207
0.218
0.210
0.223
0.216
0.206
0.217
0.216
0.211
0.219
0.204
0.178
0.202
0.218
0.201
0.174
0.215
0.219
0.212
0.221
0.210
0.211
0.212
0.213
0.213
0.211
0.217
0.228
0.218
0.223
0.204
0.203
0.180
0.221
0.168
0.205
0.209
0.216
0.246
0.207
0.211
0.180
0.203
0.214
0.214
0.205
0.216
0.210
0.207
0.215
0.214
0.212
0.212
0.218
0.211
0.215
0.213
0.211
0.212
0.215
0.217
0.214
0.214
0.215
0.202
0.213
0.201
0.219
0.212
0.223
0.221
0.219
0.217
0.216
0.202
0.207
0.213
0.205
0.216
0.215
0.216
0.214
0.211
0.222
0.213
0.221
0.211
0.221
0.212
0.217
0.217
0.208
0.217
0.183
0.214
0.219
0.215
0.219
0.251
0.215
0.214
0.215
0.191
0.219
0.213
0.222
0.214
0.227
0.226
0.219
0.184
0.213
0.214
0.217
0.210
0.215
0.202
0.216
0.205
0.221
0.219
0.216
0.195
0.223
0.213
0.216
0.212
0.207
0.209
0.214
0.211
0.215
0.218
0.218
0.204
0.217
0.203
0.215
0.217
0.220
0.211
0.218
0.218
0.209
0.216
0.183
0.209
0.208
0.215
0.219
0.212
0.221
0.223
0.225
0.211
0.203
0.211
0.215
0.211
0.216
0.209
0.205
0.215
0.220
0.207
0.216
0.214
0.220
0.208
0.192
0.204
0.214
0.213
0.221
0.217
0.220
0.212
0.216
0.217
0.206
0.218
0.215
0.217
0.218
0.211
0.220
0.204
0.222
0.203
0.211
0.192
0.214
0.212
0.216
0.212
0.208
0.215
0.191
0.214
0.217
0.210
0.215
0.219
0.216
0.203
0.216
0.181
0.221
0.213
0.173
0.212
0.220
0.217
0.207
0.210
0.216
0.211
0.207
0.215
0.171
0.210
0.217
0.208
0.215
0.208
0.215
0.211
0.194
0.213
0.188
0.211
0.212
0.169
0.221
0.205
0.216
0.214
0.215
0.211
0.215
0.201
0.217
0.216
0.211
0.213
0.211
0.211
0.207
0.202
0.197
0.213
0.216
0.217
0.213
0.212
0.219
0.205
0.213
0.177
0.216
0.215
0.215
0.214
0.219
0.213
0.211
0.212
0.217
0.217
0.215
0.212
0.211
0.212
0.211
0.206
0.220
0.210
0.213
0.212
0.214
0.213
0.211
0.214
0.204
0.210
0.222
0.221
0.218
0.213
0.218
0.219
0.215
0.209
0.213
0.218
0.213
0.215
0.214
0.217
0.203
0.218
0.187
0.213
0.219
0.211
0.217
0.213
0.215
0.210
0.210
0.204
0.211
0.215
0.216
0.210
0.205
0.215
0.206
0.216
0.214
0.218
0.217
0.218
0.218
0.217
0.212
0.218
0.216
0.218
0.219
0.224
0.210
0.235
0.204
0.213
0.209
0.216
0.218
0.219
0.211
0.215
0.200
0.209
0.213
0.177
0.214
0.210
0.209
0.232
0.200
0.221
0.205
0.220
0.176
0.217
0.216
0.213
0.215
0.220
0.210
0.204
0.213
0.186
0.214
0.221
0.210
0.215
0.210
0.219
0.209
0.441
0.212
0.200
0.221
0.214
0.211
0.215
0.211
0.207
0.210
0.216
0.214
0.218
0.205
0.215
0.211
0.220
0.213
0.220
0.211
0.217
0.212
0.217
0.215
0.206
0.216
0.209
0.217
0.214
0.217
0.233
0.221
0.223
0.202
0.214
0.203
0.221
0.211
0.172
0.206
0.216
0.216
0.207
0.204
0.193
0.211
0.221
0.217
0.215
0.211
0.214
0.205
0.216
0.200
0.221
0.219
0.217
0.215
0.219
0.211
0.603
0.232
0.215
0.221
0.202
0.218
0.216
0.208
0.212
0.212
0.212
0.221
0.215
0.213
0.213
0.215
0.206
0.227
0.201
0.213
0.216
0.213
0.213
0.217
0.212
0.204
0.212
0.210
0.209
0.216
0.215
0.212
0.214
0.209
0.206
0.174
0.188
0.213
0.223
0.214
0.209
0.174
0.217
0.208
0.212
0.221
0.242
0.217
0.217
0.214
0.212
0.219
0.208
0.207
0.223
0.222
0.212
0.173
0.209
0.207
0.215
0.206
0.209
0.212
0.215
0.227
0.176
0.220
0.206
0.224
0.177
0.216
0.216
0.227
0.212
0.215
0.217
0.426
0.209
0.200
0.209
0.207
0.223
0.214
0.210
0.212
0.205
0.217
0.181
0.219
0.216
0.222
0.207
0.216
0.211
0.209
0.202
0.186
0.211
0.225
0.248
0.216
0.211
0.218
0.202
0.215
0.211
0.221
0.434
0.216
0.211
0.212
0.211
0.207
0.216
0.217
0.219
0.215
0.210
0.215
0.203
0.217
0.208
0.217
0.212
0.218
0.214
0.220
0.177
0.206
0.210
0.210
0.213
0.230
0.210
0.215
0.211
0.215
0.205
0.221
0.191
0.217
0.241
0.218
0.217
0.219
0.211
0.212
0.216
0.179
0.215
0.221
0.215
0.216
0.210
0.214
0.211
0.220
0.244
0.196
0.213
0.170
0.216
0.216
0.215
0.206
0.213
0.212
0.223
0.213
0.223
0.211
0.205
0.220
0.210
0.213
0.216
0.215
0.221
0.211
0.214
0.209
0.213
0.210
0.215
0.213
0.215
0.232
0.219
0.213
0.179
0.198
0.175
0.212
0.216
0.216
0.217
0.232
0.210
0.205
0.212
0.177
0.213
0.216
0.215
0.219
0.217
0.204
0.204
0.217
0.213
0.212
0.214
0.214
0.212
0.217
0.213
0.203
0.214
0.218
0.214
0.195
0.220
0.216
0.210
0.218
0.205
0.214
0.214
0.221
0.213
0.214
0.229
0.208
0.213
0.204
0.212
0.213
0.220
0.212
0.216
0.217
0.206
0.216
0.176
0.217
0.213
0.168
0.217
0.218
0.225
0.205
0.167
0.175
0.213
0.217
0.217
0.214
0.222
0.220
0.207
0.225
0.210
0.215
0.212
0.214
0.212
0.451
0.219
0.204
0.218
0.216
0.213
0.211
0.210
0.217
0.213
0.206
0.243
0.210
0.168
0.217
0.212
0.166
0.217
0.213
0.212
0.204
0.217
0.216
0.219
0.214
0.214
0.222
0.211
0.230
0.184
0.213
0.213
0.213
0.212
0.217
0.216
0.211
0.211
0.191
0.218
0.219
0.217
0.212
0.212
0.213
0.208
0.213
0.205
0.211
0.216
0.212
0.212
0.221
0.215
0.211
0.214
0.249
0.212
0.443
0.217
0.213
0.206
0.213
0.205
0.206
0.213
0.214
0.210
0.214
0.211
0.210
0.212
0.205
0.217
0.217
0.213
0.205
0.213
0.181
0.205
0.213
0.181
0.219
0.212
0.212
0.219
0.212
0.214
0.208
0.221
0.187
0.213
0.219
0.216
0.207
0.212
0.213
0.206
0.170
0.220
0.218
0.211
0.217
0.214
0.216
0.217
0.204
0.216
0.219
0.168
0.216
0.215
0.216
0.208
0.213
0.207
0.213
0.218
0.219
0.214
0.214
0.213
0.210
0.219
0.205
0.219
0.211
0.219
0.213
0.211
0.212
0.204
0.236
0.206
0.208
0.214
0.211
0.219
0.215
0.221
0.206
0.216
0.178
0.218
0.217
0.216
0.209
0.217
0.227
0.209
0.212
0.215
0.170
0.215
0.233
0.212
0.212
0.216
0.205
0.206
0.212
0.214
0.216
0.218
0.211
0.212
0.212
0.205
0.215
0.220
0.231
0.177
0.212
0.219
0.219
0.236
0.203
0.235
0.210
0.214
0.214
0.216
0.218
0.209
0.211
0.207
0.210
0.212
0.215
0.220
0.212
0.215
0.214
0.232
0.178
0.219
0.212
0.221
0.212
0.219
0.206
0.210
0.169
0.206
0.211
0.212
0.217
0.214
0.210
0.206
0.209
0.216
0.213
0.217
0.212
0.214
0.211
0.216
0.212
0.206
0.209
0.217
0.219
0.216
0.219
0.215
0.210
0.217
0.211
0.219
0.211
0.191
0.216
0.170
0.210
0.206
0.216
0.177
0.211
0.213
0.213
0.220
0.210
0.214
0.204
0.222
0.179
0.216
0.217
0.214
0.208
0.217
0.232
0.206
0.209
0.215
0.210
0.221
0.212
0.214
0.212
0.219
0.204
0.210
0.164
0.215
0.217
0.215
0.213
0.188
0.210
0.210
0.215
0.216
0.214
0.226
0.203
0.221
0.204
0.219
0.204
0.217
0.212
0.219
0.216
0.219
0.213
0.206
0.214
0.182
0.212
0.222
0.212
0.217
0.212
0.177
0.169
0.221
0.181
0.218
0.216
0.214
0.210
0.215
0.210
0.206
0.216
0.209
0.210
0.216
0.213
0.216
0.217
0.212
0.205
0.218
0.218
0.215
0.212
0.214
0.214
0.215
0.213
0.206
0.212
0.220
0.168
0.220
0.172
0.213
0.211
0.218
0.210
0.210
0.213
0.213
0.213
0.217
0.220
0.206
0.218
0.216
0.213
0.180
0.170
0.213
0.217
0.212
0.204
0.217
0.176
0.212
0.211
0.215
0.218
0.230
0.206
0.168
0.213
0.189
0.220
0.221
0.212
0.213
0.217
0.217
0.212
0.215
0.219
0.213
0.213
0.213
0.229
0.227
0.211
0.209
0.217
0.211
0.208
0.213
0.212
0.213
0.210
0.213
0.213
0.202
0.216
0.201
0.166
0.216
0.218
0.208
0.212
0.203
0.216
0.215
0.214
0.213
0.213
0.221
0.211
0.216
0.180
0.214
0.215
0.221
0.222
0.218
0.220
0.212
0.212
0.179
0.213
0.215
0.213
0.212
0.222
0.215
0.208
0.165
0.215
0.211
0.218
0.216
0.219
0.210
0.222
0.200
0.173
0.213
0.227
0.211
0.221
0.208
0.212
0.211
0.206
0.217
0.222
0.169
0.214
0.211
0.214
0.209
0.218
0.201
0.214
0.214
0.220
0.217
0.169
0.213
0.215
0.218
0.183
0.210
0.214
0.211
0.215
0.195
0.215
0.209
0.214
0.175
0.217
0.210
0.215
0.211
0.214
0.210
0.211
0.215
0.217
0.245
0.218
0.180
0.217
0.212
0.216
0.203
0.223
0.165
0.222
0.220
0.215
0.212
0.211
0.209
0.206
0.210
0.215
0.214
0.240
0.210
0.234
0.205
0.216
0.202
0.219
0.213
0.206
0.210
0.217
0.215
0.212
0.216
0.178
0.210
0.214
0.212
0.219
0.217
0.169
0.206
0.221
0.183
0.217
0.210
0.220
0.211
0.216
0.214
0.212
0.220
0.224
0.208
0.207
0.212
0.220
0.216
0.215
0.253
0.215
0.218
0.236
0.215
0.235
0.212
0.231
0.211
0.206
0.211
0.215
0.166
0.214
0.218
0.198
0.205
0.215
0.210
0.216
0.172
0.216
0.217
0.216
0.212
0.206
0.217
0.179
0.211
0.215
0.210
0.214
0.211
0.214
0.204
0.217
0.172
0.217
0.212
0.215
0.211
0.221
0.208
0.173
0.167
0.217
0.218
0.235
0.212
0.222
0.219
0.216
0.217
0.216
0.214
0.221
0.209
0.216
0.211
0.220
0.217
0.207
0.212
0.217
0.215
0.219
0.212
0.216
0.208
0.219
0.206
0.215
0.211
0.222
0.161
0.216
0.215
0.210
0.215
0.213
0.217
0.215
0.253
0.218
0.210
