0.326
0.188
0.233
0.213
0.203
0.207
0.207
0.206
0.216
0.209
0.211
0.204
0.171
0.200
0.212
0.208
0.213
0.207
0.211
0.209
0.205
0.208
0.203
0.201
0.212
0.212
0.212
0.207
0.211
0.201
0.213
0.201
0.211
0.209
0.209
0.212
0.221
0.216
0.204
0.211
0.181
0.208
0.217
0.210
0.212
0.208
0.212
0.198
0.211
0.199
0.204
0.211
0.211
0.207
0.215
0.214
0.202
0.201
0.179
0.209
0.216
0.207
0.212
0.214
0.210
0.201
0.217
0.206
0.211
0.213
0.216
0.211
0.204
0.201
0.208
0.202
0.213
0.207
0.211
0.212
0.213
0.199
0.211
0.201
0.216
0.207
0.211
0.211
0.217
0.213
0.202
0.207
0.206
0.207
0.203
0.206
0.215
0.209
0.210
0.198
0.209
0.201
0.210
0.214
0.209
0.215
0.213
0.210
0.209
0.245
0.204
0.209
0.215
0.209
0.204
0.209
0.215
0.203
0.206
0.214
0.209
0.216
0.213
0.214
0.245
0.258
0.214
0.218
0.214
0.210
0.216
0.210
0.210
0.217
0.210
0.210
0.208
0.212
0.216
0.216
0.210
0.212
0.213
0.211
0.204
0.214
0.219
0.222
0.209
0.211
0.215
0.206
0.211
0.173
0.203
0.210
0.203
0.214
0.209
0.210
0.203
0.213
0.213
0.210
0.210
0.218
0.214
0.215
0.210
0.209
0.207
0.211
0.211
0.170
0.208
0.212
0.216
0.210
0.209
0.210
0.209
0.216
0.207
0.216
0.199
0.205
0.207
0.202
0.208
0.214
0.210
0.212
0.213
0.212
0.199
0.210
0.211
0.210
0.202
0.213
0.213
0.215
0.207
0.207
0.210
0.191
0.211
0.215
0.207
0.213
0.209
0.218
0.233
0.212
0.207
0.219
0.208
0.217
0.206
0.216
0.213
0.204
0.209
0.214
0.207
0.215
0.207
0.211
0.200
0.215
0.254
0.222
0.208
0.210
0.210
0.210
0.207
0.202
0.207
0.203
0.210
0.210
0.211
0.210
0.214
0.209
0.204
0.211
0.198
0.214
0.219
0.206
0.216
0.207
0.211
0.204
0.211
0.191
0.211
0.211
0.252
0.206
0.211
0.199
0.203
0.204
0.210
0.207
0.216
0.207
0.211
0.211
0.216
0.204
0.215
0.209
0.211
0.208
0.219
0.218
0.206
0.212
0.208
0.215
0.218
0.206
0.215
0.207
0.212
0.207
0.213
0.201
0.220
0.213
0.207
0.214
0.211
0.166
0.211
0.207
0.186
0.208
0.212
0.174
0.213
0.208
0.215
0.206
0.214
0.171
0.218
0.213
0.220
0.232
0.211
0.210
0.208
0.209
0.211
0.217
0.222
0.210
0.211
0.209
0.208
0.201
0.217
0.208
0.207
0.212
0.214
0.207
0.205
0.212
0.204
0.211
0.217
0.205
0.217
0.218
0.215
0.202
0.204
0.202
0.211
0.209
0.215
0.211
0.214
0.209
0.220
0.212
0.178
0.210
0.210
0.207
0.209
0.210
0.211
0.200
0.203
0.170
0.222
0.210
0.223
0.208
0.211
0.207
0.204
0.206
0.211
0.205
0.215
0.206
0.216
0.207
0.217
0.203
0.211
0.209
0.212
0.212
0.216
0.205
0.214
0.206
0.208
0.208
0.198
0.209
0.211
0.210
0.210
0.199
0.210
0.207
0.170
0.207
0.211
0.206
0.215
0.206
0.204
0.207
0.178
0.217
0.219
0.212
0.211
0.210
0.213
0.208
0.213
0.176
0.212
0.208
0.216
0.205
0.210
0.211
0.205
0.214
0.212
0.213
0.218
0.168
0.216
0.214
0.213
0.199
0.219
0.173
0.212
0.218
0.215
0.211
0.202
0.211
0.202
0.218
0.216
0.207
0.213
0.208
0.260
0.201
0.208
0.199
0.212
0.207
0.211
0.207
0.215
0.209
0.204
0.207
0.174
0.213
0.214
0.213
0.199
0.208
0.212
0.202
0.209
0.171
0.211
0.208
0.213
0.212
0.225
0.208
0.208
0.211
0.216
0.213
0.210
0.209
0.214
0.214
0.217
0.207
0.212
0.212
0.217
0.208
0.211
0.205
0.207
0.208
0.210
0.209
0.210
0.227
0.213
0.206
0.168
0.199
0.215
0.204
0.212
0.207
0.212
0.216
0.219
0.205
0.208
0.199
0.198
0.211
0.213
0.210
0.212
0.206
0.215
0.204
0.212
0.175
0.212
0.209
0.216
0.199
0.213
0.209
0.209
0.204
0.210
0.208
0.210
0.206
0.217
0.209
0.211
0.205
0.184
0.208
0.207
0.210
0.210
0.206
0.203
0.211
0.202
0.211
0.209
0.210
0.217
0.208
0.214
0.200
0.212
0.200
0.211
0.207
0.210
0.205
0.218
0.213
0.207
0.217
0.185
0.209
0.210
0.215
0.215
0.212
0.207
0.201
0.208
0.177
0.214
0.210
0.204
0.209
0.215
0.210
0.204
0.213
0.208
0.209
0.215
0.210
0.218
0.200
0.208
0.204
0.208
0.214
0.216
0.209
0.201
0.204
0.205
0.213
0.204
0.214
0.211
0.212
0.209
0.212
0.215
0.200
0.214
0.199
0.209
0.214
0.213
0.211
0.218
0.212
0.203
0.209
0.174
0.222
0.209
0.217
0.214
0.216
0.213
0.204
0.214
0.173
0.210
0.208
0.207
0.215
0.214
0.212
0.202
0.212
0.217
0.215
0.214
0.204
0.213
0.218
0.211
0.202
0.217
0.215
0.220
0.209
0.209
0.205
0.203
0.209
0.201
0.216
0.208
0.209
0.211
0.214
0.211
0.207
0.211
0.200
0.210
0.211
0.206
0.204
0.210
0.211
0.206
0.216
0.177
0.212
0.201
0.214
0.210
0.210
0.171
0.201
0.210
0.185
0.219
0.207
0.211
0.213
0.208
0.206
0.207
0.220
0.234
0.204
0.216
0.207
0.211
0.200
0.215
0.201
0.207
0.210
0.215
0.209
0.219
0.207
0.214
0.212
0.204
0.210
0.219
0.208
0.215
0.209
0.209
0.202
0.214
0.205
0.208
0.209
0.234
0.231
0.210
0.164
0.203
0.201
0.176
0.208
0.216
0.212
0.213
0.208
0.210
0.213
0.215
0.173
0.217
0.245
0.212
0.206
0.213
0.210
0.203
0.223
0.219
0.212
0.210
0.207
0.218
0.202
0.211
0.206
0.223
0.206
0.210
0.207
0.213
0.208
0.208
0.207
0.206
0.208
0.207
0.207
0.213
0.208
0.215
0.205
0.210
0.170
0.210
0.208
0.215
0.199
0.210
0.195
0.206
0.212
0.177
0.211
0.211
0.214
0.217
0.212
0.215
0.204
0.216
0.177
0.210
0.210
0.217
0.214
0.213
0.199
0.200
0.208
0.213
0.241
0.214
0.213
0.204
0.203
0.209
0.205
0.211
0.207
0.208
0.212
0.213
0.211
0.208
0.206
0.204
0.211
0.213
0.201
0.217
0.206
0.219
0.200
0.216
0.200
0.215
0.212
0.203
0.207
0.210
0.213
0.211
0.212
0.199
0.206
0.211
0.213
0.212
0.208
0.218
0.204
0.216
0.207
0.212
0.251
0.217
0.208
0.215
0.213
0.204
0.212
0.219
0.206
0.219
0.213
0.211
0.200
0.215
0.198
0.212
0.208
0.219
0.207
0.215
0.207
0.203
0.237
0.203
0.207
0.211
0.203
0.212
0.210
0.215
0.205
0.217
0.203
0.212
0.215
0.222
0.208
0.220
0.251
0.210
0.212
0.180
0.209
0.215
0.214
0.210
0.208
0.212
0.205
0.216
0.213
0.215
0.212
0.212
0.206
0.213
0.209
0.173
0.242
0.216
0.211
0.214
0.206
0.209
0.200
0.215
0.199
0.216
0.209
0.211
0.207
0.203
0.216
0.206
0.207
0.210
0.207
0.213
0.210
0.213
0.211
0.218
0.200
0.212
0.172
0.211
0.208
0.221
0.210
0.217
0.198
0.206
0.207
0.176
0.206
0.212
0.193
0.210
0.202
0.216
0.208
0.210
0.204
0.216
0.213
0.217
0.211
0.210
0.206
0.210
0.210
0.216
0.208
0.213
0.208
0.213
0.162
0.212
0.204
0.213
0.234
0.217
0.206
0.214
0.206
0.216
0.210
0.206
0.206
0.210
0.207
0.216
0.207
0.213
0.202
0.176
0.176
0.211
0.200
0.211
0.208
0.212
0.213
0.206
0.208
0.174
0.211
0.171
0.209
0.215
0.213
0.217
0.196
0.212
0.212
0.210
0.212
0.429
0.206
0.215
0.208
0.207
0.207
0.169
0.217
0.217
0.207
0.220
0.204
0.210
0.203
0.211
0.208
0.213
0.210
0.210
0.208
0.205
0.248
0.209
0.206
0.213
0.214
0.205
0.211
0.212
0.199
0.212
0.172
0.214
0.213
0.211
0.207
0.211
0.205
0.202
0.207
0.177
0.240
0.220
0.209
0.217
0.240
0.214
0.200
0.181
0.214
0.215
0.209
0.217
0.218
0.213
0.207
0.208
0.208
0.211
0.207
0.212
0.209
0.211
0.199
0.211
0.199
0.211
0.211
0.212
0.212
0.211
0.215
0.202
0.217
0.203
0.207
0.210
0.207
0.208
0.209
0.216
0.199
0.218
0.188
0.202
0.208
0.215
0.213
0.211
0.213
0.206
0.206
0.176
0.202
0.167
0.210
0.207
0.208
0.211
0.202
0.212
0.209
0.206
0.208
0.221
0.205
0.213
0.210
0.202
0.209
0.210
0.217
0.209
0.212
0.208
0.200
0.217
0.203
0.215
0.212
0.214
0.209
0.213
0.210
0.200
0.208
0.199
0.207
0.216
0.210
0.209
0.208
0.209
0.202
0.212
0.176
0.208
0.210
0.209
0.218
0.213
0.208
0.210
0.209
0.199
0.204
0.203
0.184
0.214
0.211
0.209
0.206
0.209
0.208
0.211
0.214
0.212
0.212
0.214
0.210
0.200
0.209
0.213
0.208
0.202
0.214
0.205
0.205
0.214
0.205
0.208
0.210
0.210
0.219
0.207
0.208
0.211
0.209
0.201
0.211
0.210
0.211
0.216
0.214
0.215
0.201
0.213
0.174
0.199
0.209
0.213
0.209
0.211
0.215
0.201
0.210
0.172
0.208
0.208
0.213
0.209
0.211
0.176
0.202
0.231
0.206
0.210
0.218
0.209
0.201
0.216
0.208
0.209
0.211
0.210
0.213
0.210
0.210
0.179
0.206
0.202
0.200
0.212
0.215
0.203
0.234
0.216
0.210
0.202
0.214
0.201
0.197
0.209
0.213
0.212
0.216
0.210
0.200
0.202
0.174
0.198
0.213
0.212
0.220
0.214
0.211
0.202
0.217
0.187
0.210
0.203
0.212
0.220
0.211
0.213
0.206
0.213
0.214
0.209
0.210
0.215
0.208
0.210
0.211
0.202
0.214
0.209
0.210
0.222
0.167
0.215
0.211
0.209
0.200
0.226
0.214
0.201
0.217
0.210
0.207
0.207
0.210
0.205
0.209
0.209
0.213
0.209
0.213
0.208
0.205
0.212
0.171
0.217
0.450
0.421
0.388
0.333
0.450
0.447
0.213
0.202
0.208
0.217
0.210
0.210
0.210
0.217
0.201
0.210
0.205
0.217
0.213
0.211
0.208
0.204
0.215
0.205
0.207
0.210
0.209
0.210
0.209
0.215
0.203
0.236
0.202
0.228
0.213
0.209
0.202
0.208
0.214
0.200
0.197
0.207
0.212
0.214
0.211
0.214
0.243
0.210
0.202
0.211
0.174
0.216
0.211
0.220
0.214
0.209
0.208
0.201
0.216
0.190
0.209
0.213
0.209
0.209
0.218
0.200
0.201
0.210
0.210
0.206
0.219
0.210
0.207
0.208
0.208
0.204
0.207
0.211
0.211
0.213
0.214
0.209
0.199
0.216
0.204
0.217
0.211
0.210
0.211
0.209
0.216
0.210
0.214
0.202
0.214
0.202
0.209
0.209
0.210
0.212
0.207
0.209
0.176
0.213
0.217
0.208
0.212
0.216
0.210
0.202
0.208
0.194
0.232
0.211
0.211
0.222
0.207
0.209
0.205
0.211
0.209
0.211
0.211
0.207
0.207
0.203
0.209
0.205
0.216
0.211
0.208
0.210
0.211
0.214
0.205
0.213
0.204
0.216
0.214
0.211
0.200
0.201
0.208
0.201
0.215
0.179
0.211
0.212
0.214
0.216
0.216
0.193
0.176
0.217
0.177
0.220
0.210
0.210
0.211
0.214
0.213
0.203
0.214
0.188
0.249
0.211
0.210
0.209
0.214
0.212
0.204
0.215
0.209
0.213
0.210
0.213
0.208
0.201
0.212
0.206
0.208
0.201
0.213
0.210
0.214
0.214
0.200
0.214
0.202
0.209
0.212
0.167
0.209
0.212
0.209
0.202
0.208
0.203
0.210
0.211
0.208
0.213
0.209
0.214
0.202
0.211
0.172
0.218
0.210
0.209
0.215
0.210
0.209
0.208
0.212
0.199
0.215
0.208
0.208
0.210
0.208
0.218
0.198
0.208
0.214
0.211
0.214
0.199
0.214
0.206
0.213
0.202
0.210
0.209
0.210
0.214
0.213
0.217
0.207
0.217
0.219
0.209
0.218
0.208
0.213
0.210
0.208
0.204
0.200
0.203
0.209
0.206
0.210
0.215
0.213
0.209
0.201
0.210
0.208
0.215
0.209
0.219
0.213
0.208
0.217
0.204
0.215
0.198
0.206
0.209
0.209
0.230
0.200
0.214
0.209
0.212
0.210
0.212
0.216
0.217
0.196
0.201
0.209
0.202
0.214
0.211
0.207
0.208
0.211
0.208
0.202
0.208
0.223
0.208
0.210
0.214
0.208
0.202
0.212
0.203
0.166
0.204
0.210
0.209
0.212
0.210
0.208
0.216
0.202
0.211
0.202
0.210
0.211
0.208
0.209
0.208
0.209
0.202
0.209
0.202
0.210
0.209
0.215
0.169
0.215
0.214
0.201
0.209
0.214
0.210
0.207
0.215
0.217
0.206
0.213
0.201
0.209
0.175
0.213
0.209
0.218
0.207
0.217
0.210
0.178
0.214
0.210
0.213
0.215
0.211
0.216
0.202
0.212
0.175
0.178
0.200
0.214
0.211
0.213
0.211
0.203
0.214
0.174
0.211
0.206
0.213
0.209
0.209
0.213
0.201
0.207
0.216
0.214
0.208
0.210
0.209
0.209
0.214
0.203
0.207
0.208
0.212
0.212
0.212
0.208
0.204
0.213
0.205
0.209
0.213
0.209
0.206
0.232
0.219
0.212
0.207
0.201
0.213
0.211
0.209
0.214
0.208
0.213
0.202
0.210
0.185
0.210
0.212
0.210
0.209
0.214
0.212
0.204
0.212
0.172
0.215
0.214
0.210
0.214
0.211
0.208
0.201
0.215
0.192
0.212
0.215
0.209
0.211
0.208
0.215
0.202
0.209
0.213
0.210
0.210
0.210
0.206
0.202
0.210
0.205
0.210
0.214
0.214
0.210
0.209
0.214
0.201
0.218
0.202
0.210
0.210
0.209
0.208
0.215
0.210
0.200
0.206
0.201
0.208
0.214
0.212
0.217
0.213
0.214
0.202
0.211
0.180
0.209
0.211
0.213
0.215
0.210
0.218
0.201
0.211
0.199
0.213
0.208
0.213
0.210
0.209
0.211
0.213
0.215
0.213
0.210
0.218
0.210
0.210
0.203
0.219
0.203
0.216
0.208
0.219
0.215
0.213
0.219
0.206
0.213
0.209
0.214
0.206
0.211
0.208
0.209
0.208
0.206
0.213
0.202
0.211
0.216
0.230
0.209
0.210
0.209
0.205
0.204
0.203
0.209
0.219
0.215
0.209
0.217
0.209
0.206
0.209
0.196
0.214
0.210
0.210
0.211
0.213
0.215
0.209
0.211
0.215
0.216
0.214
0.177
0.223
0.201
0.210
0.206
0.208
0.210
0.212
0.210
0.208
0.208
0.205
0.214
0.163
0.210
0.211
0.211
0.215
0.208
0.214
0.206
0.210
0.208
0.209
0.213
0.212
0.215
0.208
0.212
0.207
0.209
0.179
0.216
0.214
0.208
0.212
0.229
0.209
0.201
0.207
0.210
0.210
0.218
0.251
0.211
0.209
0.212
0.201
0.210
0.212
0.202
0.208
0.209
0.209
0.203
0.210
0.204
0.235
0.176
0.219
0.217
0.220
0.211
0.215
0.219
0.201
0.213
0.209
0.211
0.215
0.227
0.209
0.213
0.217
0.173
0.207
0.210
0.212
0.217
0.210
0.212
0.204
0.217
0.177
0.216
0.200
0.209
0.216
0.212
0.211
0.206
0.210
0.214
0.255
0.211
0.210
0.211
0.211
0.207
0.202
0.210
0.215
0.212
0.210
0.212
0.220
0.182
0.217
0.206
0.210
0.216
0.210
0.209
0.214
0.220
0.201
0.210
0.199
0.211
0.218
0.216
0.210
0.211
0.210
0.207
0.211
0.176
0.219
0.209
0.212
0.213
0.212
0.169
0.201
0.211
0.184
0.208
0.209
0.202
0.220
0.209
0.210
0.201
0.220
0.200
0.208
0.210
0.210
0.168
0.212
0.216
0.208
0.169
0.212
0.213
0.214
0.217
0.204
0.209
0.209
0.200
0.217
0.209
0.209
0.167
0.209
0.209
0.205
0.218
0.236
0.208
0.207
0.209
0.209
0.213
0.204
0.204
0.210
0.176
0.217
