0.282
0.212
0.212
0.211
0.214
0.226
0.228
0.223
0.205
0.204
0.205
0.207
0.194
0.208
0.201
0.224
0.214
0.210
0.200
0.202
0.203
0.204
0.203
0.208
0.212
0.208
0.156
0.637
0.203
0.178
0.195
0.202
0.204
0.205
0.230
0.235
0.210
0.194
0.190
0.203
0.203
0.205
0.228
0.207
0.202
0.224
0.208
0.204
0.235
0.203
0.206
0.191
0.203
0.202
0.202
0.194
0.161
0.200
0.230
0.206
0.199
0.232
0.203
0.201
0.208
0.190
0.203
0.200
0.236
0.168
0.201
0.207
0.228
0.206
0.212
0.195
0.203
0.232
0.231
0.208
0.205
0.202
0.199
0.196
0.210
0.222
0.204
0.201
0.205
0.201
0.199
0.202
0.202
0.201
0.202
0.199
0.203
0.165
0.199
0.204
0.232
0.228
0.232
0.162
0.221
0.210
0.200
0.207
0.206
0.202
0.226
0.233
0.224
0.186
0.209
0.205
0.208
0.206
0.197
0.211
0.192
0.236
0.232
0.195
0.162
0.218
0.202
0.158
0.196
0.193
0.195
0.161
0.209
0.202
0.159
0.206
0.205
0.202
0.202
0.236
0.184
0.243
0.200
0.175
0.204
0.186
0.179
0.185
0.205
0.207
0.165
0.200
0.178
0.210
0.203
0.200
0.204
0.164
0.227
0.208
0.210
0.206
0.200
0.208
0.204
0.198
0.200
0.196
0.163
0.207
0.233
0.226
0.170
0.195
0.207
0.189
0.211
0.201
0.209
0.206
0.619
0.205
0.230
0.206
0.208
0.206
0.206
0.206
0.197
0.204
0.206
0.206
0.205
0.170
0.215
0.220
0.198
0.209
0.199
0.197
0.235
0.230
0.230
0.195
0.246
0.200
0.208
0.198
0.210
0.203
0.168
0.196
0.229
0.206
0.221
0.216
0.195
0.206
0.191
0.198
0.230
0.238
0.231
0.202
0.208
0.175
0.194
0.200
0.204
0.207
0.194
0.209
0.196
0.195
0.236
0.234
0.203
0.192
0.228
0.204
0.224
0.231
0.201
0.205
0.209
0.214
0.208
0.232
0.205
0.202
0.199
0.230
0.200
0.208
0.240
0.152
0.203
0.197
0.197
0.206
0.235
0.207
0.231
0.200
0.201
0.203
0.205
0.208
0.203
0.205
0.221
0.214
0.216
0.202
0.203
0.206
0.204
0.203
0.217
0.199
0.202
0.201
0.230
0.199
0.210
0.230
0.204
0.162
0.205
0.207
0.202
0.218
0.220
0.164
0.195
0.206
0.209
0.207
0.203
0.204
0.210
0.193
0.203
0.209
0.205
0.244
0.200
0.224
0.183
0.196
0.235
0.232
0.233
0.208
0.196
0.231
0.201
0.163
0.220
0.195
0.195
0.188
0.190
0.200
0.211
0.233
0.226
0.210
0.223
0.209
0.230
0.228
0.234
0.203
0.624
0.231
0.204
0.201
0.196
0.196
0.203
0.212
0.209
0.205
0.238
0.229
0.201
0.190
0.202
0.206
0.196
0.200
0.229
0.199
0.194
0.209
0.207
0.207
0.225
0.203
0.198
0.181
0.209
0.201
0.208
0.207
0.161
0.198
0.218
0.197
0.158
0.213
0.245
0.204
0.194
0.197
0.197
0.200
0.231
0.157
0.222
0.203
0.199
0.202
0.197
0.201
0.202
0.232
0.225
0.202
0.200
0.156
0.196
0.203
0.203
0.202
0.209
0.202
0.200
0.191
0.222
0.211
0.233
0.206
0.209
0.190
0.194
0.225
0.238
0.204
0.200
0.232
0.233
0.204
0.206
0.236
0.205
0.198
0.210
0.207
0.205
0.224
0.224
0.195
0.210
0.239
0.205
0.198
0.197
0.196
0.234
0.234
0.237
0.206
0.206
0.240
0.178
0.191
0.201
0.208
0.193
0.156
0.205
0.202
0.201
0.201
0.203
0.203
0.204
0.201
0.207
0.197
0.212
0.202
0.193
0.209
0.205
0.197
0.212
0.201
0.197
0.223
0.200
0.207
0.203
0.200
0.165
0.197
0.233
0.203
0.206
0.218
0.204
0.207
0.196
0.190
0.204
0.207
0.204
0.205
0.203
0.202
0.206
0.201
0.210
0.147
0.224
0.204
0.624
0.170
0.209
0.204
0.232
0.203
0.214
0.205
0.206
0.239
0.207
0.206
0.203
0.235
0.224
0.157
0.203
0.239
0.206
0.208
0.210
0.207
0.203
0.209
0.225
0.202
0.197
0.238
0.205
0.209
0.194
0.194
0.199
0.205
0.197
0.197
0.201
0.190
0.209
0.192
0.200
0.202
0.227
0.230
0.233
0.204
0.171
0.206
0.204
0.204
0.198
0.224
0.201
0.206
0.232
0.204
0.208
0.193
0.215
0.193
0.211
0.212
0.205
0.203
0.208
0.209
0.202
0.208
0.205
0.205
0.205
0.206
0.203
0.203
0.220
0.199
0.192
0.158
0.203
0.208
0.210
0.202
0.198
0.203
0.191
0.197
0.208
0.197
0.205
0.197
0.195
0.203
0.207
0.203
0.235
0.207
0.208
0.234
0.204
0.208
0.193
0.203
0.207
0.203
0.234
0.202
0.195
0.229
0.209
0.217
0.214
0.210
0.199
0.202
0.154
0.199
0.205
0.199
0.210
0.205
0.214
0.186
0.201
0.207
0.208
0.206
0.208
0.205
0.210
0.163
0.201
0.202
0.210
0.209
0.192
0.202
0.186
0.226
0.208
0.154
0.218
0.204
0.196
0.206
0.173
0.200
0.203
0.230
0.204
0.209
0.206
0.208
0.206
0.202
0.627
0.525
0.245
0.236
0.211
0.215
0.509
0.212
0.198
0.204
0.200
0.204
0.203
0.203
0.206
0.205
0.201
0.202
0.219
0.201
0.173
0.201
0.204
0.210
0.211
0.202
0.207
0.208
0.187
0.148
0.242
0.511
0.209
0.199
0.210
0.203
0.254
0.205
0.221
0.211
0.207
0.460
0.214
0.197
0.202
0.207
0.382
0.159
0.208
0.207
0.195
0.382
0.168
0.205
0.211
0.197
0.351
0.206
0.204
0.196
0.202
0.224
0.210
0.207
0.210
0.203
0.221
0.210
0.190
0.203
0.204
0.211
0.211
0.204
0.196
0.202
0.129
0.200
0.210
0.204
0.220
0.130
0.212
0.203
0.205
0.196
0.137
0.203
0.222
0.227
0.239
0.122
0.223
0.204
0.207
0.161
0.196
0.201
0.201
0.232
0.189
0.131
0.211
0.159
0.200
0.206
0.142
0.206
0.228
0.182
0.201
0.144
0.198
0.197
0.208
0.206
0.171
0.209
0.203
0.230
0.218
0.194
0.217
0.198
0.203
0.201
0.197
0.195
0.208
0.203
0.206
0.195
0.203
0.246
0.214
0.401
0.229
0.203
0.211
0.203
0.414
0.200
0.203
0.214
0.202
0.206
0.192
0.203
0.159
0.196
0.443
0.195
0.205
0.593
0.206
0.447
0.189
0.195
0.211
0.223
0.208
0.199
0.235
0.194
0.198
0.355
0.198
0.204
0.200
0.230
0.206
0.168
0.211
0.236
0.208
0.211
0.233
0.204
0.171
0.227
0.197
0.194
0.193
0.224
0.202
0.208
0.229
0.199
0.197
0.233
0.238
0.209
0.197
0.202
0.201
0.211
0.210
0.206
0.232
0.238
0.230
0.183
0.207
0.198
0.202
0.200
0.202
0.203
0.206
0.195
0.245
0.195
0.209
0.206
0.206
0.145
0.170
0.196
0.204
0.195
0.155
0.204
0.225
0.230
0.194
0.202
0.206
0.203
0.200
0.214
0.209
0.197
0.197
0.154
0.197
0.229
0.201
0.203
0.203
0.194
0.202
0.201
0.213
0.223
0.209
0.202
0.204
0.194
0.206
0.202
0.211
0.202
0.208
0.158
0.197
0.196
0.200
0.202
0.206
0.201
0.236
0.205
0.199
0.202
0.202
0.160
0.205
0.205
0.200
0.214
0.191
0.203
0.210
0.204
0.211
0.210
0.202
0.188
0.219
0.233
0.234
0.208
0.209
0.200
0.194
0.206
0.243
0.205
0.202
0.198
0.208
0.204
0.196
0.209
0.204
0.154
0.222
0.224
0.205
0.167
0.212
0.209
0.208
0.227
0.206
0.204
0.207
0.623
0.200
0.198
0.209
0.203
0.203
0.203
0.172
0.193
0.201
0.204
0.203
0.194
0.219
0.208
0.227
0.233
0.206
0.206
0.220
0.204
0.195
0.173
0.191
0.210
0.202
0.182
0.204
0.201
0.187
0.199
0.196
0.189
0.205
0.202
0.208
0.207
0.210
0.191
0.206
0.202
0.198
0.200
0.206
0.202
0.164
0.197
0.210
0.202
0.237
0.165
0.218
0.203
0.199
0.201
0.211
0.204
0.203
0.186
0.230
0.199
0.212
0.209
0.213
0.207
0.201
0.199
0.207
0.197
0.202
0.205
0.199
0.190
0.226
0.205
0.205
0.196
0.203
0.207
0.210
0.199
0.230
0.226
0.235
0.208
0.197
0.201
0.203
0.206
0.209
0.199
0.236
0.234
0.190
0.199
0.213
0.213
0.203
0.205
0.205
0.204
0.202
0.234
0.233
0.194
0.214
0.189
0.204
0.209
0.216
0.205
0.209
0.161
0.199
0.203
0.212
0.208
0.203
0.205
0.206
0.178
0.187
0.199
0.236
0.203
0.208
0.208
0.240
0.195
0.243
0.211
0.206
0.205
0.207
0.206
0.198
0.204
0.199
0.197
0.237
0.202
0.203
0.188
0.192
0.158
0.208
0.240
0.197
0.201
0.207
0.203
0.169
0.200
0.195
0.701
0.207
0.194
0.209
0.199
0.204
0.208
0.200
0.202
0.235
0.202
0.212
0.229
0.211
0.203
0.202
0.202
0.208
0.205
0.224
0.157
0.207
0.199
0.203
0.209
0.209
0.168
0.210
0.234
0.240
0.211
0.212
0.214
0.208
0.195
0.205
0.202
0.208
0.207
0.198
0.201
0.161
0.214
0.201
0.197
0.206
0.203
0.226
0.230
0.227
0.195
0.207
0.205
0.210
0.202
0.213
0.203
0.188
0.230
0.231
0.203
0.237
0.234
0.201
0.158
0.204
0.202
0.204
0.210
0.206
0.208
0.172
0.198
0.208
0.197
0.191
0.202
0.212
0.194
0.198
0.195
0.204
0.157
0.204
0.204
0.228
0.204
0.195
0.209
0.205
0.202
0.198
0.210
0.206
0.204
0.205
0.202
0.204
0.206
0.231
0.204
0.209
0.208
0.207
0.203
0.204
0.204
0.199
0.194
0.192
0.195
0.208
0.207
0.211
0.208
0.211
0.203
0.194
0.213
0.214
0.205
0.199
0.206
0.201
0.207
0.193
0.205
0.201
0.206
0.198
0.202
0.204
0.199
0.200
0.197
0.207
0.210
0.207
0.204
0.189
0.204
0.203
0.235
0.204
0.157
0.217
0.200
0.190
0.199
0.200
0.203
0.230
0.232
0.195
0.609
0.221
0.208
0.197
0.190
0.211
0.205
0.203
0.224
0.194
0.207
0.209
0.210
0.201
0.204
0.206
0.194
0.237
0.238
0.207
0.207
0.209
0.204
0.180
0.200
0.194
0.203
0.208
0.203
0.202
0.210
0.225
0.195
0.201
0.158
0.226
0.198
0.222
0.174
0.193
0.202
0.232
0.203
0.211
0.208
0.203
0.200
0.199
0.230
0.203
0.235
0.220
0.157
0.201
0.199
0.208
0.202
0.199
0.202
0.203
0.238
0.188
0.199
0.195
0.207
0.207
0.209
0.201
0.206
0.197
0.211
0.206
0.208
0.196
0.230
0.224
0.197
0.201
0.212
0.208
0.202
0.206
0.216
0.203
0.224
0.232
0.204
0.201
0.203
0.204
0.208
0.193
0.197
0.204
0.231
0.470
0.194
0.210
0.202
0.193
0.202
0.203
0.205
0.231
0.234
0.231
0.175
0.208
0.205
0.205
0.209
0.203
0.162
0.202
0.155
0.217
0.209
0.202
0.203
0.202
0.158
0.169
0.204
0.200
0.195
0.220
0.196
0.203
0.203
0.195
0.239
0.205
0.204
0.215
0.209
0.206
0.178
0.206
0.207
0.205
0.204
0.227
0.195
0.208
0.194
0.237
0.204
0.205
0.207
0.208
0.213
0.204
0.195
0.200
0.213
0.226
0.207
0.205
0.156
0.205
0.206
0.207
0.212
0.205
0.204
0.231
0.225
0.200
0.196
0.207
0.210
0.196
0.207
0.201
0.223
0.234
0.158
0.221
0.235
0.206
0.204
0.204
0.195
0.206
0.206
0.234
0.205
0.208
0.207
0.171
0.615
0.216
0.215
0.205
0.242
0.231
0.209
0.193
0.223
0.202
0.203
0.201
0.209
0.235
0.197
0.222
0.204
0.211
0.205
0.202
0.238
0.229
0.195
0.204
0.204
0.207
0.197
0.236
0.230
0.169
0.180
0.241
0.208
0.194
0.202
0.192
0.203
0.195
0.205
0.200
0.207
0.208
0.208
0.208
0.169
0.214
0.205
0.234
0.189
0.205
0.205
0.220
0.195
0.210
0.203
0.235
0.204
0.202
0.199
0.205
0.224
0.197
0.202
0.201
0.210
0.214
0.203
0.199
0.196
0.203
0.207
0.207
0.206
0.203
0.197
0.231
0.204
0.210
0.207
0.212
0.205
0.227
0.195
0.204
0.208
0.207
0.197
0.202
0.199
0.209
0.195
0.203
0.201
0.208
0.208
0.476
0.209
0.198
0.195
0.198
0.208
0.196
0.205
0.197
0.205
0.196
0.202
0.208
0.233
0.208
0.155
0.203
0.170
0.195
0.197
0.211
0.205
0.216
0.230
0.210
0.199
0.230
0.205
0.202
0.211
0.208
0.202
0.160
0.201
0.202
0.208
0.237
0.218
0.204
0.205
0.201
0.205
0.231
0.230
0.203
0.206
0.164
0.171
0.216
0.206
0.207
0.195
0.209
0.203
0.205
0.197
0.233
0.206
0.207
0.190
0.213
0.206
0.213
0.200
0.199
0.206
0.194
0.204
0.209
0.201
0.223
0.208
0.235
0.202
0.204
0.231
0.237
0.161
0.201
0.199
0.201
0.203
0.210
0.203
0.208
0.197
0.192
0.203
0.193
0.196
0.203
0.204
0.208
0.192
0.207
0.612
0.209
0.204
0.197
0.209
0.172
0.196
0.219
0.204
0.214
0.208
0.200
0.186
0.195
0.232
0.236
0.208
0.206
0.209
0.205
0.195
0.213
0.208
0.224
0.233
0.236
0.195
0.209
0.160
0.201
0.207
0.203
0.206
0.196
0.234
0.226
0.200
0.202
0.207
0.202
0.208
0.206
0.206
0.194
0.160
0.205
0.208
0.195
0.207
0.201
0.198
0.226
0.208
0.189
0.206
0.200
0.208
0.201
0.197
0.208
0.190
0.203
0.206
0.198
0.207
0.177
0.201
0.224
0.202
0.209
0.210
0.224
0.206
0.195
0.245
0.243
0.207
0.202
0.205
0.203
0.206
0.198
0.200
0.204
0.208
0.223
0.204
0.201
0.181
0.207
0.206
0.219
0.203
0.205
0.205
0.433
0.194
0.207
0.208
0.210
0.203
0.190
0.204
0.191
0.208
0.203
0.161
0.224
0.199
0.202
0.229
0.231
0.210
0.194
0.228
0.243
0.161
0.211
0.194
0.198
0.195
0.202
0.209
0.208
0.201
0.202
0.198
0.208
0.229
0.204
0.234
0.195
0.205
0.230
0.202
0.230
0.202
0.209
0.207
0.196
0.198
0.201
0.209
0.201
0.230
0.205
0.209
0.232
0.225
0.196
0.192
0.204
0.203
0.199
0.208
0.207
0.197
0.240
0.238
0.203
0.207
0.221
0.210
0.175
0.165
0.202
0.208
0.203
0.153
0.201
0.221
0.198
0.200
0.161
0.211
0.230
0.211
0.202
0.194
0.197
0.215
0.215
0.204
0.205
0.202
0.221
0.201
0.196
0.208
0.202
0.615
0.201
0.204
0.162
0.195
0.236
0.201
0.205
0.203
0.202
0.231
0.225
0.205
0.207
0.207
0.209
0.205
0.210
0.194
0.202
0.209
0.203
0.197
0.213
0.211
0.200
0.167
0.203
0.227
0.209
0.197
0.206
0.202
0.205
0.194
0.214
0.203
0.199
0.233
0.209
0.155
0.196
0.196
0.210
0.206
0.208
0.209
0.196
0.231
0.194
0.223
0.204
0.206
0.198
0.207
0.208
0.168
0.202
0.199
0.201
0.208
0.231
0.212
0.210
0.196
0.193
0.204
0.202
0.207
0.206
0.208
0.167
0.203
0.199
0.198
0.242
0.208
0.204
0.203
0.202
0.204
0.229
0.204
0.201
0.196
0.208
0.209
0.203
0.207
0.205
0.203
0.234
0.202
0.198
0.198
0.477
0.249
0.203
0.197
0.202
0.206
0.199
0.157
0.210
0.245
0.213
0.208
0.203
0.204
0.199
0.231
0.230
0.209
0.206
0.210
0.209
0.209
0.196
0.201
0.203
0.208
0.207
0.211
0.201
0.200
0.201
0.209
0.204
0.203
0.203
0.203
0.203
0.198
0.200
0.231
0.233
0.210
0.200
0.220
0.171
0.207
0.208
0.204
0.230
0.231
0.236
0.196
0.206
0.221
0.203
0.209
0.206
0.207
0.201
0.195
0.239
0.204
0.206
0.162
0.204
0.225
0.200
0.204
0.206
0.156
0.220
0.203
0.210
0.200
0.166
0.208
0.203
0.208
