0.296
0.231
0.246
0.231
0.226
0.235
0.238
0.219
0.232
0.219
0.222
0.229
0.236
0.228
0.223
0.209
0.235
0.233
0.210
0.240
0.236
0.212
0.198
0.195
0.188
0.217
0.204
0.206
0.208
0.203
0.185
0.231
0.236
0.209
0.163
0.202
0.203
0.174
0.196
0.225
0.203
0.636
0.242
0.197
0.231
0.163
0.202
0.236
0.208
0.200
0.206
0.206
0.199
0.203
0.229
0.191
0.215
0.201
0.200
0.206
0.209
0.183
0.237
0.158
0.190
0.203
0.222
0.213
0.170
0.221
0.207
0.226
0.206
0.201
0.200
0.205
0.200
0.206
0.207
0.167
0.209
0.194
0.222
0.206
0.208
0.205
0.202
0.229
0.204
0.212
0.237
0.200
0.185
0.199
0.196
0.205
0.205
0.231
0.209
0.208
0.241
0.229
0.193
0.201
0.199
0.206
0.219
0.205
0.195
0.220
0.204
0.201
0.193
0.164
0.190
0.212
0.235
0.193
0.209
0.214
0.218
0.208
0.205
0.163
0.218
0.221
0.231
0.200
0.206
0.202
0.202
0.233
0.232
0.207
0.196
0.193
0.232
0.226
0.223
0.197
0.206
0.213
0.212
0.205
0.194
0.240
0.231
0.176
0.186
0.187
0.204
0.198
0.198
0.207
0.188
0.231
0.233
0.229
0.208
0.155
0.192
0.220
0.212
0.201
0.156
0.207
0.203
0.211
0.206
0.207
0.190
0.200
0.232
0.207
0.191
0.202
0.231
0.234
0.203
0.203
0.233
0.223
0.225
0.207
0.208
0.184
0.234
0.232
0.202
0.207
0.203
0.243
0.204
0.202
0.194
0.207
0.219
0.211
0.206
0.208
0.202
0.196
0.233
0.203
0.202
0.199
0.202
0.200
0.207
0.203
0.195
0.221
0.182
0.196
0.233
0.161
0.186
0.235
0.208
0.205
0.221
0.209
0.219
0.202
0.607
0.207
0.193
0.211
0.158
0.207
0.206
0.201
0.207
0.207
0.208
0.207
0.213
0.211
0.195
0.159
0.205
0.188
0.225
0.210
0.203
0.201
0.212
0.185
0.194
0.169
0.190
0.219
0.209
0.203
0.205
0.217
0.203
0.206
0.201
0.205
0.153
0.201
0.212
0.202
0.230
0.231
0.232
0.231
0.208
0.206
0.243
0.194
0.211
0.207
0.230
0.236
0.234
0.205
0.158
0.207
0.202
0.206
0.232
0.197
0.196
0.207
0.210
0.243
0.204
0.202
0.199
0.213
0.202
0.204
0.195
0.200
0.205
0.211
0.204
0.207
0.192
0.207
0.204
0.193
0.226
0.177
0.194
0.197
0.202
0.186
0.237
0.237
0.224
0.220
0.194
0.210
0.200
0.210
0.200
0.205
0.202
0.207
0.218
0.202
0.207
0.242
0.193
0.207
0.172
0.198
0.207
0.211
0.234
0.203
0.187
0.207
0.206
0.230
0.203
0.187
0.184
0.232
0.235
0.205
0.194
0.202
0.203
0.207
0.204
0.201
0.157
0.199
0.206
0.203
0.209
0.198
0.207
0.234
0.195
0.203
0.162
0.225
0.223
0.194
0.200
0.205
0.238
0.228
0.207
0.208
0.206
0.190
0.233
0.174
0.196
0.196
0.204
0.207
0.206
0.208
0.205
0.202
0.197
0.207
0.217
0.199
0.202
0.203
0.202
0.207
0.211
0.205
0.213
0.208
0.192
0.210
0.183
0.201
0.206
0.207
0.196
0.203
0.185
0.207
0.203
0.202
0.241
0.597
0.201
0.208
0.202
0.155
0.203
0.210
0.209
0.205
0.232
0.211
0.200
0.223
0.234
0.233
0.231
0.201
0.205
0.207
0.203
0.192
0.214
0.207
0.196
0.199
0.196
0.158
0.198
0.205
0.203
0.205
0.203
0.209
0.230
0.225
0.226
0.202
0.204
0.206
0.218
0.204
0.203
0.206
0.200
0.200
0.163
0.199
0.191
0.207
0.205
0.251
0.205
0.224
0.229
0.234
0.235
0.178
0.182
0.230
0.238
0.236
0.200
0.221
0.203
0.226
0.203
0.204
0.200
0.194
0.192
0.212
0.206
0.203
0.203
0.189
0.204
0.209
0.234
0.234
0.186
0.188
0.209
0.190
0.209
0.207
0.238
0.203
0.206
0.157
0.213
0.221
0.199
0.193
0.202
0.206
0.218
0.208
0.203
0.202
0.204
0.209
0.200
0.193
0.198
0.202
0.244
0.207
0.212
0.205
0.211
0.201
0.217
0.213
0.187
0.215
0.212
0.201
0.207
0.210
0.185
0.233
0.221
0.205
0.230
0.163
0.221
0.199
0.209
0.206
0.205
0.206
0.207
0.203
0.206
0.201
0.244
0.200
0.190
0.220
0.205
0.202
0.206
0.210
0.205
0.197
0.239
0.205
0.195
0.189
0.221
0.152
0.223
0.205
0.210
0.203
0.204
0.170
0.207
0.162
0.212
0.190
0.204
0.195
0.225
0.231
0.232
0.204
0.199
0.230
0.221
0.199
0.194
0.208
0.205
0.188
0.195
0.210
0.204
0.160
0.206
0.202
0.159
0.225
0.605
0.240
0.197
0.194
0.207
0.213
0.155
0.209
0.198
0.196
0.221
0.193
0.234
0.204
0.207
0.205
0.221
0.210
0.194
0.206
0.235
0.228
0.225
0.200
0.214
0.202
0.202
0.245
0.203
0.183
0.234
0.232
0.233
0.201
0.213
0.220
0.210
0.211
0.201
0.204
0.207
0.195
0.207
0.204
0.229
0.234
0.242
0.221
0.205
0.179
0.206
0.200
0.203
0.202
0.163
0.220
0.227
0.212
0.209
0.204
0.182
0.234
0.245
0.196
0.237
0.246
0.185
0.222
0.203
0.250
0.205
0.202
0.211
0.208
0.207
0.199
0.204
0.228
0.198
0.212
0.157
0.206
0.219
0.204
0.238
0.189
0.222
0.190
0.175
0.193
0.206
0.182
0.230
0.200
0.209
0.227
0.232
0.235
0.202
0.236
0.201
0.205
0.229
0.203
0.199
0.202
0.207
0.204
0.199
0.239
0.229
0.165
0.211
0.206
0.220
0.217
0.193
0.224
0.224
0.191
0.198
0.206
0.185
0.196
0.191
0.206
0.218
0.207
0.201
0.202
0.203
0.224
0.201
0.197
0.196
0.194
0.207
0.208
0.202
0.202
0.198
0.206
0.206
0.203
0.202
0.175
0.202
0.209
0.204
0.207
0.189
0.219
0.204
0.157
0.231
0.229
0.224
0.227
0.195
0.203
0.220
0.206
0.240
0.201
0.210
0.203
0.207
0.231
0.205
0.195
0.198
0.204
0.212
0.202
0.208
0.205
0.193
0.233
0.201
0.207
0.199
0.211
0.220
0.623
0.183
0.233
0.232
0.235
0.206
0.206
0.170
0.190
0.211
0.202
0.201
0.204
0.207
0.200
0.205
0.210
0.209
0.183
0.191
0.194
0.209
0.204
0.192
0.212
0.203
0.190
0.209
0.203
0.230
0.200
0.195
0.184
0.230
0.233
0.203
0.218
0.204
0.205
0.193
0.203
0.198
0.196
0.209
0.211
0.202
0.197
0.204
0.201
0.196
0.203
0.235
0.154
0.180
0.242
0.199
0.235
0.215
0.237
0.233
0.161
0.185
0.204
0.153
0.223
0.200
0.207
0.206
0.208
0.202
0.201
0.237
0.226
0.205
0.229
0.165
0.203
0.206
0.204
0.247
0.203
0.186
0.190
0.207
0.212
0.205
0.172
0.189
0.186
0.223
0.206
0.208
0.206
0.203
0.183
0.202
0.204
0.242
0.233
0.206
0.203
0.192
0.208
0.203
0.221
0.202
0.201
0.205
0.230
0.194
0.200
0.230
0.234
0.232
0.236
0.208
0.197
0.208
0.206
0.195
0.177
0.189
0.204
0.245
0.207
0.157
0.203
0.205
0.204
0.202
0.208
0.194
0.194
0.202
0.244
0.192
0.230
0.231
0.224
0.235
0.210
0.204
0.241
0.225
0.229
0.202
0.204
0.206
0.208
0.232
0.207
0.252
0.230
0.233
0.227
0.195
0.185
0.231
0.201
0.236
0.200
0.196
0.206
0.203
0.196
0.180
0.193
0.190
0.219
0.212
0.208
0.208
0.206
0.221
0.190
0.162
0.208
0.191
0.198
0.210
0.209
0.191
0.217
0.608
0.244
0.207
0.202
0.184
0.222
0.229
0.212
0.205
0.210
0.204
0.214
0.204
0.205
0.208
0.203
0.185
0.199
0.196
0.205
0.206
0.205
0.202
0.206
0.208
0.204
0.204
0.200
0.196
0.182
0.218
0.245
0.202
0.208
0.204
0.171
0.226
0.203
0.198
0.166
0.198
0.213
0.203
0.210
0.240
0.195
0.243
0.202
0.213
0.202
0.162
0.207
0.202
0.203
0.203
0.204
0.247
0.203
0.203
0.205
0.212
0.194
0.200
0.192
0.208
0.207
0.189
0.206
0.206
0.211
0.205
0.237
0.206
0.201
0.189
0.218
0.198
0.197
0.202
0.203
0.217
0.219
0.202
0.243
0.214
0.196
0.239
0.197
0.173
0.195
0.190
0.186
0.204
0.207
0.203
0.169
0.194
0.164
0.231
0.233
0.232
0.198
0.201
0.202
0.202
0.205
0.232
0.201
0.194
0.205
0.206
0.216
0.205
0.207
0.205
0.203
0.229
0.204
0.195
0.190
0.205
0.212
0.198
0.224
0.205
0.205
0.207
0.203
0.183
0.227
0.226
0.230
0.475
0.200
0.207
0.219
0.244
0.203
0.209
0.202
0.235
0.204
0.200
0.201
0.214
0.211
0.239
0.204
0.201
0.203
0.207
0.230
0.199
0.202
0.225
0.234
0.236
0.207
0.164
0.185
0.234
0.231
0.195
0.198
0.195
0.195
0.207
0.208
0.232
0.216
0.213
0.210
0.206
0.190
0.208
0.204
0.201
0.203
0.207
0.203
0.204
0.212
0.201
0.202
0.189
0.204
0.213
0.203
0.207
0.206
0.182
0.231
0.205
0.215
0.212
0.208
0.242
0.168
0.190
0.204
0.202
0.190
0.201
0.155
0.196
0.202
0.203
0.202
0.198
0.155
0.190
0.244
0.203
0.208
0.206
0.198
0.218
0.212
0.212
0.206
0.198
0.187
0.202
0.233
0.212
0.236
0.238
0.193
0.173
0.224
0.206
0.220
0.196
0.241
0.197
0.202
0.198
0.208
0.198
0.170
0.204
0.243
0.522
0.227
0.241
0.233
0.200
0.199
0.202
0.197
0.237
0.231
0.157
0.215
0.198
0.209
0.195
0.214
0.234
0.202
0.233
0.235
0.207
0.213
0.211
0.616
0.240
0.205
0.209
0.207
0.219
0.212
0.203
0.203
0.209
0.222
0.217
0.187
0.213
0.204
0.235
0.233
0.262
0.185
0.249
0.234
0.231
0.519
0.198
0.202
0.204
0.220
0.507
0.204
0.201
0.207
0.219
0.507
0.201
0.195
0.230
0.234
0.501
0.220
0.202
0.211
0.202
0.453
0.190
0.210
0.169
0.200
0.416
0.203
0.185
0.231
0.229
0.406
0.217
0.207
0.205
0.194
0.361
0.202
0.156
0.206
0.219
0.343
0.220
0.209
0.207
0.206
0.316
0.223
0.199
0.199
0.199
0.291
0.197
0.194
0.228
0.234
0.283
0.199
0.196
0.198
0.236
0.246
0.208
0.201
0.233
0.233
0.185
0.203
0.236
0.223
0.226
0.152
0.187
0.222
0.221
0.211
0.132
0.237
0.230
0.223
0.208
0.132
0.198
0.211
0.190
0.248
0.135
0.204
0.207
0.209
0.194
0.135
0.208
0.202
0.234
0.210
0.131
0.204
0.200
0.210
0.207
0.134
0.201
0.166
0.197
0.235
0.133
0.208
0.204
0.197
0.203
0.400
0.197
0.219
0.235
0.186
0.139
0.203
0.206
0.208
0.207
0.156
0.237
0.238
0.224
0.228
0.174
0.190
0.206
0.220
0.243
0.170
0.210
0.207
0.211
0.199
0.195
0.169
0.211
0.234
0.229
0.194
0.198
0.232
0.238
0.237
0.195
0.244
0.193
0.224
0.230
0.195
0.185
0.235
0.189
0.238
0.196
0.206
0.201
0.208
0.229
0.202
0.203
0.205
0.188
0.203
0.159
0.208
0.203
0.208
0.219
0.165
0.200
0.208
0.229
0.236
0.198
0.193
0.219
0.184
0.209
0.199
0.166
0.185
0.237
0.232
0.201
0.207
0.210
0.222
0.232
0.205
0.159
0.205
0.212
0.195
0.202
0.205
0.202
0.244
0.232
0.201
0.208
0.208
0.203
0.205
0.212
0.207
0.193
0.209
0.229
0.199
0.203
0.209
0.182
0.232
0.165
0.228
0.226
0.245
0.244
0.199
0.203
0.205
0.202
0.202
0.203
0.204
0.191
0.194
0.208
0.197
0.231
0.239
0.233
0.226
0.202
0.206
0.230
0.224
0.234
0.209
0.207
0.205
0.612
0.186
0.202
0.204
0.227
0.210
0.204
0.196
0.191
0.200
0.208
0.207
0.206
0.206
0.200
0.202
0.192
0.202
0.191
0.234
0.236
0.230
0.201
0.212
0.206
0.159
0.191
0.209
0.209
0.201
0.236
0.202
0.156
0.232
0.232
0.223
0.238
0.208
0.188
0.200
0.189
0.193
0.202
0.203
0.221
0.200
0.211
0.207
0.198
0.203
0.204
0.221
0.193
0.195
0.222
0.208
0.212
0.200
0.219
0.200
0.206
0.248
0.201
0.193
0.216
0.231
0.229
0.203
0.198
0.211
0.205
0.220
0.205
0.206
0.165
0.220
0.211
0.201
0.223
0.208
0.205
0.219
0.205
0.199
0.224
0.168
0.190
0.209
0.207
0.199
0.232
0.235
0.205
0.161
0.186
0.230
0.198
0.198
0.191
0.156
0.208
0.200
0.209
0.242
0.203
0.214
0.210
0.205
0.168
0.202
0.213
0.203
0.203
0.208
0.204
0.205
0.205
0.207
0.234
0.163
0.216
0.241
0.213
0.207
0.205
0.185
0.234
0.202
0.199
0.207
0.200
0.193
0.200
0.467
0.203
0.206
0.216
0.202
0.202
0.213
0.193
0.203
0.194
0.227
0.204
0.202
0.205
0.206
0.200
0.206
0.191
0.209
0.203
0.165
0.196
0.203
0.189
0.202
0.198
0.206
0.204
0.237
0.209
0.206
0.154
0.198
0.190
0.203
0.206
0.212
0.204
0.217
0.204
0.200
0.234
0.197
0.221
0.198
0.201
0.205
0.202
0.204
0.202
0.228
0.230
0.232
0.200
0.155
0.193
0.207
0.218
0.210
0.207
0.205
0.204
0.190
0.206
0.202
0.161
0.197
0.211
0.243
0.203
0.203
0.204
0.205
0.219
0.194
0.203
0.227
0.225
0.225
0.197
0.228
0.203
0.198
0.227
0.200
0.190
0.225
0.244
0.221
0.157
0.207
0.213
0.240
0.236
0.199
0.203
0.222
0.197
0.211
0.161
0.199
0.225
0.206
0.199
0.212
0.206
0.200
0.205
0.213
0.209
0.189
0.205
0.196
0.242
0.200
0.203
0.145
0.232
0.238
0.203
0.207
0.198
0.191
0.209
0.207
0.204
0.207
0.207
0.156
0.205
0.235
0.204
0.609
0.166
0.194
0.191
0.202
0.217
0.206
0.208
0.210
0.199
0.230
0.232
0.202
0.236
0.206
0.185
0.233
0.204
0.207
0.207
0.192
0.200
0.204
0.210
0.230
0.207
0.236
0.208
0.203
0.205
0.203
0.207
0.201
0.207
0.218
0.166
0.193
0.202
0.203
0.211
0.192
0.210
0.201
0.156
0.209
0.201
0.189
0.198
0.202
0.207
0.218
0.206
0.204
0.197
0.197
0.210
0.201
0.202
0.199
0.189
0.221
0.205
0.207
0.200
0.205
0.221
0.218
0.203
0.205
0.204
0.233
0.192
0.208
0.157
0.238
0.236
0.211
0.156
0.226
0.201
0.224
0.193
0.199
0.205
0.211
0.233
0.202
0.200
0.205
0.211
0.226
0.142
0.178
0.172
0.177
0.214
0.177
0.188
0.202
0.173
0.212
0.210
0.202
0.224
0.249
0.237
0.232
0.205
0.183
0.230
0.232
0.230
0.208
0.222
0.211
0.202
0.234
0.203
0.203
0.207
0.204
0.200
0.202
0.206
0.212
0.211
0.233
0.194
0.205
0.202
0.207
0.218
0.202
0.465
0.216
0.206
0.203
0.197
0.199
0.184
0.233
0.231
0.208
0.219
0.157
0.202
0.242
0.215
0.198
0.200
0.198
0.206
0.209
0.230
0.206
0.203
0.234
0.207
0.208
0.199
0.213
0.212
0.208
0.209
0.194
0.202
0.206
0.213
0.213
0.205
0.188
0.223
0.194
0.202
0.233
0.235
0.233
0.202
0.206
0.206
0.203
0.221
0.164
0.196
0.205
0.206
0.197
0.203
0.209
0.207
0.190
0.199
0.206
0.167
0.205
0.172
0.242
0.205
0.204
0.202
0.210
0.200
0.207
0.209
0.156
0.195
0.189
0.204
0.200
0.238
0.210
0.206
0.202
0.201
0.208
0.228
0.198
0.201
0.237
0.237
0.232
0.232
0.202
0.198
0.208
0.203
0.147
0.174
0.206
0.198
0.210
0.207
0.156
0.156
0.200
0.213
0.203
0.202
0.210
0.224
0.230
0.235
0.208
0.219
0.218
0.234
0.234
0.204
0.202
