0.273
0.242
0.248
0.228
0.217
0.241
0.220
0.199
0.168
0.211
0.218
0.230
0.214
0.233
0.212
0.206
0.220
0.160
0.216
0.199
0.212
0.235
0.218
0.214
0.213
0.210
0.213
0.204
0.218
0.218
0.216
0.210
0.204
0.213
0.213
0.252
0.205
0.222
0.217
0.224
0.253
0.204
0.217
0.215
0.217
0.199
0.212
0.211
0.219
0.215
0.205
0.213
0.215
0.183
0.206
0.211
0.211
0.209
0.211
0.211
0.216
0.207
0.212
0.204
0.211
0.210
0.218
0.216
0.205
0.209
0.166
0.238
0.199
0.216
0.213
0.211
0.211
0.213
0.214
0.209
0.211
0.179
0.232
0.214
0.218
0.217
0.209
0.217
0.214
0.214
0.215
0.215
0.218
0.212
0.207
0.210
0.210
0.229
0.168
0.222
0.214
0.210
0.214
0.209
0.203
0.213
0.238
0.235
0.192
0.236
0.217
0.213
0.215
0.201
0.224
0.214
0.213
0.169
0.211
0.214
0.218
0.201
0.210
0.217
0.216
0.214
0.220
0.215
0.210
0.212
0.215
0.221
0.171
0.217
0.197
0.215
0.207
0.210
0.220
0.207
0.203
0.218
0.210
0.229
0.216
0.205
0.213
0.224
0.213
0.218
0.227
0.207
0.212
0.218
0.216
0.205
0.223
0.237
0.207
0.213
0.215
0.205
0.221
0.198
0.210
0.216
0.204
0.206
0.218
0.210
0.207
0.227
0.204
0.216
0.207
0.202
0.177
0.214
0.211
0.211
0.231
0.201
0.215
0.215
0.214
0.204
0.221
0.217
0.219
0.217
0.207
0.212
0.216
0.205
0.167
0.215
0.215
0.212
0.215
0.204
0.216
0.222
0.221
0.174
0.221
0.215
0.215
0.214
0.203
0.209
0.216
0.235
0.191
0.173
0.218
0.215
0.214
0.207
0.210
0.213
0.213
0.228
0.219
0.214
0.217
0.166
0.209
0.214
0.211
0.223
0.211
0.217
0.200
0.210
0.214
0.203
0.214
0.216
0.212
0.209
0.215
0.209
0.211
0.213
0.203
0.214
0.216
0.211
0.212
0.214
0.209
0.210
0.214
0.227
0.212
0.215
0.165
0.207
0.207
0.202
0.210
0.213
0.208
0.211
0.216
0.218
0.213
0.206
0.219
0.209
0.218
0.203
0.212
0.215
0.213
0.237
0.211
0.216
0.217
0.217
0.238
0.210
0.215
0.215
0.205
0.201
0.210
0.206
0.206
0.191
0.211
0.228
0.213
0.224
0.218
0.208
0.213
0.212
0.175
0.208
0.222
0.210
0.210
0.209
0.215
0.204
0.206
0.203
0.215
0.216
0.212
0.217
0.206
0.209
0.216
0.260
0.184
0.212
0.143
0.208
0.210
0.210
0.207
0.214
0.214
0.210
0.212
0.218
0.232
0.171
0.208
0.213
0.213
0.169
0.212
0.213
0.219
0.209
0.212
0.208
0.213
0.211
0.215
0.212
0.214
0.207
0.212
0.214
0.214
0.205
0.215
0.208
0.217
0.204
0.232
0.218
0.211
0.210
0.219
0.209
0.220
0.211
0.219
0.214
0.212
0.242
0.213
0.257
0.213
0.231
0.212
0.192
0.217
0.230
0.219
0.201
0.212
0.210
0.219
0.250
0.170
0.226
0.170
0.213
0.204
0.212
0.214
0.207
0.216
0.203
0.211
0.211
0.209
0.204
0.216
0.214
0.222
0.238
0.212
0.221
0.219
0.214
0.179
0.211
0.217
0.216
0.218
0.205
0.216
0.206
0.213
0.175
0.212
0.226
0.213
0.213
0.206
0.212
0.216
0.226
0.178
0.213
0.212
0.213
0.214
0.163
0.197
0.210
0.214
0.205
0.211
0.207
0.217
0.208
0.204
0.218
0.211
0.216
0.213
0.213
0.219
0.209
0.166
0.219
0.219
0.252
0.213
0.221
0.216
0.214
0.213
0.242
0.206
0.215
0.169
0.216
0.219
0.206
0.225
0.245
0.216
0.202
0.224
0.240
0.212
0.227
0.207
0.226
0.216
0.209
0.203
0.212
0.215
0.211
0.212
0.201
0.214
0.213
0.208
0.202
0.213
0.214
0.217
0.235
0.203
0.211
0.215
0.217
0.208
0.211
0.212
0.212
0.186
0.205
0.234
0.212
0.210
0.203
0.214
0.227
0.213
0.211
0.202
0.214
0.170
0.227
0.177
0.211
0.205
0.237
0.213
0.203
0.219
0.212
0.218
0.175
0.211
0.214
0.171
0.219
0.208
0.217
0.214
0.216
0.184
0.217
0.215
0.216
0.213
0.206
0.212
0.223
0.214
0.206
0.212
0.209
0.171
0.221
0.203
0.216
0.216
0.212
0.214
0.213
0.210
0.211
0.213
0.207
0.209
0.212
0.215
0.224
0.217
0.216
0.217
0.213
0.204
0.216
0.219
0.215
0.217
0.204
0.216
0.243
0.220
0.202
0.169
0.210
0.212
0.199
0.213
0.210
0.215
0.216
0.203
0.217
0.214
0.210
0.210
0.248
0.213
0.213
0.214
0.199
0.218
0.219
0.217
0.236
0.207
0.209
0.215
0.200
0.178
0.211
0.215
0.236
0.213
0.217
0.216
0.214
0.215
0.206
0.213
0.218
0.215
0.244
0.205
0.212
0.213
0.212
0.180
0.209
0.218
0.214
0.210
0.204
0.216
0.210
0.214
0.191
0.206
0.228
0.215
0.221
0.207
0.206
0.205
0.215
0.168
0.214
0.213
0.220
0.217
0.210
0.210
0.216
0.214
0.186
0.213
0.220
0.168
0.214
0.207
0.228
0.214
0.217
0.218
0.210
0.217
0.203
0.213
0.207
0.211
0.210
0.213
0.223
0.214
0.210
0.216
0.218
0.206
0.213
0.219
0.213
0.210
0.217
0.217
0.214
0.215
0.199
0.214
0.216
0.212
0.214
0.209
0.230
0.211
0.226
0.212
0.250
0.217
0.213
0.221
0.211
0.214
0.208
0.216
0.205
0.211
0.203
0.171
0.242
0.205
0.216
0.212
0.213
0.212
0.211
0.223
0.221
0.212
0.224
0.219
0.213
0.205
0.207
0.213
0.227
0.206
0.209
0.210
0.214
0.242
0.216
0.207
0.210
0.219
0.217
0.210
0.205
0.213
0.211
0.213
0.178
0.171
0.218
0.213
0.208
0.208
0.219
0.211
0.211
0.211
0.228
0.249
0.186
0.220
0.203
0.188
0.249
0.212
0.193
0.215
0.211
0.213
0.214
0.206
0.214
0.227
0.214
0.212
0.210
0.167
0.212
0.214
0.220
0.213
0.208
0.216
0.207
0.217
0.215
0.216
0.214
0.205
0.215
0.215
0.215
0.219
0.207
0.214
0.215
0.227
0.214
0.219
0.211
0.215
0.210
0.207
0.217
0.215
0.213
0.205
0.212
0.222
0.217
0.213
0.203
0.216
0.218
0.209
0.205
0.217
0.204
0.214
0.230
0.207
0.228
0.205
0.215
0.209
0.213
0.218
0.211
0.215
0.207
0.212
0.214
0.213
0.210
0.213
0.217
0.214
0.244
0.170
0.213
0.212
0.212
0.206
0.229
0.218
0.211
0.218
0.206
0.219
0.212
0.211
0.204
0.214
0.239
0.211
0.228
0.207
0.211
0.214
0.210
0.185
0.216
0.208
0.212
0.219
0.207
0.214
0.214
0.215
0.165
0.216
0.217
0.220
0.218
0.205
0.213
0.214
0.211
0.208
0.213
0.212
0.213
0.215
0.201
0.217
0.199
0.211
0.217
0.211
0.209
0.213
0.213
0.205
0.218
0.217
0.220
0.212
0.213
0.214
0.210
0.141
0.210
0.218
0.208
0.210
0.227
0.208
0.205
0.212
0.219
0.175
0.210
0.213
0.217
0.214
0.204
0.217
0.229
0.212
0.206
0.218
0.214
0.219
0.212
0.208
0.217
0.213
0.210
0.205
0.216
0.211
0.215
0.219
0.197
0.216
0.217
0.211
0.222
0.214
0.213
0.232
0.226
0.209
0.216
0.212
0.211
0.205
0.209
0.212
0.212
0.219
0.201
0.220
0.211
0.213
0.173
0.220
0.215
0.217
0.217
0.207
0.213
0.171
0.211
0.200
0.215
0.219
0.213
0.217
0.205
0.218
0.214
0.217
0.172
0.214
0.210
0.206
0.216
0.204
0.211
0.213
0.211
0.190
0.211
0.210
0.210
0.214
0.205
0.213
0.199
0.211
0.222
0.213
0.215
0.217
0.216
0.209
0.167
0.234
0.219
0.215
0.211
0.213
0.220
0.222
0.206
0.217
0.215
0.213
0.248
0.205
0.215
0.215
0.227
0.208
0.217
0.221
0.206
0.217
0.238
0.212
0.217
0.217
0.198
0.172
0.215
0.211
0.229
0.205
0.210
0.212
0.228
0.213
0.215
0.214
0.214
0.215
0.204
0.213
0.207
0.173
0.168
0.219
0.211
0.217
0.215
0.210
0.210
0.216
0.214
0.209
0.212
0.171
0.213
0.204
0.206
0.215
0.204
0.214
0.178
0.212
0.209
0.219
0.219
0.208
0.212
0.216
0.213
0.205
0.210
0.218
0.217
0.212
0.204
0.219
0.218
0.214
0.206
0.211
0.259
0.214
0.221
0.211
0.225
0.216
0.219
0.168
0.211
0.215
0.212
0.221
0.202
0.216
0.217
0.208
0.223
0.212
0.212
0.213
0.222
0.210
0.190
0.212
0.213
0.217
0.212
0.220
0.209
0.214
0.205
0.216
0.209
0.213
0.214
0.204
0.250
0.213
0.208
0.205
0.212
0.204
0.211
0.213
0.204
0.213
0.236
0.214
0.206
0.213
0.213
0.220
0.194
0.201
0.215
0.219
0.225
0.206
0.216
0.231
0.232
0.211
0.214
0.224
0.212
0.214
0.225
0.250
0.210
0.172
0.221
0.207
0.204
0.203
0.218
0.181
0.204
0.211
0.217
0.221
0.207
0.228
0.214
0.220
0.200
0.211
0.217
0.211
0.207
0.210
0.215
0.216
0.214
0.183
0.213
0.210
0.214
0.207
0.183
0.215
0.206
0.217
0.221
0.216
0.215
0.221
0.208
0.206
0.218
0.216
0.216
0.192
0.172
0.215
0.213
0.211
0.224
0.221
0.211
0.212
0.163
0.211
0.210
0.222
0.214
0.203
0.216
0.212
0.230
0.221
0.211
0.171
0.218
0.211
0.200
0.216
0.213
0.211
0.218
0.210
0.210
0.208
0.216
0.212
0.220
0.210
0.209
0.173
0.203
0.233
0.214
0.213
0.198
0.215
0.203
0.211
0.202
0.203
0.211
0.172
0.208
0.207
0.215
0.215
0.215
0.217
0.208
0.230
0.219
0.217
0.218
0.222
0.248
0.226
0.222
0.214
0.200
0.218
0.208
0.210
0.218
0.216
0.217
0.214
0.198
0.211
0.201
0.209
0.171
0.212
0.213
0.218
0.212
0.166
0.236
0.205
0.210
0.189
0.214
0.214
0.211
0.213
0.204
0.140
0.218
0.219
0.188
0.219
0.211
0.218
0.213
0.205
0.225
0.217
0.229
0.183
0.217
0.214
0.211
0.212
0.203
0.220
0.229
0.214
0.177
0.213
0.212
0.219
0.212
0.203
0.215
0.211
0.209
0.216
0.212
0.214
0.212
0.213
0.207
0.213
0.212
0.216
0.252
0.216
0.213
0.212
0.220
0.209
0.211
0.213
0.216
0.213
0.207
0.211
0.213
0.169
0.204
0.216
0.228
0.213
0.252
0.208
0.216
0.214
0.213
0.203
0.212
0.214
0.217
0.216
0.201
0.211
0.215
0.215
0.201
0.213
0.202
0.216
0.214
0.206
0.215
0.213
0.217
0.208
0.216
0.219
0.206
0.218
0.205
0.211
0.217
0.213
0.205
0.231
0.230
0.216
0.211
0.220
0.204
0.213
0.215
0.176
0.237
0.213
0.205
0.215
0.200
0.219
0.220
0.215
0.170
0.220
0.207
0.212
0.212
0.205
0.213
0.168
0.214
0.174
0.212
0.213
0.204
0.218
0.241
0.217
0.219
0.213
0.200
0.218
0.213
0.214
0.214
0.207
0.201
0.215
0.213
0.218
0.215
0.215
0.227
0.213
0.208
0.212
0.218
0.222
0.214
0.172
0.212
0.217
0.215
0.213
0.247
0.213
0.212
0.218
0.219
0.214
0.211
0.214
0.200
0.212
0.206
0.213
0.215
0.206
0.214
0.207
0.217
0.200
0.209
0.214
0.217
0.213
0.205
0.216
0.211
0.214
0.200
0.167
0.216
0.221
0.234
0.210
0.211
0.211
0.210
0.204
0.216
0.215
0.216
0.215
0.211
0.170
0.208
0.204
0.200
0.212
0.205
0.216
0.234
0.210
0.213
0.216
0.216
0.204
0.214
0.209
0.211
0.215
0.212
0.213
0.208
0.212
0.205
0.213
0.212
0.213
0.209
0.206
0.208
0.212
0.216
0.181
0.220
0.213
0.211
0.218
0.210
0.213
0.225
0.218
0.175
0.210
0.212
0.214
0.204
0.207
0.214
0.216
0.212
0.171
0.220
0.219
0.213
0.212
0.212
0.214
0.209
0.214
0.216
0.212
0.215
0.215
0.214
0.210
0.206
0.216
0.213
0.220
0.201
0.231
0.215
0.168
0.212
0.213
0.212
0.214
0.207
0.208
0.210
0.218
0.162
0.209
0.212
0.215
0.210
0.218
0.251
0.218
0.210
0.215
0.217
0.222
0.214
0.216
0.209
0.204
0.215
0.214
0.215
0.213
0.212
0.217
0.214
0.218
0.204
0.214
0.238
0.214
0.211
0.214
0.215
0.169
0.220
0.203
0.212
0.214
0.226
0.182
0.212
0.216
0.217
0.215
0.219
0.215
0.218
0.219
0.165
0.215
0.211
0.214
0.210
0.209
0.216
0.216
0.213
0.184
0.219
0.216
0.164
0.218
0.208
0.213
0.215
0.214
0.192
0.217
0.218
0.216
0.210
0.204
0.215
0.218
0.206
0.217
0.214
0.210
0.226
0.219
0.195
0.215
0.212
0.220
0.212
0.214
0.205
0.213
0.220
0.212
0.214
0.224
0.210
0.213
0.217
0.166
0.210
0.213
0.201
0.219
0.214
0.217
0.217
0.207
0.213
0.215
0.205
0.201
0.193
0.215
0.214
0.213
0.222
0.212
0.214
0.227
0.197
0.217
0.216
0.203
0.216
0.205
0.218
0.212
0.211
0.208
0.253
0.216
0.211
0.211
0.220
0.215
0.206
0.219
0.198
0.210
0.204
0.216
0.211
0.205
0.204
0.215
0.206
0.175
0.215
0.216
0.216
0.218
0.203
0.211
0.210
0.218
0.178
0.214
0.207
0.210
0.207
0.174
0.214
0.214
0.214
0.191
0.216
0.220
0.196
0.214
0.221
0.212
0.202
0.215
0.186
0.229
0.219
0.214
0.218
0.212
0.215
0.223
0.231
0.214
0.211
0.216
0.205
0.213
0.247
0.218
0.216
0.216
0.208
0.214
0.216
0.214
0.212
0.205
0.204
0.218
0.211
0.215
0.209
0.217
0.213
0.219
0.207
0.211
0.214
0.214
0.255
0.214
0.214
0.216
0.208
0.212
0.210
0.218
0.215
0.220
0.240
0.213
0.215
0.170
0.208
0.215
0.234
0.217
0.211
0.207
0.216
0.212
0.199
0.209
0.214
0.213
0.215
0.211
0.218
0.213
0.219
0.213
0.204
0.214
0.224
0.217
0.211
0.209
0.231
0.212
0.215
0.177
0.168
0.222
0.221
0.213
0.208
0.218
0.167
0.218
0.175
0.211
0.210
0.218
0.206
0.208
0.209
0.210
0.241
0.179
0.206
0.218
0.216
0.212
0.200
0.219
0.210
0.212
0.197
0.214
0.206
0.221
0.245
0.211
0.215
0.140
0.205
0.193
0.205
0.214
0.207
0.214
0.222
0.214
0.212
0.217
0.180
0.212
0.212
0.217
0.232
0.207
0.192
0.212
0.202
0.218
0.206
0.218
0.218
0.210
0.220
0.213
0.204
0.217
0.214
0.204
0.214
0.219
0.216
0.209
0.166
0.211
0.214
0.221
0.197
0.216
0.212
0.210
0.204
0.212
0.206
0.215
0.211
0.207
0.211
0.213
0.196
0.205
0.209
0.220
0.230
0.218
0.214
0.217
0.212
0.211
0.210
0.170
0.212
0.212
0.211
0.208
0.206
0.218
0.245
0.211
0.207
0.213
0.208
0.220
0.200
0.215
0.209
0.219
0.178
0.170
0.237
0.223
0.207
0.203
0.215
0.214
0.211
0.177
0.246
0.211
0.201
0.219
0.230
0.217
0.228
0.217
0.208
0.207
0.216
0.232
0.212
0.209
0.216
0.213
0.209
0.206
0.206
0.219
0.208
0.218
0.211
0.219
0.207
0.212
0.216
0.213
0.212
0.213
0.217
0.205
0.203
0.213
0.216
0.167
0.213
0.208
0.216
0.216
0.198
0.202
0.216
0.189
0.184
0.179
0.184
0.219
0.231
0.203
0.214
0.218
0.217
0.219
0.202
0.240
0.219
0.215
0.198
0.214
0.208
0.213
0.217
0.210
0.215
0.214
0.208
0.208
0.210
0.214
0.206
0.211
0.202
0.215
0.213
0.213
0.196
0.214
0.222
0.212
0.212
0.209
0.228
0.217
0.243
0.204
0.241
0.212
0.208
0.218
0.216
0.210
0.250
0.214
0.202
0.213
0.212
0.168
0.214
0.205
0.214
0.215
0.216
0.203
0.216
