0.272
0.239
0.239
0.242
0.250
0.246
0.248
0.250
0.234
0.248
0.241
0.238
0.253
0.245
0.249
0.205
0.246
0.246
0.243
0.217
0.229
0.249
0.215
0.219
0.188
0.208
0.168
0.215
0.247
0.217
0.220
0.214
0.221
0.224
0.215
0.203
0.173
0.205
0.238
0.214
0.202
0.227
0.229
0.211
0.229
0.257
0.222
0.218
0.235
0.224
0.226
0.255
0.221
0.230
0.223
0.254
0.247
0.198
0.260
0.210
0.245
0.247
0.258
0.235
0.214
0.170
0.228
0.218
0.231
0.179
0.204
0.246
0.226
0.245
0.217
0.218
0.243
0.226
0.203
0.214
0.217
0.212
0.209
0.202
0.221
0.221
0.211
0.257
0.166
0.220
0.219
0.240
0.247
0.198
0.220
0.222
0.229
0.212
0.207
0.200
0.215
0.217
0.218
0.228
0.207
0.235
0.234
0.225
0.204
0.207
0.250
0.242
0.232
0.233
0.194
0.208
0.205
0.219
0.211
0.166
0.215
0.241
0.245
0.241
0.219
0.216
0.243
0.248
0.242
0.212
0.219
0.249
0.265
0.232
0.231
0.217
0.228
0.242
0.211
0.209
0.228
0.226
0.227
0.202
0.219
0.217
0.253
0.215
0.226
0.211
0.174
0.240
0.212
0.235
0.214
0.216
0.222
0.213
0.211
0.219
0.210
0.207
0.224
0.211
0.217
0.215
0.220
0.203
0.250
0.220
0.216
0.205
0.209
0.210
0.218
0.225
0.213
0.213
0.199
0.229
0.217
0.170
0.180
0.204
0.217
0.216
0.217
0.233
0.199
0.215
0.229
0.233
0.234
0.203
0.206
0.213
0.221
0.214
0.209
0.216
0.215
0.234
0.213
0.209
0.218
0.227
0.208
0.225
0.200
0.219
0.218
0.169
0.169
0.200
0.215
0.260
0.196
0.212
0.237
0.208
0.203
0.211
0.219
0.216
0.221
0.235
0.215
0.176
0.249
0.219
0.216
0.234
0.213
0.218
0.224
0.235
0.214
0.222
0.200
0.212
0.215
0.213
0.235
0.165
0.228
0.247
0.258
0.241
0.200
0.216
0.189
0.206
0.218
0.204
0.228
0.220
0.219
0.217
0.215
0.216
0.213
0.211
0.218
0.200
0.222
0.235
0.213
0.219
0.200
0.205
0.226
0.214
0.219
0.204
0.170
0.220
0.237
0.212
0.197
0.214
0.216
0.211
0.218
0.198
0.180
0.207
0.215
0.216
0.231
0.222
0.232
0.228
0.218
0.239
0.233
0.221
0.237
0.255
0.238
0.222
0.221
0.227
0.235
0.212
0.223
0.170
0.171
0.249
0.232
0.216
0.206
0.227
0.241
0.212
0.215
0.216
0.212
0.210
0.240
0.211
0.216
0.215
0.230
0.163
0.219
0.212
0.228
0.218
0.231
0.180
0.207
0.228
0.205
0.241
0.229
0.216
0.175
0.252
0.235
0.220
0.192
0.249
0.253
0.240
0.220
0.215
0.229
0.230
0.217
0.216
0.232
0.226
0.242
0.234
0.226
0.217
0.258
0.216
0.231
0.214
0.238
0.238
0.218
0.189
0.207
0.284
0.222
0.165
0.204
0.213
0.215
0.244
0.241
0.233
0.186
0.214
0.168
0.216
0.245
0.230
0.224
0.241
0.248
0.241
0.225
0.217
0.241
0.247
0.240
0.217
0.227
0.220
0.216
0.220
0.216
0.217
0.259
0.186
0.167
0.221
0.256
0.249
0.222
0.243
0.219
0.210
0.208
0.235
0.222
0.207
0.215
0.227
0.226
0.245
0.234
0.224
0.218
0.217
0.211
0.205
0.212
0.216
0.241
0.186
0.213
0.233
0.228
0.213
0.234
0.170
0.215
0.235
0.242
0.239
0.221
0.218
0.217
0.213
0.249
0.221
0.218
0.214
0.243
0.237
0.216
0.140
0.215
0.235
0.211
0.216
0.218
0.221
0.215
0.197
0.209
0.210
0.216
0.217
0.223
0.216
0.170
0.235
0.230
0.206
0.215
0.182
0.214
0.235
0.236
0.221
0.235
0.248
0.222
0.235
0.216
0.209
0.182
0.220
0.244
0.218
0.238
0.213
0.216
0.239
0.215
0.220
0.228
0.181
0.236
0.205
0.215
0.168
0.236
0.243
0.212
0.219
0.235
0.222
0.238
0.167
0.208
0.212
0.236
0.241
0.223
0.215
0.217
0.214
0.220
0.219
0.181
0.237
0.219
0.233
0.223
0.217
0.221
0.214
0.215
0.226
0.213
0.178
0.165
0.211
0.213
0.220
0.216
0.215
0.221
0.206
0.214
0.218
0.225
0.243
0.218
0.217
0.250
0.254
0.233
0.217
0.233
0.218
0.220
0.231
0.207
0.214
0.232
0.220
0.213
0.218
0.226
0.229
0.228
0.167
0.216
0.176
0.226
0.210
0.231
0.212
0.229
0.214
0.213
0.214
0.217
0.241
0.167
0.211
0.231
0.205
0.219
0.246
0.249
0.212
0.214
0.230
0.221
0.219
0.234
0.210
0.216
0.212
0.215
0.210
0.172
0.234
0.235
0.203
0.246
0.180
0.206
0.251
0.267
0.211
0.217
0.209
0.163
0.211
0.197
0.216
0.209
0.225
0.245
0.247
0.216
0.220
0.238
0.235
0.251
0.221
0.218
0.218
0.212
0.206
0.218
0.167
0.258
0.231
0.246
0.215
0.229
0.216
0.216
0.172
0.209
0.218
0.213
0.215
0.212
0.221
0.218
0.209
0.206
0.211
0.181
0.219
0.248
0.217
0.233
0.216
0.218
0.230
0.229
0.235
0.223
0.168
0.165
0.243
0.245
0.215
0.217
0.220
0.228
0.244
0.218
0.224
0.213
0.218
0.235
0.217
0.216
0.217
0.212
0.213
0.209
0.218
0.217
0.208
0.232
0.206
0.216
0.232
0.238
0.211
0.214
0.219
0.235
0.171
0.213
0.220
0.204
0.220
0.252
0.235
0.221
0.216
0.216
0.216
0.201
0.218
0.171
0.240
0.242
0.240
0.232
0.209
0.214
0.215
0.235
0.214
0.213
0.218
0.181
0.243
0.215
0.215
0.231
0.234
0.166
0.217
0.174
0.215
0.214
0.195
0.213
0.208
0.227
0.219
0.221
0.231
0.215
0.227
0.227
0.163
0.220
0.212
0.213
0.242
0.231
0.212
0.218
0.259
0.227
0.237
0.223
0.218
0.185
0.218
0.240
0.170
0.215
0.220
0.205
0.243
0.223
0.221
0.213
0.197
0.238
0.208
0.217
0.217
0.217
0.241
0.214
0.223
0.221
0.217
0.234
0.208
0.214
0.236
0.233
0.195
0.223
0.469
0.207
0.218
0.201
0.215
0.422
0.217
0.251
0.241
0.215
0.444
0.215
0.233
0.212
0.214
0.395
0.172
0.244
0.233
0.216
0.381
0.238
0.216
0.220
0.221
0.364
0.220
0.219
0.235
0.207
0.462
0.214
0.211
0.237
0.215
0.221
0.200
0.250
0.207
0.211
0.212
0.246
0.248
0.246
0.172
0.222
0.247
0.244
0.240
0.215
0.208
0.243
0.249
0.245
0.215
0.221
0.248
0.247
0.241
0.218
0.217
0.207
0.235
0.241
0.217
0.215
0.248
0.197
0.239
0.221
0.219
0.241
0.242
0.245
0.216
0.219
0.240
0.247
0.237
0.217
0.215
0.226
0.205
0.235
0.208
0.212
0.248
0.249
0.236
0.220
0.235
0.219
0.215
0.244
0.217
0.213
0.249
0.248
0.179
0.233
0.230
0.246
0.243
0.242
0.208
0.241
0.250
0.212
0.243
0.219
0.219
0.234
0.218
0.208
0.209
0.244
0.237
0.221
0.244
0.208
0.245
0.231
0.259
0.238
0.221
0.260
0.228
0.209
0.214
0.169
0.212
0.235
0.243
0.238
0.223
0.218
0.206
0.216
0.204
0.212
0.210
0.218
0.216
0.243
0.210
0.219
0.245
0.217
0.230
0.220
0.215
0.214
0.221
0.234
0.218
0.220
0.213
0.258
0.241
0.215
0.170
0.250
0.215
0.191
0.185
0.219
0.244
0.220
0.234
0.217
0.221
0.243
0.217
0.234
0.213
0.218
0.221
0.220
0.235
0.218
0.221
0.211
0.251
0.236
0.221
0.169
0.229
0.241
0.240
0.211
0.237
0.201
0.245
0.249
0.223
0.217
0.216
0.205
0.232
0.216
0.231
0.205
0.214
0.244
0.216
0.218
0.255
0.214
0.218
0.213
0.215
0.246
0.249
0.240
0.216
0.217
0.231
0.213
0.243
0.221
0.211
0.251
0.167
0.235
0.211
0.218
0.251
0.226
0.234
0.230
0.231
0.179
0.206
0.239
0.217
0.215
0.217
0.212
0.221
0.210
0.210
0.217
0.201
0.213
0.206
0.217
0.214
0.216
0.237
0.235
0.200
0.220
0.249
0.215
0.207
0.214
0.213
0.212
0.205
0.217
0.216
0.215
0.225
0.242
0.213
0.219
0.236
0.249
0.235
0.215
0.215
0.218
0.217
0.221
0.207
0.231
0.206
0.242
0.250
0.216
0.219
0.217
0.214
0.212
0.170
0.209
0.214
0.214
0.234
0.210
0.221
0.226
0.197
0.207
0.220
0.257
0.166
0.250
0.233
0.206
0.210
0.237
0.248
0.233
0.213
0.215
0.228
0.225
0.246
0.216
0.209
0.249
0.213
0.239
0.175
0.171
0.226
0.213
0.212
0.220
0.217
0.192
0.211
0.231
0.214
0.213
0.223
0.221
0.210
0.229
0.259
0.246
0.236
0.239
0.205
0.216
0.227
0.219
0.206
0.214
0.213
0.220
0.217
0.243
0.211
0.220
0.166
0.221
0.235
0.219
0.224
0.240
0.214
0.222
0.218
0.216
0.253
0.234
0.239
0.217
0.207
0.235
0.226
0.206
0.217
0.229
0.216
0.217
0.239
0.219
0.217
0.231
0.214
0.210
0.216
0.229
0.249
0.165
0.241
0.211
0.217
0.219
0.214
0.241
0.223
0.232
0.215
0.215
0.224
0.207
0.227
0.243
0.258
0.235
0.219
0.220
0.214
0.205
0.238
0.216
0.217
0.212
0.211
0.240
0.205
0.215
0.213
0.227
0.165
0.221
0.223
0.216
0.205
0.211
0.217
0.219
0.216
0.215
0.212
0.220
0.236
0.213
0.218
0.207
0.211
0.205
0.213
0.217
0.245
0.221
0.212
0.219
0.228
0.215
0.206
0.205
0.232
0.239
0.230
0.172
0.218
0.220
0.218
0.239
0.218
0.237
0.210
0.202
0.247
0.213
0.218
0.235
0.215
0.212
0.214
0.215
0.215
0.179
0.247
0.215
0.216
0.214
0.212
0.213
0.209
0.213
0.245
0.207
0.180
0.209
0.171
0.215
0.214
0.243
0.216
0.217
0.221
0.217
0.205
0.210
0.208
0.211
0.248
0.233
0.212
0.239
0.208
0.216
0.215
0.218
0.215
0.240
0.251
0.238
0.216
0.231
0.220
0.249
0.239
0.217
0.216
0.170
0.195
0.238
0.207
0.175
0.247
0.235
0.241
0.216
0.216
0.228
0.220
0.217
0.208
0.203
0.212
0.216
0.250
0.215
0.236
0.235
0.235
0.211
0.219
0.214
0.224
0.252
0.235
0.217
0.220
0.213
0.169
0.209
0.216
0.233
0.184
0.205
0.246
0.216
0.174
0.221
0.215
0.208
0.214
0.235
0.215
0.209
0.245
0.208
0.212
0.218
0.215
0.237
0.209
0.213
0.203
0.217
0.205
0.209
0.213
0.212
0.219
0.168
0.214
0.226
0.220
0.213
0.213
0.219
0.209
0.240
0.215
0.238
0.215
0.213
0.215
0.234
0.202
0.216
0.227
0.182
0.210
0.239
0.218
0.229
0.218
0.250
0.209
0.217
0.231
0.215
0.216
0.212
0.170
0.237
0.231
0.214
0.243
0.220
0.216
0.221
0.225
0.212
0.213
0.218
0.228
0.219
0.237
0.219
0.209
0.226
0.216
0.240
0.220
0.195
0.216
0.216
0.242
0.220
0.223
0.166
0.243
0.211
0.214
0.174
0.211
0.205
0.204
0.214
0.216
0.217
0.231
0.210
0.221
0.215
0.215
0.231
0.173
0.207
0.217
0.218
0.229
0.245
0.220
0.225
0.229
0.215
0.212
0.180
0.222
0.240
0.250
0.234
0.215
0.215
0.164
0.250
0.238
0.215
0.213
0.212
0.241
0.208
0.215
0.213
0.241
0.242
0.242
0.169
0.216
0.216
0.207
0.237
0.216
0.211
0.249
0.218
0.244
0.223
0.218
0.215
0.220
0.171
0.207
0.230
0.236
0.164
0.238
0.214
0.230
0.226
0.221
0.221
0.220
0.208
0.241
0.213
0.232
0.223
0.216
0.218
0.226
0.239
0.208
0.230
0.227
0.211
0.206
0.218
0.233
0.214
0.211
0.202
0.220
0.217
0.216
0.211
0.164
0.220
0.215
0.215
0.230
0.165
0.169
0.215
0.255
0.220
0.199
0.211
0.207
0.234
0.214
0.214
0.217
0.227
0.218
0.217
0.214
0.209
0.215
0.253
0.216
0.234
0.214
0.215
0.226
0.231
0.213
0.171
0.217
0.207
0.229
0.245
0.230
0.208
0.237
0.227
0.214
0.206
0.217
0.218
0.181
0.235
0.210
0.219
0.169
0.226
0.242
0.219
0.218
0.249
0.218
0.239
0.207
0.218
0.214
0.214
0.237
0.214
0.166
0.229
0.209
0.208
0.216
0.207
0.233
0.249
0.236
0.206
0.245
0.250
0.243
0.242
0.217
0.221
0.182
0.211
0.237
0.209
0.215
0.218
0.228
0.243
0.216
0.227
0.219
0.190
0.237
0.206
0.217
0.167
0.216
0.213
0.215
0.236
0.215
0.259
0.222
0.208
0.218
0.219
0.217
0.246
0.218
0.214
0.220
0.234
0.212
0.231
0.214
0.208
0.258
0.236
0.216
0.239
0.215
0.224
0.250
0.219
0.231
0.210
0.172
0.225
0.222
0.215
0.214
0.234
0.250
0.220
0.234
0.225
0.216
0.243
0.211
0.215
0.215
0.219
0.237
0.216
0.218
0.215
0.235
0.213
0.205
0.210
0.231
0.207
0.212
0.220
0.219
0.226
0.237
0.164
0.217
0.180
0.210
0.210
0.246
0.215
0.217
0.231
0.226
0.246
0.233
0.218
0.215
0.206
0.242
0.217
0.230
0.246
0.255
0.242
0.220
0.216
0.230
0.226
0.248
0.213
0.214
0.215
0.237
0.203
0.170
0.235
0.217
0.236
0.213
0.181
0.225
0.220
0.217
0.241
0.185
0.213
0.242
0.249
0.241
0.217
0.225
0.212
0.214
0.235
0.216
0.216
0.203
0.217
0.212
0.220
0.220
0.213
0.216
0.242
0.221
0.171
0.216
0.227
0.245
0.213
0.221
0.249
0.244
0.188
0.210
0.214
0.226
0.234
0.211
0.216
0.231
0.228
0.213
0.236
0.177
0.205
0.255
0.248
0.230
0.226
0.221
0.251
0.220
0.212
0.215
0.217
0.164
0.226
0.243
0.230
0.214
0.214
0.223
0.217
0.219
0.218
0.216
0.207
0.240
0.233
0.221
0.214
0.230
0.242
0.228
0.217
0.225
0.218
0.191
0.212
0.213
0.255
0.254
0.245
0.224
0.235
0.214
0.168
0.248
0.225
0.215
0.242
0.242
0.239
0.214
0.212
0.251
0.219
0.240
0.217
0.171
0.206
0.206
0.212
0.217
0.230
0.215
0.214
0.214
0.216
0.219
0.215
0.202
0.220
0.212
0.224
0.227
0.215
0.167
0.216
0.216
0.215
0.214
0.207
0.213
0.167
0.249
0.242
0.241
0.229
0.230
0.229
0.199
0.245
0.219
0.211
0.229
0.259
0.238
0.215
0.236
0.258
0.218
0.241
0.216
0.220
0.208
0.209
0.245
0.171
0.215
0.212
0.212
0.245
0.216
0.214
0.227
0.195
0.242
0.209
0.219
0.227
0.234
0.218
0.220
0.236
0.233
0.214
0.213
0.206
0.251
0.243
0.220
0.239
0.216
0.221
0.215
0.235
0.212
0.220
0.173
0.201
0.260
0.226
0.218
0.234
0.205
0.223
0.247
0.208
0.234
0.179
0.217
0.242
0.213
0.223
0.233
0.244
0.210
0.216
0.216
0.232
0.222
0.248
0.213
0.230
0.213
0.225
0.242
0.208
0.173
0.164
0.211
0.246
0.213
0.214
0.248
0.251
0.231
0.220
0.219
0.252
0.232
0.240
0.209
0.211
0.242
0.246
0.239
0.224
0.218
0.171
0.228
0.244
0.216
0.247
0.218
0.215
0.242
0.220
0.199
0.208
0.165
0.248
0.218
0.213
0.221
0.259
0.244
0.214
0.225
0.214
0.213
0.246
0.215
0.232
0.214
0.217
0.213
0.178
0.211
0.251
0.246
0.237
0.214
0.218
0.220
0.251
0.253
0.219
0.220
0.204
0.163
0.170
0.231
0.213
0.218
0.214
0.250
0.227
0.223
0.205
0.207
0.217
0.215
0.215
0.213
0.228
0.200
0.216
0.215
0.233
0.218
0.174
0.207
0.219
0.241
0.218
0.214
0.220
0.216
0.228
0.235
0.240
0.171
0.217
0.233
0.248
0.229
0.215
0.218
0.216
0.202
0.211
0.217
0.235
0.234
0.243
0.237
0.217
0.212
0.167
0.234
0.240
0.220
