0.300
0.222
0.232
0.233
0.245
0.228
0.187
0.194
0.216
0.220
0.209
0.229
0.212
0.208
0.195
0.163
0.213
0.237
0.236
0.207
0.244
0.185
0.198
0.211
0.229
0.210
0.207
0.238
0.243
0.200
0.203
0.210
0.212
0.204
0.200
0.207
0.197
0.202
0.207
0.204
0.211
0.202
0.209
0.220
0.207
0.198
0.203
0.219
0.196
0.206
0.212
0.237
0.202
0.208
0.207
0.208
0.247
0.204
0.208
0.199
0.202
0.217
0.212
0.205
0.214
0.195
0.208
0.198
0.206
0.206
0.205
0.202
0.215
0.207
0.166
0.197
0.221
0.157
0.236
0.208
0.221
0.207
0.202
0.215
0.208
0.212
0.222
0.203
0.207
0.175
0.198
0.487
0.214
0.161
0.213
0.207
0.516
0.207
0.235
0.207
0.217
0.442
0.219
0.242
0.187
0.199
0.397
0.251
0.246
0.207
0.204
0.354
0.207
0.224
0.220
0.215
0.350
0.218
0.220
0.180
0.201
0.305
0.209
0.225
0.213
0.211
0.287
0.195
0.218
0.206
0.205
0.172
0.214
0.210
0.227
0.198
0.178
0.215
0.218
0.160
0.244
0.131
0.197
0.198
0.208
0.210
0.134
0.193
0.236
0.211
0.196
0.129
0.212
0.213
0.206
0.209
0.134
0.234
0.231
0.198
0.218
0.130
0.210
0.211
0.242
0.204
0.135
0.204
0.207
0.204
0.208
0.169
0.177
0.201
0.197
0.211
0.173
0.206
0.232
0.212
0.203
0.206
0.205
0.206
0.217
0.206
0.190
0.171
0.212
0.211
0.217
0.228
0.213
0.237
0.237
0.198
0.196
0.207
0.239
0.212
0.217
0.154
0.203
0.161
0.222
0.207
0.203
0.206
0.248
0.207
0.198
0.212
0.212
0.240
0.208
0.205
0.214
0.227
0.192
0.207
0.207
0.199
0.207
0.216
0.210
0.197
0.229
0.214
0.209
0.211
0.208
0.204
0.213
0.204
0.212
0.205
0.199
0.210
0.218
0.207
0.204
0.220
0.204
0.207
0.243
0.209
0.247
0.251
0.213
0.204
0.212
0.234
0.199
0.199
0.237
0.203
0.246
0.194
0.249
0.216
0.210
0.205
0.206
0.161
0.206
0.205
0.205
0.234
0.249
0.213
0.191
0.245
0.215
0.206
0.218
0.211
0.209
0.211
0.197
0.209
0.220
0.207
0.205
0.229
0.237
0.198
0.202
0.198
0.212
0.216
0.209
0.216
0.211
0.199
0.227
0.210
0.207
0.207
0.206
0.207
0.200
0.214
0.212
0.207
0.210
0.207
0.244
0.217
0.205
0.212
0.199
0.202
0.168
0.200
0.220
0.171
0.202
0.209
0.201
0.213
0.205
0.211
0.210
0.204
0.211
0.164
0.227
0.203
0.212
0.213
0.181
0.194
0.209
0.209
0.210
0.210
0.206
0.245
0.222
0.197
0.206
0.224
0.216
0.206
0.240
0.207
0.191
0.202
0.198
0.211
0.209
0.240
0.220
0.203
0.234
0.208
0.196
0.210
0.210
0.209
0.210
0.203
0.204
0.203
0.226
0.207
0.228
0.209
0.211
0.199
0.201
0.204
0.209
0.212
0.235
0.210
0.201
0.205
0.193
0.212
0.209
0.207
0.207
0.195
0.198
0.209
0.208
0.190
0.242
0.211
0.214
0.191
0.207
0.202
0.217
0.212
0.201
0.204
0.206
0.199
0.207
0.216
0.199
0.229
0.239
0.208
0.196
0.213
0.214
0.208
0.216
0.204
0.210
0.200
0.199
0.210
0.209
0.211
0.221
0.208
0.236
0.235
0.208
0.204
0.223
0.211
0.204
0.225
0.171
0.202
0.212
0.240
0.215
0.205
0.204
0.207
0.199
0.206
0.198
0.199
0.203
0.223
0.209
0.210
0.201
0.212
0.245
0.203
0.197
0.166
0.159
0.191
0.207
0.214
0.206
0.198
0.209
0.204
0.127
0.200
0.202
0.213
0.207
0.206
0.215
0.207
0.192
0.198
0.220
0.207
0.209
0.213
0.208
0.208
0.205
0.209
0.205
0.207
0.200
0.208
0.212
0.168
0.198
0.206
0.226
0.210
0.200
0.206
0.203
0.201
0.204
0.206
0.209
0.207
0.228
0.204
0.171
0.199
0.210
0.206
0.214
0.209
0.206
0.202
0.219
0.213
0.208
0.209
0.217
0.211
0.240
0.156
0.202
0.229
0.209
0.208
0.206
0.214
0.251
0.204
0.211
0.248
0.213
0.206
0.209
0.207
0.166
0.205
0.216
0.212
0.200
0.228
0.205
0.200
0.204
0.210
0.204
0.219
0.216
0.205
0.219
0.184
0.198
0.199
0.228
0.168
0.206
0.208
0.234
0.201
0.196
0.219
0.211
0.213
0.197
0.203
0.198
0.202
0.211
0.214
0.231
0.216
0.207
0.199
0.234
0.199
0.204
0.215
0.211
0.207
0.213
0.236
0.200
0.158
0.159
0.208
0.207
0.214
0.242
0.200
0.206
0.223
0.205
0.201
0.210
0.170
0.172
0.231
0.209
0.207
0.197
0.236
0.212
0.213
0.237
0.205
0.210
0.233
0.251
0.209
0.210
0.237
0.200
0.252
0.205
0.203
0.239
0.205
0.213
0.182
0.196
0.254
0.208
0.223
0.192
0.204
0.233
0.199
0.247
0.209
0.213
0.225
0.206
0.206
0.182
0.207
0.215
0.203
0.220
0.213
0.201
0.236
0.200
0.217
0.207
0.162
0.201
0.166
0.244
0.175
0.196
0.214
0.206
0.214
0.213
0.210
0.208
0.220
0.245
0.212
0.200
0.243
0.209
0.238
0.169
0.198
0.228
0.207
0.237
0.209
0.208
0.239
0.200
0.194
0.228
0.208
0.227
0.198
0.245
0.210
0.192
0.227
0.210
0.210
0.222
0.208
0.227
0.197
0.199
0.205
0.188
0.213
0.215
0.227
0.229
0.200
0.210
0.206
0.203
0.207
0.205
0.203
0.200
0.204
0.211
0.209
0.239
0.165
0.201
0.211
0.197
0.216
0.209
0.237
0.237
0.210
0.203
0.193
0.200
0.217
0.202
0.217
0.219
0.203
0.232
0.204
0.239
0.183
0.221
0.206
0.210
0.233
0.172
0.193
0.208
0.213
0.209
0.212
0.213
0.210
0.198
0.220
0.216
0.218
0.220
0.210
0.241
0.212
0.201
0.209
0.201
0.242
0.205
0.232
0.211
0.204
0.220
0.201
0.214
0.208
0.202
0.221
0.182
0.193
0.157
0.209
0.210
0.208
0.197
0.161
0.204
0.217
0.206
0.223
0.219
0.212
0.234
0.184
0.197
0.213
0.215
0.219
0.209
0.212
0.238
0.202
0.200
0.202
0.205
0.201
0.210
0.218
0.163
0.222
0.238
0.212
0.221
0.201
0.210
0.212
0.191
0.202
0.213
0.210
0.220
0.204
0.233
0.220
0.229
0.208
0.218
0.254
0.207
0.204
0.243
0.207
0.198
0.196
0.206
0.215
0.204
0.212
0.210
0.198
0.250
0.208
0.215
0.218
0.236
0.206
0.175
0.159
0.212
0.207
0.219
0.208
0.206
0.201
0.209
0.211
0.212
0.225
0.209
0.212
0.219
0.181
0.211
0.209
0.213
0.212
0.207
0.248
0.211
0.200
0.213
0.212
0.208
0.208
0.209
0.202
0.198
0.201
0.212
0.204
0.193
0.206
0.245
0.203
0.203
0.207
0.196
0.235
0.205
0.202
0.162
0.190
0.199
0.210
0.206
0.214
0.195
0.218
0.209
0.201
0.207
0.204
0.227
0.151
0.232
0.211
0.214
0.214
0.208
0.151
0.206
0.210
0.208
0.208
0.204
0.200
0.205
0.236
0.208
0.208
0.242
0.213
0.196
0.221
0.231
0.206
0.212
0.226
0.207
0.193
0.227
0.207
0.207
0.206
0.216
0.208
0.216
0.229
0.209
0.214
0.218
0.206
0.194
0.206
0.195
0.203
0.211
0.225
0.206
0.209
0.212
0.208
0.196
0.206
0.212
0.209
0.209
0.217
0.209
0.167
0.206
0.204
0.203
0.219
0.201
0.211
0.219
0.200
0.208
0.241
0.236
0.162
0.205
0.208
0.173
0.199
0.212
0.216
0.209
0.216
0.206
0.207
0.193
0.206
0.210
0.211
0.209
0.237
0.206
0.204
0.227
0.209
0.205
0.202
0.196
0.210
0.239
0.233
0.211
0.202
0.195
0.206
0.208
0.204
0.174
0.204
0.238
0.226
0.216
0.208
0.228
0.166
0.197
0.239
0.240
0.207
0.199
0.235
0.210
0.230
0.225
0.210
0.194
0.199
0.205
0.205
0.249
0.231
0.199
0.233
0.229
0.218
0.226
0.160
0.249
0.200
0.211
0.194
0.210
0.206
0.201
0.212
0.199
0.201
0.207
0.209
0.217
0.224
0.211
0.251
0.205
0.208
0.201
0.201
0.222
0.207
0.243
0.233
0.201
0.212
0.200
0.208
0.200
0.207
0.160
0.202
0.204
0.223
0.204
0.214
0.249
0.213
0.168
0.202
0.203
0.209
0.209
0.224
0.205
0.199
0.201
0.205
0.214
0.200
0.176
0.209
0.180
0.187
0.201
0.208
0.180
0.209
0.197
0.208
0.205
0.167
0.210
0.213
0.215
0.221
0.205
0.164
0.170
0.212
0.216
0.210
0.213
0.209
0.206
0.206
0.199
0.208
0.201
0.211
0.215
0.202
0.210
0.188
0.205
0.203
0.211
0.209
0.227
0.209
0.242
0.212
0.239
0.446
0.206
0.212
0.212
0.213
0.377
0.209
0.243
0.211
0.203
0.438
0.217
0.213
0.210
0.199
0.447
0.215
0.214
0.211
0.216
0.192
0.205
0.214
0.218
0.217
0.201
0.235
0.246
0.200
0.195
0.160
0.209
0.203
0.219
0.212
0.378
0.232
0.231
0.205
0.210
0.214
0.210
0.195
0.168
0.200
0.211
0.239
0.240
0.207
0.206
0.206
0.201
0.216
0.208
0.215
0.210
0.237
0.234
0.171
0.214
0.232
0.207
0.213
0.211
0.203
0.233
0.210
0.218
0.209
0.214
0.224
0.212
0.223
0.168
0.202
0.214
0.239
0.238
0.204
0.210
0.242
0.200
0.213
0.219
0.214
0.237
0.211
0.228
0.173
0.210
0.200
0.209
0.162
0.212
0.206
0.201
0.197
0.211
0.207
0.218
0.234
0.211
0.210
0.226
0.206
0.208
0.204
0.211
0.207
0.206
0.202
0.200
0.208
0.204
0.211
0.207
0.212
0.205
0.216
0.206
0.212
0.207
0.239
0.236
0.206
0.203
0.204
0.230
0.209
0.216
0.212
0.214
0.207
0.177
0.199
0.228
0.205
0.212
0.214
0.207
0.209
0.203
0.199
0.203
0.207
0.207
0.214
0.208
0.207
0.196
0.212
0.208
0.203
0.207
0.163
0.223
0.172
0.195
0.206
0.206
0.208
0.210
0.206
0.245
0.203
0.220
0.215
0.218
0.208
0.206
0.203
0.176
0.214
0.210
0.208
0.192
0.208
0.215
0.207
0.201
0.207
0.212
0.211
0.242
0.208
0.206
0.220
0.204
0.200
0.215
0.242
0.208
0.210
0.242
0.204
0.201
0.212
0.219
0.208
0.208
0.226
0.189
0.206
0.205
0.213
0.217
0.211
0.208
0.211
0.200
0.210
0.215
0.214
0.218
0.207
0.209
0.161
0.202
0.210
0.208
0.217
0.212
0.213
0.206
0.198
0.200
0.209
0.214
0.211
0.201
0.239
0.208
0.196
0.221
0.212
0.214
0.206
0.211
0.208
0.204
0.232
0.211
0.250
0.236
0.208
0.204
0.203
0.197
0.207
0.208
0.196
0.212
0.215
0.245
0.191
0.194
0.203
0.218
0.210
0.207
0.238
0.214
0.201
0.209
0.213
0.210
0.233
0.243
0.208
0.176
0.207
0.213
0.204
0.212
0.208
0.162
0.220
0.220
0.161
0.213
0.209
0.197
0.215
0.203
0.173
0.198
0.207
0.206
0.213
0.201
0.207
0.212
0.205
0.221
0.207
0.199
0.212
0.219
0.209
0.191
0.202
0.207
0.205
0.202
0.211
0.206
0.218
0.163
0.208
0.207
0.219
0.211
0.217
0.202
0.201
0.198
0.217
0.206
0.204
0.203
0.209
0.211
0.210
0.237
0.203
0.201
0.203
0.208
0.212
0.206
0.230
0.214
0.203
0.223
0.207
0.195
0.210
0.197
0.198
0.202
0.163
0.205
0.198
0.207
0.208
0.197
0.213
0.209
0.213
0.201
0.220
0.219
0.206
0.223
0.206
0.211
0.202
0.217
0.208
0.209
0.200
0.207
0.225
0.213
0.208
0.205
0.206
0.219
0.202
0.205
0.205
0.211
0.209
0.205
0.211
0.208
0.203
0.227
0.213
0.211
0.209
0.207
0.167
0.198
0.214
0.240
0.218
0.210
0.216
0.219
0.195
0.211
0.216
0.214
0.210
0.203
0.213
0.166
0.199
0.195
0.203
0.211
0.157
0.205
0.208
0.196
0.218
0.217
0.221
0.216
0.205
0.212
0.185
0.176
0.218
0.198
0.206
0.211
0.210
0.213
0.199
0.210
0.205
0.213
0.219
0.209
0.228
0.203
0.204
0.211
0.213
0.213
0.212
0.225
0.206
0.194
0.201
0.205
0.207
0.195
0.216
0.219
0.217
0.229
0.223
0.200
0.201
0.248
0.200
0.209
0.201
0.200
0.208
0.206
0.213
0.192
0.199
0.235
0.204
0.208
0.214
0.211
0.213
0.218
0.166
0.196
0.233
0.233
0.214
0.216
0.218
0.217
0.212
0.224
0.208
0.160
0.198
0.201
0.205
0.218
0.203
0.197
0.214
0.212
0.206
0.207
0.206
0.226
0.201
0.200
0.208
0.213
0.216
0.200
0.211
0.187
0.211
0.220
0.216
0.204
0.226
0.213
0.213
0.229
0.212
0.202
0.201
0.221
0.215
0.204
0.177
0.199
0.207
0.206
0.208
0.210
0.207
0.220
0.205
0.206
0.202
0.213
0.210
0.243
0.208
0.167
0.158
0.218
0.209
0.215
0.215
0.208
0.228
0.200
0.203
0.196
0.214
0.198
0.211
0.211
0.179
0.198
0.217
0.214
0.218
0.234
0.199
0.212
0.207
0.239
0.241
0.213
0.204
0.220
0.201
0.215
0.213
0.243
0.203
0.245
0.242
0.205
0.205
0.196
0.207
0.200
0.215
0.206
0.208
0.212
0.198
0.200
0.228
0.208
0.201
0.197
0.207
0.204
0.198
0.200
0.217
0.198
0.218
0.204
0.209
0.169
0.229
0.239
0.164
0.243
0.207
0.207
0.213
0.174
0.204
0.221
0.207
0.235
0.206
0.161
0.213
0.198
0.207
0.205
0.206
0.194
0.218
0.209
0.184
0.203
0.212
0.211
0.208
0.226
0.213
0.198
0.202
0.209
0.209
0.211
0.218
0.199
0.206
0.188
0.208
0.228
0.217
0.203
0.208
0.193
0.210
0.199
0.203
0.243
0.208
0.207
0.239
0.235
0.190
0.200
0.214
0.206
0.198
0.214
0.207
0.204
0.217
0.211
0.198
0.248
0.157
0.206
0.206
0.212
0.201
0.212
0.239
0.242
0.210
0.247
0.164
0.206
0.196
0.237
0.212
0.224
0.205
0.213
0.212
0.202
0.204
0.208
0.216
0.244
0.208
0.215
0.198
0.232
0.211
0.213
0.215
0.198
0.209
0.203
0.206
0.207
0.236
0.202
0.202
0.235
0.244
0.173
0.222
0.207
0.206
0.189
0.205
0.176
0.200
0.217
0.208
0.213
0.220
0.212
0.166
0.203
0.172
0.198
0.209
0.192
0.222
0.216
0.170
0.210
0.195
0.204
0.201
0.201
0.213
0.227
0.227
0.205
0.201
0.216
0.221
0.223
0.250
0.212
0.206
0.192
0.227
0.209
0.202
0.204
0.208
0.203
0.224
0.227
0.206
0.201
0.209
0.206
0.213
0.206
0.202
0.211
0.212
0.210
0.208
0.197
0.217
0.194
0.196
0.210
0.212
0.200
0.204
0.247
0.206
0.237
0.238
0.213
0.208
0.217
0.213
0.202
0.194
0.234
0.210
0.207
0.203
0.207
0.194
0.199
0.160
0.204
0.228
0.206
0.214
0.211
0.213
0.209
0.224
0.212
0.208
0.203
0.208
0.207
0.213
0.218
0.216
0.210
0.209
0.206
0.212
0.207
0.207
0.198
0.209
0.215
0.203
0.206
0.213
0.229
0.201
0.193
0.207
0.243
0.209
0.211
0.236
0.199
0.204
0.239
0.211
0.200
0.208
0.238
0.212
0.166
0.205
0.210
0.214
0.226
0.206
0.206
0.209
0.206
0.208
0.243
0.240
0.216
0.207
0.211
0.183
0.195
0.164
0.213
0.207
0.207
0.242
0.216
0.198
0.237
0.212
0.208
0.203
0.198
0.212
0.169
0.201
0.208
0.207
0.202
0.207
0.191
0.205
0.205
0.211
0.211
0.246
0.207
0.207
0.206
0.208
0.196
0.205
0.217
0.200
0.213
0.206
0.208
0.206
0.234
0.208
0.206
0.198
0.210
0.208
0.201
0.239
0.207
0.207
0.249
0.218
0.236
0.196
0.199
0.201
0.158
0.205
0.207
0.207
0.207
0.209
0.195
0.207
0.160
0.160
