0.316
0.257
0.236
0.261
0.234
0.258
0.236
0.196
0.255
0.648
0.258
0.254
0.256
0.255
0.255
0.257
0.260
0.257
0.256
0.249
0.237
0.260
0.241
0.257
0.258
0.258
0.259
0.260
0.249
0.261
0.256
0.258
0.258
0.258
0.303
0.258
0.257
0.257
0.189
0.269
0.204
0.264
0.256
0.258
0.258
0.199
0.258
0.299
0.255
0.217
0.257
0.259
0.260
0.261
0.259
0.259
0.656
0.256
0.221
0.258
0.259
0.236
0.258
0.260
0.257
0.237
0.259
0.257
0.252
0.187
0.270
0.256
0.259
0.235
0.235
0.259
0.257
0.237
0.258
0.256
0.226
0.238
0.257
0.259
0.260
0.258
0.258
0.257
0.286
0.257
0.259
0.240
0.211
0.258
0.257
0.258
0.260
0.259
0.292
0.254
0.201
0.247
0.259
0.655
0.256
0.258
0.257
0.255
0.256
0.257
0.256
0.256
0.258
0.257
0.256
0.259
0.301
0.256
0.256
0.257
0.257
0.258
0.256
0.256
0.255
0.257
0.235
0.259
0.259
0.257
0.259
0.187
0.271
0.236
0.259
0.237
0.258
0.257
0.255
0.257
0.259
0.257
0.239
0.236
0.258
0.262
0.258
0.258
0.259
0.257
0.256
0.257
0.238
0.203
0.300
0.236
0.669
0.257
0.257
0.257
0.253
0.256
0.186
0.269
0.256
0.256
0.257
0.256
0.256
0.236
0.255
0.259
0.246
0.252
0.254
0.259
0.259
0.258
0.242
0.239
0.237
0.237
0.261
0.301
0.256
0.236
0.238
0.235
0.234
0.259
0.257
0.258
0.255
0.200
0.272
0.257
0.259
0.258
0.256
0.258
0.257
0.258
0.260
0.235
0.258
0.207
0.257
0.259
0.260
0.671
0.255
0.256
0.236
0.258
0.208
0.258
0.258
0.257
0.256
0.259
0.261
0.236
0.231
0.256
0.190
0.268
0.257
0.260
0.257
0.257
0.257
0.237
0.258
0.260
0.251
0.258
0.241
0.237
0.259
0.199
0.247
0.258
0.259
0.258
0.258
0.245
0.257
0.299
0.256
0.257
0.256
0.253
0.259
0.236
0.253
0.188
0.271
0.208
0.257
0.259
0.258
0.258
0.659
0.253
0.237
0.256
0.217
0.258
0.257
0.259
0.266
0.261
0.256
0.236
0.257
0.298
0.258
0.257
0.256
0.258
0.258
0.255
0.259
0.257
0.258
0.255
0.195
0.258
0.257
0.241
0.258
0.258
0.258
0.258
0.251
0.241
0.259
0.257
0.255
0.256
0.237
0.271
0.257
0.260
0.256
0.255
0.296
0.257
0.259
0.207
0.258
0.256
0.255
0.259
0.258
0.663
0.231
0.189
0.244
0.255
0.259
0.254
0.257
0.257
0.258
0.253
0.259
0.256
0.258
0.256
0.257
0.234
0.260
0.255
0.235
0.256
0.257
0.295
0.256
0.240
0.258
0.256
0.261
0.253
0.261
0.257
0.256
0.254
0.186
0.263
0.236
0.232
0.249
0.258
0.236
0.255
0.257
0.259
0.269
0.236
0.258
0.207
0.257
0.261
0.258
0.238
0.254
0.259
0.624
0.258
0.237
0.257
0.256
0.240
0.258
0.258
0.258
0.257
0.254
0.195
0.272
0.258
0.256
0.260
0.256
0.256
0.235
0.257
0.257
0.254
0.257
0.258
0.255
0.239
0.257
0.300
0.235
0.259
0.255
0.251
0.197
0.259
0.235
0.257
0.256
0.258
0.256
0.261
0.256
0.257
0.187
0.245
0.259
0.211
0.258
0.257
0.255
0.256
0.258
0.258
0.240
0.657
0.224
0.259
0.258
0.255
0.259
0.258
0.258
0.257
0.256
0.258
0.264
0.283
0.256
0.257
0.258
0.258
0.260
0.257
0.254
0.186
0.271
0.258
0.255
0.238
0.261
0.236
0.513
0.206
0.255
0.259
0.258
0.235
0.258
0.261
0.257
0.260
0.257
0.256
0.258
0.259
0.260
0.260
0.259
0.234
0.237
0.245
0.240
0.303
0.243
0.254
0.203
0.244
0.247
0.649
0.244
0.258
0.257
0.257
0.258
0.238
0.245
0.256
0.256
0.189
0.258
0.257
0.262
0.235
0.256
0.257
0.260
0.240
0.246
0.257
0.254
0.237
0.257
0.258
0.264
0.260
0.516
0.185
0.272
0.252
0.237
0.261
0.236
0.256
0.256
0.256
0.259
0.261
0.256
0.304
0.258
0.237
0.258
0.261
0.257
0.256
0.259
0.259
0.253
0.260
0.206
0.258
0.258
0.667
0.257
0.260
0.256
0.255
0.189
0.268
0.255
0.256
0.301
0.256
0.240
0.259
0.237
0.256
0.260
0.257
0.256
0.256
0.258
0.235
0.260
0.298
0.255
0.257
0.263
0.260
0.517
0.259
0.258
0.257
0.237
0.259
0.258
0.261
0.254
0.215
0.247
0.257
0.296
0.256
0.248
0.257
0.257
0.258
0.257
0.259
0.239
0.259
0.224
0.258
0.255
0.239
0.246
0.658
0.242
0.230
0.240
0.243
0.259
0.232
0.244
0.242
0.239
0.260
0.259
0.256
0.187
0.271
0.255
0.256
0.258
0.238
0.246
0.235
0.256
0.256
0.257
0.253
0.254
0.260
0.513
0.259
0.257
0.256
0.260
0.251
0.256
0.257
0.259
0.258
0.262
0.234
0.253
0.259
0.259
0.257
0.258
0.186
0.247
0.257
0.200
0.259
0.298
0.256
0.237
0.224
0.258
0.596
0.217
0.217
0.256
0.212
0.257
0.251
0.260
0.257
0.234
0.258
0.257
0.260
0.259
0.258
0.257
0.260
0.256
0.237
0.259
0.256
0.196
0.249
0.255
0.257
0.240
0.260
0.503
0.256
0.257
0.258
0.258
0.258
0.258
0.237
0.259
0.238
0.257
0.259
0.256
0.256
0.259
0.257
0.236
0.258
0.210
0.242
0.257
0.239
0.259
0.260
0.259
0.187
0.248
0.623
0.258
0.258
0.257
0.257
0.256
0.236
0.236
0.257
0.259
0.234
0.254
0.257
0.261
0.254
0.258
0.237
0.256
0.256
0.258
0.236
0.263
0.277
0.236
0.261
0.238
0.258
0.555
0.258
0.188
0.271
0.256
0.255
0.255
0.237
0.257
0.255
0.255
0.255
0.234
0.260
0.236
0.256
0.210
0.257
0.256
0.257
0.256
0.255
0.257
0.256
0.256
0.211
0.263
0.257
0.257
0.258
0.259
0.241
0.453
0.201
0.211
0.259
0.257
0.258
0.707
0.258
0.258
0.256
0.248
0.256
0.259
0.259
0.258
0.259
0.235
0.238
0.238
0.259
0.259
0.258
0.258
0.257
0.258
0.237
0.260
0.236
0.256
0.295
0.262
0.257
0.190
0.260
0.234
0.236
0.209
0.241
0.237
0.257
0.297
0.258
0.259
0.261
0.648
0.213
0.257
0.257
0.258
0.259
0.258
0.259
0.257
0.257
0.257
0.261
0.257
0.257
0.256
0.256
0.258
0.259
0.256
0.186
0.270
0.259
0.295
0.200
0.261
0.258
0.238
0.260
0.258
0.260
0.258
0.261
0.258
0.236
0.258
0.239
0.262
0.260
0.656
0.236
0.257
0.257
0.235
0.261
0.205
0.240
0.258
0.258
0.257
0.262
0.196
0.233
0.240
0.222
0.260
0.259
0.256
0.255
0.258
0.262
0.236
0.259
0.260
0.258
0.236
0.257
0.258
0.261
0.260
0.259
0.259
0.258
0.259
0.258
0.259
0.259
0.646
0.260
0.239
0.259
0.256
0.192
0.314
0.256
0.256
0.256
0.260
0.237
0.255
0.258
0.295
0.237
0.261
0.259
0.257
0.257
0.211
0.258
0.259
0.258
0.261
0.205
0.256
0.237
0.260
0.215
0.282
0.249
0.255
0.224
0.263
0.294
0.185
0.269
0.666
0.256
0.256
0.257
0.257
0.256
0.256
0.236
0.256
0.259
0.255
0.258
0.255
0.258
0.235
0.260
0.237
0.234
0.257
0.256
0.258
0.261
0.257
0.236
0.261
0.235
0.258
0.258
0.256
0.195
0.247
0.295
0.254
0.200
0.208
0.258
0.256
0.259
0.648
0.239
0.258
0.236
0.255
0.224
0.256
0.258
0.259
0.196
0.258
0.259
0.240
0.241
0.262
0.259
0.238
0.258
0.258
0.257
0.271
0.248
0.187
0.207
0.234
0.256
0.258
0.259
0.235
0.259
0.214
0.259
0.259
0.261
0.257
0.258
0.258
0.257
0.648
0.237
0.258
0.257
0.256
0.259
0.236
0.259
0.235
0.259
0.236
0.247
0.302
0.260
0.243
0.184
0.253
0.235
0.255
0.208
0.260
0.258
0.244
0.260
0.257
0.257
0.240
0.259
0.228
0.261
0.258
0.259
0.259
0.257
0.255
0.236
0.257
0.259
0.662
0.222
0.258
0.254
0.236
0.256
0.257
0.207
0.197
0.256
0.256
0.256
0.253
0.257
0.257
0.238
0.259
0.257
0.257
0.239
0.294
0.256
0.237
0.256
0.205
0.258
0.247
0.258
0.256
0.260
0.260
0.261
0.297
0.208
0.259
0.257
0.257
0.259
0.258
0.187
0.269
0.257
0.236
0.259
0.650
0.257
0.257
0.313
0.238
0.255
0.299
0.257
0.256
0.256
0.260
0.259
0.264
0.242
0.235
0.256
0.259
0.257
0.258
0.258
0.255
0.237
0.240
0.236
0.258
0.253
0.189
0.270
0.204
0.238
0.234
0.259
0.212
0.260
0.237
0.257
0.257
0.257
0.257
0.257
0.257
0.212
0.260
0.262
0.662
0.247
0.256
0.259
0.258
0.261
0.255
0.259
0.255
0.258
0.257
0.260
0.257
0.197
0.247
0.238
0.256
0.254
0.261
0.270
0.234
0.256
0.235
0.257
0.260
0.281
0.258
0.259
0.256
0.239
0.258
0.257
0.240
0.259
0.246
0.258
0.257
0.241
0.256
0.238
0.256
0.258
0.261
0.257
0.692
0.271
0.256
0.236
0.257
0.218
0.255
0.257
0.258
0.256
0.257
0.262
0.237
0.257
0.229
0.254
0.256
0.258
0.258
0.256
0.258
0.236
0.259
0.297
0.257
0.257
0.257
0.256
0.239
0.262
0.257
0.186
0.226
0.256
0.256
0.257
0.258
0.257
0.258
0.234
0.256
0.236
0.261
0.258
0.650
0.257
0.255
0.257
0.207
0.257
0.258
0.257
0.255
0.257
0.260
0.233
0.256
0.218
0.256
0.256
0.262
0.256
0.196
0.201
0.240
0.297
0.216
0.260
0.257
0.261
0.259
0.259
0.259
0.240
0.259
0.257
0.258
0.257
0.255
0.258
0.258
0.259
0.259
0.299
0.257
0.261
0.298
0.257
0.664
0.259
0.259
0.239
0.244
0.184
0.240
0.255
0.258
0.256
0.260
0.258
0.234
0.259
0.257
0.257
0.260
0.256
0.257
0.256
0.256
0.257
0.258
0.203
0.255
0.256
0.257
0.244
0.258
0.261
0.216
0.257
0.257
0.244
0.251
0.256
0.172
0.239
0.254
0.255
0.256
0.239
0.242
0.237
0.658
0.257
0.236
0.251
0.257
0.241
0.257
0.243
0.256
0.260
0.246
0.256
0.198
0.240
0.246
0.248
0.248
0.251
0.255
0.252
0.235
0.262
0.258
0.193
0.246
0.238
0.234
0.234
0.256
0.216
0.258
0.236
0.259
0.256
0.271
0.259
0.259
0.257
0.209
0.258
0.258
0.261
0.238
0.261
0.659
0.232
0.243
0.256
0.257
0.257
0.258
0.259
0.256
0.257
0.187
0.246
0.255
0.247
0.257
0.257
0.256
0.232
0.243
0.235
0.240
0.241
0.236
0.237
0.242
0.242
0.225
0.300
0.234
0.239
0.241
0.207
0.197
0.214
0.245
0.204
0.213
0.224
0.297
0.258
0.256
0.191
0.271
0.237
0.657
0.259
0.207
0.295
0.255
0.256
0.267
0.261
0.259
0.236
0.293
0.256
0.245
0.239
0.248
0.238
0.240
0.241
0.237
0.240
0.241
0.244
0.258
0.260
0.257
0.257
0.260
0.257
0.195
0.249
0.256
0.260
0.259
0.263
0.257
0.648
0.233
0.257
0.258
0.260
0.202
0.240
0.255
0.231
0.235
0.205
0.252
0.242
0.240
0.239
0.255
0.259
0.256
0.259
0.210
0.257
0.257
0.258
0.256
0.200
0.265
0.257
0.256
0.256
0.302
0.259
0.236
0.260
0.258
0.261
0.654
0.262
0.261
0.258
0.260
0.258
0.260
0.238
0.249
0.233
0.258
0.257
0.241
0.243
0.242
0.242
0.236
0.244
0.235
0.244
0.190
0.262
0.254
0.254
0.259
0.259
0.257
0.236
0.238
0.248
0.240
0.259
0.242
0.263
0.236
0.644
0.202
0.261
0.197
0.259
0.257
0.260
0.239
0.233
0.243
0.248
0.239
0.235
0.266
0.243
0.244
0.202
0.236
0.258
0.255
0.236
0.259
0.258
0.242
0.231
0.193
0.203
0.230
0.256
0.260
0.258
0.258
0.263
0.242
0.260
0.653
0.257
0.258
0.258
0.259
0.260
0.261
0.258
0.256
0.217
0.261
0.257
0.187
0.220
0.200
0.235
0.256
0.261
0.218
0.257
0.259
0.258
0.260
0.255
0.257
0.236
0.257
0.237
0.258
0.264
0.258
0.259
0.234
0.257
0.256
0.614
0.236
0.241
0.233
0.258
0.236
0.262
0.262
0.186
0.251
0.258
0.256
0.258
0.260
0.260
0.236
0.260
0.236
0.240
0.241
0.259
0.235
0.257
0.197
0.237
0.253
0.237
0.257
0.259
0.263
0.258
0.262
0.262
0.262
0.247
0.661
0.259
0.261
0.254
0.194
0.247
0.260
0.256
0.256
0.209
0.257
0.257
0.258
0.260
0.280
0.210
0.236
0.257
0.257
0.259
0.196
0.263
0.262
0.256
0.259
0.257
0.258
0.261
0.257
0.213
0.257
0.257
0.238
0.262
0.259
0.704
0.268
0.293
0.255
0.257
0.260
0.236
0.257
0.212
0.258
0.257
0.259
0.257
0.258
0.259
0.238
0.258
0.215
0.258
0.258
0.239
0.263
0.260
0.259
0.258
0.258
0.210
0.258
0.257
0.258
0.256
0.188
0.267
0.257
0.257
0.657
0.259
0.259
0.260
0.258
0.235
0.256
0.241
0.259
0.256
0.235
0.256
0.202
0.261
0.257
0.258
0.252
0.258
0.256
0.259
0.257
0.261
0.257
0.237
0.259
0.243
0.509
0.195
0.248
0.257
0.256
0.257
0.240
0.235
0.209
0.257
0.255
0.256
0.255
0.261
0.256
0.237
0.258
0.205
0.290
0.256
0.257
0.235
0.244
0.262
0.260
0.259
0.622
0.258
0.258
0.258
0.248
0.255
0.189
0.240
0.197
0.242
0.255
0.260
0.241
0.255
0.258
0.259
0.260
0.260
0.260
0.257
0.256
0.258
0.201
0.243
0.264
0.262
0.511
0.261
0.259
0.254
0.263
0.234
0.255
0.259
0.208
0.256
0.267
0.187
0.267
0.258
0.255
0.258
0.248
0.206
0.258
0.258
0.256
0.264
0.259
0.258
0.258
0.261
0.601
0.257
0.247
0.243
0.241
0.246
0.237
0.232
0.260
0.241
0.241
0.259
0.257
0.241
0.238
0.245
0.198
0.266
0.255
0.248
0.257
0.249
0.258
0.294
0.258
0.259
0.505
0.257
0.257
0.257
0.258
0.257
0.235
0.242
0.235
0.242
0.240
0.256
0.258
0.258
0.259
0.258
0.257
0.223
0.259
0.236
0.256
0.193
0.272
0.248
0.232
0.248
0.627
0.201
0.239
0.239
0.241
0.259
0.242
0.258
0.257
0.245
0.242
0.236
0.243
0.247
0.235
0.241
0.230
0.242
0.241
0.244
0.242
0.249
0.246
0.238
0.243
0.234
0.502
0.248
0.256
0.223
0.196
0.245
0.229
0.258
0.231
0.245
0.239
0.246
0.257
0.257
0.242
0.235
0.256
0.210
0.256
0.258
0.256
0.260
0.257
0.262
0.240
0.257
0.643
0.257
0.258
0.264
0.255
0.196
0.247
0.236
0.257
0.258
0.261
0.258
0.237
0.259
0.260
0.242
0.259
0.256
0.258
0.259
0.257
0.264
0.261
0.254
0.257
0.237
0.504
0.259
0.259
0.257
0.258
0.259
0.236
0.258
0.205
0.255
0.188
0.565
0.238
0.254
0.258
0.256
0.258
0.233
0.252
0.242
0.233
0.262
0.257
0.263
0.238
0.258
0.632
0.261
0.259
0.257
0.257
0.258
0.258
0.239
0.258
0.257
0.258
0.260
0.257
0.263
0.274
0.185
0.261
0.239
0.240
0.229
0.242
0.238
0.236
0.239
0.260
0.249
0.511
0.259
0.255
0.258
0.259
0.246
0.237
0.258
0.240
0.258
0.259
0.236
0.260
0.240
0.258
0.235
0.236
0.207
0.234
0.257
0.193
0.270
0.254
0.257
0.234
0.262
0.258
0.259
0.259
0.257
0.253
0.256
0.257
0.259
0.257
0.257
0.255
0.262
0.248
0.257
0.235
0.258
0.237
0.241
0.257
0.257
0.257
0.665
0.259
0.238
0.233
0.189
0.246
0.239
0.255
0.257
0.261
0.257
0.231
0.260
