0.490
0.280
0.264
0.279
0.242
0.278
0.271
0.252
0.239
0.277
0.260
0.263
0.255
0.267
0.277
0.235
0.256
0.255
0.238
0.254
0.221
0.278
0.240
0.223
0.265
0.294
0.267
0.256
0.235
0.254
0.277
0.253
0.237
0.210
0.254
0.256
0.269
0.217
0.238
0.276
0.264
0.627
0.246
0.269
0.263
0.263
0.224
0.258
0.257
0.256
0.264
0.223
0.269
0.254
0.271
0.268
0.244
0.253
0.234
0.265
0.266
0.195
0.255
0.230
0.275
0.259
0.269
0.254
0.244
0.283
0.256
0.264
0.255
0.277
0.236
0.272
0.257
0.254
0.271
0.233
0.266
0.239
0.254
0.272
0.260
0.272
0.266
0.248
0.266
0.254
0.243
0.258
0.253
0.257
0.255
0.221
0.266
0.252
0.254
0.277
0.279
0.208
0.254
0.278
0.277
0.245
0.267
0.253
0.254
0.255
0.274
0.259
0.253
0.222
0.276
0.276
0.269
0.256
0.247
0.264
0.260
0.275
0.253
0.191
0.197
0.262
0.276
0.198
0.229
0.246
0.265
0.211
0.234
0.270
0.254
0.279
0.264
0.256
0.276
0.252
0.254
0.240
0.255
0.277
0.226
0.278
0.203
0.233
0.262
0.247
0.247
0.268
0.269
0.268
0.268
0.259
0.276
0.255
0.233
0.265
0.267
0.266
0.253
0.234
0.255
0.235
0.269
0.253
0.271
0.204
0.248
0.264
0.256
0.281
0.275
0.240
0.265
0.257
0.254
0.277
0.234
0.260
0.255
0.254
0.276
0.273
0.256
0.258
0.277
0.274
0.267
0.244
0.236
0.268
0.267
0.264
0.265
0.256
0.257
0.277
0.236
0.641
0.236
0.234
0.194
0.268
0.225
0.255
0.256
0.238
0.278
0.270
0.246
0.273
0.267
0.258
0.268
0.255
0.240
0.238
0.272
0.266
0.256
0.265
0.265
0.268
0.271
0.233
0.258
0.255
0.269
0.267
0.252
0.256
0.254
0.277
0.234
0.226
0.254
0.264
0.267
0.265
0.248
0.249
0.261
0.230
0.267
0.254
0.239
0.238
0.264
0.257
0.253
0.258
0.255
0.256
0.277
0.254
0.257
0.211
0.238
0.261
0.252
0.254
0.255
0.246
0.269
0.254
0.257
0.283
0.241
0.265
0.252
0.248
0.274
0.272
0.268
0.254
0.247
0.264
0.268
0.275
0.256
0.238
0.189
0.271
0.268
0.253
0.276
0.189
0.277
0.256
0.261
0.221
0.269
0.239
0.269
0.254
0.275
0.228
0.276
0.267
0.254
0.257
0.209
0.250
0.268
0.254
0.278
0.252
0.275
0.269
0.255
0.275
0.274
0.255
0.254
0.255
0.276
0.275
0.278
0.203
0.256
0.254
0.276
0.255
0.268
0.220
0.256
0.265
0.227
0.274
0.254
0.258
0.254
0.247
0.271
0.254
0.250
0.251
0.262
0.234
0.262
0.254
0.278
0.275
0.275
0.252
0.256
0.274
0.256
0.233
0.235
0.261
0.270
0.247
0.259
0.238
0.266
0.268
0.642
0.288
0.243
0.271
0.267
0.265
0.271
0.245
0.268
0.277
0.253
0.271
0.256
0.254
0.251
0.275
0.232
0.287
0.253
0.268
0.246
0.272
0.255
0.257
0.254
0.253
0.271
0.197
0.194
0.272
0.261
0.269
0.220
0.255
0.255
0.256
0.257
0.247
0.265
0.257
0.267
0.225
0.255
0.258
0.276
0.275
0.203
0.234
0.239
0.266
0.265
0.267
0.254
0.237
0.256
0.277
0.269
0.236
0.235
0.235
0.281
0.266
0.255
0.229
0.257
0.281
0.278
0.257
0.248
0.259
0.257
0.272
0.284
0.235
0.268
0.274
0.270
0.258
0.279
0.256
0.204
0.234
0.232
0.280
0.254
0.276
0.277
0.257
0.276
0.262
0.274
0.277
0.254
0.234
0.256
0.264
0.263
0.258
0.241
0.247
0.267
0.267
0.221
0.254
0.235
0.265
0.276
0.254
0.281
0.276
0.273
0.271
0.251
0.275
0.213
0.236
0.272
0.255
0.277
0.279
0.274
0.257
0.254
0.254
0.275
0.231
0.253
0.233
0.265
0.265
0.246
0.272
0.253
0.239
0.268
0.268
0.278
0.254
0.239
0.268
0.268
0.265
0.254
0.277
0.272
0.270
0.275
0.257
0.201
0.233
0.267
0.265
0.252
0.255
0.230
0.278
0.228
0.255
0.217
0.634
0.234
0.231
0.236
0.241
0.277
0.270
0.264
0.254
0.279
0.274
0.273
0.251
0.232
0.269
0.274
0.266
0.268
0.252
0.270
0.222
0.269
0.271
0.251
0.260
0.267
0.265
0.241
0.238
0.269
0.267
0.274
0.274
0.252
0.258
0.260
0.272
0.272
0.255
0.257
0.277
0.265
0.264
0.252
0.256
0.258
0.235
0.238
0.255
0.258
0.248
0.269
0.265
0.253
0.253
0.277
0.266
0.254
0.233
0.231
0.279
0.281
0.235
0.255
0.247
0.268
0.273
0.267
0.232
0.239
0.236
0.238
0.279
0.255
0.246
0.268
0.269
0.270
0.256
0.255
0.254
0.220
0.273
0.257
0.268
0.265
0.273
0.270
0.256
0.255
0.229
0.255
0.240
0.255
0.245
0.246
0.272
0.267
0.255
0.256
0.247
0.263
0.233
0.251
0.277
0.275
0.276
0.267
0.255
0.254
0.248
0.277
0.267
0.255
0.240
0.234
0.267
0.261
0.254
0.278
0.276
0.265
0.274
0.254
0.255
0.238
0.232
0.268
0.256
0.280
0.254
0.280
0.254
0.255
0.275
0.278
0.253
0.263
0.212
0.256
0.257
0.275
0.256
0.250
0.274
0.276
0.277
0.232
0.236
0.260
0.270
0.254
0.230
0.295
0.281
0.257
0.276
0.246
0.257
0.659
0.232
0.248
0.274
0.253
0.277
0.270
0.270
0.265
0.256
0.240
0.248
0.262
0.264
0.234
0.258
0.257
0.275
0.271
0.253
0.255
0.255
0.235
0.238
0.228
0.256
0.254
0.274
0.274
0.273
0.273
0.276
0.273
0.241
0.253
0.257
0.272
0.266
0.265
0.252
0.257
0.234
0.241
0.274
0.237
0.237
0.234
0.245
0.268
0.253
0.257
0.270
0.274
0.272
0.258
0.503
0.256
0.265
0.267
0.253
0.550
0.277
0.260
0.267
0.246
0.539
0.269
0.231
0.266
0.197
0.271
0.268
0.265
0.264
0.251
0.282
0.257
0.254
0.211
0.257
0.232
0.276
0.276
0.266
0.256
0.509
0.225
0.253
0.267
0.254
0.203
0.236
0.270
0.271
0.255
0.513
0.255
0.276
0.271
0.255
0.527
0.215
0.256
0.235
0.253
0.498
0.270
0.193
0.266
0.257
0.486
0.274
0.276
0.254
0.234
0.479
0.204
0.224
0.294
0.255
0.447
0.293
0.246
0.267
0.234
0.416
0.274
0.270
0.268
0.258
0.387
0.276
0.271
0.279
0.256
0.365
0.271
0.254
0.275
0.256
0.350
0.274
0.268
0.276
0.259
0.198
0.238
0.259
0.245
0.248
0.314
0.256
0.266
0.246
0.247
0.197
0.274
0.261
0.261
0.634
0.176
0.270
0.267
0.269
0.254
0.193
0.290
0.273
0.271
0.204
0.161
0.256
0.267
0.271
0.250
0.167
0.254
0.276
0.266
0.235
0.172
0.254
0.237
0.264
0.246
0.234
0.270
0.272
0.267
0.236
0.171
0.238
0.266
0.233
0.251
0.162
0.268
0.270
0.274
0.250
0.168
0.240
0.265
0.198
0.253
0.163
0.279
0.273
0.269
0.255
0.156
0.274
0.277
0.268
0.254
0.235
0.273
0.268
0.236
0.244
0.227
0.266
0.260
0.271
0.257
0.199
0.236
0.256
0.257
0.256
0.192
0.233
0.254
0.256
0.259
0.238
0.252
0.229
0.261
0.294
0.235
0.257
0.264
0.267
0.255
0.240
0.272
0.266
0.266
0.254
0.237
0.266
0.208
0.272
0.255
0.232
0.277
0.241
0.270
0.254
0.237
0.255
0.277
0.275
0.254
0.240
0.278
0.252
0.238
0.254
0.253
0.237
0.222
0.276
0.253
0.241
0.278
0.245
0.272
0.253
0.241
0.281
0.245
0.258
0.259
0.270
0.273
0.269
0.266
0.255
0.242
0.277
0.274
0.255
0.254
0.226
0.264
0.264
0.274
0.252
0.255
0.275
0.277
0.241
0.257
0.255
0.258
0.271
0.273
0.246
0.269
0.265
0.344
0.230
0.256
0.257
0.211
0.492
0.272
0.664
0.235
0.238
0.479
0.274
0.253
0.256
0.278
0.433
0.264
0.255
0.245
0.269
0.389
0.266
0.251
0.269
0.267
0.237
0.225
0.247
0.265
0.269
0.238
0.265
0.254
0.262
0.256
0.479
0.255
0.231
0.209
0.256
0.238
0.274
0.257
0.255
0.239
0.240
0.266
0.255
0.275
0.209
0.238
0.269
0.255
0.219
0.254
0.243
0.267
0.253
0.248
0.247
0.199
0.258
0.254
0.267
0.267
0.242
0.267
0.292
0.244
0.268
0.263
0.270
0.256
0.255
0.270
0.241
0.268
0.256
0.253
0.251
0.248
0.266
0.253
0.208
0.215
0.232
0.273
0.253
0.255
0.246
0.273
0.273
0.256
0.240
0.275
0.263
0.236
0.257
0.253
0.277
0.260
0.274
0.254
0.240
0.280
0.269
0.256
0.254
0.266
0.263
0.266
0.268
0.254
0.281
0.255
0.246
0.278
0.214
0.243
0.256
0.233
0.268
0.257
0.278
0.270
0.247
0.269
0.256
0.256
0.258
0.261
0.273
0.254
0.254
0.279
0.271
0.193
0.258
0.256
0.255
0.260
0.259
0.252
0.255
0.254
0.264
0.226
0.253
0.266
0.274
0.235
0.233
0.235
0.268
0.266
0.270
0.278
0.254
0.273
0.254
0.256
0.258
0.233
0.226
0.232
0.244
0.264
0.646
0.253
0.258
0.257
0.274
0.253
0.279
0.255
0.237
0.269
0.235
0.255
0.277
0.254
0.264
0.246
0.268
0.267
0.262
0.260
0.254
0.271
0.270
0.278
0.270
0.251
0.256
0.254
0.252
0.207
0.252
0.262
0.272
0.256
0.270
0.254
0.275
0.257
0.250
0.237
0.254
0.242
0.254
0.275
0.276
0.255
0.196
0.266
0.269
0.266
0.256
0.279
0.237
0.239
0.258
0.257
0.246
0.267
0.274
0.267
0.255
0.285
0.255
0.237
0.262
0.256
0.279
0.252
0.255
0.244
0.254
0.271
0.230
0.273
0.255
0.253
0.261
0.271
0.272
0.271
0.256
0.275
0.278
0.254
0.278
0.255
0.262
0.241
0.270
0.266
0.257
0.266
0.270
0.267
0.266
0.235
0.247
0.201
0.248
0.277
0.254
0.273
0.276
0.231
0.258
0.256
0.253
0.256
0.235
0.248
0.234
0.228
0.270
0.209
0.267
0.272
0.268
0.266
0.267
0.232
0.235
0.272
0.274
0.270
0.277
0.244
0.275
0.275
0.267
0.268
0.254
0.207
0.215
0.268
0.241
0.239
0.267
0.270
0.273
0.272
0.254
0.240
0.201
0.231
0.253
0.256
0.253
0.238
0.274
0.268
0.258
0.263
0.275
0.268
0.238
0.256
0.267
0.258
0.267
0.267
0.660
0.240
0.277
0.268
0.266
0.196
0.245
0.243
0.275
0.266
0.272
0.227
0.269
0.272
0.270
0.250
0.233
0.232
0.258
0.267
0.253
0.247
0.267
0.268
0.242
0.254
0.230
0.257
0.234
0.268
0.255
0.244
0.275
0.266
0.266
0.253
0.222
0.284
0.255
0.263
0.233
0.272
0.271
0.266
0.276
0.252
0.269
0.254
0.259
0.270
0.231
0.233
0.246
0.268
0.242
0.254
0.292
0.252
0.278
0.266
0.256
0.239
0.252
0.241
0.265
0.255
0.278
0.250
0.279
0.270
0.255
0.271
0.204
0.264
0.261
0.253
0.272
0.268
0.264
0.274
0.253
0.256
0.271
0.276
0.204
0.234
0.240
0.271
0.255
0.246
0.256
0.191
0.233
0.275
0.274
0.232
0.244
0.226
0.225
0.258
0.255
0.244
0.241
0.164
0.257
0.238
0.256
0.239
0.275
0.237
0.257
0.278
0.275
0.273
0.282
0.253
0.279
0.274
0.254
0.235
0.231
0.258
0.268
0.275
0.234
0.256
0.258
0.274
0.266
0.188
0.259
0.241
0.281
0.269
0.245
0.256
0.260
0.269
0.276
0.268
0.253
0.239
0.198
0.273
0.257
0.257
0.259
0.265
0.267
0.265
0.254
0.257
0.222
0.237
0.272
0.252
0.239
0.239
0.260
0.259
0.641
0.253
0.268
0.259
0.265
0.247
0.266
0.268
0.266
0.263
0.253
0.245
0.256
0.255
0.275
0.232
0.231
0.266
0.268
0.271
0.256
0.240
0.258
0.245
0.250
0.255
0.231
0.236
0.279
0.266
0.253
0.223
0.254
0.257
0.197
0.254
0.240
0.265
0.266
0.221
0.256
0.235
0.274
0.268
0.267
0.253
0.273
0.272
0.257
0.258
0.236
0.272
0.267
0.265
0.266
0.258
0.254
0.250
0.285
0.253
0.256
0.237
0.228
0.271
0.271
0.253
0.277
0.245
0.267
0.260
0.255
0.197
0.233
0.258
0.267
0.252
0.277
0.239
0.275
0.266
0.254
0.238
0.206
0.235
0.240
0.302
0.271
0.255
0.271
0.263
0.255
0.240
0.270
0.256
0.257
0.257
0.274
0.269
0.247
0.266
0.256
0.276
0.269
0.268
0.267
0.236
0.242
0.278
0.274
0.275
0.253
0.254
0.272
0.269
0.276
0.245
0.264
0.267
0.270
0.228
0.253
0.255
0.276
0.272
0.236
0.214
0.255
0.270
0.261
0.268
0.255
0.266
0.237
0.269
0.275
0.251
0.275
0.221
0.266
0.265
0.255
0.266
0.256
0.265
0.273
0.255
0.257
0.255
0.272
0.270
0.204
0.235
0.277
0.271
0.275
0.232
0.258
0.254
0.271
0.232
0.659
0.256
0.259
0.267
0.268
0.253
0.258
0.254
0.233
0.275
0.253
0.257
0.256
0.237
0.256
0.245
0.255
0.277
0.245
0.270
0.257
0.251
0.276
0.276
0.259
0.254
0.237
0.278
0.268
0.269
0.254
0.247
0.265
0.268
0.273
0.219
0.274
0.253
0.267
0.268
0.255
0.233
0.255
0.276
0.266
0.255
0.256
0.255
0.255
0.256
0.256
0.258
0.252
0.269
0.275
0.256
0.262
0.228
0.266
0.258
0.255
0.212
0.229
0.259
0.271
0.257
0.255
0.255
0.270
0.250
0.233
0.233
0.241
0.270
0.269
0.196
0.241
0.275
0.277
0.273
0.253
0.236
0.195
0.268
0.268
0.255
0.240
0.276
0.224
0.274
0.254
0.257
0.235
0.231
0.268
0.253
0.255
0.249
0.261
0.274
0.255
0.253
0.278
0.212
0.234
0.256
0.267
0.264
0.273
0.266
0.234
0.272
0.270
0.270
0.265
0.243
0.266
0.270
0.251
0.253
0.246
0.261
0.270
0.267
0.273
0.253
0.254
0.255
0.277
0.270
0.254
0.256
0.254
0.256
0.265
0.253
0.241
0.198
0.269
0.251
0.232
0.256
0.256
0.253
0.239
0.255
0.256
0.280
0.227
0.269
0.225
0.251
0.268
0.272
0.264
0.247
0.269
0.268
0.279
0.247
0.256
0.257
0.644
0.222
0.265
0.255
0.254
0.280
0.265
0.269
0.255
0.235
0.235
0.277
0.263
0.257
0.195
0.257
0.277
0.270
0.251
0.231
0.256
0.241
0.266
0.255
0.273
0.264
0.270
0.272
0.202
0.262
0.282
0.233
0.263
0.263
0.272
0.263
0.282
0.233
0.254
0.241
0.258
0.255
0.273
0.257
0.239
0.291
0.267
0.266
0.258
0.241
0.275
0.267
0.267
0.262
0.196
0.231
0.261
0.231
0.292
0.278
0.271
0.276
0.274
0.253
0.277
0.273
0.236
0.260
0.256
0.267
0.265
0.269
0.266
0.253
0.253
0.254
0.253
0.253
0.232
0.266
0.261
0.224
0.278
0.294
0.257
0.275
0.246
0.267
0.203
0.256
0.253
0.276
0.254
0.258
0.255
0.253
0.267
0.270
0.256
0.279
0.236
0.257
0.257
0.255
0.257
0.253
0.267
0.263
0.255
0.279
0.253
0.260
0.222
0.255
0.272
0.259
0.264
0.245
0.246
0.268
0.269
0.270
0.262
0.255
0.279
0.235
0.269
0.266
0.254
0.277
0.274
0.252
0.271
0.206
0.234
0.255
0.236
0.268
0.250
0.244
0.257
0.274
0.259
0.255
0.229
0.259
0.261
0.270
0.247
0.273
0.272
0.270
0.268
0.254
0.279
0.275
0.265
0.238
0.255
0.276
0.236
0.656
0.267
0.252
0.254
0.282
0.247
0.263
0.246
0.254
0.255
0.190
0.268
0.255
0.225
0.256
0.255
0.277
0.256
0.233
0.269
0.271
0.222
0.256
0.235
0.256
0.254
0.271
0.233
0.231
0.262
0.261
0.276
0.256
0.190
0.200
0.240
0.246
0.257
0.276
0.274
