0.263
0.238
0.196
0.198
0.203
0.195
0.199
0.165
0.216
0.197
0.208
0.208
0.192
0.204
0.240
0.224
0.193
0.583
0.207
0.207
0.204
0.197
0.210
0.208
0.203
0.206
0.202
0.204
0.212
0.204
0.200
0.202
0.204
0.201
0.202
0.247
0.198
0.251
0.204
0.127
0.234
0.203
0.213
0.202
0.205
0.202
0.202
0.211
0.184
0.196
0.182
0.210
0.220
0.197
0.201
0.203
0.201
0.194
0.208
0.196
0.174
0.202
0.196
0.207
0.203
0.207
0.194
0.202
0.203
0.201
0.206
0.188
0.212
0.202
0.210
0.193
0.199
0.205
0.202
0.202
0.200
0.203
0.207
0.221
0.197
0.202
0.204
0.207
0.206
0.197
0.207
0.206
0.209
0.201
0.205
0.208
0.207
0.200
0.198
0.205
0.209
0.614
0.196
0.206
0.209
0.193
0.207
0.197
0.210
0.208
0.203
0.188
0.156
0.204
0.205
0.207
0.201
0.204
0.205
0.208
0.174
0.203
0.213
0.204
0.202
0.195
0.207
0.202
0.202
0.207
0.208
0.195
0.204
0.203
0.183
0.213
0.198
0.200
0.190
0.206
0.204
0.202
0.207
0.202
0.205
0.206
0.200
0.202
0.190
0.210
0.222
0.204
0.213
0.203
0.210
0.209
0.205
0.193
0.203
0.200
0.202
0.196
0.197
0.203
0.210
0.208
0.191
0.204
0.205
0.207
0.201
0.202
0.230
0.210
0.157
0.200
0.208
0.158
0.202
0.204
0.202
0.209
0.212
0.205
0.199
0.613
0.218
0.207
0.197
0.208
0.201
0.203
0.201
0.193
0.200
0.191
0.205
0.197
0.197
0.208
0.207
0.206
0.229
0.204
0.203
0.202
0.174
0.208
0.243
0.211
0.202
0.195
0.200
0.202
0.208
0.167
0.202
0.208
0.202
0.207
0.189
0.208
0.209
0.206
0.163
0.202
0.197
0.204
0.199
0.199
0.202
0.226
0.203
0.206
0.209
0.205
0.155
0.206
0.192
0.203
0.234
0.205
0.207
0.205
0.203
0.203
0.205
0.191
0.176
0.221
0.239
0.203
0.211
0.200
0.202
0.211
0.202
0.245
0.201
0.203
0.180
0.198
0.196
0.213
0.202
0.196
0.212
0.203
0.204
0.646
0.196
0.206
0.213
0.210
0.193
0.204
0.207
0.202
0.207
0.196
0.208
0.205
0.208
0.195
0.205
0.205
0.208
0.205
0.192
0.203
0.214
0.203
0.205
0.204
0.202
0.206
0.211
0.197
0.161
0.205
0.194
0.169
0.223
0.201
0.214
0.205
0.207
0.208
0.206
0.203
0.192
0.206
0.209
0.207
0.206
0.196
0.207
0.211
0.205
0.194
0.194
0.209
0.208
0.196
0.195
0.203
0.196
0.201
0.166
0.203
0.208
0.206
0.202
0.194
0.200
0.205
0.206
0.209
0.203
0.201
0.203
0.199
0.193
0.204
0.207
0.194
0.229
0.204
0.202
0.207
0.201
0.195
0.210
0.611
0.202
0.209
0.204
0.205
0.198
0.202
0.160
0.208
0.202
0.205
0.199
0.196
0.221
0.204
0.202
0.211
0.215
0.200
0.198
0.204
0.197
0.201
0.225
0.196
0.195
0.205
0.217
0.194
0.210
0.201
0.203
0.211
0.208
0.199
0.209
0.206
0.194
0.205
0.189
0.204
0.207
0.207
0.191
0.210
0.197
0.201
0.206
0.199
0.189
0.211
0.200
0.193
0.205
0.213
0.190
0.211
0.200
0.200
0.198
0.202
0.183
0.204
0.201
0.202
0.210
0.207
0.201
0.207
0.156
0.164
0.163
0.206
0.203
0.204
0.192
0.202
0.203
0.205
0.166
0.205
0.167
0.196
0.203
0.195
0.194
0.197
0.198
0.175
0.618
0.235
0.219
0.205
0.176
0.213
0.218
0.203
0.206
0.209
0.196
0.225
0.204
0.192
0.211
0.207
0.214
0.211
0.222
0.208
0.204
0.204
0.213
0.203
0.203
0.201
0.203
0.195
0.213
0.203
0.207
0.197
0.203
0.201
0.197
0.206
0.195
0.202
0.204
0.194
0.199
0.203
0.160
0.203
0.204
0.200
0.201
0.209
0.203
0.196
0.206
0.208
0.208
0.195
0.190
0.203
0.209
0.205
0.192
0.206
0.206
0.192
0.204
0.199
0.189
0.222
0.197
0.193
0.213
0.205
0.204
0.208
0.203
0.203
0.202
0.215
0.192
0.209
0.215
0.207
0.214
0.201
0.194
0.212
0.207
0.189
0.209
0.205
0.203
0.611
0.198
0.201
0.203
0.208
0.174
0.205
0.206
0.203
0.204
0.197
0.204
0.205
0.214
0.203
0.159
0.202
0.203
0.203
0.195
0.203
0.213
0.203
0.207
0.209
0.210
0.201
0.208
0.196
0.202
0.205
0.210
0.205
0.205
0.204
0.217
0.195
0.202
0.194
0.202
0.206
0.189
0.197
0.205
0.201
0.205
0.194
0.202
0.205
0.195
0.209
0.193
0.203
0.212
0.209
0.194
0.212
0.207
0.202
0.201
0.196
0.210
0.205
0.226
0.192
0.201
0.206
0.202
0.201
0.191
0.206
0.205
0.206
0.199
0.201
0.198
0.197
0.157
0.215
0.206
0.200
0.203
0.160
0.209
0.209
0.209
0.208
0.216
0.202
0.625
0.163
0.165
0.203
0.210
0.201
0.201
0.202
0.218
0.199
0.210
0.195
0.213
0.198
0.212
0.202
0.229
0.204
0.197
0.209
0.175
0.205
0.212
0.202
0.201
0.212
0.196
0.209
0.204
0.183
0.221
0.193
0.201
0.206
0.193
0.201
0.202
0.202
0.204
0.205
0.203
0.213
0.203
0.197
0.203
0.205
0.197
0.203
0.207
0.201
0.157
0.207
0.193
0.205
0.205
0.202
0.160
0.196
0.206
0.210
0.209
0.197
0.203
0.204
0.201
0.202
0.200
0.206
0.217
0.209
0.203
0.209
0.199
0.213
0.202
0.237
0.227
0.201
0.221
0.195
0.203
0.202
0.204
0.185
0.212
0.209
0.204
0.210
0.194
0.645
0.203
0.207
0.203
0.195
0.210
0.197
0.215
0.197
0.208
0.196
0.199
0.209
0.198
0.209
0.209
0.202
0.171
0.208
0.207
0.202
0.209
0.199
0.157
0.204
0.202
0.181
0.208
0.201
0.206
0.207
0.194
0.208
0.238
0.203
0.180
0.203
0.203
0.204
0.199
0.193
0.206
0.206
0.205
0.197
0.211
0.160
0.200
0.218
0.197
0.210
0.210
0.203
0.205
0.213
0.207
0.216
0.208
0.202
0.203
0.203
0.202
0.206
0.214
0.204
0.208
0.204
0.193
0.202
0.206
0.209
0.202
0.198
0.206
0.202
0.204
0.200
0.205
0.205
0.202
0.205
0.207
0.193
0.207
0.199
0.174
0.206
0.205
0.208
0.599
0.200
0.203
0.202
0.205
0.199
0.201
0.203
0.208
0.204
0.213
0.193
0.200
0.208
0.188
0.205
0.217
0.193
0.208
0.196
0.196
0.208
0.203
0.170
0.197
0.204
0.208
0.207
0.206
0.201
0.209
0.204
0.167
0.207
0.206
0.209
0.201
0.202
0.194
0.202
0.196
0.175
0.202
0.208
0.206
0.202
0.199
0.205
0.202
0.203
0.165
0.204
0.236
0.202
0.203
0.199
0.208
0.196
0.161
0.186
0.201
0.205
0.204
0.206
0.201
0.203
0.206
0.208
0.203
0.203
0.208
0.199
0.218
0.203
0.198
0.204
0.203
0.203
0.201
0.210
0.191
0.215
0.197
0.206
0.230
0.214
0.197
0.198
0.209
0.603
0.200
0.195
0.206
0.203
0.161
0.197
0.199
0.204
0.202
0.203
0.201
0.207
0.209
0.205
0.203
0.198
0.208
0.203
0.197
0.202
0.215
0.195
0.202
0.194
0.213
0.205
0.214
0.202
0.201
0.204
0.158
0.208
0.208
0.196
0.209
0.201
0.207
0.191
0.209
0.195
0.209
0.204
0.191
0.203
0.203
0.202
0.168
0.203
0.206
0.204
0.203
0.186
0.209
0.204
0.209
0.169
0.214
0.206
0.203
0.205
0.194
0.203
0.201
0.205
0.167
0.203
0.206
0.205
0.199
0.199
0.205
0.210
0.202
0.183
0.213
0.207
0.207
0.215
0.194
0.213
0.208
0.214
0.209
0.203
0.200
0.209
0.211
0.195
0.627
0.201
0.196
0.207
0.154
0.204
0.204
0.206
0.198
0.203
0.211
0.161
0.206
0.160
0.207
0.197
0.199
0.199
0.202
0.209
0.210
0.204
0.205
0.202
0.204
0.239
0.197
0.208
0.197
0.204
0.205
0.207
0.188
0.205
0.200
0.202
0.213
0.206
0.202
0.209
0.236
0.196
0.206
0.201
0.194
0.204
0.203
0.210
0.202
0.195
0.189
0.204
0.206
0.188
0.219
0.201
0.215
0.203
0.195
0.203
0.208
0.200
0.224
0.207
0.202
0.202
0.159
0.193
0.202
0.205
0.207
0.184
0.210
0.204
0.202
0.203
0.190
0.208
0.206
0.224
0.194
0.212
0.216
0.204
0.207
0.195
0.203
0.216
0.187
0.202
0.243
0.202
0.199
0.211
0.196
0.203
0.241
0.204
0.601
0.217
0.208
0.195
0.210
0.197
0.244
0.212
0.191
0.201
0.213
0.208
0.201
0.225
0.204
0.206
0.256
0.207
0.204
0.209
0.203
0.205
0.203
0.196
0.215
0.203
0.205
0.173
0.241
0.210
0.156
0.207
0.226
0.206
0.197
0.205
0.206
0.200
0.197
0.203
0.208
0.196
0.209
0.210
0.207
0.202
0.196
0.202
0.203
0.206
0.198
0.193
0.212
0.205
0.213
0.203
0.209
0.203
0.196
0.193
0.213
0.210
0.206
0.204
0.215
0.201
0.203
0.202
0.187
0.203
0.205
0.202
0.202
0.195
0.207
0.202
0.204
0.176
0.201
0.206
0.201
0.208
0.198
0.202
0.209
0.210
0.182
0.205
0.209
0.205
0.198
0.200
0.155
0.203
0.206
0.207
0.162
0.206
0.626
0.199
0.200
0.206
0.201
0.201
0.201
0.208
0.209
0.200
0.207
0.199
0.200
0.156
0.201
0.151
0.207
0.232
0.204
0.210
0.202
0.205
0.202
0.207
0.194
0.205
0.207
0.202
0.212
0.200
0.207
0.209
0.204
0.205
0.195
0.206
0.201
0.208
0.201
0.202
0.198
0.204
0.203
0.205
0.202
0.208
0.202
0.206
0.215
0.205
0.222
0.202
0.207
0.205
0.210
0.211
0.160
0.202
0.201
0.203
0.205
0.198
0.207
0.207
0.197
0.169
0.202
0.202
0.204
0.198
0.190
0.204
0.205
0.201
0.202
0.202
0.207
0.204
0.188
0.202
0.254
0.207
0.201
0.187
0.211
0.205
0.203
0.203
0.194
0.206
0.207
0.207
0.205
0.204
0.207
0.203
0.203
0.202
0.613
0.206
0.204
0.203
0.202
0.211
0.203
0.203
0.198
0.207
0.207
0.189
0.239
0.203
0.203
0.204
0.196
0.198
0.221
0.208
0.157
0.205
0.210
0.204
0.203
0.201
0.198
0.204
0.210
0.203
0.206
0.195
0.210
0.204
0.205
0.195
0.209
0.204
0.202
0.177
0.201
0.193
0.210
0.203
0.194
0.209
0.199
0.201
0.198
0.197
0.203
0.207
0.205
0.200
0.214
0.202
0.211
0.204
0.199
0.205
0.206
0.216
0.197
0.206
0.204
0.208
0.208
0.201
0.205
0.194
0.207
0.170
0.206
0.207
0.205
0.205
0.193
0.200
0.208
0.208
0.167
0.215
0.157
0.202
0.208
0.193
0.202
0.209
0.164
0.166
0.215
0.203
0.208
0.207
0.200
0.209
0.205
0.211
0.589
0.207
0.200
0.186
0.198
0.191
0.207
0.200
0.204
0.199
0.201
0.216
0.207
0.205
0.195
0.207
0.204
0.204
0.205
0.175
0.201
0.205
0.199
0.202
0.202
0.206
0.198
0.203
0.207
0.203
0.206
0.204
0.195
0.197
0.203
0.201
0.207
0.195
0.208
0.205
0.204
0.195
0.202
0.205
0.203
0.208
0.161
0.207
0.201
0.205
0.196
0.202
0.199
0.203
0.204
0.198
0.207
0.201
0.205
0.193
0.203
0.210
0.208
0.203
0.202
0.202
0.203
0.199
0.181
0.209
0.202
0.208
0.201
0.204
0.244
0.205
0.210
0.193
0.212
0.207
0.212
0.204
0.197
0.162
0.206
0.211
0.168
0.203
0.203
0.204
0.209
0.196
0.214
0.199
0.211
0.169
0.202
0.199
0.621
0.208
0.194
0.202
0.229
0.200
0.170
0.203
0.203
0.201
0.157
0.197
0.199
0.205
0.211
0.201
0.197
0.208
0.211
0.203
0.205
0.254
0.200
0.198
0.196
0.202
0.197
0.199
0.194
0.199
0.218
0.195
0.209
0.190
0.207
0.200
0.200
0.204
0.200
0.203
0.215
0.202
0.199
0.214
0.195
0.203
0.195
0.193
0.207
0.206
0.204
0.198
0.201
0.207
0.207
0.206
0.194
0.206
0.196
0.205
0.197
0.196
0.199
0.203
0.208
0.199
0.205
0.205
0.202
0.204
0.196
0.206
0.154
0.207
0.194
0.213
0.201
0.202
0.189
0.200
0.202
0.207
0.237
0.194
0.207
0.205
0.207
0.196
0.196
0.206
0.202
0.210
0.173
0.161
0.204
0.200
0.203
0.195
0.619
0.206
0.208
0.166
0.202
0.213
0.198
0.226
0.224
0.204
0.200
0.204
0.176
0.202
0.208
0.214
0.200
0.195
0.209
0.208
0.208
0.205
0.208
0.203
0.204
0.208
0.209
0.207
0.210
0.203
0.208
0.208
0.204
0.194
0.232
0.200
0.156
0.202
0.162
0.206
0.203
0.206
0.203
0.210
0.209
0.205
0.202
0.214
0.211
0.193
0.214
0.202
0.205
0.195
0.204
0.209
0.201
0.199
0.196
0.214
0.212
0.216
0.199
0.203
0.600
0.219
0.199
0.199
0.215
0.201
0.201
0.195
0.244
0.203
0.198
0.204
0.195
0.203
0.210
0.203
0.195
0.202
0.196
0.207
0.202
0.197
0.200
0.207
0.202
0.172
0.235
0.205
0.209
0.208
0.195
0.204
0.205
0.208
0.158
0.202
0.201
0.203
0.196
0.198
0.213
0.202
0.207
0.187
0.207
0.205
0.208
0.174
0.197
0.204
0.206
0.202
0.165
0.207
0.204
0.198
0.211
0.196
0.226
0.203
0.217
0.196
0.223
0.207
0.619
0.202
0.208
0.172
0.208
0.203
0.204
0.209
0.213
0.204
0.201
0.195
0.214
0.203
0.202
0.204
0.205
0.204
0.205
0.208
0.199
0.206
0.197
0.202
0.204
0.194
0.196
0.196
0.202
0.196
0.205
0.204
0.156
0.208
0.197
0.203
0.235
0.203
0.204
0.203
0.196
0.201
0.198
0.194
0.205
0.197
0.196
0.205
0.210
0.202
0.203
0.211
0.198
0.195
0.216
0.216
0.200
0.209
0.204
0.196
0.213
0.197
0.213
0.197
0.699
0.198
0.211
0.202
0.212
0.208
0.194
0.203
0.207
0.206
0.167
0.204
0.201
0.201
0.210
0.195
0.215
0.206
0.197
0.167
0.203
0.207
0.208
0.200
0.196
0.202
0.209
0.211
0.195
0.213
0.159
0.207
0.204
0.198
0.198
0.228
0.200
0.204
0.205
0.205
0.202
0.212
0.200
0.205
0.210
0.202
0.200
0.208
0.201
0.202
0.212
0.192
0.191
0.215
0.207
0.190
0.199
0.208
0.208
0.204
0.198
0.202
0.201
0.202
0.608
0.196
0.206
0.195
0.205
0.194
0.210
0.208
0.209
0.203
0.205
0.204
0.202
0.204
0.196
0.209
0.239
0.205
0.201
0.195
0.207
0.199
0.203
0.194
0.209
0.205
0.213
0.232
0.160
0.202
0.207
0.207
0.164
0.206
0.207
0.205
0.202
0.200
0.203
0.202
0.205
0.176
0.207
0.203
0.201
0.208
0.204
0.203
0.191
0.197
0.201
0.201
0.199
0.202
0.234
0.196
0.202
0.199
0.222
0.169
0.206
0.196
0.209
0.209
0.622
0.202
0.202
0.209
0.181
0.208
0.203
0.194
0.201
0.197
0.206
0.211
0.210
0.205
0.203
0.204
0.201
0.205
0.201
0.203
0.207
0.208
0.199
0.202
0.237
0.217
0.152
0.195
0.204
0.193
0.203
0.206
0.205
0.204
0.210
0.207
0.205
0.203
0.211
0.206
0.201
0.195
0.204
0.159
0.202
0.192
0.198
0.198
0.209
0.192
0.209
0.203
0.195
0.208
0.205
0.198
0.203
0.210
0.204
0.207
0.216
0.207
0.208
0.201
0.575
0.201
0.204
0.209
0.233
0.208
0.204
0.202
0.169
0.210
0.200
0.204
0.199
0.200
0.209
0.207
0.202
0.182
0.206
0.207
0.212
0.195
0.200
0.198
0.159
0.161
0.172
0.203
0.207
0.204
0.206
0.164
0.223
0.206
0.208
0.168
0.205
0.199
0.200
0.201
0.199
0.204
0.205
0.195
0.171
0.203
0.189
0.221
0.202
0.220
0.203
0.195
