0.719
0.215
0.177
0.216
0.230
0.224
0.230
0.243
0.222
0.229
0.228
0.232
0.235
0.235
0.232
0.205
0.190
0.197
0.206
0.192
0.208
0.210
0.210
0.256
0.207
0.203
0.209
0.195
0.202
0.219
0.205
0.205
0.157
0.197
0.162
0.210
0.196
0.219
0.196
0.229
0.196
0.221
0.211
0.204
0.207
0.211
0.206
0.219
0.197
0.201
0.197
0.196
0.224
0.214
0.211
0.198
0.240
0.233
0.202
0.208
0.206
0.195
0.207
0.207
0.205
0.157
0.238
0.243
0.237
0.237
0.209
0.202
0.193
0.204
0.211
0.209
0.199
0.206
0.208
0.203
0.205
0.209
0.207
0.188
0.234
0.207
0.203
0.203
0.205
0.239
0.210
0.207
0.225
0.218
0.236
0.200
0.186
0.229
0.233
0.242
0.207
0.236
0.233
0.237
0.234
0.220
0.168
0.199
0.211
0.212
0.207
0.223
0.243
0.202
0.234
0.204
0.195
0.194
0.215
0.211
0.222
0.205
0.205
0.246
0.234
0.204
0.195
0.160
0.222
0.202
0.191
0.198
0.200
0.225
0.237
0.221
0.189
0.210
0.206
0.206
0.173
0.198
0.207
0.223
0.207
0.203
0.207
0.202
0.208
0.189
0.220
0.181
0.192
0.192
0.207
0.204
0.191
0.212
0.184
0.237
0.204
0.226
0.169
0.228
0.227
0.210
0.221
0.204
0.193
0.198
0.210
0.203
0.201
0.220
0.206
0.197
0.211
0.158
0.223
0.194
0.200
0.203
0.237
0.201
0.235
0.173
0.198
0.198
0.211
0.184
0.205
0.232
0.238
0.206
0.237
0.208
0.194
0.200
0.210
0.208
0.206
0.240
0.202
0.237
0.239
0.205
0.230
0.222
0.206
0.200
0.208
0.205
0.210
0.205
0.214
0.203
0.195
0.211
0.207
0.665
0.160
0.199
0.206
0.208
0.204
0.203
0.212
0.207
0.222
0.206
0.204
0.192
0.193
0.210
0.219
0.162
0.198
0.238
0.230
0.232
0.205
0.208
0.203
0.152
0.211
0.212
0.203
0.207
0.239
0.240
0.201
0.183
0.233
0.225
0.229
0.210
0.227
0.232
0.234
0.233
0.203
0.204
0.230
0.219
0.158
0.197
0.195
0.204
0.232
0.235
0.209
0.202
0.204
0.235
0.232
0.196
0.200
0.201
0.243
0.235
0.196
0.206
0.184
0.232
0.246
0.206
0.206
0.226
0.233
0.232
0.208
0.208
0.208
0.207
0.219
0.206
0.187
0.209
0.180
0.189
0.198
0.236
0.231
0.207
0.235
0.223
0.222
0.204
0.207
0.219
0.202
0.212
0.182
0.180
0.235
0.203
0.188
0.201
0.197
0.239
0.215
0.199
0.196
0.222
0.210
0.208
0.202
0.229
0.212
0.214
0.206
0.199
0.164
0.194
0.198
0.204
0.208
0.233
0.199
0.236
0.197
0.129
0.207
0.169
0.183
0.197
0.208
0.208
0.212
0.236
0.204
0.208
0.206
0.225
0.199
0.196
0.201
0.233
0.189
0.238
0.199
0.206
0.204
0.208
0.197
0.205
0.192
0.228
0.203
0.204
0.209
0.230
0.243
0.234
0.204
0.157
0.229
0.201
0.232
0.202
0.204
0.205
0.208
0.214
0.234
0.207
0.201
0.207
0.220
0.202
0.201
0.203
0.206
0.205
0.232
0.211
0.199
0.204
0.207
0.208
0.177
0.202
0.208
0.220
0.211
0.201
0.168
0.229
0.206
0.204
0.210
0.234
0.226
0.237
0.237
0.211
0.193
0.212
0.230
0.223
0.211
0.210
0.203
0.205
0.210
0.206
0.202
0.203
0.207
0.234
0.205
0.208
0.209
0.231
0.193
0.203
0.203
0.575
0.237
0.234
0.209
0.204
0.234
0.206
0.231
0.168
0.203
0.234
0.236
0.231
0.208
0.243
0.215
0.220
0.212
0.206
0.192
0.196
0.197
0.219
0.205
0.208
0.195
0.229
0.238
0.212
0.214
0.189
0.183
0.227
0.222
0.237
0.204
0.211
0.252
0.205
0.191
0.151
0.237
0.163
0.196
0.199
0.205
0.208
0.198
0.224
0.202
0.207
0.204
0.214
0.210
0.193
0.211
0.207
0.221
0.208
0.194
0.238
0.194
0.160
0.209
0.205
0.198
0.162
0.232
0.210
0.214
0.208
0.242
0.218
0.209
0.206
0.206
0.170
0.193
0.205
0.202
0.208
0.207
0.223
0.206
0.238
0.230
0.238
0.189
0.233
0.202
0.208
0.207
0.211
0.157
0.236
0.234
0.232
0.227
0.204
0.193
0.197
0.222
0.204
0.204
0.202
0.194
0.219
0.219
0.210
0.205
0.207
0.195
0.213
0.211
0.214
0.205
0.209
0.214
0.208
0.200
0.206
0.169
0.213
0.204
0.186
0.237
0.233
0.235
0.204
0.233
0.236
0.238
0.195
0.198
0.202
0.209
0.206
0.199
0.203
0.197
0.220
0.250
0.204
0.207
0.194
0.199
0.205
0.223
0.207
0.205
0.237
0.238
0.236
0.203
0.194
0.167
0.220
0.196
0.204
0.206
0.237
0.234
0.238
0.205
0.206
0.201
0.207
0.199
0.201
0.207
0.209
0.206
0.247
0.211
0.206
0.201
0.209
0.204
0.198
0.193
0.209
0.234
0.232
0.204
0.230
0.211
0.182
0.237
0.205
0.165
0.204
0.241
0.241
0.209
0.222
0.219
0.209
0.209
0.207
0.195
0.206
0.196
0.200
0.205
0.204
0.203
0.209
0.219
0.205
0.203
0.205
0.203
0.194
0.200
0.199
0.206
0.204
0.183
0.205
0.194
0.228
0.206
0.229
0.202
0.229
0.183
0.228
0.211
0.199
0.203
0.236
0.231
0.156
0.634
0.164
0.212
0.202
0.220
0.195
0.206
0.214
0.231
0.209
0.205
0.204
0.204
0.199
0.193
0.165
0.203
0.203
0.206
0.204
0.205
0.238
0.233
0.237
0.226
0.196
0.214
0.246
0.206
0.160
0.208
0.196
0.233
0.218
0.211
0.186
0.200
0.197
0.209
0.211
0.203
0.222
0.212
0.236
0.226
0.205
0.187
0.225
0.238
0.233
0.205
0.230
0.235
0.234
0.233
0.205
0.205
0.205
0.191
0.197
0.211
0.205
0.221
0.196
0.211
0.207
0.196
0.253
0.238
0.164
0.200
0.202
0.205
0.205
0.246
0.205
0.214
0.185
0.238
0.237
0.210
0.198
0.204
0.239
0.233
0.202
0.205
0.207
0.211
0.234
0.205
0.243
0.210
0.204
0.234
0.207
0.200
0.204
0.234
0.205
0.204
0.205
0.208
0.201
0.198
0.204
0.189
0.192
0.169
0.237
0.204
0.242
0.205
0.234
0.232
0.197
0.197
0.218
0.203
0.237
0.207
0.245
0.233
0.235
0.202
0.204
0.191
0.198
0.221
0.236
0.205
0.236
0.235
0.210
0.234
0.210
0.206
0.192
0.198
0.185
0.210
0.210
0.203
0.205
0.238
0.205
0.189
0.219
0.163
0.212
0.199
0.196
0.210
0.206
0.204
0.209
0.210
0.203
0.198
0.203
0.205
0.204
0.219
0.252
0.207
0.210
0.199
0.211
0.241
0.198
0.159
0.196
0.208
0.222
0.207
0.197
0.235
0.238
0.238
0.232
0.200
0.230
0.186
0.197
0.204
0.204
0.233
0.206
0.238
0.232
0.211
0.206
0.221
0.192
0.212
0.197
0.230
0.207
0.205
0.206
0.197
0.166
0.205
0.214
0.199
0.206
0.229
0.234
0.242
0.234
0.206
0.204
0.209
0.208
0.213
0.209
0.171
0.193
0.220
0.213
0.196
0.210
0.215
0.234
0.237
0.205
0.193
0.178
0.243
0.223
0.162
0.205
0.184
0.584
0.234
0.205
0.202
0.241
0.195
0.226
0.198
0.218
0.209
0.211
0.206
0.209
0.193
0.205
0.211
0.204
0.168
0.195
0.213
0.209
0.208
0.203
0.207
0.207
0.211
0.221
0.209
0.169
0.196
0.188
0.235
0.210
0.189
0.204
0.191
0.191
0.209
0.198
0.208
0.198
0.204
0.213
0.217
0.207
0.209
0.232
0.214
0.211
0.211
0.191
0.199
0.198
0.199
0.220
0.205
0.209
0.204
0.202
0.206
0.194
0.162
0.183
0.195
0.192
0.203
0.201
0.209
0.234
0.205
0.234
0.220
0.205
0.199
0.195
0.197
0.205
0.213
0.203
0.206
0.243
0.205
0.203
0.232
0.206
0.225
0.195
0.243
0.229
0.204
0.227
0.206
0.160
0.228
0.238
0.239
0.230
0.197
0.194
0.207
0.205
0.204
0.206
0.234
0.235
0.239
0.231
0.208
0.192
0.197
0.206
0.204
0.196
0.232
0.207
0.232
0.232
0.209
0.222
0.193
0.222
0.211
0.200
0.184
0.236
0.244
0.239
0.215
0.231
0.233
0.194
0.204
0.210
0.204
0.204
0.210
0.208
0.214
0.209
0.208
0.206
0.198
0.198
0.195
0.204
0.205
0.206
0.206
0.247
0.236
0.241
0.203
0.204
0.182
0.164
0.204
0.208
0.203
0.207
0.238
0.226
0.225
0.206
0.253
0.206
0.192
0.235
0.198
0.205
0.204
0.204
0.200
0.203
0.190
0.207
0.175
0.200
0.196
0.228
0.204
0.207
0.210
0.209
0.207
0.199
0.184
0.197
0.238
0.205
0.204
0.233
0.231
0.212
0.192
0.234
0.206
0.212
0.210
0.197
0.192
0.205
0.244
0.205
0.205
0.203
0.214
0.231
0.204
0.238
0.203
0.199
0.192
0.206
0.191
0.205
0.161
0.161
0.209
0.205
0.201
0.196
0.225
0.209
0.204
0.159
0.204
0.206
0.208
0.208
0.220
0.220
0.192
0.201
0.586
0.228
0.219
0.223
0.205
0.204
0.243
0.207
0.247
0.240
0.177
0.197
0.206
0.194
0.165
0.200
0.227
0.206
0.210
0.208
0.191
0.206
0.199
0.211
0.204
0.210
0.209
0.207
0.231
0.204
0.207
0.228
0.212
0.235
0.198
0.209
0.206
0.197
0.208
0.203
0.189
0.195
0.222
0.206
0.197
0.200
0.234
0.234
0.238
0.207
0.233
0.241
0.231
0.226
0.203
0.185
0.201
0.199
0.218
0.206
0.192
0.209
0.204
0.231
0.197
0.210
0.217
0.198
0.240
0.202
0.224
0.208
0.215
0.237
0.207
0.204
0.192
0.232
0.198
0.207
0.203
0.235
0.232
0.210
0.203
0.197
0.203
0.207
0.206
0.177
0.193
0.198
0.205
0.201
0.203
0.203
0.211
0.210
0.237
0.206
0.194
0.196
0.197
0.205
0.205
0.207
0.192
0.166
0.227
0.206
0.225
0.204
0.229
0.225
0.209
0.206
0.209
0.207
0.205
0.204
0.191
0.208
0.207
0.167
0.193
0.234
0.238
0.211
0.229
0.205
0.229
0.244
0.217
0.235
0.207
0.203
0.195
0.211
0.158
0.212
0.202
0.241
0.204
0.238
0.209
0.212
0.205
0.196
0.207
0.204
0.241
0.192
0.197
0.236
0.207
0.224
0.235
0.165
0.213
0.211
0.195
0.208
0.206
0.207
0.210
0.203
0.226
0.219
0.195
0.158
0.205
0.221
0.233
0.201
0.204
0.235
0.236
0.225
0.232
0.203
0.199
0.201
0.205
0.205
0.204
0.206
0.206
0.178
0.236
0.203
0.198
0.197
0.213
0.244
0.208
0.204
0.215
0.207
0.230
0.197
0.165
0.208
0.178
0.199
0.204
0.206
0.238
0.231
0.240
0.209
0.207
0.220
0.241
0.240
0.199
0.196
0.208
0.227
0.208
0.209
0.210
0.405
0.224
0.251
0.214
0.194
0.207
0.236
0.218
0.207
0.201
0.181
0.233
0.644
0.203
0.202
0.195
0.231
0.212
0.207
0.196
0.212
0.208
0.203
0.212
0.204
0.196
0.211
0.196
0.204
0.231
0.190
0.231
0.234
0.204
0.201
0.212
0.205
0.211
0.177
0.195
0.206
0.188
0.224
0.162
0.229
0.210
0.237
0.240
0.204
0.165
0.204
0.226
0.217
0.223
0.205
0.205
0.211
0.212
0.206
0.202
0.194
0.204
0.206
0.210
0.207
0.208
0.199
0.234
0.209
0.205
0.206
0.192
0.162
0.201
0.206
0.206
0.197
0.241
0.200
0.221
0.163
0.176
0.234
0.205
0.191
0.206
0.240
0.218
0.203
0.206
0.231
0.234
0.233
0.216
0.169
0.233
0.209
0.243
0.237
0.201
0.205
0.241
0.167
0.159
0.209
0.208
0.191
0.202
0.205
0.234
0.238
0.233
0.241
0.204
0.209
0.208
0.219
0.232
0.201
0.202
0.207
0.213
0.227
0.205
0.211
0.152
0.206
0.251
0.170
0.206
0.235
0.231
0.229
0.209
0.189
0.236
0.237
0.232
0.207
0.197
0.232
0.233
0.233
0.206
0.211
0.205
0.208
0.240
0.198
0.208
0.204
0.199
0.197
0.162
0.191
0.200
0.201
0.205
0.196
0.189
0.208
0.204
0.163
0.202
0.190
0.166
0.208
0.197
0.205
0.197
0.228
0.237
0.232
0.206
0.200
0.195
0.242
0.237
0.206
0.194
0.207
0.205
0.212
0.196
0.202
0.196
0.198
0.207
0.200
0.234
0.199
0.230
0.246
0.209
0.221
0.235
0.172
0.219
0.206
0.197
0.207
0.239
0.234
0.210
0.206
0.197
0.211
0.184
0.197
0.201
0.220
0.211
0.217
0.197
0.204
0.231
0.238
0.237
0.206
0.195
0.193
0.205
0.213
0.198
0.232
0.217
0.216
0.190
0.205
0.209
0.198
0.197
0.234
0.211
0.205
0.211
0.207
0.196
0.212
0.232
0.234
0.226
0.227
0.200
0.212
0.614
0.220
0.205
0.207
0.207
0.205
0.219
0.205
0.196
0.205
0.207
0.234
0.191
0.166
0.199
0.218
0.233
0.204
0.200
0.202
0.197
0.209
0.217
0.204
0.199
0.209
0.242
0.237
0.209
0.204
0.165
0.211
0.212
0.206
0.193
0.232
0.210
0.209
0.198
0.207
0.227
0.209
0.203
0.210
0.185
0.235
0.232
0.221
0.209
0.233
0.238
0.241
0.197
0.201
0.195
0.229
0.220
0.203
0.204
0.210
0.219
0.211
0.204
0.209
0.178
0.197
0.206
0.205
0.204
0.207
0.241
0.229
0.233
0.209
0.210
0.213
0.224
0.233
0.205
0.209
0.240
0.239
0.233
0.220
0.225
0.198
0.216
0.233
0.164
0.203
0.209
0.203
0.204
0.204
0.231
0.203
0.206
0.202
0.170
0.213
0.204
0.192
0.231
0.203
0.244
0.193
0.158
0.205
0.204
0.164
0.199
0.241
0.228
0.205
0.198
0.199
0.223
0.202
0.204
0.246
0.234
0.210
0.208
0.212
0.207
0.231
0.194
0.223
0.204
0.205
0.219
0.204
0.191
0.189
0.207
0.228
0.204
0.185
0.206
0.240
0.233
0.392
0.234
0.166
0.191
0.196
0.218
0.221
0.206
0.217
0.242
0.238
0.220
0.211
0.195
0.205
0.193
0.205
0.206
0.209
0.211
0.204
0.219
0.207
0.209
0.206
0.435
0.197
0.158
0.207
0.204
0.404
0.209
0.204
0.234
0.232
0.171
0.227
0.198
0.203
0.204
0.352
0.206
0.209
0.208
0.233
0.438
0.230
0.181
0.213
0.202
0.200
0.239
0.206
0.199
0.233
0.204
0.233
0.197
0.165
0.207
0.199
0.236
0.164
0.236
0.236
0.208
0.236
0.210
0.203
0.232
0.204
0.224
0.208
0.197
0.203
0.212
0.236
0.206
0.198
0.218
0.205
0.227
0.208
0.199
0.210
0.207
0.237
0.205
0.208
0.160
0.231
0.243
0.601
0.202
0.197
0.186
0.238
0.210
0.209
0.204
0.202
0.235
0.207
0.204
0.165
0.192
0.240
0.208
0.213
0.203
0.238
0.239
0.205
0.188
0.209
0.176
0.209
0.202
0.218
0.212
0.190
0.237
0.205
0.157
0.204
0.232
0.197
0.202
0.197
0.217
0.232
0.207
0.210
0.202
0.236
0.232
0.241
0.210
0.198
0.196
0.232
0.219
0.208
0.204
0.227
0.254
0.234
0.204
0.208
0.166
0.188
0.159
0.204
0.204
0.204
0.205
0.234
0.207
0.206
0.206
0.210
0.197
0.204
0.205
0.222
0.239
0.209
0.209
0.213
0.206
0.228
0.212
0.196
0.238
0.256
0.221
0.244
0.208
0.204
0.219
0.228
0.204
0.160
0.195
0.191
0.204
0.207
0.206
0.230
0.234
0.234
0.239
0.212
0.198
0.162
0.197
0.234
0.205
0.210
0.203
0.160
0.225
0.209
0.216
0.218
0.206
0.225
0.209
0.216
0.227
0.206
0.205
0.210
0.182
0.234
0.231
0.228
0.197
0.233
0.240
0.240
0.236
0.211
0.204
0.242
0.236
0.231
0.205
0.168
0.205
0.221
0.244
0.205
0.198
0.206
0.208
0.232
0.209
0.160
0.207
0.205
0.210
0.203
0.192
0.166
0.204
0.235
0.211
0.211
0.205
0.233
0.223
0.205
0.208
0.208
0.202
0.203
