0.290
0.243
0.232
0.193
0.207
0.210
0.206
0.208
0.209
0.610
0.193
0.167
0.203
0.199
0.207
0.209
0.211
0.207
0.212
0.203
0.199
0.212
0.204
0.204
0.205
0.211
0.209
0.199
0.191
0.272
0.210
0.209
0.210
0.228
0.207
0.200
0.195
0.204
0.202
0.213
0.207
0.207
0.202
0.198
0.199
0.202
0.210
0.204
0.205
0.203
0.202
0.210
0.209
0.208
0.199
0.205
0.204
0.197
0.209
0.211
0.204
0.203
0.634
0.169
0.208
0.201
0.205
0.207
0.210
0.202
0.196
0.203
0.176
0.207
0.203
0.153
0.212
0.209
0.206
0.197
0.210
0.202
0.214
0.203
0.206
0.195
0.203
0.158
0.211
0.206
0.205
0.195
0.204
0.207
0.208
0.194
0.201
0.198
0.197
0.204
0.204
0.202
0.204
0.210
0.195
0.218
0.203
0.216
0.203
0.236
0.204
0.204
0.212
0.199
0.207
0.590
0.210
0.244
0.210
0.204
0.207
0.195
0.203
0.203
0.188
0.208
0.205
0.201
0.205
0.212
0.211
0.206
0.209
0.210
0.209
0.210
0.216
0.210
0.212
0.202
0.195
0.209
0.204
0.201
0.204
0.201
0.201
0.199
0.206
0.217
0.203
0.160
0.210
0.218
0.208
0.204
0.194
0.208
0.168
0.214
0.203
0.204
0.204
0.223
0.213
0.200
0.205
0.169
0.663
0.204
0.202
0.202
0.203
0.206
0.161
0.204
0.208
0.203
0.204
0.205
0.202
0.207
0.204
0.200
0.208
0.198
0.204
0.208
0.207
0.201
0.202
0.209
0.201
0.204
0.206
0.208
0.205
0.203
0.217
0.202
0.203
0.199
0.208
0.206
0.206
0.205
0.204
0.199
0.198
0.207
0.194
0.210
0.207
0.208
0.196
0.204
0.206
0.199
0.205
0.203
0.207
0.628
0.160
0.199
0.204
0.208
0.199
0.206
0.203
0.206
0.205
0.207
0.159
0.203
0.226
0.201
0.202
0.206
0.201
0.207
0.205
0.206
0.197
0.201
0.196
0.202
0.209
0.202
0.205
0.204
0.204
0.200
0.200
0.198
0.208
0.208
0.209
0.207
0.210
0.208
0.198
0.197
0.601
0.197
0.206
0.204
0.199
0.204
0.201
0.208
0.246
0.190
0.226
0.203
0.203
0.202
0.202
0.205
0.197
0.202
0.202
0.210
0.199
0.213
0.204
0.215
0.206
0.195
0.207
0.217
0.203
0.217
0.208
0.201
0.203
0.207
0.197
0.215
0.202
0.209
0.205
0.206
0.206
0.622
0.208
0.160
0.203
0.204
0.205
0.208
0.205
0.203
0.199
0.192
0.188
0.203
0.203
0.204
0.208
0.196
0.194
0.195
0.205
0.196
0.215
0.214
0.202
0.214
0.203
0.203
0.199
0.205
0.208
0.208
0.208
0.224
0.201
0.197
0.207
0.197
0.201
0.205
0.205
0.198
0.608
0.203
0.202
0.204
0.195
0.203
0.200
0.208
0.206
0.205
0.193
0.202
0.212
0.198
0.206
0.210
0.203
0.203
0.206
0.163
0.199
0.205
0.193
0.197
0.200
0.202
0.219
0.212
0.203
0.194
0.203
0.199
0.212
0.206
0.204
0.208
0.204
0.202
0.195
0.210
0.161
0.619
0.211
0.205
0.207
0.199
0.225
0.199
0.206
0.203
0.202
0.210
0.209
0.203
0.204
0.203
0.196
0.216
0.206
0.203
0.212
0.203
0.200
0.202
0.208
0.198
0.202
0.195
0.207
0.205
0.208
0.216
0.193
0.208
0.182
0.212
0.205
0.203
0.205
0.210
0.206
0.201
0.617
0.203
0.199
0.222
0.207
0.170
0.212
0.205
0.212
0.209
0.203
0.204
0.204
0.218
0.196
0.210
0.204
0.195
0.207
0.195
0.202
0.197
0.213
0.199
0.206
0.209
0.191
0.204
0.206
0.204
0.212
0.204
0.218
0.196
0.206
0.201
0.201
0.206
0.204
0.206
0.199
0.617
0.199
0.248
0.194
0.193
0.196
0.207
0.204
0.204
0.200
0.198
0.205
0.165
0.207
0.207
0.199
0.206
0.194
0.206
0.199
0.206
0.211
0.203
0.204
0.209
0.212
0.199
0.206
0.198
0.203
0.209
0.208
0.210
0.205
0.216
0.198
0.194
0.196
0.205
0.212
0.203
0.593
0.235
0.222
0.199
0.208
0.171
0.204
0.202
0.202
0.203
0.202
0.205
0.194
0.210
0.205
0.207
0.204
0.200
0.202
0.199
0.202
0.195
0.207
0.210
0.205
0.209
0.208
0.209
0.203
0.211
0.196
0.210
0.199
0.214
0.633
0.204
0.205
0.196
0.205
0.198
0.208
0.208
0.200
0.216
0.207
0.203
0.195
0.203
0.185
0.205
0.205
0.202
0.208
0.195
0.202
0.199
0.202
0.193
0.205
0.202
0.204
0.209
0.204
0.160
0.200
0.206
0.161
0.196
0.618
0.204
0.207
0.201
0.202
0.205
0.202
0.208
0.195
0.204
0.209
0.202
0.193
0.209
0.198
0.203
0.199
0.210
0.202
0.206
0.204
0.202
0.205
0.197
0.211
0.239
0.202
0.202
0.247
0.203
0.205
0.206
0.170
0.210
0.736
0.209
0.205
0.202
0.202
0.197
0.203
0.205
0.374
0.517
0.522
0.501
0.508
0.459
0.406
0.420
0.364
0.384
0.316
0.348
0.247
0.249
0.285
0.198
0.136
0.174
0.150
0.133
0.133
0.135
0.131
0.133
0.133
0.131
0.558
0.130
0.174
0.169
0.197
0.229
0.197
0.169
0.196
0.200
0.156
0.202
0.202
0.201
0.196
0.200
0.178
0.202
0.198
0.197
0.209
0.205
0.202
0.206
0.207
0.208
0.205
0.205
0.203
0.205
0.204
0.206
0.205
0.203
0.616
0.197
0.207
0.201
0.206
0.204
0.203
0.161
0.202
0.208
0.208
0.207
0.204
0.208
0.203
0.215
0.201
0.214
0.207
0.204
0.201
0.207
0.195
0.196
0.209
0.197
0.209
0.205
0.207
0.205
0.195
0.210
0.196
0.212
0.616
0.206
0.202
0.214
0.193
0.207
0.207
0.197
0.202
0.204
0.201
0.208
0.203
0.196
0.194
0.203
0.200
0.203
0.206
0.209
0.206
0.225
0.204
0.201
0.206
0.201
0.209
0.203
0.209
0.210
0.208
0.210
0.198
0.207
0.577
0.221
0.212
0.203
0.225
0.225
0.186
0.172
0.209
0.182
0.203
0.206
0.163
0.200
0.203
0.199
0.196
0.203
0.203
0.201
0.205
0.206
0.204
0.199
0.204
0.199
0.203
0.203
0.217
0.210
0.200
0.191
0.206
0.206
0.617
0.204
0.209
0.162
0.194
0.206
0.207
0.201
0.205
0.205
0.202
0.208
0.203
0.209
0.209
0.227
0.207
0.203
0.177
0.207
0.207
0.211
0.205
0.207
0.208
0.197
0.203
0.206
0.202
0.202
0.207
0.207
0.202
0.206
0.194
0.207
0.202
0.208
0.216
0.198
0.222
0.199
0.205
0.196
0.207
0.208
0.620
0.208
0.204
0.226
0.194
0.203
0.196
0.207
0.202
0.207
0.202
0.205
0.205
0.200
0.191
0.168
0.209
0.208
0.198
0.209
0.204
0.204
0.194
0.206
0.196
0.205
0.209
0.203
0.210
0.224
0.205
0.195
0.202
0.204
0.204
0.204
0.208
0.208
0.199
0.197
0.198
0.204
0.198
0.206
0.211
0.225
0.592
0.196
0.196
0.201
0.210
0.202
0.205
0.227
0.217
0.205
0.201
0.202
0.206
0.207
0.204
0.205
0.211
0.205
0.203
0.199
0.205
0.169
0.210
0.205
0.209
0.207
0.207
0.203
0.197
0.203
0.195
0.204
0.201
0.205
0.206
0.204
0.201
0.200
0.207
0.217
0.194
0.214
0.201
0.211
0.196
0.206
0.606
0.204
0.205
0.195
0.208
0.203
0.198
0.198
0.205
0.197
0.208
0.202
0.205
0.205
0.204
0.171
0.197
0.204
0.180
0.215
0.218
0.191
0.198
0.203
0.212
0.197
0.194
0.188
0.204
0.204
0.209
0.204
0.196
0.210
0.194
0.204
0.202
0.207
0.207
0.207
0.204
0.196
0.204
0.199
0.210
0.206
0.620
0.158
0.203
0.204
0.199
0.195
0.196
0.161
0.203
0.205
0.219
0.213
0.205
0.199
0.200
0.200
0.209
0.205
0.207
0.213
0.202
0.206
0.198
0.210
0.202
0.208
0.205
0.247
0.214
0.228
0.208
0.191
0.209
0.189
0.211
0.204
0.204
0.211
0.204
0.203
0.195
0.199
0.187
0.205
0.211
0.224
0.650
0.199
0.212
0.202
0.194
0.204
0.195
0.195
0.204
0.203
0.200
0.208
0.195
0.200
0.208
0.202
0.157
0.203
0.208
0.197
0.203
0.169
0.209
0.202
0.209
0.205
0.201
0.206
0.204
0.208
0.169
0.203
0.212
0.204
0.207
0.219
0.201
0.204
0.201
0.212
0.204
0.205
0.204
0.207
0.209
0.199
0.608
0.169
0.202
0.213
0.203
0.207
0.211
0.200
0.209
0.194
0.216
0.200
0.204
0.205
0.206
0.207
0.201
0.207
0.200
0.213
0.205
0.203
0.212
0.202
0.205
0.193
0.206
0.195
0.209
0.203
0.202
0.208
0.159
0.205
0.195
0.202
0.190
0.209
0.204
0.209
0.195
0.219
0.201
0.202
0.206
0.208
0.622
0.202
0.203
0.203
0.201
0.207
0.196
0.207
0.202
0.228
0.208
0.205
0.209
0.204
0.208
0.194
0.204
0.159
0.207
0.202
0.207
0.204
0.204
0.211
0.169
0.167
0.216
0.216
0.210
0.155
0.207
0.201
0.212
0.188
0.204
0.203
0.208
0.206
0.207
0.201
0.195
0.205
0.180
0.206
0.166
0.206
0.202
0.203
0.156
0.197
0.209
0.208
0.623
0.209
0.204
0.199
0.200
0.204
0.229
0.204
0.207
0.212
0.210
0.161
0.205
0.197
0.210
0.200
0.204
0.202
0.202
0.209
0.206
0.211
0.198
0.204
0.166
0.205
0.202
0.157
0.207
0.204
0.204
0.195
0.205
0.176
0.209
0.245
0.217
0.193
0.209
0.196
0.199
0.206
0.206
0.209
0.201
0.204
0.207
0.204
0.202
0.196
0.211
0.205
0.626
0.203
0.206
0.208
0.207
0.208
0.160
0.206
0.199
0.202
0.208
0.210
0.206
0.193
0.210
0.198
0.215
0.202
0.204
0.206
0.205
0.207
0.195
0.160
0.189
0.204
0.199
0.205
0.201
0.210
0.201
0.198
0.205
0.178
0.202
0.207
0.204
0.160
0.205
0.192
0.198
0.226
0.206
0.211
0.208
0.203
0.205
0.163
0.204
0.199
0.207
0.206
0.627
0.203
0.207
0.205
0.197
0.204
0.201
0.204
0.203
0.202
0.210
0.201
0.205
0.196
0.209
0.199
0.158
0.206
0.160
0.206
0.205
0.203
0.194
0.203
0.175
0.205
0.199
0.212
0.208
0.207
0.204
0.197
0.201
0.195
0.209
0.215
0.206
0.207
0.204
0.208
0.200
0.208
0.214
0.224
0.203
0.209
0.214
0.159
0.207
0.200
0.211
0.199
0.626
0.207
0.210
0.208
0.196
0.206
0.194
0.157
0.157
0.204
0.202
0.202
0.205
0.199
0.203
0.167
0.205
0.196
0.201
0.203
0.208
0.210
0.197
0.202
0.167
0.208
0.159
0.209
0.196
0.202
0.209
0.198
0.204
0.208
0.204
0.207
0.200
0.203
0.194
0.208
0.202
0.211
0.244
0.219
0.197
0.204
0.207
0.196
0.202
0.203
0.214
0.209
0.626
0.214
0.208
0.207
0.196
0.159
0.196
0.224
0.209
0.203
0.203
0.204
0.210
0.203
0.204
0.161
0.210
0.207
0.208
0.207
0.209
0.204
0.199
0.204
0.181
0.204
0.205
0.203
0.209
0.202
0.205
0.201
0.217
0.208
0.208
0.209
0.159
0.162
0.201
0.160
0.198
0.206
0.208
0.207
0.211
0.208
0.410
0.202
0.431
0.370
0.367
0.331
0.865
0.203
0.209
0.193
0.204
0.206
0.194
0.203
0.202
0.205
0.205
0.205
0.195
0.200
0.204
0.158
0.204
0.205
0.205
0.205
0.208
0.203
0.198
0.208
0.217
0.209
0.207
0.202
0.203
0.199
0.201
0.197
0.201
0.203
0.204
0.213
0.206
0.205
0.194
0.209
0.197
0.213
0.207
0.616
0.205
0.204
0.159
0.199
0.195
0.202
0.194
0.204
0.202
0.211
0.203
0.205
0.186
0.169
0.184
0.210
0.208
0.202
0.201
0.205
0.203
0.197
0.204
0.168
0.192
0.210
0.217
0.225
0.210
0.203
0.205
0.246
0.208
0.158
0.220
0.195
0.206
0.192
0.210
0.193
0.216
0.182
0.555
0.239
0.204
0.204
0.194
0.197
0.202
0.206
0.203
0.202
0.200
0.204
0.204
0.201
0.203
0.185
0.201
0.205
0.207
0.205
0.203
0.207
0.158
0.225
0.171
0.206
0.202
0.210
0.205
0.204
0.203
0.199
0.201
0.203
0.209
0.206
0.159
0.212
0.206
0.224
0.194
0.217
0.200
0.618
0.203
0.204
0.212
0.200
0.204
0.208
0.214
0.206
0.203
0.160
0.202
0.204
0.196
0.206
0.200
0.202
0.203
0.204
0.221
0.201
0.209
0.198
0.205
0.194
0.210
0.216
0.225
0.204
0.201
0.208
0.198
0.213
0.170
0.206
0.203
0.204
0.206
0.208
0.200
0.196
0.161
0.211
0.627
0.206
0.214
0.201
0.210
0.200
0.214
0.202
0.148
0.236
0.204
0.194
0.184
0.204
0.176
0.199
0.205
0.224
0.210
0.202
0.207
0.202
0.196
0.206
0.200
0.224
0.197
0.203
0.207
0.158
0.204
0.202
0.203
0.167
0.204
0.212
0.207
0.202
0.215
0.201
0.203
0.214
0.190
0.632
0.198
0.199
0.204
0.205
0.216
0.200
0.204
0.204
0.207
0.212
0.207
0.202
0.194
0.210
0.194
0.206
0.158
0.205
0.207
0.203
0.202
0.196
0.202
0.200
0.204
0.208
0.194
0.215
0.202
0.204
0.197
0.203
0.199
0.202
0.215
0.207
0.210
0.204
0.209
0.203
0.202
0.184
0.210
0.700
0.204
0.208
0.210
0.160
0.201
0.204
0.180
0.202
0.206
0.202
0.205
0.207
0.195
0.191
0.203
0.203
0.206
0.205
0.195
0.206
0.200
0.206
0.194
0.205
0.204
0.192
0.203
0.204
0.202
0.198
0.194
0.196
0.202
0.204
0.164
0.212
0.204
0.204
0.231
0.223
0.191
0.207
0.243
0.602
0.195
0.204
0.248
0.206
0.207
0.167
0.204
0.204
0.205
0.197
0.251
0.207
0.198
0.210
0.199
0.204
0.203
0.208
0.202
0.198
0.204
0.154
0.206
0.208
0.209
0.203
0.158
0.205
0.196
0.206
0.196
0.196
0.630
0.203
0.208
0.200
0.209
0.195
0.209
0.193
0.203
0.206
0.245
0.202
0.204
0.209
0.199
0.206
0.172
0.203
0.209
0.204
0.158
0.209
0.207
0.201
0.205
0.169
0.204
0.210
0.209
0.218
0.204
0.202
0.203
0.628
0.207
0.207
0.201
0.204
0.203
0.226
0.211
0.203
0.208
0.204
0.215
0.204
0.205
0.210
0.195
0.203
0.195
0.158
0.204
0.204
0.202
0.204
0.203
0.206
0.205
0.201
0.199
0.209
0.202
0.203
0.208
0.211
0.615
0.204
0.173
0.206
0.216
0.205
0.203
0.206
0.205
0.196
0.206
0.197
0.204
0.202
0.205
0.203
0.159
0.227
0.199
0.202
0.214
0.202
0.208
0.213
0.212
0.218
0.201
0.213
0.209
0.203
0.209
0.204
0.206
0.623
0.192
0.200
0.206
0.243
0.203
0.203
0.204
0.224
0.206
0.194
0.206
0.198
0.202
0.159
0.203
0.200
0.204
0.191
0.194
0.216
0.189
0.209
0.211
0.204
0.203
0.213
0.202
0.196
0.208
0.193
0.209
0.206
0.613
0.205
0.207
0.208
0.196
0.208
0.201
0.198
0.202
0.206
0.204
0.195
0.159
0.198
0.209
0.207
0.205
0.202
0.206
0.208
0.200
0.203
0.201
0.207
0.208
0.206
0.236
0.211
0.196
0.193
0.209
0.175
0.208
0.628
0.202
0.203
0.210
0.202
0.200
0.212
0.168
0.195
0.202
0.158
0.204
0.203
0.201
0.196
0.202
0.214
0.204
0.207
0.206
0.209
0.209
0.201
0.196
0.209
0.203
0.211
0.209
0.209
0.197
0.200
0.208
0.202
0.612
0.201
0.209
0.204
0.215
0.225
0.199
0.199
0.155
0.205
0.202
0.205
0.194
0.203
0.202
0.198
0.204
0.174
0.240
0.199
0.162
0.203
0.208
0.206
0.203
0.209
0.176
0.207
0.211
0.199
0.204
0.208
0.205
0.610
0.208
0.203
0.212
0.200
0.202
0.157
0.204
0.207
0.197
0.202
0.205
0.203
0.211
0.205
0.206
0.203
0.216
0.198
