0.288
0.200
0.260
0.193
0.209
0.237
0.212
0.193
0.215
0.214
0.212
0.212
0.201
0.196
0.211
0.203
0.198
0.210
0.208
0.208
0.201
0.198
0.210
0.238
0.206
0.202
0.212
0.206
0.206
0.208
0.204
0.204
0.219
0.207
0.192
0.167
0.212
0.211
0.202
0.197
0.211
0.209
0.207
0.170
0.219
0.204
0.195
0.255
0.200
0.200
0.218
0.213
0.172
0.206
0.203
0.231
0.215
0.166
0.197
0.209
0.172
0.191
0.211
0.206
0.207
0.210
0.204
0.207
0.212
0.203
0.216
0.210
0.209
0.219
0.210
0.199
0.207
0.209
0.206
0.200
0.207
0.159
0.206
0.214
0.199
0.207
0.212
0.204
0.215
0.220
0.183
0.206
0.210
0.198
0.206
0.254
0.207
0.206
0.209
0.208
0.209
0.211
0.214
0.208
0.212
0.204
0.216
0.206
0.218
0.230
0.216
0.172
0.212
0.230
0.202
0.207
0.212
0.245
0.208
0.161
0.201
0.209
0.216
0.201
0.210
0.198
0.211
0.232
0.216
0.170
0.208
0.206
0.199
0.205
0.206
0.204
0.207
0.208
0.171
0.206
0.217
0.232
0.213
0.198
0.207
0.211
0.213
0.201
0.207
0.206
0.210
0.243
0.210
0.209
0.212
0.216
0.190
0.214
0.218
0.235
0.213
0.204
0.198
0.207
0.212
0.188
0.208
0.220
0.207
0.210
0.207
0.205
0.208
0.208
0.208
0.210
0.212
0.205
0.212
0.207
0.206
0.162
0.217
0.250
0.203
0.217
0.208
0.207
0.204
0.211
0.210
0.206
0.214
0.194
0.214
0.213
0.209
0.245
0.214
0.206
0.223
0.206
0.204
0.211
0.208
0.227
0.203
0.219
0.207
0.247
0.209
0.199
0.213
0.238
0.200
0.251
0.203
0.241
0.211
0.206
0.199
0.210
0.207
0.211
0.203
0.212
0.208
0.217
0.211
0.207
0.215
0.209
0.207
0.206
0.207
0.208
0.217
0.222
0.198
0.210
0.209
0.208
0.177
0.161
0.208
0.240
0.211
0.198
0.214
0.218
0.210
0.201
0.211
0.220
0.215
0.220
0.204
0.226
0.230
0.208
0.187
0.248
0.235
0.205
0.208
0.199
0.214
0.205
0.210
0.227
0.214
0.211
0.210
0.210
0.208
0.208
0.207
0.210
0.247
0.202
0.213
0.202
0.208
0.200
0.211
0.205
0.209
0.158
0.198
0.194
0.201
0.211
0.205
0.207
0.207
0.238
0.208
0.197
0.208
0.207
0.211
0.195
0.208
0.207
0.212
0.169
0.199
0.205
0.205
0.220
0.200
0.218
0.206
0.222
0.216
0.201
0.208
0.197
0.208
0.214
0.213
0.201
0.213
0.209
0.200
0.245
0.213
0.201
0.199
0.219
0.210
0.215
0.212
0.198
0.216
0.219
0.207
0.179
0.208
0.206
0.213
0.236
0.203
0.222
0.209
0.205
0.179
0.208
0.210
0.238
0.216
0.199
0.208
0.203
0.210
0.180
0.212
0.221
0.214
0.209
0.209
0.210
0.209
0.208
0.178
0.221
0.208
0.161
0.210
0.204
0.213
0.213
0.207
0.228
0.213
0.211
0.208
0.219
0.197
0.209
0.211
0.232
0.211
0.240
0.212
0.213
0.220
0.193
0.210
0.212
0.207
0.207
0.206
0.210
0.204
0.206
0.204
0.237
0.209
0.231
0.208
0.196
0.206
0.238
0.201
0.205
0.199
0.210
0.206
0.222
0.201
0.207
0.210
0.220
0.208
0.161
0.208
0.200
0.210
0.200
0.213
0.209
0.199
0.194
0.213
0.220
0.206
0.208
0.201
0.155
0.208
0.246
0.191
0.208
0.213
0.199
0.214
0.206
0.166
0.209
0.207
0.166
0.210
0.211
0.207
0.246
0.200
0.200
0.217
0.198
0.175
0.209
0.213
0.231
0.215
0.210
0.169
0.216
0.211
0.182
0.211
0.206
0.199
0.200
0.164
0.206
0.212
0.205
0.207
0.244
0.215
0.206
0.210
0.193
0.205
0.214
0.207
0.214
0.213
0.246
0.207
0.205
0.203
0.208
0.212
0.241
0.208
0.211
0.207
0.212
0.212
0.177
0.210
0.210
0.206
0.219
0.204
0.234
0.212
0.213
0.202
0.208
0.209
0.213
0.211
0.231
0.213
0.203
0.209
0.198
0.209
0.213
0.209
0.213
0.201
0.213
0.208
0.216
0.202
0.218
0.214
0.205
0.207
0.202
0.211
0.214
0.214
0.197
0.212
0.208
0.209
0.206
0.206
0.198
0.205
0.223
0.176
0.205
0.204
0.206
0.213
0.202
0.217
0.206
0.209
0.194
0.209
0.207
0.213
0.212
0.200
0.209
0.214
0.160
0.177
0.210
0.213
0.236
0.211
0.200
0.210
0.208
0.208
0.170
0.213
0.243
0.210
0.219
0.199
0.239
0.208
0.215
0.200
0.218
0.207
0.219
0.207
0.195
0.216
0.215
0.213
0.219
0.206
0.195
0.213
0.206
0.200
0.209
0.210
0.239
0.211
0.219
0.208
0.209
0.208
0.205
0.208
0.207
0.213
0.203
0.200
0.197
0.212
0.210
0.200
0.208
0.207
0.207
0.209
0.198
0.213
0.212
0.208
0.200
0.210
0.164
0.213
0.213
0.198
0.204
0.190
0.166
0.203
0.226
0.209
0.220
0.209
0.201
0.203
0.212
0.211
0.199
0.214
0.216
0.221
0.208
0.200
0.203
0.209
0.217
0.181
0.213
0.207
0.208
0.207
0.219
0.209
0.207
0.205
0.173
0.210
0.201
0.209
0.211
0.200
0.208
0.210
0.209
0.190
0.208
0.211
0.212
0.215
0.200
0.211
0.219
0.207
0.201
0.212
0.212
0.209
0.215
0.200
0.208
0.208
0.214
0.211
0.163
0.211
0.205
0.209
0.195
0.210
0.208
0.204
0.196
0.212
0.212
0.210
0.207
0.199
0.207
0.174
0.211
0.210
0.197
0.236
0.242
0.211
0.201
0.213
0.206
0.211
0.207
0.208
0.207
0.206
0.212
0.206
0.221
0.213
0.211
0.216
0.197
0.210
0.212
0.222
0.191
0.209
0.212
0.212
0.207
0.205
0.205
0.215
0.236
0.209
0.217
0.208
0.226
0.207
0.199
0.211
0.214
0.210
0.214
0.213
0.202
0.208
0.159
0.199
0.212
0.209
0.202
0.176
0.235
0.212
0.205
0.211
0.196
0.210
0.208
0.205
0.164
0.208
0.209
0.210
0.246
0.201
0.202
0.210
0.238
0.193
0.219
0.248
0.215
0.210
0.227
0.207
0.215
0.208
0.205
0.215
0.205
0.207
0.223
0.202
0.238
0.215
0.206
0.207
0.196
0.209
0.213
0.209
0.203
0.209
0.213
0.213
0.200
0.204
0.206
0.207
0.221
0.204
0.211
0.201
0.221
0.210
0.201
0.210
0.162
0.217
0.199
0.207
0.195
0.225
0.207
0.214
0.232
0.196
0.209
0.223
0.201
0.209
0.205
0.201
0.192
0.209
0.205
0.223
0.200
0.209
0.206
0.210
0.220
0.165
0.221
0.215
0.206
0.203
0.209
0.210
0.209
0.214
0.201
0.208
0.212
0.208
0.202
0.212
0.223
0.207
0.205
0.203
0.202
0.211
0.222
0.208
0.198
0.215
0.208
0.204
0.205
0.211
0.251
0.209
0.166
0.208
0.212
0.208
0.207
0.201
0.162
0.207
0.219
0.208
0.201
0.224
0.253
0.206
0.202
0.214
0.204
0.216
0.206
0.209
0.224
0.207
0.220
0.201
0.208
0.225
0.221
0.211
0.202
0.217
0.213
0.206
0.223
0.207
0.203
0.213
0.196
0.206
0.215
0.211
0.233
0.209
0.207
0.213
0.215
0.211
0.196
0.209
0.207
0.206
0.204
0.209
0.207
0.211
0.209
0.205
0.215
0.208
0.206
0.204
0.244
0.213
0.233
0.216
0.204
0.210
0.227
0.211
0.177
0.215
0.202
0.216
0.215
0.202
0.215
0.209
0.206
0.205
0.219
0.206
0.245
0.206
0.199
0.211
0.251
0.199
0.169
0.213
0.205
0.213
0.208
0.201
0.209
0.209
0.214
0.177
0.203
0.206
0.216
0.208
0.198
0.210
0.206
0.215
0.173
0.212
0.206
0.210
0.221
0.199
0.223
0.201
0.241
0.216
0.208
0.207
0.223
0.214
0.200
0.212
0.232
0.211
0.215
0.211
0.220
0.208
0.220
0.205
0.229
0.176
0.155
0.209
0.212
0.217
0.204
0.208
0.203
0.219
0.206
0.213
0.223
0.206
0.220
0.211
0.211
0.200
0.209
0.214
0.233
0.214
0.198
0.214
0.217
0.209
0.198
0.212
0.221
0.206
0.223
0.199
0.220
0.210
0.206
0.198
0.225
0.208
0.439
0.438
0.423
0.438
0.381
0.372
0.353
0.452
0.436
0.447
0.448
0.441
0.447
0.209
0.207
0.203
0.202
0.209
0.201
0.203
0.199
0.213
0.207
0.217
0.187
0.209
0.159
0.206
0.209
0.207
0.203
0.209
0.219
0.171
0.205
0.209
0.204
0.210
0.193
0.210
0.206
0.199
0.181
0.215
0.211
0.212
0.207
0.204
0.234
0.215
0.246
0.211
0.203
0.205
0.220
0.209
0.200
0.210
0.212
0.210
0.209
0.208
0.212
0.211
0.234
0.207
0.215
0.203
0.213
0.210
0.223
0.212
0.211
0.214
0.160
0.208
0.202
0.210
0.214
0.205
0.241
0.206
0.206
0.200
0.206
0.213
0.212
0.209
0.160
0.206
0.215
0.210
0.199
0.211
0.216
0.207
0.220
0.210
0.230
0.217
0.215
0.207
0.207
0.218
0.209
0.208
0.200
0.216
0.208
0.203
0.203
0.132
0.238
0.209
0.216
0.204
0.204
0.212
0.229
0.202
0.236
0.215
0.219
0.206
0.210
0.207
0.194
0.217
0.175
0.211
0.209
0.206
0.206
0.210
0.202
0.207
0.241
0.184
0.235
0.220
0.206
0.201
0.233
0.209
0.206
0.215
0.187
0.211
0.229
0.206
0.158
0.204
0.160
0.213
0.252
0.195
0.238
0.219
0.206
0.207
0.196
0.206
0.204
0.210
0.207
0.206
0.207
0.166
0.219
0.209
0.206
0.211
0.205
0.214
0.226
0.223
0.210
0.211
0.202
0.207
0.205
0.211
0.201
0.205
0.247
0.207
0.225
0.200
0.207
0.207
0.221
0.165
0.198
0.215
0.207
0.206
0.208
0.209
0.206
0.217
0.220
0.205
0.209
0.208
0.195
0.203
0.197
0.202
0.222
0.207
0.200
0.211
0.160
0.214
0.197
0.206
0.208
0.212
0.231
0.206
0.210
0.211
0.234
0.206
0.202
0.209
0.214
0.211
0.194
0.218
0.204
0.218
0.176
0.224
0.245
0.212
0.207
0.200
0.214
0.208
0.238
0.178
0.203
0.208
0.208
0.208
0.194
0.214
0.208
0.209
0.201
0.208
0.210
0.203
0.223
0.199
0.214
0.198
0.213
0.211
0.206
0.210
0.215
0.212
0.196
0.210
0.210
0.212
0.216
0.207
0.207
0.211
0.234
0.200
0.161
0.212
0.209
0.204
0.219
0.207
0.204
0.207
0.215
0.211
0.206
0.208
0.216
0.205
0.205
0.203
0.207
0.205
0.209
0.200
0.210
0.209
0.194
0.196
0.213
0.212
0.162
0.210
0.206
0.208
0.208
0.198
0.205
0.210
0.226
0.200
0.211
0.206
0.204
0.215
0.217
0.206
0.213
0.213
0.198
0.211
0.210
0.209
0.205
0.200
0.206
0.203
0.210
0.201
0.205
0.206
0.206
0.209
0.198
0.211
0.236
0.207
0.156
0.217
0.207
0.215
0.221
0.203
0.214
0.212
0.207
0.188
0.217
0.214
0.208
0.211
0.225
0.209
0.211
0.216
0.208
0.171
0.224
0.210
0.216
0.200
0.192
0.209
0.201
0.211
0.210
0.213
0.216
0.211
0.196
0.211
0.222
0.206
0.232
0.217
0.207
0.206
0.207
0.203
0.219
0.211
0.207
0.217
0.236
0.198
0.200
0.216
0.197
0.211
0.214
0.211
0.204
0.215
0.206
0.211
0.202
0.198
0.211
0.220
0.160
0.165
0.198
0.214
0.204
0.211
0.201
0.211
0.248
0.210
0.231
0.207
0.221
0.179
0.211
0.201
0.209
0.206
0.209
0.216
0.201
0.207
0.210
0.210
0.191
0.211
0.225
0.211
0.190
0.206
0.250
0.207
0.237
0.198
0.234
0.210
0.206
0.209
0.207
0.202
0.243
0.206
0.166
0.208
0.244
0.213
0.202
0.203
0.226
0.213
0.210
0.163
0.208
0.213
0.209
0.208
0.201
0.212
0.211
0.216
0.173
0.210
0.164
0.206
0.231
0.208
0.202
0.207
0.209
0.207
0.210
0.216
0.200
0.217
0.202
0.206
0.210
0.210
0.219
0.213
0.166
0.214
0.201
0.210
0.205
0.205
0.216
0.206
0.206
0.212
0.218
0.217
0.198
0.209
0.204
0.217
0.221
0.163
0.205
0.206
0.206
0.208
0.205
0.199
0.213
0.212
0.202
0.210
0.205
0.205
0.204
0.212
0.214
0.209
0.233
0.199
0.213
0.210
0.201
0.208
0.206
0.207
0.210
0.211
0.158
0.217
0.207
0.208
0.208
0.209
0.210
0.211
0.208
0.200
0.213
0.212
0.207
0.210
0.220
0.205
0.222
0.236
0.201
0.221
0.205
0.210
0.175
0.208
0.197
0.216
0.233
0.200
0.221
0.207
0.200
0.167
0.210
0.208
0.208
0.204
0.200
0.210
0.219
0.208
0.206
0.211
0.209
0.215
0.200
0.199
0.216
0.206
0.204
0.215
0.206
0.210
0.209
0.206
0.198
0.215
0.207
0.205
0.203
0.212
0.204
0.217
0.156
0.200
0.221
0.212
0.205
0.215
0.207
0.199
0.211
0.205
0.192
0.214
0.211
0.211
0.241
0.209
0.208
0.215
0.218
0.201
0.207
0.174
0.214
0.215
0.191
0.208
0.217
0.197
0.193
0.213
0.235
0.215
0.206
0.201
0.221
0.216
0.206
0.199
0.204
0.212
0.200
0.209
0.196
0.212
0.211
0.208
0.206
0.235
0.207
0.209
0.216
0.214
0.205
0.211
0.200
0.197
0.207
0.206
0.212
0.215
0.199
0.208
0.161
0.205
0.224
0.222
0.207
0.208
0.225
0.196
0.231
0.215
0.208
0.171
0.209
0.198
0.198
0.203
0.211
0.207
0.211
0.210
0.166
0.210
0.204
0.211
0.206
0.203
0.205
0.223
0.223
0.208
0.209
0.203
0.211
0.221
0.206
0.209
0.205
0.207
0.213
0.211
0.206
0.208
0.211
0.200
0.203
0.209
0.206
0.209
0.200
0.166
0.208
0.203
0.192
0.208
0.207
0.212
0.237
0.201
0.221
0.204
0.214
0.216
0.161
0.209
0.211
0.212
0.162
0.208
0.199
0.210
0.198
0.196
0.238
0.207
0.235
0.201
0.213
0.210
0.205
0.204
0.217
0.212
0.208
0.217
0.202
0.214
0.216
0.215
0.197
0.215
0.164
0.208
0.206
0.208
0.207
0.206
0.216
0.172
0.202
0.216
0.210
0.215
0.202
0.201
0.203
0.209
0.168
0.200
0.206
0.207
0.206
0.202
0.212
0.206
0.202
0.182
0.219
0.202
0.206
0.216
0.197
0.208
0.237
0.213
0.159
0.216
0.211
0.212
0.206
0.206
0.215
0.208
0.209
0.211
0.211
0.212
0.211
0.211
0.198
0.213
0.206
0.212
0.202
0.205
0.218
0.203
0.226
0.202
0.215
0.206
0.209
0.211
0.195
0.215
0.220
0.215
0.209
0.207
0.204
0.210
0.201
0.204
0.222
0.210
0.213
0.207
0.205
0.209
0.208
0.202
0.213
0.214
0.205
0.206
0.202
0.207
0.220
0.214
0.218
0.204
0.211
0.207
0.208
0.203
0.220
0.213
0.163
0.206
0.198
0.213
0.206
0.207
0.202
0.206
0.211
0.214
0.210
0.208
0.209
0.217
0.213
0.182
0.206
0.207
0.209
0.212
0.196
0.212
0.210
0.206
0.171
0.209
0.209
0.201
0.205
0.201
0.225
0.244
0.215
0.181
0.211
0.212
0.214
0.206
0.242
0.202
0.212
0.208
0.184
0.253
0.209
0.217
0.221
0.201
0.208
0.206
0.207
0.211
0.204
0.218
0.220
0.215
0.198
0.218
0.211
0.199
0.209
0.205
0.161
0.215
0.217
0.199
0.213
0.218
0.209
0.213
0.228
0.210
0.198
0.209
0.212
0.210
0.216
0.216
0.166
0.209
0.236
0.223
0.207
0.208
0.208
0.209
0.211
0.214
0.198
0.212
0.204
0.209
0.200
0.210
0.202
0.211
0.207
0.205
0.210
0.211
0.212
0.205
0.210
0.209
0.214
0.209
0.217
0.169
0.206
0.212
0.162
0.211
0.218
0.211
0.208
0.202
0.208
0.201
0.222
0.200
0.217
0.208
0.211
0.210
0.162
0.207
0.208
0.208
0.186
0.207
0.219
0.207
0.200
0.201
0.216
0.209
0.219
0.180
0.214
0.209
0.202
0.229
0.210
0.213
0.213
