1.01
0.199
0.231
0.232
0.226
0.210
0.435
0.214
0.204
0.211
0.195
0.208
0.166
0.209
0.211
0.213
0.170
0.202
0.225
0.187
0.214
0.221
0.213
0.209
0.215
0.213
0.204
0.207
0.213
0.207
0.230
0.232
0.217
0.206
0.205
0.219
0.172
0.208
0.218
0.210
0.213
0.210
0.212
0.165
0.208
0.209
0.217
0.202
0.213
0.210
0.215
0.199
0.233
0.188
0.213
0.168
0.212
0.209
0.211
0.210
0.208
0.214
0.182
0.212
0.173
0.214
0.211
0.209
0.212
0.209
0.176
0.212
0.212
0.220
0.168
0.203
0.204
0.209
0.210
0.215
0.212
0.170
0.215
0.214
0.218
0.200
0.217
0.207
0.204
0.208
0.236
0.210
0.214
0.209
0.206
0.213
0.210
0.209
0.218
0.211
0.219
0.215
0.218
0.204
0.212
0.167
0.214
0.210
0.214
0.212
0.217
0.207
0.209
0.216
0.216
0.212
0.231
0.212
0.218
0.209
0.221
0.201
0.206
0.215
0.213
0.214
0.219
0.213
0.214
0.213
0.186
0.208
0.214
0.209
0.217
0.214
0.168
0.208
0.223
0.200
0.211
0.208
0.219
0.209
0.218
0.208
0.206
0.221
0.214
0.209
0.219
0.224
0.220
0.217
0.212
0.206
0.212
0.172
0.218
0.202
0.213
0.208
0.219
0.211
0.208
0.209
0.191
0.164
0.211
0.216
0.218
0.213
0.212
0.200
0.214
0.208
0.213
0.209
0.209
0.212
0.205
0.212
0.208
0.210
0.213
0.206
0.214
0.211
0.217
0.207
0.219
0.203
0.210
0.216
0.212
0.210
0.218
0.210
0.168
0.215
0.207
0.211
0.209
0.209
0.203
0.214
0.213
0.202
0.218
0.182
0.218
0.211
0.214
0.211
0.227
0.227
0.418
0.219
0.210
0.217
0.211
0.215
0.212
0.211
0.219
0.207
0.204
0.208
0.216
0.167
0.224
0.208
0.203
0.211
0.204
0.212
0.214
0.216
0.214
0.215
0.214
0.208
0.212
0.206
0.207
0.212
0.214
0.211
0.211
0.211
0.207
0.212
0.202
0.210
0.203
0.217
0.216
0.211
0.216
0.207
0.168
0.214
0.212
0.216
0.211
0.209
0.212
0.212
0.204
0.210
0.194
0.207
0.229
0.217
0.221
0.216
0.217
0.210
0.212
0.213
0.210
0.211
0.212
0.212
0.206
0.210
0.203
0.215
0.214
0.214
0.216
0.165
0.212
0.203
0.211
0.197
0.211
0.212
0.216
0.209
0.213
0.210
0.206
0.206
0.203
0.216
0.203
0.213
0.208
0.203
0.211
0.208
0.211
0.176
0.213
0.213
0.216
0.212
0.214
0.209
0.205
0.214
0.166
0.216
0.213
0.212
0.222
0.211
0.213
0.209
0.214
0.212
0.211
0.213
0.217
0.214
0.211
0.212
0.203
0.211
0.211
0.210
0.215
0.209
0.211
0.209
0.209
0.206
0.211
0.211
0.211
0.219
0.213
0.164
0.203
0.212
0.185
0.216
0.216
0.214
0.217
0.210
0.215
0.212
0.215
0.173
0.211
0.215
0.212
0.216
0.215
0.217
0.205
0.216
0.196
0.211
0.213
0.210
0.217
0.215
0.211
0.211
0.214
0.206
0.169
0.242
0.218
0.215
0.209
0.216
0.208
0.213
0.236
0.211
0.217
0.216
0.219
0.206
0.218
0.210
0.205
0.213
0.217
0.211
0.212
0.219
0.210
0.211
0.208
0.215
0.215
0.211
0.210
0.214
0.215
0.167
0.210
0.204
0.216
0.209
0.203
0.210
0.212
0.212
0.208
0.223
0.196
0.215
0.202
0.208
0.204
0.208
0.213
0.203
0.211
0.210
0.220
0.212
0.210
0.217
0.206
0.209
0.205
0.210
0.212
0.217
0.168
0.212
0.216
0.203
0.172
0.209
0.214
0.213
0.216
0.213
0.212
0.211
0.204
0.210
0.186
0.215
0.214
0.209
0.215
0.213
0.214
0.208
0.219
0.190
0.216
0.212
0.206
0.216
0.215
0.215
0.202
0.166
0.191
0.222
0.212
0.208
0.227
0.212
0.206
0.209
0.216
0.214
0.218
0.209
0.213
0.210
0.210
0.211
0.208
0.205
0.209
0.166
0.213
0.210
0.211
0.204
0.210
0.202
0.213
0.210
0.216
0.210
0.167
0.217
0.212
0.209
0.225
0.211
0.211
0.216
0.218
0.217
0.213
0.203
0.214
0.185
0.218
0.216
0.210
0.211
0.211
0.214
0.207
0.210
0.174
0.213
0.210
0.215
0.210
0.215
0.215
0.202
0.211
0.168
0.211
0.217
0.215
0.210
0.170
0.216
0.204
0.210
0.212
0.206
0.211
0.213
0.214
0.219
0.210
0.207
0.216
0.205
0.214
0.210
0.210
0.210
0.180
0.210
0.207
0.212
0.217
0.216
0.213
0.216
0.168
0.203
0.211
0.174
0.212
0.218
0.215
0.214
0.212
0.211
0.213
0.217
0.198
0.211
0.210
0.220
0.212
0.210
0.215
0.202
0.216
0.210
0.210
0.209
0.213
0.209
0.204
0.211
0.205
0.210
0.212
0.167
0.219
0.201
0.211
0.203
0.216
0.214
0.215
0.213
0.210
0.209
0.219
0.212
0.204
0.222
0.201
0.211
0.212
0.210
0.215
0.203
0.215
0.202
0.211
0.208
0.213
0.215
0.215
0.213
0.210
0.212
0.188
0.216
0.217
0.214
0.217
0.212
0.217
0.211
0.210
0.208
0.212
0.211
0.216
0.214
0.213
0.216
0.211
0.214
0.206
0.214
0.208
0.210
0.212
0.213
0.209
0.206
0.212
0.203
0.213
0.211
0.217
0.165
0.211
0.209
0.203
0.210
0.207
0.173
0.216
0.210
0.212
0.215
0.201
0.203
0.211
0.173
0.219
0.211
0.203
0.213
0.208
0.208
0.201
0.215
0.194
0.217
0.211
0.216
0.210
0.212
0.208
0.203
0.167
0.212
0.212
0.211
0.214
0.212
0.207
0.211
0.209
0.222
0.210
0.209
0.207
0.214
0.213
0.211
0.216
0.208
0.212
0.218
0.218
0.210
0.214
0.218
0.208
0.207
0.208
0.211
0.218
0.210
0.212
0.167
0.213
0.205
0.212
0.197
0.211
0.214
0.218
0.209
0.214
0.209
0.203
0.217
0.189
0.210
0.210
0.218
0.210
0.215
0.210
0.205
0.221
0.214
0.213
0.214
0.211
0.214
0.210
0.329
0.202
0.221
0.166
0.214
0.384
0.386
0.456
0.450
0.206
0.206
0.210
0.212
0.221
0.232
0.212
0.215
0.207
0.212
0.177
0.212
0.212
0.214
0.212
0.210
0.211
0.204
0.208
0.173
0.214
0.214
0.215
0.211
0.212
0.164
0.210
0.211
0.193
0.210
0.212
0.212
0.214
0.208
0.215
0.205
0.210
0.209
0.214
0.214
0.210
0.210
0.215
0.210
0.204
0.211
0.215
0.214
0.214
0.213
0.220
0.205
0.210
0.211
0.217
0.213
0.166
0.211
0.171
0.214
0.204
0.212
0.178
0.213
0.213
0.214
0.212
0.213
0.215
0.204
0.211
0.195
0.215
0.211
0.216
0.209
0.212
0.212
0.203
0.210
0.188
0.171
0.211
0.212
0.212
0.211
0.207
0.168
0.205
0.211
0.216
0.170
0.216
0.213
0.212
0.209
0.207
0.221
0.209
0.202
0.209
0.219
0.213
0.208
0.215
0.206
0.167
0.217
0.213
0.210
0.229
0.232
0.200
0.224
0.201
0.212
0.207
0.212
0.162
0.221
0.215
0.206
0.217
0.210
0.212
0.214
0.214
0.217
0.213
0.171
0.205
0.217
0.190
0.212
0.209
0.172
0.205
0.212
0.204
0.170
0.210
0.204
0.201
0.212
0.213
0.215
0.203
0.220
0.200
0.168
0.217
0.217
0.215
0.213
0.209
0.210
0.215
0.209
0.211
0.219
0.209
0.216
0.211
0.213
0.201
0.213
0.171
0.212
0.211
0.216
0.219
0.212
0.209
0.233
0.210
0.188
0.214
0.206
0.214
0.203
0.163
0.205
0.206
0.212
0.171
0.219
0.213
0.214
0.214
0.220
0.210
0.204
0.210
0.217
0.211
0.215
0.214
0.173
0.212
0.234
0.208
0.213
0.210
0.214
0.215
0.213
0.211
0.206
0.206
0.208
0.209
0.166
0.210
0.212
0.211
0.212
0.204
0.214
0.203
0.215
0.217
0.211
0.215
0.210
0.211
0.206
0.202
0.178
0.210
0.170
0.219
0.242
0.213
0.213
0.203
0.211
0.223
0.216
0.205
0.215
0.211
0.212
0.169
0.206
0.210
0.220
0.207
0.210
0.201
0.209
0.203
0.209
0.202
0.211
0.213
0.224
0.209
0.233
0.169
0.203
0.209
0.202
0.203
0.211
0.211
0.212
0.210
0.215
0.203
0.218
0.204
0.213
0.215
0.167
0.211
0.220
0.219
0.212
0.218
0.184
0.213
0.222
0.210
0.212
0.212
0.216
0.205
0.213
0.217
0.217
0.211
0.211
0.210
0.209
0.214
0.202
0.215
0.169
0.209
0.211
0.212
0.210
0.214
0.212
0.167
0.215
0.210
0.210
0.211
0.211
0.210
0.205
0.210
0.206
0.212
0.211
0.213
0.214
0.211
0.212
0.207
0.213
0.180
0.169
0.213
0.210
0.210
0.212
0.208
0.202
0.215
0.180
0.210
0.210
0.210
0.170
0.208
0.213
0.207
0.212
0.184
0.216
0.217
0.217
0.213
0.225
0.208
0.215
0.236
0.212
0.215
0.232
0.205
0.509
0.208
0.210
0.217
0.169
0.218
0.209
0.214
0.203
0.214
0.218
0.211
0.211
0.213
0.216
0.171
0.210
0.207
0.216
0.213
0.211
0.213
0.220
0.215
0.222
0.211
0.208
0.212
0.229
0.213
0.218
0.208
0.210
0.207
0.211
0.202
0.212
0.215
0.210
0.215
0.213
0.210
0.205
0.212
0.177
0.220
0.216
0.205
0.224
0.217
0.202
0.206
0.217
0.190
0.211
0.212
0.213
0.217
0.212
0.213
0.204
0.204
0.202
0.211
0.210
0.206
0.211
0.213
0.210
0.209
0.211
0.210
0.219
0.202
0.213
0.212
0.204
0.211
0.202
0.216
0.203
0.210
0.209
0.210
0.206
0.204
0.213
0.182
0.212
0.204
0.217
0.216
0.212
0.215
0.205
0.202
0.181
0.217
0.169
0.209
0.211
0.211
0.213
0.204
0.214
0.214
0.222
0.215
0.216
0.213
0.217
0.210
0.202
0.209
0.209
0.211
0.209
0.212
0.210
0.220
0.213
0.205
0.211
0.211
0.213
0.210
0.214
0.212
0.208
0.206
0.211
0.209
0.220
0.198
0.203
0.209
0.207
0.203
0.218
0.211
0.216
0.218
0.216
0.214
0.219
0.215
0.207
0.210
0.179
0.164
0.216
0.215
0.222
0.210
0.220
0.207
0.214
0.175
0.213
0.213
0.213
0.208
0.212
0.209
0.206
0.211
0.214
0.216
0.221
0.211
0.219
0.208
0.223
0.207
0.214
0.215
0.219
0.217
0.217
0.213
0.222
0.213
0.207
0.208
0.214
0.214
0.213
0.220
0.215
0.210
0.213
0.347
0.167
0.218
0.211
0.214
0.210
0.203
0.201
0.212
0.173
0.211
0.215
0.210
0.218
0.211
0.210
0.206
0.210
0.200
0.220
0.213
0.219
0.211
0.212
0.212
0.209
0.220
0.211
0.211
0.211
0.214
0.210
0.211
0.211
0.208
0.209
0.214
0.210
0.212
0.202
0.213
0.203
0.222
0.203
0.213
0.218
0.217
0.215
0.237
0.211
0.205
0.218
0.177
0.211
0.216
0.209
0.211
0.211
0.216
0.202
0.211
0.174
0.212
0.210
0.212
0.218
0.217
0.211
0.205
0.213
0.212
0.215
0.212
0.211
0.216
0.217
0.219
0.206
0.219
0.219
0.218
0.219
0.210
0.202
0.212
0.231
0.202
0.215
0.208
0.215
0.212
0.217
0.216
0.203
0.215
0.201
0.216
0.210
0.210
0.216
0.216
0.210
0.203
0.209
0.203
0.213
0.214
0.218
0.211
0.212
0.218
0.172
0.218
0.175
0.214
0.216
0.215
0.216
0.214
0.216
0.206
0.202
0.177
0.210
0.211
0.216
0.217
0.212
0.205
0.168
0.200
0.210
0.222
0.212
0.216
0.211
0.212
0.211
0.205
0.212
0.213
0.218
0.217
0.211
0.211
0.203
0.211
0.201
0.203
0.214
0.218
0.167
0.213
0.214
0.202
0.218
0.211
0.210
0.220
0.211
0.214
0.215
0.211
0.203
0.211
0.180
0.212
0.213
0.267
0.223
0.246
0.220
0.199
0.217
0.174
0.213
0.208
0.216
0.210
0.201
0.215
0.208
0.212
0.213
0.209
0.217
0.213
0.214
0.209
0.213
0.203
0.217
0.208
0.218
0.217
0.205
0.209
0.205
0.209
0.211
0.210
0.215
0.209
0.216
0.210
0.224
0.205
0.218
0.173
0.205
0.210
0.212
0.209
0.204
0.199
0.204
0.211
0.183
0.216
0.212
0.207
0.218
0.218
0.214
0.204
0.216
0.209
0.214
0.209
0.222
0.210
0.217
0.209
0.205
0.216
0.217
0.207
0.213
0.215
0.214
0.209
0.212
0.201
0.211
0.214
0.221
0.214
0.219
0.220
0.209
0.203
0.216
0.210
0.212
0.218
0.217
0.212
0.223
0.201
0.218
0.206
0.213
0.205
0.219
0.208
0.216
0.211
0.220
0.211
0.178
0.211
0.215
0.212
0.213
0.214
0.213
0.204
0.215
0.174
0.211
0.219
0.218
0.209
0.213
0.214
0.213
0.210
0.212
0.235
0.219
0.207
0.213
0.218
0.215
0.197
0.218
0.208
0.218
0.215
0.212
0.212
0.214
0.212
0.208
0.212
0.214
0.214
0.210
0.208
0.218
0.200
0.221
0.207
0.214
0.216
0.217
0.207
0.214
0.204
0.172
0.208
0.194
0.168
0.213
0.210
0.217
0.212
0.228
0.203
0.213
0.214
0.212
0.209
0.220
0.216
0.218
0.209
0.204
0.209
0.212
0.217
0.212
0.214
0.213
0.205
0.215
0.209
0.214
0.211
0.168
0.224
0.218
0.207
0.209
0.215
0.209
0.213
0.213
0.215
0.220
0.250
0.219
0.203
0.218
0.200
0.211
0.215
0.174
0.210
0.217
0.169
0.171
0.208
0.210
0.209
0.211
0.184
0.215
0.210
0.215
0.223
0.218
0.180
0.221
0.233
0.213
0.209
0.210
0.206
0.206
0.209
0.213
0.211
0.172
0.215
0.212
0.201
0.212
0.202
0.217
0.213
0.214
0.212
0.214
0.210
0.209
0.426
0.205
0.215
0.255
0.210
0.219
0.208
0.212
0.202
0.214
0.206
0.215
0.209
0.209
0.212
0.212
0.211
0.204
0.216
0.195
0.214
0.209
0.208
0.213
0.211
0.172
0.207
0.214
0.214
0.222
0.209
0.214
0.209
0.214
0.208
0.211
0.211
0.214
0.205
0.216
0.213
0.214
0.211
0.208
0.209
0.224
0.213
0.217
0.216
0.217
0.212
0.210
0.207
0.212
0.209
0.214
0.213
0.215
0.209
0.213
0.203
0.218
0.198
0.214
0.207
0.216
0.219
0.219
0.201
0.213
0.216
0.178
0.216
0.213
0.211
0.217
0.214
0.212
0.209
0.220
0.173
0.216
0.243
0.210
0.210
0.207
0.207
0.206
0.213
0.212
0.209
0.213
0.213
0.221
0.204
0.211
0.204
0.208
0.199
0.212
0.212
0.213
0.214
0.223
0.202
0.209
0.211
0.210
0.212
0.217
0.215
0.214
0.204
0.215
0.204
0.221
0.234
0.210
0.215
0.211
0.212
0.203
0.214
0.222
0.235
0.201
0.210
0.218
0.210
0.217
0.209
0.212
0.193
0.214
0.214
0.212
0.216
0.211
0.224
0.204
0.226
0.211
0.211
0.221
0.221
0.211
0.218
0.211
0.204
0.213
0.196
0.216
0.211
0.217
0.211
0.208
0.210
0.179
0.212
0.195
0.210
0.215
0.217
0.211
0.220
0.210
0.203
0.209
0.213
0.212
0.204
0.219
0.213
0.204
0.205
0.176
0.215
0.210
0.215
0.211
0.211
0.214
0.205
0.211
0.205
0.218
0.212
0.214
0.213
0.212
0.214
0.207
0.211
0.216
0.212
0.216
0.172
0.211
0.216
0.213
0.430
0.216
0.221
0.210
0.215
0.211
0.210
0.204
0.218
0.202
0.206
0.210
0.212
0.210
0.214
0.210
0.205
0.202
0.209
0.215
0.215
0.210
0.206
0.260
0.216
0.202
0.214
0.203
0.206
0.210
0.213
0.211
0.212
0.213
0.179
0.211
0.212
0.203
0.215
0.216
0.211
0.219
0.219
0.234
0.215
0.214
0.214
0.205
0.210
0.213
0.212
0.216
0.205
0.208
0.217
0.208
0.212
0.214
0.220
0.214
0.217
0.200
0.214
0.208
0.213
0.209
0.217
0.211
0.206
0.212
0.212
0.211
0.214
0.214
0.218
0.210
0.192
0.204
0.214
0.201
0.218
0.210
0.215
0.214
0.217
0.203
0.208
0.208
