0.344
0.242
0.243
0.209
0.211
0.210
0.181
0.212
0.205
0.209
0.179
0.209
0.211
0.163
0.211
0.213
0.215
0.199
0.208
0.201
0.215
0.211
0.216
0.206
0.210
0.208
0.206
0.211
0.211
0.211
0.214
0.212
0.217
0.210
0.205
0.200
0.211
0.207
0.235
0.211
0.211
0.202
0.206
0.208
0.166
0.212
0.215
0.208
0.210
0.214
0.237
0.205
0.217
0.206
0.216
0.208
0.210
0.215
0.214
0.213
0.207
0.206
0.177
0.221
0.213
0.208
0.203
0.228
0.216
0.207
0.217
0.170
0.213
0.211
0.212
0.164
0.217
0.212
0.204
0.166
0.213
0.209
0.214
0.210
0.214
0.208
0.211
0.200
0.215
0.211
0.211
0.206
0.210
0.208
0.210
0.216
0.212
0.251
0.213
0.217
0.215
0.208
0.219
0.209
0.211
0.172
0.170
0.208
0.211
0.208
0.211
0.211
0.207
0.207
0.208
0.212
0.214
0.208
0.210
0.207
0.212
0.200
0.215
0.175
0.212
0.206
0.216
0.207
0.216
0.206
0.202
0.213
0.211
0.210
0.212
0.209
0.210
0.162
0.210
0.206
0.211
0.214
0.212
0.207
0.222
0.207
0.210
0.214
0.203
0.212
0.222
0.211
0.216
0.207
0.205
0.198
0.215
0.199
0.211
0.212
0.211
0.207
0.213
0.208
0.206
0.214
0.181
0.214
0.167
0.210
0.218
0.215
0.214
0.201
0.216
0.173
0.215
0.210
0.209
0.206
0.214
0.166
0.212
0.206
0.182
0.207
0.211
0.213
0.254
0.216
0.215
0.199
0.205
0.209
0.213
0.207
0.214
0.210
0.211
0.164
0.209
0.242
0.207
0.209
0.212
0.210
0.216
0.207
0.212
0.203
0.220
0.205
0.212
0.166
0.212
0.207
0.207
0.207
0.205
0.211
0.212
0.173
0.216
0.210
0.212
0.200
0.211
0.178
0.216
0.218
0.176
0.202
0.209
0.215
0.201
0.218
0.185
0.214
0.209
0.210
0.213
0.214
0.212
0.202
0.211
0.206
0.209
0.210
0.215
0.209
0.214
0.216
0.203
0.215
0.208
0.208
0.208
0.209
0.207
0.200
0.218
0.164
0.211
0.210
0.207
0.215
0.208
0.209
0.205
0.218
0.200
0.213
0.216
0.166
0.203
0.211
0.210
0.208
0.208
0.167
0.210
0.214
0.211
0.208
0.209
0.203
0.208
0.209
0.174
0.214
0.210
0.212
0.168
0.163
0.208
0.204
0.209
0.208
0.210
0.210
0.211
0.208
0.209
0.219
0.197
0.209
0.182
0.209
0.232
0.211
0.214
0.210
0.209
0.206
0.209
0.211
0.214
0.209
0.211
0.209
0.200
0.169
0.204
0.168
0.209
0.210
0.208
0.212
0.215
0.202
0.208
0.201
0.212
0.205
0.208
0.209
0.211
0.216
0.203
0.211
0.175
0.233
0.215
0.210
0.211
0.211
0.209
0.205
0.209
0.210
0.217
0.210
0.214
0.211
0.164
0.211
0.204
0.201
0.209
0.208
0.208
0.213
0.208
0.203
0.209
0.201
0.214
0.219
0.213
0.213
0.208
0.215
0.201
0.214
0.202
0.210
0.211
0.209
0.201
0.215
0.213
0.201
0.217
0.183
0.209
0.166
0.212
0.212
0.212
0.213
0.201
0.211
0.181
0.201
0.209
0.212
0.208
0.210
0.169
0.204
0.209
0.204
0.212
0.209
0.211
0.202
0.206
0.208
0.203
0.210
0.187
0.209
0.209
0.213
0.212
0.201
0.163
0.207
0.208
0.216
0.206
0.203
0.208
0.214
0.214
0.210
0.200
0.212
0.221
0.218
0.207
0.211
0.210
0.202
0.213
0.208
0.208
0.212
0.215
0.209
0.214
0.202
0.209
0.209
0.191
0.201
0.209
0.163
0.216
0.210
0.215
0.203
0.211
0.173
0.216
0.214
0.165
0.210
0.210
0.213
0.200
0.211
0.214
0.210
0.209
0.213
0.213
0.203
0.209
0.203
0.215
0.205
0.211
0.213
0.209
0.220
0.206
0.209
0.165
0.210
0.162
0.213
0.218
0.214
0.215
0.202
0.207
0.204
0.209
0.216
0.166
0.209
0.209
0.213
0.206
0.214
0.173
0.217
0.214
0.210
0.209
0.210
0.210
0.202
0.211
0.177
0.214
0.207
0.214
0.162
0.210
0.206
0.211
0.164
0.212
0.208
0.211
0.211
0.216
0.203
0.209
0.199
0.210
0.210
0.213
0.214
0.210
0.214
0.209
0.208
0.210
0.207
0.214
0.207
0.216
0.206
0.216
0.200
0.211
0.202
0.166
0.208
0.215
0.206
0.216
0.207
0.210
0.207
0.187
0.213
0.208
0.207
0.218
0.208
0.216
0.200
0.212
0.171
0.211
0.211
0.209
0.209
0.214
0.207
0.204
0.210
0.212
0.207
0.211
0.207
0.214
0.164
0.218
0.207
0.214
0.209
0.211
0.211
0.210
0.206
0.210
0.207
0.206
0.209
0.215
0.207
0.210
0.212
0.219
0.205
0.223
0.204
0.214
0.208
0.216
0.220
0.214
0.207
0.209
0.207
0.189
0.201
0.169
0.206
0.221
0.211
0.216
0.199
0.211
0.200
0.208
0.206
0.216
0.209
0.217
0.214
0.202
0.206
0.214
0.245
0.215
0.210
0.215
0.212
0.206
0.205
0.214
0.207
0.211
0.213
0.212
0.208
0.206
0.162
0.205
0.213
0.219
0.209
0.213
0.208
0.217
0.208
0.209
0.198
0.216
0.207
0.211
0.207
0.210
0.212
0.205
0.234
0.209
0.210
0.211
0.212
0.219
0.208
0.212
0.200
0.211
0.203
0.216
0.212
0.167
0.208
0.209
0.196
0.131
0.221
0.206
0.206
0.216
0.212
0.212
0.212
0.217
0.204
0.214
0.208
0.217
0.213
0.211
0.209
0.210
0.212
0.206
0.208
0.210
0.210
0.209
0.207
0.209
0.201
0.211
0.162
0.211
0.206
0.210
0.211
0.217
0.208
0.203
0.209
0.205
0.202
0.211
0.208
0.204
0.212
0.218
0.212
0.221
0.175
0.212
0.208
0.220
0.213
0.220
0.208
0.208
0.209
0.185
0.212
0.213
0.213
0.171
0.211
0.211
0.202
0.212
0.210
0.215
0.206
0.216
0.201
0.211
0.197
0.207
0.213
0.216
0.211
0.212
0.212
0.212
0.205
0.215
0.195
0.212
0.214
0.216
0.207
0.219
0.212
0.205
0.221
0.208
0.164
0.215
0.207
0.169
0.218
0.211
0.200
0.211
0.170
0.212
0.208
0.216
0.211
0.224
0.204
0.206
0.209
0.179
0.214
0.211
0.209
0.215
0.212
0.212
0.200
0.217
0.212
0.219
0.207
0.211
0.206
0.168
0.206
0.209
0.212
0.218
0.209
0.211
0.200
0.230
0.204
0.216
0.200
0.211
0.214
0.218
0.209
0.216
0.207
0.203
0.207
0.202
0.207
0.218
0.212
0.213
0.207
0.213
0.199
0.212
0.204
0.217
0.163
0.216
0.208
0.168
0.211
0.205
0.207
0.197
0.216
0.525
0.215
0.216
0.207
0.210
0.200
0.209
0.210
0.211
0.527
0.535
0.306
0.472
0.462
0.459
0.375
0.399
0.374
0.322
0.327
0.299
0.250
0.172
0.158
0.165
0.140
0.135
0.138
0.141
0.139
0.139
0.139
0.138
0.139
0.169
0.179
0.200
0.206
0.174
0.204
0.204
0.202
0.201
0.201
0.202
0.203
0.211
0.201
0.203
0.201
0.192
0.209
0.210
0.164
0.203
0.166
0.182
0.211
0.212
0.210
0.224
0.212
0.212
0.209
0.215
0.208
0.201
0.208
0.212
0.208
0.209
0.209
0.209
0.211
0.214
0.207
0.214
0.174
0.217
0.214
0.225
0.219
0.214
0.210
0.164
0.210
0.210
0.213
0.209
0.206
0.213
0.207
0.207
0.168
0.216
0.206
0.212
0.214
0.212
0.215
0.206
0.219
0.202
0.209
0.215
0.210
0.212
0.211
0.214
0.205
0.203
0.187
0.210
0.237
0.236
0.175
0.217
0.213
0.208
0.181
0.214
0.206
0.230
0.208
0.216
0.208
0.206
0.200
0.205
0.213
0.213
0.206
0.175
0.215
0.204
0.211
0.203
0.211
0.213
0.208
0.214
0.209
0.219
0.200
0.212
0.209
0.172
0.211
0.211
0.212
0.211
0.203
0.205
0.207
0.199
0.211
0.210
0.209
0.215
0.208
0.213
0.206
0.212
0.179
0.215
0.220
0.208
0.207
0.211
0.208
0.208
0.212
0.211
0.215
0.205
0.209
0.448
0.400
0.394
0.365
0.454
0.172
0.212
0.213
0.218
0.214
0.210
0.210
0.204
0.208
0.390
0.208
0.213
0.202
0.209
0.205
0.207
0.176
0.208
0.212
0.217
0.241
0.213
0.203
0.204
0.210
0.177
0.209
0.168
0.209
0.211
0.209
0.221
0.201
0.166
0.173
0.215
0.214
0.214
0.213
0.212
0.208
0.210
0.209
0.209
0.209
0.201
0.209
0.212
0.220
0.210
0.201
0.220
0.209
0.210
0.208
0.210
0.215
0.213
0.167
0.207
0.207
0.202
0.200
0.199
0.203
0.165
0.166
0.165
0.190
0.218
0.230
0.215
0.219
0.215
0.213
0.202
0.213
0.205
0.217
0.209
0.210
0.208
0.214
0.212
0.206
0.214
0.180
0.209
0.208
0.166
0.214
0.213
0.211
0.203
0.209
0.189
0.209
0.167
0.210
0.208
0.209
0.209
0.202
0.216
0.208
0.214
0.217
0.211
0.212
0.204
0.208
0.208
0.210
0.214
0.209
0.209
0.214
0.212
0.209
0.212
0.162
0.238
0.208
0.211
0.209
0.215
0.210
0.203
0.211
0.206
0.209
0.210
0.210
0.210
0.210
0.212
0.201
0.212
0.172
0.216
0.212
0.233
0.210
0.210
0.214
0.206
0.215
0.175
0.200
0.215
0.210
0.167
0.214
0.213
0.202
0.221
0.209
0.203
0.216
0.215
0.210
0.208
0.210
0.201
0.214
0.210
0.209
0.211
0.210
0.217
0.213
0.201
0.206
0.211
0.217
0.208
0.212
0.211
0.210
0.204
0.203
0.200
0.165
0.210
0.216
0.213
0.214
0.210
0.203
0.213
0.173
0.210
0.209
0.209
0.212
0.213
0.210
0.203
0.213
0.178
0.210
0.215
0.221
0.211
0.191
0.213
0.204
0.209
0.206
0.208
0.214
0.206
0.210
0.163
0.210
0.201
0.216
0.207
0.210
0.205
0.215
0.215
0.207
0.190
0.204
0.206
0.214
0.213
0.211
0.210
0.220
0.205
0.204
0.202
0.166
0.208
0.215
0.208
0.216
0.199
0.211
0.210
0.178
0.209
0.169
0.207
0.211
0.210
0.217
0.200
0.213
0.173
0.217
0.201
0.216
0.207
0.219
0.212
0.206
0.213
0.215
0.238
0.213
0.209
0.211
0.209
0.212
0.199
0.211
0.210
0.212
0.207
0.214
0.208
0.206
0.162
0.202
0.207
0.212
0.207
0.211
0.224
0.222
0.201
0.211
0.163
0.210
0.206
0.211
0.208
0.211
0.210
0.206
0.208
0.202
0.214
0.216
0.208
0.219
0.209
0.216
0.214
0.213
0.177
0.215
0.253
0.168
0.213
0.170
0.211
0.203
0.212
0.216
0.207
0.203
0.210
0.219
0.208
0.208
0.204
0.213
0.209
0.217
0.208
0.217
0.213
0.203
0.207
0.204
0.207
0.214
0.206
0.203
0.211
0.213
0.201
0.212
0.201
0.214
0.207
0.214
0.212
0.211
0.215
0.205
0.207
0.183
0.206
0.211
0.207
0.215
0.209
0.218
0.205
0.218
0.171
0.212
0.208
0.210
0.211
0.216
0.212
0.204
0.208
0.215
0.207
0.215
0.209
0.168
0.208
0.209
0.206
0.215
0.211
0.203
0.210
0.210
0.202
0.205
0.209
0.204
0.233
0.214
0.207
0.217
0.209
0.215
0.205
0.214
0.205
0.211
0.216
0.203
0.215
0.218
0.208
0.203
0.207
0.207
0.162
0.210
0.166
0.218
0.215
0.216
0.199
0.208
0.187
0.216
0.224
0.219
0.208
0.212
0.207
0.205
0.213
0.177
0.210
0.212
0.208
0.218
0.207
0.216
0.201
0.213
0.208
0.216
0.213
0.211
0.209
0.169
0.167
0.210
0.212
0.217
0.215
0.206
0.216
0.212
0.201
0.169
0.203
0.212
0.210
0.205
0.208
0.212
0.206
0.202
0.207
0.203
0.207
0.211
0.212
0.214
0.212
0.209
0.206
0.212
0.172
0.213
0.162
0.211
0.206
0.217
0.207
0.209
0.213
0.183
0.245
0.213
0.208
0.219
0.208
0.212
0.202
0.215
0.207
0.215
0.210
0.204
0.224
0.210
0.209
0.210
0.208
0.210
0.210
0.209
0.210
0.203
0.200
0.166
0.200
0.214
0.214
0.211
0.211
0.212
0.215
0.209
0.216
0.174
0.216
0.210
0.210
0.217
0.212
0.168
0.207
0.209
0.172
0.215
0.208
0.209
0.214
0.208
0.213
0.201
0.210
0.209
0.218
0.211
0.166
0.210
0.208
0.205
0.204
0.215
0.218
0.213
0.210
0.212
0.210
0.211
0.212
0.208
0.216
0.217
0.214
0.212
0.208
0.209
0.208
0.210
0.204
0.220
0.201
0.211
0.207
0.208
0.209
0.208
0.210
0.166
0.214
0.207
0.211
0.209
0.211
0.210
0.202
0.219
0.179
0.220
0.209
0.210
0.214
0.209
0.210
0.203
0.213
0.174
0.215
0.209
0.209
0.209
0.216
0.207
0.204
0.213
0.217
0.207
0.212
0.213
0.167
0.207
0.211
0.204
0.217
0.213
0.213
0.212
0.216
0.199
0.210
0.208
0.206
0.209
0.213
0.206
0.219
0.213
0.214
0.206
0.217
0.206
0.219
0.209
0.217
0.210
0.217
0.208
0.203
0.209
0.190
0.164
0.211
0.208
0.222
0.207
0.212
0.217
0.203
0.179
0.222
0.198
0.213
0.220
0.211
0.208
0.206
0.247
0.204
0.208
0.216
0.200
0.212
0.212
0.216
0.200
0.211
0.207
0.212
0.208
0.211
0.216
0.171
0.212
0.202
0.208
0.212
0.248
0.170
0.216
0.213
0.209
0.211
0.207
0.217
0.213
0.233
0.201
0.214
0.208
0.208
0.211
0.175
0.202
0.212
0.209
0.214
0.212
0.213
0.200
0.213
0.177
0.212
0.167
0.216
0.216
0.216
0.221
0.202
0.216
0.186
0.211
0.210
0.214
0.213
0.174
0.212
0.198
0.214
0.214
0.211
0.208
0.209
0.207
0.206
0.212
0.207
0.213
0.246
0.206
0.207
0.210
0.214
0.202
0.167
0.205
0.213
0.211
0.212
0.209
0.208
0.213
0.204
0.215
0.204
0.210
0.212
0.208
0.211
0.220
0.216
0.201
0.208
0.174
0.210
0.215
0.209
0.216
0.209
0.221
0.206
0.215
0.173
0.208
0.213
0.164
0.210
0.234
0.229
0.201
0.208
0.215
0.171
0.209
0.210
0.206
0.212
0.211
0.209
0.221
0.212
0.209
0.212
0.209
0.228
0.204
0.211
0.206
0.216
0.214
0.202
0.209
0.209
0.208
0.201
0.216
0.165
0.210
0.210
0.202
0.213
0.249
0.211
0.203
0.219
0.193
0.210
0.212
0.209
0.210
0.212
0.209
0.200
0.214
0.184
0.217
0.210
0.208
0.209
0.214
0.214
0.207
0.216
0.215
0.211
0.214
0.208
0.165
0.211
0.207
0.202
0.212
0.212
0.211
0.219
0.202
0.210
0.203
0.210
0.203
0.210
0.209
0.211
0.218
0.219
0.209
0.209
0.196
0.208
0.200
0.212
0.217
0.214
0.207
0.218
0.200
0.217
0.201
0.167
0.207
0.214
0.211
0.216
0.211
0.202
0.222
0.227
0.212
0.213
0.212
0.213
0.210
0.206
0.203
0.214
0.219
0.216
0.210
0.217
0.208
0.204
0.215
0.201
0.205
0.217
0.211
0.217
0.227
0.209
0.167
0.199
0.210
0.211
0.210
0.219
0.168
0.213
0.200
0.210
0.216
0.201
0.207
0.388
0.216
0.204
0.209
0.202
0.205
0.210
0.201
0.209
0.215
0.209
0.213
0.208
0.214
0.210
0.211
0.176
0.210
0.168
0.210
0.210
0.208
0.210
0.200
0.210
0.211
0.209
0.208
0.207
0.211
0.213
0.210
0.204
0.210
0.215
0.215
0.212
0.204
0.209
0.205
0.210
0.202
0.207
0.214
0.212
0.209
0.208
0.212
0.245
0.167
0.206
0.211
0.213
0.209
0.208
0.209
0.211
0.206
0.220
0.175
0.210
0.213
0.215
0.208
0.214
0.214
0.208
0.209
0.172
0.210
0.215
0.211
0.207
0.211
0.209
0.202
0.213
0.214
0.212
0.214
0.165
0.168
0.214
0.216
0.203
0.211
0.215
0.210
0.213
0.209
0.208
0.211
0.171
0.198
0.211
0.214
0.205
0.198
0.211
0.210
0.210
0.206
0.210
0.206
0.214
0.208
0.229
0.208
0.217
0.204
0.235
0.159
0.216
0.217
