0.315
0.226
0.221
0.212
0.212
0.208
0.203
0.207
0.208
0.214
0.247
0.209
0.217
0.205
0.199
0.210
0.207
0.197
0.214
0.213
0.205
0.207
0.205
0.205
0.203
0.214
0.206
0.209
0.212
0.203
0.212
0.206
0.201
0.168
0.205
0.205
0.212
0.205
0.203
0.208
0.205
0.207
0.176
0.206
0.207
0.215
0.209
0.199
0.216
0.205
0.201
0.169
0.206
0.210
0.212
0.204
0.204
0.165
0.210
0.202
0.209
0.208
0.208
0.212
0.216
0.195
0.216
0.206
0.207
0.198
0.213
0.204
0.212
0.199
0.205
0.208
0.207
0.255
0.204
0.207
0.208
0.216
0.212
0.204
0.212
0.202
0.212
0.212
0.205
0.220
0.221
0.203
0.203
0.211
0.207
0.216
0.220
0.245
0.208
0.209
0.206
0.193
0.214
0.209
0.207
0.204
0.204
0.205
0.205
0.211
0.198
0.214
0.207
0.202
0.210
0.196
0.207
0.212
0.207
0.158
0.210
0.202
0.210
0.239
0.199
0.211
0.213
0.210
0.198
0.230
0.206
0.209
0.208
0.198
0.205
0.206
0.211
0.199
0.219
0.207
0.211
0.199
0.205
0.204
0.212
0.209
0.174
0.206
0.207
0.205
0.212
0.199
0.205
0.213
0.211
0.164
0.213
0.205
0.209
0.218
0.200
0.212
0.211
0.210
0.196
0.214
0.209
0.219
0.203
0.198
0.212
0.208
0.206
0.163
0.210
0.207
0.213
0.211
0.206
0.201
0.211
0.160
0.207
0.213
0.211
0.211
0.211
0.195
0.213
0.211
0.212
0.215
0.215
0.216
0.209
0.210
0.199
0.216
0.210
0.206
0.217
0.205
0.209
0.204
0.210
0.198
0.215
0.210
0.209
0.205
0.203
0.205
0.211
0.209
0.205
0.209
0.217
0.205
0.214
0.205
0.208
0.206
0.212
0.198
0.213
0.206
0.209
0.205
0.204
0.210
0.214
0.208
0.201
0.206
0.217
0.210
0.213
0.183
0.207
0.208
0.213
0.242
0.213
0.166
0.206
0.205
0.203
0.218
0.206
0.209
0.172
0.207
0.211
0.205
0.207
0.208
0.210
0.203
0.212
0.167
0.207
0.215
0.207
0.209
0.209
0.206
0.208
0.214
0.174
0.205
0.213
0.205
0.206
0.205
0.207
0.205
0.205
0.164
0.207
0.208
0.162
0.211
0.202
0.205
0.206
0.215
0.206
0.205
0.211
0.200
0.214
0.207
0.208
0.210
0.218
0.216
0.198
0.217
0.212
0.216
0.207
0.205
0.198
0.214
0.206
0.160
0.210
0.205
0.209
0.198
0.205
0.205
0.212
0.200
0.201
0.209
0.210
0.235
0.212
0.202
0.205
0.202
0.209
0.198
0.214
0.204
0.206
0.206
0.215
0.205
0.213
0.205
0.204
0.207
0.211
0.212
0.203
0.227
0.164
0.206
0.208
0.198
0.214
0.174
0.207
0.180
0.213
0.211
0.212
0.205
0.199
0.209
0.211
0.206
0.176
0.218
0.211
0.208
0.206
0.233
0.215
0.218
0.215
0.170
0.213
0.166
0.201
0.159
0.201
0.203
0.204
0.200
0.181
0.212
0.208
0.218
0.213
0.202
0.216
0.199
0.214
0.200
0.206
0.209
0.210
0.206
0.202
0.209
0.207
0.206
0.211
0.202
0.206
0.216
0.206
0.196
0.216
0.205
0.210
0.213
0.206
0.207
0.230
0.200
0.199
0.210
0.207
0.211
0.210
0.211
0.210
0.202
0.213
0.202
0.218
0.204
0.208
0.213
0.207
0.191
0.217
0.211
0.202
0.241
0.207
0.201
0.211
0.206
0.209
0.162
0.213
0.208
0.211
0.207
0.206
0.216
0.200
0.209
0.215
0.208
0.197
0.218
0.206
0.207
0.212
0.201
0.207
0.210
0.213
0.174
0.213
0.211
0.202
0.209
0.202
0.206
0.206
0.213
0.192
0.210
0.207
0.211
0.214
0.194
0.210
0.206
0.206
0.164
0.216
0.206
0.213
0.221
0.176
0.207
0.210
0.212
0.186
0.209
0.207
0.206
0.210
0.235
0.215
0.211
0.205
0.206
0.215
0.203
0.210
0.210
0.203
0.158
0.211
0.203
0.207
0.208
0.211
0.206
0.211
0.193
0.198
0.208
0.207
0.211
0.202
0.211
0.219
0.203
0.204
0.205
0.213
0.206
0.211
0.202
0.208
0.207
0.212
0.201
0.212
0.240
0.210
0.203
0.205
0.212
0.218
0.216
0.201
0.207
0.206
0.201
0.211
0.221
0.209
0.171
0.216
0.203
0.211
0.210
0.209
0.210
0.205
0.205
0.206
0.214
0.203
0.204
0.214
0.202
0.206
0.197
0.207
0.227
0.210
0.156
0.208
0.221
0.210
0.211
0.220
0.206
0.213
0.208
0.190
0.212
0.214
0.206
0.214
0.196
0.217
0.212
0.209
0.222
0.211
0.215
0.213
0.212
0.206
0.213
0.214
0.213
0.171
0.208
0.205
0.200
0.208
0.218
0.209
0.204
0.208
0.205
0.207
0.209
0.207
0.213
0.206
0.206
0.209
0.201
0.216
0.233
0.208
0.199
0.205
0.206
0.208
0.176
0.208
0.214
0.215
0.202
0.209
0.208
0.203
0.206
0.201
0.160
0.213
0.197
0.209
0.208
0.213
0.205
0.207
0.229
0.209
0.209
0.200
0.212
0.208
0.209
0.208
0.201
0.216
0.202
0.207
0.197
0.213
0.205
0.208
0.199
0.206
0.206
0.201
0.206
0.200
0.206
0.207
0.208
0.204
0.206
0.209
0.207
0.207
0.199
0.208
0.207
0.218
0.171
0.208
0.207
0.215
0.205
0.202
0.204
0.208
0.217
0.177
0.206
0.216
0.210
0.211
0.203
0.213
0.207
0.210
0.172
0.207
0.165
0.213
0.207
0.201
0.213
0.212
0.208
0.206
0.202
0.209
0.212
0.208
0.196
0.210
0.211
0.215
0.212
0.209
0.204
0.207
0.210
0.204
0.204
0.207
0.213
0.212
0.226
0.216
0.249
0.212
0.205
0.209
0.207
0.213
0.213
0.199
0.207
0.211
0.211
0.204
0.207
0.207
0.210
0.212
0.235
0.214
0.213
0.206
0.207
0.209
0.229
0.209
0.208
0.205
0.207
0.210
0.202
0.202
0.214
0.206
0.213
0.208
0.157
0.164
0.209
0.204
0.169
0.211
0.195
0.181
0.209
0.200
0.207
0.213
0.206
0.206
0.221
0.208
0.210
0.217
0.206
0.214
0.207
0.209
0.173
0.216
0.207
0.212
0.209
0.203
0.207
0.214
0.229
0.187
0.204
0.212
0.221
0.214
0.238
0.209
0.217
0.213
0.164
0.208
0.208
0.217
0.207
0.202
0.226
0.211
0.209
0.209
0.211
0.214
0.237
0.214
0.199
0.207
0.209
0.213
0.207
0.234
0.209
0.209
0.160
0.206
0.215
0.217
0.208
0.210
0.210
0.210
0.204
0.213
0.239
0.212
0.213
0.204
0.204
0.205
0.201
0.216
0.212
0.203
0.202
0.212
0.205
0.211
0.219
0.209
0.206
0.211
0.214
0.209
0.215
0.212
0.205
0.205
0.212
0.218
0.208
0.202
0.214
0.213
0.210
0.211
0.210
0.210
0.208
0.219
0.199
0.211
0.206
0.214
0.205
0.203
0.213
0.207
0.239
0.176
0.206
0.209
0.204
0.205
0.213
0.212
0.162
0.212
0.191
0.207
0.211
0.216
0.206
0.202
0.213
0.208
0.207
0.198
0.220
0.211
0.200
0.215
0.219
0.213
0.209
0.208
0.185
0.208
0.206
0.213
0.201
0.203
0.209
0.208
0.212
0.215
0.222
0.212
0.159
0.208
0.201
0.210
0.206
0.216
0.214
0.174
0.211
0.208
0.214
0.200
0.207
0.213
0.208
0.208
0.198
0.210
0.203
0.206
0.220
0.210
0.190
0.208
0.210
0.202
0.207
0.219
0.206
0.201
0.156
0.215
0.213
0.211
0.212
0.210
0.215
0.212
0.175
0.209
0.214
0.213
0.209
0.199
0.212
0.215
0.215
0.202
0.215
0.214
0.211
0.207
0.206
0.202
0.214
0.211
0.199
0.208
0.206
0.218
0.213
0.199
0.208
0.210
0.206
0.205
0.244
0.208
0.208
0.214
0.197
0.211
0.220
0.212
0.202
0.215
0.206
0.214
0.203
0.206
0.199
0.211
0.203
0.177
0.208
0.211
0.208
0.210
0.195
0.209
0.205
0.208
0.165
0.214
0.198
0.209
0.206
0.203
0.194
0.209
0.204
0.210
0.218
0.207
0.221
0.208
0.197
0.208
0.207
0.208
0.210
0.202
0.210
0.213
0.209
0.200
0.213
0.201
0.211
0.202
0.215
0.210
0.208
0.208
0.200
0.207
0.208
0.210
0.209
0.200
0.207
0.209
0.210
0.204
0.211
0.215
0.215
0.211
0.219
0.205
0.214
0.215
0.200
0.233
0.208
0.223
0.217
0.205
0.206
0.209
0.209
0.173
0.220
0.206
0.162
0.215
0.199
0.215
0.212
0.207
0.196
0.168
0.210
0.207
0.212
0.198
0.206
0.167
0.207
0.184
0.221
0.208
0.213
0.213
0.209
0.209
0.209
0.214
0.173
0.208
0.210
0.210
0.210
0.205
0.214
0.213
0.204
0.198
0.212
0.213
0.212
0.209
0.203
0.209
0.245
0.209
0.213
0.211
0.209
0.215
0.202
0.204
0.202
0.210
0.206
0.214
0.205
0.209
0.212
0.213
0.206
0.209
0.205
0.215
0.211
0.200
0.158
0.210
0.214
0.200
0.209
0.175
0.208
0.207
0.196
0.219
0.209
0.207
0.198
0.212
0.202
0.207
0.208
0.198
0.211
0.211
0.208
0.201
0.208
0.208
0.211
0.214
0.199
0.211
0.215
0.211
0.200
0.165
0.226
0.213
0.211
0.200
0.207
0.214
0.201
0.175
0.225
0.204
0.209
0.202
0.198
0.215
0.210
0.214
0.176
0.209
0.206
0.209
0.200
0.205
0.207
0.211
0.209
0.173
0.215
0.208
0.213
0.202
0.161
0.212
0.208
0.206
0.173
0.209
0.205
0.215
0.203
0.200
0.220
0.209
0.194
0.196
0.217
0.208
0.212
0.209
0.233
0.208
0.204
0.209
0.212
0.213
0.206
0.215
0.204
0.202
0.226
0.215
0.208
0.213
0.199
0.199
0.217
0.214
0.203
0.209
0.214
0.207
0.213
0.204
0.199
0.207
0.212
0.200
0.238
0.217
0.206
0.209
0.198
0.205
0.208
0.208
0.198
0.208
0.214
0.207
0.208
0.202
0.221
0.209
0.168
0.201
0.208
0.210
0.220
0.208
0.198
0.209
0.204
0.217
0.200
0.209
0.216
0.208
0.214
0.166
0.201
0.209
0.209
0.198
0.242
0.208
0.205
0.208
0.203
0.191
0.206
0.206
0.169
0.209
0.217
0.211
0.214
0.203
0.227
0.211
0.211
0.173
0.206
0.211
0.202
0.207
0.198
0.211
0.248
0.215
0.186
0.216
0.209
0.207
0.209
0.209
0.206
0.208
0.217
0.183
0.211
0.214
0.205
0.216
0.199
0.213
0.157
0.201
0.205
0.213
0.210
0.213
0.204
0.208
0.222
0.214
0.202
0.211
0.206
0.215
0.194
0.208
0.201
0.206
0.204
0.208
0.197
0.203
0.214
0.214
0.209
0.200
0.205
0.207
0.215
0.200
0.204
0.212
0.195
0.213
0.228
0.208
0.210
0.209
0.199
0.207
0.208
0.212
0.209
0.200
0.238
0.213
0.212
0.206
0.207
0.200
0.206
0.209
0.205
0.212
0.218
0.202
0.210
0.201
0.204
0.206
0.212
0.206
0.159
0.208
0.208
0.210
0.201
0.216
0.207
0.209
0.169
0.209
0.208
0.210
0.227
0.205
0.206
0.213
0.209
0.174
0.252
0.215
0.208
0.212
0.204
0.208
0.201
0.211
0.206
0.206
0.207
0.210
0.206
0.206
0.209
0.214
0.203
0.207
0.203
0.176
0.212
0.206
0.203
0.208
0.205
0.216
0.206
0.206
0.199
0.208
0.203
0.204
0.209
0.207
0.207
0.209
0.200
0.207
0.245
0.207
0.198
0.208
0.211
0.215
0.164
0.206
0.210
0.216
0.225
0.204
0.230
0.216
0.213
0.211
0.196
0.208
0.215
0.211
0.199
0.208
0.205
0.207
0.217
0.200
0.210
0.213
0.209
0.206
0.229
0.210
0.213
0.213
0.203
0.212
0.211
0.212
0.204
0.210
0.204
0.208
0.210
0.202
0.207
0.215
0.205
0.176
0.211
0.206
0.208
0.214
0.198
0.201
0.213
0.210
0.189
0.215
0.208
0.208
0.224
0.204
0.206
0.214
0.208
0.194
0.209
0.215
0.166
0.215
0.202
0.201
0.211
0.221
0.214
0.211
0.202
0.208
0.204
0.136
0.239
0.213
0.208
0.211
0.207
0.211
0.209
0.215
0.204
0.212
0.214
0.206
0.207
0.208
0.206
0.214
0.207
0.200
0.202
0.216
0.202
0.212
0.199
0.212
0.228
0.188
0.196
0.217
0.206
0.208
0.232
0.200
0.201
0.208
0.207
0.202
0.230
0.209
0.210
0.208
0.199
0.207
0.253
0.216
0.201
0.211
0.205
0.211
0.214
0.210
0.157
0.210
0.217
0.207
0.206
0.213
0.206
0.211
0.204
0.216
0.209
0.217
0.164
0.213
0.213
0.208
0.207
0.201
0.222
0.218
0.208
0.196
0.205
0.212
0.206
0.212
0.204
0.211
0.212
0.208
0.168
0.209
0.206
0.206
0.207
0.201
0.209
0.213
0.206
0.180
0.219
0.216
0.205
0.209
0.199
0.208
0.205
0.212
0.206
0.208
0.206
0.213
0.212
0.201
0.227
0.211
0.209
0.207
0.212
0.213
0.206
0.204
0.165
0.211
0.231
0.209
0.212
0.214
0.215
0.213
0.210
0.201
0.242
0.212
0.208
0.181
0.237
0.216
0.202
0.213
0.202
0.210
0.213
0.211
0.207
0.204
0.216
0.218
0.197
0.201
0.210
0.207
0.204
0.216
0.206
0.211
0.207
0.214
0.201
0.207
0.211
0.209
0.206
0.210
0.214
0.212
0.210
0.205
0.211
0.211
0.208
0.211
0.199
0.213
0.209
0.213
0.174
0.207
0.206
0.208
0.235
0.218
0.204
0.206
0.130
0.174
0.202
0.217
0.209
0.208
0.203
0.204
0.210
0.218
0.182
0.211
0.220
0.212
0.210
0.200
0.213
0.207
0.205
0.212
0.205
0.208
0.213
0.207
0.204
0.204
0.205
0.212
0.221
0.212
0.203
0.208
0.212
0.204
0.253
0.205
0.203
0.210
0.207
0.212
0.208
0.197
0.199
0.210
0.201
0.211
0.208
0.200
0.219
0.218
0.246
0.201
0.222
0.207
0.213
0.202
0.200
0.208
0.215
0.211
0.210
0.217
0.161
0.210
0.211
0.205
0.221
0.211
0.214
0.200
0.210
0.209
0.210
0.212
0.198
0.202
0.213
0.211
0.205
0.212
0.200
0.216
0.204
0.201
0.207
0.215
0.194
0.177
0.207
0.210
0.211
0.229
0.200
0.214
0.211
0.214
0.172
0.213
0.205
0.202
0.205
0.207
0.209
0.209
0.204
0.175
0.208
0.211
0.204
0.209
0.198
0.209
0.213
0.211
0.195
0.213
0.209
0.207
0.208
0.198
0.206
0.209
0.209
0.208
0.164
0.208
0.212
0.211
0.198
0.209
0.221
0.203
0.209
0.210
0.201
0.208
0.211
0.205
0.211
0.216
0.204
0.209
0.211
0.207
0.213
0.220
0.200
0.208
0.212
0.207
0.197
0.206
0.194
0.211
0.212
0.206
0.214
0.211
0.211
0.214
0.193
0.207
0.225
0.213
0.200
0.208
0.202
0.206
0.210
0.198
0.202
0.207
0.207
0.196
0.203
0.196
0.205
0.212
0.200
0.210
0.213
0.210
0.194
0.213
0.213
0.212
0.164
0.207
0.241
0.211
0.203
0.172
0.211
0.213
0.207
0.211
0.198
0.206
0.205
0.198
0.164
0.213
0.203
0.209
0.204
0.208
0.209
0.211
0.208
0.177
0.211
0.212
0.204
0.216
0.205
0.213
0.212
0.211
0.215
0.208
0.200
0.207
0.209
0.201
0.202
0.209
0.205
0.213
0.206
0.208
0.205
0.212
0.199
0.208
0.207
0.209
0.205
0.212
0.213
0.208
0.210
0.202
0.206
0.209
0.184
0.213
0.212
0.214
0.161
0.211
0.162
0.208
0.204
0.210
0.238
0.205
0.224
0.203
0.227
0.208
0.240
0.212
0.210
0.207
0.199
0.201
0.210
0.215
0.201
0.206
0.214
0.208
0.218
0.202
0.238
0.208
0.209
0.205
0.207
0.210
0.193
0.215
0.199
0.209
0.205
0.211
0.194
0.213
0.202
0.213
0.240
0.205
0.221
0.211
0.206
0.175
0.209
0.214
0.206
0.204
0.196
0.210
0.202
0.209
0.170
0.211
0.239
0.209
0.216
0.204
0.161
0.207
0.208
0.174
0.217
0.212
0.224
0.205
0.198
0.210
0.205
0.208
0.199
0.206
0.222
0.209
0.205
0.201
0.210
0.209
0.214
