0.710
0.231
0.423
0.198
0.201
0.198
0.202
0.167
0.201
0.202
0.211
0.213
0.185
0.211
0.201
0.193
0.196
0.209
0.194
0.196
0.201
0.199
0.209
0.200
0.161
0.208
0.205
0.213
0.207
0.200
0.200
0.206
0.203
0.210
0.202
0.204
0.208
0.209
0.201
0.189
0.207
0.201
0.203
0.199
0.192
0.203
0.202
0.196
0.194
0.195
0.199
0.199
0.205
0.195
0.157
0.201
0.204
0.158
0.204
0.216
0.168
0.205
0.202
0.207
0.206
0.210
0.196
0.207
0.207
0.610
0.205
0.201
0.200
0.204
0.232
0.198
0.199
0.211
0.211
0.206
0.200
0.212
0.201
0.210
0.196
0.209
0.237
0.206
0.201
0.207
0.201
0.193
0.201
0.168
0.208
0.225
0.207
0.200
0.194
0.243
0.199
0.211
0.167
0.204
0.206
0.203
0.201
0.188
0.210
0.200
0.201
0.161
0.200
0.199
0.209
0.207
0.154
0.207
0.199
0.197
0.202
0.204
0.209
0.201
0.196
0.227
0.201
0.203
0.204
0.204
0.201
0.199
0.201
0.203
0.198
0.207
0.203
0.189
0.174
0.569
0.201
0.201
0.200
0.208
0.201
0.214
0.200
0.201
0.197
0.204
0.203
0.201
0.193
0.198
0.203
0.202
0.202
0.200
0.200
0.205
0.207
0.197
0.202
0.206
0.201
0.197
0.201
0.235
0.203
0.204
0.196
0.207
0.206
0.207
0.202
0.182
0.208
0.209
0.154
0.189
0.203
0.205
0.201
0.208
0.192
0.236
0.202
0.194
0.163
0.200
0.202
0.208
0.202
0.195
0.198
0.203
0.209
0.198
0.199
0.207
0.205
0.219
0.198
0.237
0.205
0.201
0.191
0.198
0.612
0.202
0.204
0.212
0.207
0.198
0.199
0.172
0.201
0.215
0.206
0.197
0.197
0.205
0.202
0.201
0.203
0.205
0.199
0.200
0.207
0.195
0.194
0.200
0.209
0.198
0.169
0.210
0.202
0.191
0.195
0.200
0.155
0.200
0.199
0.199
0.200
0.211
0.160
0.193
0.200
0.209
0.199
0.205
0.201
0.228
0.200
0.202
0.193
0.203
0.202
0.202
0.192
0.211
0.200
0.200
0.202
0.192
0.203
0.214
0.202
0.211
0.197
0.201
0.206
0.200
0.195
0.202
0.205
0.190
0.620
0.199
0.192
0.204
0.203
0.183
0.158
0.205
0.201
0.200
0.192
0.203
0.210
0.204
0.164
0.200
0.206
0.195
0.201
0.193
0.195
0.197
0.211
0.185
0.155
0.234
0.160
0.200
0.193
0.200
0.200
0.214
0.197
0.200
0.201
0.207
0.191
0.199
0.233
0.198
0.201
0.164
0.199
0.199
0.203
0.187
0.209
0.200
0.199
0.201
0.205
0.208
0.208
0.208
0.201
0.193
0.200
0.203
0.213
0.201
0.206
0.212
0.206
0.202
0.199
0.205
0.201
0.209
0.202
0.598
0.201
0.203
0.207
0.194
0.205
0.235
0.201
0.204
0.191
0.206
0.204
0.206
0.197
0.202
0.200
0.200
0.155
0.197
0.170
0.198
0.202
0.189
0.205
0.204
0.202
0.210
0.160
0.188
0.192
0.200
0.166
0.205
0.201
0.203
0.206
0.196
0.196
0.206
0.198
0.195
0.199
0.190
0.207
0.200
0.210
0.201
0.202
0.195
0.172
0.202
0.200
0.208
0.205
0.192
0.204
0.223
0.213
0.190
0.201
0.213
0.204
0.197
0.196
0.195
0.203
0.201
0.173
0.202
0.204
0.616
0.204
0.189
0.207
0.207
0.205
0.193
0.203
0.204
0.158
0.192
0.191
0.206
0.202
0.207
0.202
0.200
0.190
0.201
0.201
0.192
0.207
0.212
0.201
0.203
0.196
0.206
0.201
0.204
0.185
0.209
0.201
0.197
0.203
0.198
0.202
0.197
0.199
0.196
0.194
0.206
0.207
0.209
0.194
0.207
0.206
0.202
0.205
0.196
0.205
0.196
0.202
0.188
0.247
0.176
0.172
0.190
0.201
0.203
0.208
0.184
0.197
0.200
0.203
0.200
0.201
0.207
0.201
0.205
0.204
0.194
0.154
0.213
0.200
0.167
0.172
0.213
0.207
0.200
0.197
0.183
0.202
0.206
0.164
0.209
0.207
0.201
0.207
0.193
0.200
0.204
0.203
0.185
0.224
0.201
0.203
0.211
0.624
0.202
0.202
0.202
0.197
0.204
0.201
0.196
0.204
0.195
0.212
0.219
0.196
0.206
0.161
0.205
0.202
0.204
0.198
0.208
0.194
0.193
0.205
0.204
0.202
0.207
0.201
0.193
0.202
0.203
0.203
0.254
0.231
0.203
0.206
0.197
0.161
0.206
0.199
0.200
0.192
0.198
0.205
0.197
0.204
0.200
0.203
0.212
0.202
0.203
0.192
0.200
0.204
0.203
0.200
0.210
0.195
0.203
0.206
0.200
0.203
0.239
0.200
0.197
0.201
0.214
0.201
0.206
0.194
0.194
0.202
0.200
0.197
0.208
0.210
0.202
0.170
0.201
0.197
0.240
0.208
0.158
0.210
0.227
0.201
0.206
0.191
0.205
0.201
0.198
0.170
0.205
0.205
0.204
0.205
0.193
0.206
0.609
0.155
0.167
0.203
0.202
0.205
0.216
0.192
0.201
0.201
0.235
0.188
0.203
0.202
0.210
0.202
0.194
0.203
0.205
0.193
0.189
0.330
0.237
0.206
0.201
0.199
0.189
0.200
0.221
0.201
0.177
0.202
0.204
0.204
0.204
0.197
0.204
0.208
0.208
0.206
0.196
0.202
0.157
0.211
0.192
0.200
0.212
0.199
0.207
0.204
0.198
0.202
0.196
0.192
0.202
0.203
0.197
0.203
0.201
0.200
0.236
0.200
0.190
0.205
0.240
0.166
0.220
0.196
0.200
0.193
0.200
0.194
0.206
0.201
0.201
0.201
0.197
0.199
0.208
0.207
0.201
0.203
0.192
0.227
0.207
0.202
0.189
0.206
0.201
0.200
0.244
0.202
0.197
0.207
0.194
0.202
0.215
0.613
0.188
0.226
0.153
0.205
0.205
0.193
0.201
0.205
0.200
0.165
0.209
0.203
0.190
0.207
0.192
0.201
0.245
0.201
0.189
0.211
0.207
0.205
0.201
0.192
0.201
0.207
0.156
0.166
0.205
0.206
0.246
0.199
0.190
0.199
0.205
0.200
0.222
0.207
0.205
0.200
0.207
0.198
0.199
0.201
0.211
0.196
0.203
0.197
0.213
0.206
0.207
0.209
0.211
0.200
0.203
0.197
0.210
0.194
0.202
0.196
0.200
0.207
0.194
0.204
0.188
0.199
0.213
0.205
0.191
0.205
0.202
0.202
0.197
0.197
0.205
0.201
0.201
0.194
0.198
0.209
0.200
0.200
0.194
0.205
0.206
0.202
0.196
0.204
0.121
0.206
0.205
0.198
0.209
0.199
0.205
0.191
0.618
0.206
0.197
0.205
0.194
0.191
0.192
0.201
0.173
0.207
0.196
0.196
0.191
0.201
0.214
0.200
0.204
0.191
0.198
0.206
0.195
0.204
0.193
0.202
0.230
0.203
0.175
0.200
0.200
0.200
0.194
0.198
0.195
0.201
0.202
0.171
0.200
0.202
0.197
0.199
0.188
0.154
0.206
0.196
0.193
0.199
0.204
0.199
0.199
0.194
0.205
0.201
0.209
0.198
0.152
0.204
0.213
0.206
0.201
0.204
0.200
0.205
0.200
0.197
0.205
0.202
0.207
0.193
0.234
0.197
0.248
0.201
0.155
0.217
0.197
0.210
0.190
0.213
0.220
0.200
0.209
0.194
0.200
0.197
0.197
0.195
0.201
0.206
0.210
0.201
0.198
0.195
0.205
0.203
0.194
0.177
0.207
0.631
0.206
0.193
0.206
0.206
0.201
0.196
0.198
0.203
0.196
0.196
0.202
0.204
0.243
0.205
0.159
0.203
0.207
0.206
0.150
0.193
0.196
0.199
0.204
0.173
0.206
0.202
0.204
0.205
0.195
0.201
0.202
0.207
0.190
0.159
0.198
0.201
0.206
0.191
0.201
0.197
0.209
0.193
0.197
0.205
0.198
0.200
0.195
0.200
0.190
0.202
0.188
0.206
0.221
0.204
0.211
0.198
0.200
0.195
0.205
0.200
0.217
0.205
0.194
0.201
0.198
0.202
0.212
0.203
0.199
0.193
0.202
0.209
0.238
0.198
0.208
0.205
0.210
0.202
0.199
0.197
0.156
0.200
0.201
0.201
0.208
0.205
0.201
0.198
0.203
0.203
0.201
0.191
0.232
0.204
0.210
0.205
0.609
0.202
0.234
0.201
0.182
0.207
0.201
0.206
0.226
0.198
0.203
0.209
0.200
0.165
0.199
0.206
0.214
0.208
0.191
0.202
0.213
0.208
0.166
0.200
0.206
0.206
0.194
0.193
0.202
0.200
0.198
0.168
0.204
0.200
0.196
0.204
0.196
0.203
0.215
0.199
0.169
0.201
0.209
0.206
0.196
0.194
0.157
0.193
0.212
0.185
0.205
0.200
0.215
0.200
0.198
0.206
0.197
0.201
0.213
0.202
0.198
0.206
0.201
0.196
0.231
0.201
0.191
0.181
0.214
0.156
0.213
0.200
0.187
0.202
0.208
0.202
0.198
0.206
0.207
0.203
0.203
0.192
0.203
0.200
0.197
0.198
0.192
0.205
0.214
0.204
0.196
0.203
0.197
0.204
0.221
0.199
0.205
0.625
0.205
0.197
0.201
0.206
0.196
0.205
0.197
0.201
0.213
0.199
0.156
0.202
0.208
0.201
0.197
0.196
0.200
0.197
0.244
0.194
0.201
0.192
0.212
0.206
0.192
0.201
0.217
0.196
0.219
0.205
0.229
0.192
0.212
0.193
0.204
0.206
0.200
0.197
0.185
0.201
0.211
0.202
0.197
0.207
0.202
0.199
0.176
0.201
0.207
0.190
0.200
0.192
0.194
0.196
0.213
0.192
0.197
0.201
0.207
0.207
0.187
0.206
0.228
0.203
0.201
0.202
0.200
0.199
0.202
0.197
0.210
0.203
0.150
0.199
0.197
0.199
0.208
0.204
0.192
0.202
0.203
0.205
0.203
0.194
0.206
0.202
0.202
0.198
0.202
0.208
0.206
0.220
0.180
0.207
0.205
0.199
0.646
0.201
0.204
0.200
0.200
0.198
0.199
0.199
0.205
0.177
0.205
0.202
0.202
0.199
0.194
0.201
0.215
0.202
0.205
0.200
0.205
0.193
0.200
0.199
0.204
0.205
0.199
0.164
0.206
0.203
0.215
0.202
0.191
0.200
0.196
0.206
0.168
0.202
0.157
0.209
0.233
0.194
0.200
0.199
0.210
0.190
0.200
0.201
0.200
0.200
0.193
0.204
0.218
0.187
0.172
0.203
0.202
0.202
0.189
0.208
0.208
0.203
0.203
0.206
0.200
0.201
0.155
0.206
0.189
0.201
0.198
0.206
0.201
0.161
0.204
0.200
0.208
0.192
0.206
0.206
0.206
0.204
0.192
0.202
0.205
0.203
0.193
0.200
0.204
0.205
0.205
0.195
0.200
0.210
0.201
0.196
0.205
0.624
0.214
0.205
0.158
0.200
0.238
0.202
0.189
0.200
0.211
0.196
0.210
0.202
0.199
0.193
0.206
0.192
0.201
0.205
0.203
0.201
0.237
0.203
0.196
0.192
0.199
0.199
0.215
0.160
0.201
0.193
0.199
0.200
0.201
0.165
0.206
0.202
0.213
0.205
0.193
0.195
0.207
0.204
0.158
0.204
0.193
0.198
0.192
0.195
0.196
0.203
0.206
0.166
0.195
0.202
0.210
0.208
0.189
0.199
0.200
0.206
0.164
0.204
0.203
0.203
0.156
0.198
0.215
0.202
0.206
0.205
0.154
0.205
0.205
0.200
0.195
0.197
0.202
0.205
0.206
0.207
0.202
0.203
0.199
0.197
0.187
0.203
0.197
0.170
0.194
0.199
0.208
0.195
0.196
0.200
0.202
0.202
0.620
0.194
0.203
0.200
0.206
0.195
0.187
0.205
0.207
0.202
0.187
0.205
0.205
0.203
0.190
0.201
0.207
0.198
0.200
0.191
0.201
0.196
0.198
0.194
0.207
0.200
0.202
0.200
0.197
0.203
0.151
0.200
0.159
0.204
0.202
0.202
0.205
0.193
0.202
0.206
0.201
0.202
0.245
0.207
0.206
0.224
0.201
0.205
0.207
0.203
0.160
0.206
0.200
0.208
0.217
0.191
0.207
0.200
0.204
0.172
0.195
0.206
0.213
0.202
0.191
0.208
0.203
0.203
0.198
0.200
0.204
0.202
0.213
0.194
0.202
0.202
0.199
0.214
0.207
0.198
0.223
0.198
0.188
0.203
0.201
0.203
0.201
0.202
0.199
0.201
0.207
0.197
0.158
0.201
0.215
0.205
0.196
0.621
0.202
0.204
0.192
0.204
0.206
0.200
0.203
0.196
0.201
0.206
0.200
0.197
0.199
0.213
0.195
0.195
0.206
0.201
0.231
0.202
0.198
0.205
0.205
0.200
0.199
0.193
0.204
0.206
0.207
0.169
0.208
0.205
0.204
0.175
0.195
0.210
0.195
0.206
0.159
0.204
0.199
0.199
0.198
0.195
0.206
0.202
0.213
0.170
0.199
0.200
0.235
0.204
0.192
0.207
0.202
0.204
0.156
0.200
0.201
0.211
0.222
0.197
0.208
0.206
0.206
0.207
0.203
0.204
0.208
0.200
0.189
0.203
0.205
0.201
0.193
0.205
0.188
0.214
0.200
0.200
0.205
0.199
0.200
0.206
0.197
0.201
0.205
0.200
0.190
0.208
0.207
0.200
0.206
0.196
0.231
0.207
0.615
0.193
0.197
0.213
0.187
0.209
0.204
0.202
0.202
0.204
0.191
0.201
0.195
0.190
0.156
0.193
0.201
0.207
0.207
0.193
0.196
0.203
0.152
0.205
0.211
0.210
0.203
0.223
0.194
0.203
0.200
0.209
0.167
0.196
0.200
0.207
0.201
0.194
0.203
0.200
0.205
0.207
0.177
0.208
0.194
0.194
0.194
0.205
0.204
0.211
0.199
0.194
0.229
0.198
0.212
0.190
0.200
0.199
0.216
0.199
0.191
0.207
0.199
0.199
0.160
0.201
0.210
0.203
0.201
0.192
0.201
0.200
0.207
0.181
0.205
0.201
0.202
0.201
0.200
0.195
0.214
0.197
0.206
0.200
0.155
0.203
0.210
0.193
0.196
0.204
0.205
0.220
0.200
0.209
0.235
0.207
0.189
0.629
0.200
0.200
0.206
0.204
0.229
0.219
0.196
0.186
0.214
0.201
0.227
0.203
0.193
0.201
0.194
0.200
0.188
0.201
0.203
0.172
0.208
0.191
0.207
0.201
0.212
0.195
0.204
0.201
0.192
0.206
0.190
0.206
0.205
0.200
0.191
0.201
0.206
0.200
0.202
0.196
0.206
0.202
0.214
0.192
0.202
0.200
0.216
0.202
0.154
0.200
0.211
0.199
0.201
0.207
0.197
0.202
0.204
0.197
0.201
0.205
0.215
0.194
0.202
0.203
0.232
0.208
0.157
0.611
0.189
0.209
0.165
0.202
0.202
0.192
0.207
0.199
0.201
0.206
0.206
0.200
0.207
0.207
0.205
0.208
0.187
0.201
0.201
0.199
0.202
0.201
0.195
0.200
0.212
0.197
0.200
0.203
0.201
0.203
0.198
0.196
0.227
0.203
0.195
0.205
0.197
0.201
0.208
0.193
0.200
0.201
0.151
0.192
0.200
0.203
0.212
0.199
0.198
0.191
0.234
0.199
0.194
0.204
0.202
0.194
0.196
0.194
0.200
0.160
0.203
0.202
0.191
0.227
0.209
0.217
0.203
0.598
0.200
0.206
0.192
0.201
0.203
0.201
0.208
0.194
0.195
0.200
0.217
0.198
0.197
0.203
0.206
0.204
0.194
0.205
0.200
0.202
0.166
0.200
0.209
0.200
0.201
0.200
0.193
0.200
0.215
0.190
0.209
0.209
0.200
0.204
0.194
0.202
0.153
0.206
0.160
0.205
0.198
0.202
0.228
0.198
0.200
0.202
0.236
0.179
0.206
0.160
0.209
0.205
0.201
0.207
0.235
0.209
0.175
0.189
0.209
0.200
0.198
0.199
0.202
0.199
0.243
0.202
0.206
0.617
0.200
0.206
0.192
0.198
0.204
0.207
0.188
0.197
0.203
0.192
0.214
0.199
0.207
0.201
0.205
0.196
0.195
0.207
0.205
0.198
0.193
0.201
0.201
0.204
0.220
0.192
0.207
0.206
0.205
0.226
0.156
0.205
0.200
0.206
0.193
0.211
0.206
0.202
0.193
0.205
0.229
0.203
0.196
0.192
0.205
0.205
0.204
0.167
0.204
0.199
0.187
0.206
0.191
0.204
0.205
0.203
0.227
0.205
0.188
0.212
0.232
0.196
0.208
0.197
0.213
0.167
0.207
0.618
0.202
0.199
0.192
0.206
0.200
0.205
0.188
0.206
0.196
0.160
0.201
0.191
0.200
0.210
0.211
0.207
0.206
0.210
0.196
0.174
0.195
0.203
0.208
0.210
0.157
0.200
0.200
0.203
0.205
0.197
0.209
0.204
0.236
0.203
0.227
0.202
0.197
0.201
0.196
0.202
0.206
0.205
0.173
0.207
0.191
0.210
0.220
0.194
0.205
