0.306
0.268
0.269
0.260
0.249
0.257
0.247
0.258
0.237
0.258
0.261
0.249
0.258
0.271
0.268
0.255
0.279
0.655
0.229
0.272
0.270
0.255
0.236
0.250
0.256
0.257
0.235
0.256
0.249
0.256
0.258
0.253
0.240
0.260
0.266
0.235
0.258
0.258
0.273
0.253
0.242
0.256
0.256
0.257
0.236
0.257
0.257
0.258
0.258
0.257
0.270
0.255
0.279
0.299
0.278
0.257
0.279
0.254
0.195
0.257
0.256
0.258
0.204
0.258
0.257
0.261
0.238
0.237
0.262
0.260
0.279
0.214
0.283
0.256
0.256
0.250
0.227
0.257
0.239
0.233
0.237
0.248
0.271
0.246
0.247
0.233
0.240
0.250
0.264
0.256
0.266
0.198
0.257
0.258
0.242
0.248
0.270
0.257
0.259
0.256
0.256
0.257
0.270
0.245
0.266
0.257
0.269
0.260
0.236
0.256
0.256
0.254
0.241
0.258
0.260
0.256
0.659
0.247
0.240
0.257
0.191
0.237
0.256
0.256
0.240
0.236
0.258
0.256
0.260
0.255
0.237
0.257
0.256
0.257
0.257
0.256
0.258
0.247
0.258
0.233
0.238
0.276
0.247
0.245
0.244
0.240
0.270
0.285
0.237
0.196
0.257
0.260
0.276
0.257
0.239
0.256
0.269
0.204
0.245
0.255
0.240
0.258
0.239
0.256
0.257
0.239
0.198
0.256
0.260
0.259
0.241
0.256
0.252
0.259
0.272
0.204
0.257
0.258
0.242
0.255
0.237
0.265
0.197
0.198
0.259
0.258
0.283
0.255
0.273
0.256
0.270
0.257
0.268
0.258
0.258
0.258
0.256
0.257
0.260
0.245
0.262
0.255
0.299
0.282
0.227
0.271
0.275
0.241
0.267
0.239
0.267
0.257
0.257
0.259
0.258
0.640
0.246
0.277
0.259
0.258
0.279
0.234
0.281
0.257
0.270
0.254
0.243
0.258
0.271
0.257
0.238
0.258
0.259
0.256
0.236
0.237
0.206
0.258
0.257
0.237
0.243
0.289
0.242
0.230
0.194
0.247
0.269
0.270
0.235
0.248
0.266
0.247
0.261
0.257
0.233
0.240
0.247
0.246
0.271
0.248
0.236
0.234
0.264
0.258
0.238
0.229
0.246
0.252
0.247
0.225
0.234
0.257
0.280
0.255
0.273
0.257
0.265
0.256
0.272
0.236
0.246
0.259
0.257
0.256
0.236
0.255
0.239
0.256
0.216
0.257
0.259
0.257
0.258
0.234
0.238
0.261
0.237
0.257
0.258
0.257
0.258
0.256
0.275
0.257
0.225
0.220
0.238
0.253
0.202
0.257
0.280
0.200
0.210
0.255
0.667
0.260
0.261
0.257
0.257
0.258
0.240
0.249
0.260
0.241
0.239
0.269
0.249
0.231
0.265
0.248
0.271
0.244
0.256
0.220
0.254
0.257
0.246
0.256
0.256
0.260
0.258
0.258
0.257
0.256
0.255
0.256
0.271
0.254
0.256
0.236
0.257
0.257
0.237
0.261
0.258
0.258
0.254
0.235
0.257
0.256
0.261
0.282
0.277
0.255
0.238
0.205
0.281
0.259
0.197
0.259
0.216
0.256
0.258
0.259
0.263
0.202
0.255
0.258
0.277
0.235
0.256
0.258
0.279
0.208
0.260
0.246
0.273
0.253
0.253
0.284
0.695
0.244
0.229
0.267
0.234
0.250
0.247
0.245
0.245
0.256
0.239
0.256
0.259
0.258
0.257
0.256
0.240
0.195
0.258
0.258
0.257
0.236
0.239
0.298
0.255
0.238
0.244
0.254
0.257
0.257
0.234
0.257
0.248
0.257
0.258
0.255
0.258
0.252
0.258
0.238
0.198
0.259
0.265
0.236
0.266
0.257
0.259
0.258
0.256
0.240
0.259
0.257
0.237
0.259
0.278
0.254
0.257
0.235
0.241
0.240
0.245
0.264
0.246
0.249
0.247
0.240
0.271
0.259
0.263
0.284
0.255
0.262
0.259
0.255
0.267
0.256
0.663
0.258
0.269
0.208
0.280
0.256
0.258
0.247
0.227
0.276
0.255
0.258
0.235
0.254
0.256
0.257
0.267
0.254
0.255
0.255
0.254
0.233
0.290
0.257
0.256
0.256
0.197
0.255
0.258
0.257
0.210
0.258
0.257
0.256
0.280
0.236
0.262
0.256
0.257
0.256
0.258
0.258
0.258
0.249
0.263
0.253
0.252
0.272
0.228
0.250
0.255
0.248
0.272
0.253
0.258
0.256
0.237
0.259
0.279
0.204
0.257
0.256
0.203
0.257
0.256
0.258
0.239
0.235
0.257
0.258
0.270
0.253
0.260
0.259
0.257
0.255
0.651
0.258
0.260
0.237
0.239
0.250
0.271
0.256
0.268
0.236
0.258
0.258
0.193
0.236
0.257
0.256
0.256
0.256
0.245
0.255
0.238
0.258
0.236
0.255
0.258
0.258
0.257
0.235
0.257
0.196
0.247
0.254
0.252
0.255
0.228
0.269
0.225
0.242
0.264
0.260
0.204
0.258
0.240
0.259
0.268
0.257
0.236
0.257
0.239
0.207
0.260
0.258
0.242
0.259
0.255
0.256
0.234
0.258
0.208
0.257
0.259
0.255
0.240
0.235
0.242
0.257
0.280
0.224
0.258
0.198
0.257
0.258
0.240
0.259
0.204
0.257
0.650
0.259
0.257
0.254
0.243
0.240
0.257
0.255
0.258
0.256
0.257
0.255
0.261
0.258
0.237
0.272
0.257
0.243
0.212
0.276
0.253
0.245
0.252
0.240
0.247
0.246
0.267
0.256
0.247
0.257
0.262
0.255
0.256
0.257
0.256
0.257
0.269
0.236
0.257
0.248
0.266
0.257
0.259
0.255
0.280
0.235
0.239
0.255
0.257
0.243
0.258
0.255
0.258
0.257
0.239
0.235
0.237
0.258
0.278
0.209
0.195
0.258
0.263
0.257
0.253
0.236
0.257
0.255
0.219
0.257
0.275
0.254
0.240
0.236
0.259
0.255
0.640
0.234
0.246
0.237
0.238
0.272
0.232
0.249
0.245
0.260
0.255
0.246
0.246
0.256
0.254
0.236
0.258
0.258
0.270
0.237
0.257
0.256
0.252
0.254
0.241
0.257
0.279
0.289
0.258
0.257
0.234
0.258
0.256
0.236
0.240
0.260
0.257
0.257
0.272
0.257
0.257
0.258
0.240
0.257
0.228
0.258
0.194
0.258
0.282
0.259
0.259
0.256
0.261
0.256
0.258
0.258
0.239
0.236
0.258
0.260
0.227
0.248
0.272
0.245
0.257
0.245
0.240
0.238
0.228
0.245
0.270
0.261
0.246
0.249
0.255
0.285
0.644
0.257
0.236
0.296
0.258
0.259
0.273
0.254
0.240
0.257
0.271
0.213
0.257
0.256
0.259
0.256
0.295
0.256
0.264
0.255
0.229
0.247
0.274
0.258
0.265
0.237
0.257
0.236
0.242
0.210
0.261
0.256
0.196
0.258
0.236
0.254
0.256
0.252
0.231
0.258
0.239
0.258
0.266
0.235
0.260
0.255
0.258
0.236
0.241
0.261
0.257
0.244
0.250
0.280
0.248
0.241
0.258
0.247
0.247
0.246
0.272
0.256
0.236
0.241
0.271
0.247
0.257
0.249
0.273
0.258
0.240
0.256
0.257
0.256
0.256
0.256
0.647
0.277
0.258
0.256
0.240
0.256
0.257
0.261
0.241
0.257
0.240
0.257
0.235
0.257
0.260
0.259
0.278
0.255
0.193
0.258
0.259
0.200
0.257
0.258
0.259
0.260
0.238
0.255
0.258
0.261
0.234
0.257
0.259
0.247
0.256
0.248
0.246
0.259
0.236
0.272
0.241
0.258
0.234
0.255
0.239
0.257
0.256
0.252
0.244
0.262
0.272
0.260
0.258
0.237
0.258
0.237
0.260
0.203
0.259
0.258
0.258
0.256
0.258
0.256
0.256
0.257
0.206
0.257
0.257
0.256
0.257
0.236
0.237
0.256
0.257
0.258
0.644
0.240
0.257
0.258
0.212
0.255
0.237
0.257
0.202
0.259
0.258
0.198
0.279
0.236
0.281
0.256
0.266
0.259
0.292
0.236
0.256
0.254
0.235
0.255
0.249
0.255
0.194
0.250
0.239
0.247
0.267
0.237
0.272
0.257
0.247
0.256
0.238
0.255
0.259
0.258
0.239
0.258
0.267
0.287
0.272
0.253
0.280
0.248
0.267
0.261
0.277
0.258
0.257
0.256
0.243
0.257
0.278
0.235
0.258
0.258
0.280
0.257
0.275
0.257
0.209
0.257
0.195
0.256
0.281
0.254
0.257
0.261
0.250
0.259
0.257
0.659
0.241
0.257
0.257
0.258
0.270
0.234
0.260
0.247
0.264
0.234
0.247
0.235
0.247
0.262
0.230
0.263
0.246
0.246
0.266
0.255
0.258
0.234
0.270
0.255
0.256
0.258
0.257
0.234
0.297
0.260
0.256
0.256
0.240
0.258
0.261
0.258
0.223
0.259
0.255
0.256
0.242
0.259
0.240
0.258
0.273
0.257
0.258
0.254
0.257
0.257
0.260
0.256
0.195
0.258
0.257
0.257
0.257
0.261
0.257
0.251
0.197
0.257
0.257
0.255
0.263
0.262
0.262
0.256
0.252
0.247
0.265
0.263
0.208
0.223
0.663
0.255
0.242
0.246
0.273
0.257
0.257
0.257
0.241
0.256
0.255
0.260
0.235
0.255
0.259
0.257
0.277
0.243
0.243
0.257
0.257
0.254
0.301
0.259
0.235
0.259
0.256
0.258
0.275
0.244
0.272
0.257
0.262
0.256
0.278
0.239
0.258
0.258
0.259
0.258
0.199
0.259
0.268
0.258
0.236
0.258
0.260
0.304
0.219
0.303
0.264
0.258
0.258
0.261
0.258
0.257
0.237
0.236
0.280
0.254
0.290
0.298
0.223
0.269
0.250
0.242
0.214
0.258
0.256
0.236
0.246
0.222
0.270
0.257
0.258
0.660
0.261
0.251
0.277
0.258
0.234
0.258
0.270
0.259
0.265
0.254
0.258
0.257
0.242
0.256
0.258
0.257
0.237
0.256
0.257
0.260
0.254
0.256
0.239
0.258
0.257
0.256
0.197
0.238
0.236
0.255
0.253
0.236
0.273
0.261
0.270
0.256
0.236
0.259
0.259
0.257
0.241
0.237
0.258
0.247
0.228
0.245
0.245
0.273
0.241
0.244
0.246
0.256
0.240
0.255
0.238
0.246
0.258
0.257
0.264
0.255
0.226
0.257
0.256
0.255
0.237
0.257
0.234
0.236
0.281
0.255
0.245
0.258
0.258
0.255
0.651
0.258
0.203
0.258
0.255
0.258
0.264
0.253
0.238
0.258
0.260
0.234
0.257
0.259
0.196
0.255
0.235
0.259
0.258
0.246
0.203
0.260
0.258
0.235
0.260
0.256
0.256
0.258
0.258
0.219
0.257
0.248
0.239
0.243
0.231
0.237
0.270
0.273
0.232
0.247
0.255
0.246
0.246
0.238
0.249
0.296
0.254
0.290
0.262
0.256
0.257
0.257
0.230
0.257
0.280
0.255
0.265
0.254
0.256
0.257
0.297
0.259
0.259
0.257
0.239
0.256
0.236
0.260
0.238
0.260
0.238
0.258
0.270
0.255
0.269
0.649
0.196
0.256
0.275
0.248
0.258
0.255
0.259
0.257
0.235
0.256
0.258
0.257
0.239
0.260
0.257
0.258
0.242
0.234
0.271
0.256
0.242
0.235
0.228
0.270
0.264
0.226
0.267
0.271
0.246
0.245
0.238
0.257
0.234
0.257
0.264
0.256
0.275
0.260
0.258
0.213
0.258
0.260
0.258
0.257
0.235
0.257
0.256
0.256
0.218
0.257
0.255
0.275
0.263
0.256
0.258
0.262
0.258
0.225
0.259
0.258
0.256
0.234
0.195
0.257
0.257
0.255
0.238
0.257
0.268
0.256
0.257
0.254
0.259
0.257
0.654
0.258
0.259
0.255
0.257
0.257
0.234
0.231
0.241
0.279
0.206
0.248
0.267
0.231
0.279
0.246
0.280
0.246
0.248
0.257
0.240
0.258
0.257
0.258
0.262
0.258
0.278
0.255
0.240
0.240
0.257
0.237
0.261
0.256
0.232
0.253
0.274
0.256
0.259
0.263
0.257
0.258
0.225
0.256
0.259
0.258
0.261
0.236
0.241
0.258
0.198
0.255
0.257
0.260
0.256
0.258
0.234
0.257
0.268
0.256
0.240
0.257
0.258
0.257
0.257
0.238
0.257
0.249
0.248
0.245
0.247
0.272
0.238
0.246
0.234
0.644
0.271
0.196
0.247
0.258
0.267
0.257
0.258
0.210
0.255
0.258
0.258
0.223
0.256
0.257
0.258
0.256
0.262
0.258
0.280
0.255
0.222
0.197
0.241
0.255
0.241
0.258
0.272
0.257
0.260
0.237
0.257
0.257
0.270
0.259
0.239
0.260
0.195
0.247
0.282
0.257
0.269
0.259
0.251
0.236
0.255
0.263
0.264
0.196
0.236
0.261
0.258
0.258
0.236
0.247
0.243
0.254
0.250
0.275
0.227
0.240
0.199
0.205
0.216
0.258
0.251
0.195
0.232
0.258
0.258
0.256
0.271
0.255
0.257
0.256
0.255
0.259
0.241
0.259
0.257
0.261
0.240
0.276
0.256
0.236
0.241
0.257
0.270
0.258
0.271
0.254
0.259
0.250
0.257
0.245
0.255
0.259
0.258
0.213
0.195
0.251
0.257
0.254
0.269
0.660
0.257
0.250
0.262
0.258
0.256
0.244
0.257
0.237
0.258
0.256
0.247
0.210
0.246
0.198
0.249
0.232
0.246
0.241
0.267
0.246
0.259
0.244
0.256
0.257
0.248
0.236
0.258
0.257
0.235
0.261
0.244
0.258
0.238
0.255
0.269
0.256
0.257
0.257
0.273
0.255
0.239
0.258
0.258
0.235
0.214
0.258
0.258
0.235
0.254
0.257
0.256
0.257
0.259
0.235
0.258
0.241
0.191
0.236
0.256
0.258
0.256
0.203
0.259
0.257
0.277
0.253
0.259
0.257
0.201
0.247
0.229
0.256
0.246
0.249
0.258
0.265
0.247
0.235
0.270
0.232
0.296
0.250
0.256
0.247
0.286
0.197
0.254
0.259
0.238
0.262
0.272
0.256
0.258
0.257
0.257
0.259
0.236
0.198
0.236
0.249
0.279
0.253
0.226
0.653
0.257
0.257
0.217
0.257
0.256
0.255
0.259
0.236
0.265
0.256
0.259
0.206
0.259
0.256
0.196
0.258
0.265
0.269
0.244
0.259
0.222
0.274
0.279
0.257
0.233
0.231
0.265
0.260
0.258
0.255
0.196
0.235
0.265
0.254
0.236
0.238
0.234
0.247
0.257
0.198
0.280
0.258
0.277
0.237
0.281
0.240
0.260
0.236
0.272
0.195
0.241
0.198
0.258
0.194
0.240
0.255
0.259
0.238
0.257
0.255
0.255
0.257
0.263
0.279
0.278
0.257
0.239
0.247
0.258
0.260
0.236
0.256
0.275
0.257
0.260
0.257
0.197
0.258
0.234
0.216
0.257
0.257
0.235
0.257
0.239
0.257
0.258
0.260
0.232
0.258
0.269
0.299
0.259
0.247
0.248
0.244
0.522
0.237
0.249
0.257
0.501
0.434
0.417
0.870
0.392
0.255
0.340
0.259
0.261
0.238
0.487
0.478
0.498
0.499
0.479
0.449
0.426
0.440
0.413
0.379
0.345
0.356
0.479
0.482
0.474
0.480
0.232
0.260
0.240
0.237
0.263
0.247
0.248
0.215
0.248
0.247
0.247
0.242
0.191
0.245
0.230
0.242
0.242
0.242
0.238
0.232
0.293
0.237
0.236
0.230
0.239
0.231
0.200
0.421
0.239
0.246
0.234
0.425
0.247
0.274
0.232
0.239
0.243
0.245
0.248
0.245
0.239
0.258
0.258
0.256
0.241
0.236
0.241
0.255
0.238
0.248
0.258
0.255
0.258
0.237
0.251
0.256
0.276
0.236
0.257
0.258
0.258
0.259
0.258
0.255
0.256
0.261
0.209
0.258
0.258
0.285
0.235
0.272
0.272
0.259
0.197
0.215
0.258
0.259
0.256
0.260
0.278
0.667
0.259
0.259
0.206
0.257
0.256
0.255
0.259
0.237
0.237
0.246
0.248
0.207
0.248
0.274
0.226
0.268
0.251
0.271
0.247
0.259
0.234
0.236
0.241
0.258
0.256
0.236
0.258
0.258
0.238
0.234
0.275
0.255
0.257
0.256
0.265
0.255
0.258
0.260
0.223
0.257
0.279
0.257
0.257
0.237
0.259
0.260
0.257
0.257
0.271
0.257
0.273
0.256
0.235
0.256
0.197
0.256
0.259
0.236
0.276
0.254
0.258
0.236
0.257
0.258
0.233
0.216
0.256
0.256
0.257
0.245
0.231
0.207
0.260
0.272
0.236
0.227
0.267
0.247
0.247
0.248
0.271
0.271
0.247
0.237
0.259
0.255
0.279
0.257
0.256
0.256
0.240
0.256
0.258
0.237
0.255
0.255
0.257
0.210
0.258
0.258
0.271
0.236
0.262
0.655
0.261
0.258
0.258
0.261
0.257
0.257
0.257
0.255
0.258
0.258
0.263
0.216
0.193
0.258
0.256
0.245
0.261
0.261
0.258
0.198
0.259
0.258
0.258
0.256
0.268
0.232
0.230
0.272
0.271
0.243
0.268
0.254
