0.608
0.224
0.158
0.220
0.157
0.203
0.237
0.160
0.234
0.209
0.222
0.192
0.197
0.210
0.162
0.206
0.204
0.205
0.215
0.203
0.172
0.197
0.209
0.214
0.208
0.204
0.244
0.206
0.236
0.205
0.214
0.229
0.197
0.209
0.206
0.199
0.197
0.152
0.223
0.210
0.236
0.194
0.206
0.194
0.227
0.160
0.209
0.215
0.238
0.202
0.225
0.239
0.215
0.240
0.207
0.208
0.203
0.201
0.204
0.204
0.210
0.202
0.205
0.235
0.200
0.206
0.237
0.201
0.237
0.209
0.211
0.241
0.197
0.199
0.215
0.204
0.212
0.208
0.239
0.191
0.195
0.208
0.180
0.213
0.209
0.208
0.204
0.200
0.249
0.204
0.209
0.218
0.204
0.208
0.171
0.200
0.201
0.237
0.239
0.170
0.205
0.204
0.201
0.202
0.206
0.197
0.211
0.205
0.205
0.191
0.159
0.206
0.215
0.209
0.236
0.213
0.219
0.192
0.240
0.206
0.204
0.201
0.204
0.206
0.184
0.197
0.231
0.221
0.215
0.150
0.212
0.230
0.201
0.204
0.207
0.212
0.203
0.204
0.238
0.199
0.204
0.239
0.202
0.207
0.221
0.205
0.239
0.213
0.204
0.203
0.233
0.237
0.209
0.204
0.214
0.215
0.206
0.207
0.208
0.212
0.217
0.154
0.603
0.196
0.208
0.162
0.223
0.196
0.209
0.208
0.196
0.210
0.205
0.203
0.201
0.209
0.238
0.199
0.230
0.211
0.243
0.207
0.205
0.236
0.233
0.198
0.227
0.213
0.238
0.205
0.225
0.205
0.172
0.215
0.208
0.206
0.211
0.207
0.158
0.205
0.205
0.236
0.208
0.209
0.208
0.204
0.202
0.240
0.230
0.211
0.207
0.198
0.204
0.207
0.210
0.203
0.197
0.205
0.209
0.212
0.203
0.211
0.205
0.155
0.207
0.207
0.205
0.235
0.236
0.195
0.205
0.201
0.211
0.199
0.204
0.208
0.240
0.197
0.225
0.207
0.203
0.232
0.205
0.208
0.221
0.193
0.202
0.203
0.217
0.204
0.204
0.228
0.209
0.199
0.208
0.207
0.202
0.197
0.221
0.205
0.196
0.201
0.207
0.211
0.208
0.222
0.205
0.219
0.227
0.213
0.238
0.209
0.206
0.206
0.244
0.168
0.201
0.221
0.207
0.211
0.205
0.213
0.210
0.202
0.209
0.170
0.207
0.209
0.232
0.203
0.193
0.184
0.212
0.220
0.225
0.210
0.206
0.205
0.232
0.211
0.212
0.210
0.204
0.208
0.211
0.183
0.197
0.238
0.233
0.204
0.204
0.242
0.205
0.197
0.235
0.207
0.234
0.234
0.233
0.211
0.208
0.230
0.210
0.632
0.208
0.159
0.214
0.248
0.205
0.196
0.210
0.203
0.210
0.208
0.205
0.173
0.199
0.234
0.235
0.210
0.196
0.208
0.206
0.208
0.242
0.209
0.205
0.158
0.209
0.210
0.206
0.214
0.204
0.194
0.210
0.206
0.201
0.211
0.201
0.212
0.236
0.236
0.212
0.209
0.205
0.195
0.198
0.211
0.201
0.206
0.202
0.209
0.220
0.196
0.201
0.209
0.212
0.213
0.201
0.208
0.207
0.193
0.204
0.213
0.209
0.206
0.205
0.209
0.165
0.197
0.209
0.223
0.207
0.205
0.205
0.206
0.200
0.235
0.236
0.211
0.191
0.208
0.206
0.207
0.191
0.198
0.205
0.234
0.233
0.164
0.205
0.197
0.200
0.207
0.200
0.198
0.213
0.207
0.178
0.199
0.206
0.202
0.211
0.211
0.205
0.207
0.195
0.211
0.210
0.213
0.206
0.194
0.208
0.222
0.163
0.209
0.228
0.209
0.245
0.205
0.238
0.226
0.202
0.202
0.615
0.157
0.214
0.211
0.225
0.196
0.191
0.239
0.205
0.209
0.204
0.209
0.182
0.214
0.209
0.207
0.205
0.207
0.205
0.175
0.229
0.204
0.210
0.211
0.214
0.205
0.205
0.157
0.201
0.205
0.212
0.207
0.211
0.191
0.207
0.198
0.206
0.210
0.205
0.202
0.231
0.203
0.173
0.201
0.248
0.209
0.204
0.212
0.203
0.213
0.196
0.208
0.218
0.212
0.209
0.223
0.210
0.197
0.201
0.200
0.234
0.209
0.197
0.234
0.232
0.196
0.205
0.203
0.206
0.208
0.206
0.208
0.184
0.193
0.222
0.207
0.205
0.192
0.205
0.210
0.207
0.203
0.205
0.207
0.207
0.203
0.243
0.246
0.196
0.160
0.201
0.208
0.240
0.230
0.245
0.197
0.210
0.195
0.212
0.206
0.212
0.206
0.204
0.227
0.236
0.207
0.210
0.214
0.210
0.197
0.197
0.201
0.158
0.207
0.220
0.231
0.204
0.204
0.200
0.205
0.205
0.616
0.201
0.205
0.206
0.170
0.198
0.208
0.205
0.205
0.222
0.211
0.214
0.213
0.233
0.210
0.209
0.201
0.217
0.201
0.231
0.197
0.212
0.220
0.208
0.206
0.210
0.203
0.196
0.204
0.223
0.161
0.161
0.205
0.239
0.191
0.197
0.194
0.213
0.208
0.200
0.161
0.214
0.196
0.238
0.205
0.203
0.203
0.228
0.205
0.172
0.202
0.204
0.237
0.250
0.203
0.215
0.231
0.199
0.200
0.203
0.229
0.235
0.191
0.220
0.163
0.193
0.223
0.205
0.204
0.205
0.216
0.204
0.201
0.205
0.204
0.206
0.204
0.207
0.210
0.173
0.205
0.212
0.238
0.232
0.163
0.207
0.209
0.196
0.212
0.242
0.210
0.207
0.161
0.208
0.199
0.195
0.216
0.214
0.194
0.208
0.209
0.222
0.194
0.206
0.207
0.237
0.239
0.216
0.221
0.206
0.202
0.211
0.207
0.210
0.208
0.205
0.208
0.172
0.214
0.208
0.198
0.623
0.206
0.192
0.204
0.215
0.210
0.204
0.210
0.207
0.205
0.200
0.195
0.209
0.205
0.206
0.208
0.206
0.201
0.205
0.197
0.204
0.241
0.223
0.196
0.206
0.210
0.185
0.203
0.237
0.210
0.205
0.236
0.232
0.160
0.212
0.163
0.208
0.209
0.222
0.151
0.211
0.205
0.201
0.211
0.206
0.200
0.204
0.205
0.206
0.197
0.205
0.242
0.202
0.210
0.205
0.225
0.203
0.193
0.222
0.205
0.205
0.244
0.248
0.204
0.202
0.234
0.216
0.199
0.204
0.207
0.204
0.205
0.229
0.204
0.231
0.233
0.198
0.207
0.207
0.194
0.198
0.223
0.204
0.205
0.163
0.203
0.208
0.202
0.215
0.195
0.210
0.204
0.210
0.206
0.209
0.175
0.210
0.198
0.228
0.206
0.203
0.193
0.218
0.211
0.211
0.209
0.209
0.205
0.236
0.172
0.202
0.207
0.213
0.203
0.208
0.201
0.206
0.228
0.233
0.193
0.223
0.620
0.239
0.205
0.162
0.202
0.205
0.221
0.211
0.206
0.215
0.204
0.209
0.205
0.212
0.200
0.211
0.209
0.210
0.201
0.198
0.240
0.233
0.210
0.205
0.205
0.205
0.201
0.200
0.223
0.205
0.203
0.223
0.212
0.204
0.231
0.205
0.156
0.205
0.201
0.203
0.234
0.225
0.190
0.224
0.203
0.203
0.207
0.205
0.205
0.215
0.223
0.219
0.209
0.204
0.208
0.208
0.190
0.209
0.207
0.213
0.237
0.201
0.206
0.209
0.199
0.219
0.205
0.208
0.210
0.212
0.207
0.235
0.171
0.203
0.210
0.203
0.197
0.213
0.205
0.214
0.210
0.208
0.227
0.210
0.202
0.195
0.203
0.204
0.208
0.211
0.243
0.215
0.215
0.203
0.200
0.206
0.197
0.204
0.160
0.212
0.205
0.232
0.199
0.212
0.194
0.223
0.205
0.205
0.165
0.196
0.209
0.235
0.206
0.202
0.239
0.218
0.193
0.198
0.198
0.217
0.207
0.622
0.204
0.221
0.227
0.198
0.200
0.208
0.162
0.205
0.233
0.200
0.201
0.208
0.195
0.186
0.204
0.157
0.206
0.199
0.200
0.244
0.207
0.193
0.217
0.206
0.209
0.201
0.204
0.187
0.232
0.240
0.205
0.206
0.207
0.204
0.204
0.158
0.154
0.209
0.159
0.206
0.197
0.237
0.232
0.211
0.192
0.204
0.208
0.205
0.233
0.207
0.207
0.208
0.200
0.211
0.208
0.198
0.206
0.204
0.212
0.193
0.205
0.211
0.165
0.202
0.207
0.210
0.203
0.209
0.209
0.223
0.201
0.209
0.193
0.161
0.204
0.205
0.202
0.209
0.229
0.221
0.207
0.210
0.204
0.206
0.211
0.202
0.210
0.204
0.201
0.239
0.207
0.204
0.171
0.202
0.209
0.209
0.214
0.208
0.233
0.201
0.166
0.198
0.215
0.207
0.236
0.208
0.192
0.221
0.213
0.244
0.209
0.204
0.204
0.207
0.213
0.202
0.196
0.210
0.197
0.212
0.620
0.211
0.208
0.200
0.208
0.209
0.205
0.206
0.213
0.242
0.201
0.209
0.241
0.198
0.204
0.242
0.206
0.209
0.205
0.221
0.209
0.209
0.205
0.212
0.206
0.229
0.203
0.201
0.234
0.216
0.201
0.237
0.204
0.203
0.207
0.203
0.191
0.206
0.206
0.205
0.193
0.199
0.156
0.204
0.204
0.236
0.206
0.205
0.184
0.215
0.209
0.205
0.210
0.244
0.197
0.200
0.195
0.201
0.223
0.193
0.209
0.203
0.216
0.202
0.204
0.245
0.204
0.206
0.204
0.210
0.170
0.208
0.209
0.206
0.237
0.233
0.160
0.158
0.237
0.232
0.216
0.210
0.237
0.201
0.206
0.206
0.202
0.246
0.222
0.207
0.211
0.211
0.204
0.197
0.200
0.201
0.210
0.211
0.208
0.205
0.209
0.233
0.234
0.205
0.160
0.212
0.205
0.197
0.226
0.229
0.195
0.212
0.208
0.206
0.197
0.180
0.195
0.224
0.209
0.209
0.198
0.612
0.204
0.190
0.199
0.206
0.203
0.210
0.212
0.218
0.204
0.204
0.232
0.209
0.205
0.205
0.206
0.211
0.168
0.236
0.206
0.213
0.243
0.210
0.203
0.207
0.197
0.202
0.203
0.221
0.207
0.205
0.208
0.178
0.204
0.232
0.197
0.210
0.204
0.236
0.205
0.222
0.214
0.204
0.207
0.206
0.159
0.212
0.196
0.228
0.204
0.207
0.196
0.217
0.203
0.202
0.206
0.207
0.207
0.244
0.225
0.211
0.193
0.200
0.213
0.221
0.206
0.204
0.236
0.235
0.207
0.206
0.198
0.201
0.205
0.163
0.193
0.239
0.196
0.230
0.212
0.229
0.201
0.209
0.196
0.211
0.199
0.217
0.207
0.215
0.210
0.208
0.210
0.206
0.191
0.204
0.201
0.212
0.204
0.207
0.209
0.198
0.196
0.205
0.205
0.156
0.206
0.200
0.161
0.208
0.209
0.215
0.196
0.448
0.184
0.207
0.166
0.208
0.369
0.208
0.204
0.245
0.652
0.395
0.235
0.239
0.205
0.192
0.452
0.213
0.222
0.168
0.225
0.213
0.233
0.227
0.207
0.200
0.352
0.193
0.209
0.196
0.210
0.209
0.230
0.235
0.171
0.214
0.208
0.234
0.203
0.205
0.214
0.206
0.224
0.237
0.197
0.215
0.370
0.231
0.206
0.196
0.236
0.214
0.208
0.199
0.207
0.204
0.233
0.226
0.160
0.207
0.204
0.207
0.205
0.205
0.196
0.206
0.218
0.191
0.215
0.214
0.209
0.206
0.196
0.210
0.209
0.205
0.240
0.207
0.209
0.176
0.229
0.221
0.205
0.206
0.172
0.226
0.204
0.164
0.207
0.207
0.194
0.204
0.205
0.206
0.201
0.214
0.205
0.217
0.205
0.191
0.233
0.209
0.171
0.214
0.220
0.232
0.210
0.210
0.206
0.211
0.192
0.205
0.209
0.208
0.205
0.207
0.223
0.166
0.210
0.210
0.155
0.211
0.205
0.241
0.208
0.203
0.195
0.243
0.210
0.210
0.208
0.615
0.195
0.227
0.211
0.210
0.212
0.200
0.212
0.204
0.201
0.213
0.226
0.205
0.210
0.217
0.239
0.178
0.197
0.213
0.411
0.172
0.237
0.241
0.206
0.351
0.232
0.238
0.205
0.205
0.473
0.213
0.204
0.200
0.195
0.487
0.205
0.201
0.208
0.206
0.181
0.204
0.209
0.211
0.198
0.391
0.203
0.211
0.201
0.220
0.341
0.222
0.158
0.205
0.204
0.131
0.239
0.232
0.195
0.223
0.245
0.208
0.202
0.198
0.201
0.127
0.233
0.235
0.205
0.213
0.180
0.171
0.205
0.205
0.194
0.163
0.233
0.201
0.200
0.231
0.135
0.211
0.210
0.214
0.206
0.133
0.196
0.215
0.212
0.209
0.128
0.205
0.202
0.192
0.205
0.130
0.207
0.221
0.210
0.213
0.133
0.196
0.207
0.243
0.225
0.133
0.208
0.210
0.197
0.205
0.575
0.207
0.205
0.205
0.175
0.173
0.229
0.230
0.207
0.205
0.190
0.204
0.204
0.198
0.197
0.161
0.208
0.240
0.198
0.200
0.210
0.199
0.200
0.205
0.213
0.202
0.237
0.232
0.188
0.215
0.238
0.208
0.200
0.210
0.205
0.196
0.226
0.240
0.205
0.231
0.201
0.206
0.201
0.200
0.194
0.198
0.206
0.212
0.210
0.238
0.199
0.197
0.208
0.204
0.202
0.205
0.233
0.234
0.162
0.240
0.207
0.206
0.218
0.241
0.209
0.203
0.156
0.155
0.202
0.208
0.214
0.206
0.191
0.208
0.198
0.203
0.204
0.211
0.207
0.232
0.230
0.201
0.222
0.230
0.173
0.208
0.204
0.210
0.175
0.240
0.212
0.216
0.205
0.226
0.205
0.210
0.198
0.220
0.205
0.205
0.211
0.206
0.211
0.176
0.198
0.211
0.214
0.217
0.206
0.582
0.208
0.196
0.197
0.207
0.199
0.205
0.200
0.234
0.204
0.200
0.206
0.210
0.207
0.206
0.202
0.207
0.226
0.233
0.171
0.210
0.204
0.204
0.207
0.208
0.187
0.216
0.208
0.234
0.208
0.205
0.199
0.172
0.199
0.206
0.194
0.202
0.209
0.208
0.204
0.197
0.235
0.210
0.208
0.216
0.202
0.199
0.174
0.216
0.197
0.209
0.232
0.208
0.205
0.205
0.204
0.241
0.246
0.221
0.210
0.194
0.226
0.145
0.198
0.178
0.212
0.209
0.211
0.207
0.205
0.201
0.245
0.207
0.208
0.213
0.205
0.209
0.168
0.198
0.207
0.209
0.164
0.210
0.160
0.210
0.197
0.227
0.195
0.218
0.209
0.209
0.208
0.199
0.207
0.234
0.200
0.203
0.213
0.214
0.207
0.198
0.216
0.207
0.211
0.235
0.210
0.218
0.224
0.207
0.621
0.196
0.211
0.205
0.233
0.234
0.201
0.205
0.238
0.238
0.210
0.209
0.245
0.203
0.208
0.221
0.205
0.220
0.208
0.208
0.215
0.201
0.218
0.207
0.204
0.207
0.205
0.222
0.208
0.199
0.207
0.207
0.154
0.204
0.163
0.212
0.194
0.240
0.233
0.234
0.210
0.212
0.210
0.212
0.207
0.209
0.210
0.206
0.233
0.234
0.205
0.165
0.192
0.208
0.208
0.211
0.211
0.212
0.210
0.204
0.204
0.209
0.210
0.213
0.204
0.208
0.186
0.208
0.216
0.235
0.203
0.204
0.197
0.206
0.207
0.201
0.203
0.201
0.211
0.222
0.221
0.209
0.196
0.207
0.202
0.242
0.222
0.228
0.237
0.217
0.198
0.209
0.223
0.207
0.210
0.206
0.165
0.192
0.207
0.234
0.212
0.209
0.196
0.216
0.194
0.238
0.198
0.211
0.208
0.622
0.210
0.208
0.197
0.207
0.207
0.219
0.205
0.202
0.239
0.228
0.197
0.208
0.237
0.206
0.210
0.211
0.200
0.226
0.239
0.237
0.225
0.229
0.204
0.208
0.192
0.203
0.206
0.232
0.204
0.209
0.211
0.207
0.198
0.226
0.202
0.210
0.204
0.205
0.232
0.226
0.197
0.208
0.199
0.211
0.207
0.206
0.206
0.194
0.165
0.209
0.202
0.208
0.235
0.208
0.158
0.228
0.204
0.235
0.203
0.214
0.206
0.232
0.234
0.203
0.204
0.205
0.209
0.209
0.206
0.165
0.198
0.206
0.219
0.216
0.218
0.212
0.192
0.212
0.215
0.207
0.201
0.200
0.208
0.210
0.204
0.191
0.207
0.159
0.203
0.240
0.206
0.210
0.206
0.201
0.207
0.205
0.205
0.217
0.205
0.205
0.198
0.232
0.223
0.206
0.209
0.232
0.212
0.201
0.608
0.238
0.171
0.209
0.215
0.213
0.206
0.202
0.191
0.198
0.204
0.206
0.204
0.221
0.205
0.199
0.209
0.211
0.205
0.204
0.204
0.167
0.199
0.202
0.238
0.211
0.210
0.190
0.213
0.209
0.209
0.199
0.210
0.206
0.234
0.206
0.203
0.218
0.168
0.214
0.215
0.222
0.205
