0.663
0.200
0.227
0.231
0.187
0.200
0.208
0.210
0.210
0.170
0.210
0.202
0.220
0.202
0.189
0.209
0.215
0.209
0.168
0.195
0.203
0.205
0.192
0.206
0.209
0.176
0.201
0.162
0.201
0.158
0.208
0.191
0.195
0.208
0.195
0.209
0.171
0.204
0.238
0.204
0.205
0.206
0.210
0.203
0.203
0.199
0.232
0.203
0.220
0.209
0.189
0.201
0.239
0.200
0.205
0.191
0.211
0.206
0.208
0.191
0.199
0.202
0.210
0.163
0.197
0.208
0.214
0.204
0.195
0.205
0.201
0.206
0.209
0.201
0.203
0.209
0.199
0.199
0.211
0.630
0.203
0.204
0.201
0.201
0.192
0.221
0.201
0.204
0.198
0.211
0.193
0.199
0.170
0.212
0.212
0.200
0.163
0.208
0.202
0.201
0.198
0.208
0.203
0.203
0.195
0.204
0.210
0.202
0.235
0.201
0.203
0.210
0.202
0.195
0.206
0.192
0.190
0.209
0.194
0.194
0.199
0.205
0.171
0.203
0.203
0.158
0.204
0.205
0.206
0.205
0.206
0.166
0.206
0.212
0.214
0.208
0.187
0.206
0.203
0.200
0.166
0.209
0.206
0.202
0.205
0.198
0.203
0.208
0.202
0.196
0.209
0.209
0.216
0.211
0.190
0.211
0.241
0.203
0.597
0.207
0.192
0.200
0.204
0.204
0.202
0.208
0.213
0.207
0.204
0.208
0.231
0.212
0.197
0.207
0.205
0.208
0.201
0.197
0.208
0.202
0.209
0.195
0.202
0.204
0.196
0.203
0.205
0.158
0.193
0.206
0.200
0.203
0.210
0.205
0.204
0.206
0.203
0.203
0.210
0.193
0.201
0.204
0.205
0.198
0.195
0.200
0.202
0.211
0.188
0.217
0.199
0.207
0.206
0.194
0.206
0.157
0.204
0.171
0.202
0.203
0.183
0.210
0.194
0.209
0.203
0.209
0.195
0.199
0.212
0.208
0.235
0.202
0.210
0.205
0.208
0.177
0.209
0.594
0.209
0.203
0.190
0.205
0.216
0.204
0.170
0.202
0.235
0.206
0.198
0.160
0.203
0.201
0.208
0.178
0.204
0.208
0.218
0.203
0.199
0.194
0.199
0.161
0.180
0.210
0.233
0.211
0.209
0.185
0.201
0.220
0.195
0.175
0.205
0.201
0.201
0.201
0.196
0.204
0.201
0.205
0.203
0.198
0.209
0.202
0.207
0.194
0.205
0.205
0.199
0.222
0.195
0.201
0.207
0.204
0.221
0.203
0.201
0.209
0.196
0.208
0.200
0.208
0.195
0.157
0.203
0.202
0.203
0.206
0.198
0.205
0.206
0.159
0.192
0.205
0.209
0.203
0.614
0.198
0.196
0.208
0.202
0.193
0.204
0.201
0.202
0.209
0.194
0.204
0.207
0.202
0.168
0.204
0.230
0.196
0.203
0.418
0.203
0.210
0.204
0.174
0.199
0.200
0.206
0.201
0.198
0.203
0.210
0.205
0.186
0.203
0.201
0.205
0.210
0.201
0.209
0.210
0.230
0.187
0.207
0.207
0.248
0.206
0.194
0.192
0.210
0.204
0.192
0.206
0.201
0.202
0.213
0.199
0.474
0.160
0.211
0.208
0.204
0.209
0.215
0.204
0.156
0.202
0.200
0.210
0.195
0.199
0.200
0.204
0.203
0.197
0.229
0.193
0.200
0.222
0.185
0.201
0.212
0.424
0.207
0.203
0.206
0.203
0.202
0.207
0.205
0.206
0.208
0.192
0.207
0.206
0.222
0.207
0.195
0.206
0.202
0.205
0.222
0.207
0.204
0.202
0.205
0.200
0.205
0.206
0.211
0.167
0.204
0.202
0.613
0.200
0.201
0.204
0.204
0.205
0.160
0.158
0.208
0.210
0.201
0.196
0.195
0.206
0.204
0.165
0.211
0.205
0.205
0.212
0.199
0.204
0.208
0.209
0.181
0.221
0.217
0.209
0.189
0.202
0.204
0.209
0.205
0.202
0.204
0.203
0.203
0.207
0.195
0.211
0.248
0.205
0.198
0.204
0.247
0.205
0.204
0.202
0.199
0.211
0.207
0.209
0.202
0.197
0.203
0.207
0.468
0.207
0.197
0.206
0.200
0.194
0.212
0.204
0.198
0.197
0.202
0.205
0.207
0.159
0.196
0.203
0.214
0.203
0.200
0.203
0.208
0.208
0.203
0.200
0.253
0.214
0.225
0.197
0.204
0.207
0.203
0.379
0.407
0.206
0.364
0.155
0.334
0.347
0.291
0.408
0.349
0.437
0.448
0.464
0.432
0.417
0.395
0.353
0.327
0.395
0.339
0.448
0.441
0.444
0.192
0.195
0.618
0.380
0.204
0.200
0.205
0.221
0.199
0.194
0.247
0.204
0.218
0.211
0.193
0.213
0.198
0.199
0.224
0.209
0.207
0.159
0.195
0.201
0.204
0.200
0.203
0.206
0.198
0.207
0.204
0.209
0.196
0.205
0.204
0.202
0.171
0.209
0.206
0.209
0.201
0.201
0.191
0.213
0.212
0.170
0.221
0.204
0.205
0.200
0.194
0.196
0.204
0.195
0.206
0.204
0.202
0.209
0.461
0.200
0.204
0.207
0.209
0.191
0.239
0.200
0.209
0.208
0.195
0.211
0.165
0.203
0.205
0.203
0.206
0.208
0.205
0.196
0.204
0.203
0.203
0.204
0.196
0.161
0.214
0.196
0.197
0.204
0.204
0.201
0.205
0.196
0.201
0.204
0.205
0.195
0.207
0.210
0.202
0.206
0.200
0.210
0.203
0.206
0.157
0.223
0.203
0.208
0.207
0.200
0.234
0.237
0.230
0.171
0.574
0.196
0.208
0.202
0.189
0.210
0.204
0.205
0.189
0.203
0.208
0.205
0.202
0.198
0.237
0.200
0.215
0.169
0.198
0.203
0.206
0.204
0.195
0.203
0.200
0.192
0.180
0.204
0.203
0.211
0.199
0.171
0.209
0.208
0.212
0.211
0.210
0.202
0.202
0.204
0.194
0.201
0.205
0.202
0.205
0.204
0.205
0.203
0.206
0.195
0.209
0.202
0.238
0.202
0.213
0.201
0.461
0.205
0.238
0.209
0.204
0.203
0.203
0.199
0.210
0.210
0.206
0.194
0.208
0.206
0.201
0.205
0.211
0.202
0.200
0.204
0.223
0.205
0.209
0.204
0.204
0.195
0.202
0.206
0.207
0.201
0.206
0.200
0.202
0.204
0.197
0.207
0.203
0.159
0.172
0.209
0.241
0.202
0.206
0.202
0.212
0.197
0.208
0.189
0.210
0.206
0.209
0.201
0.170
0.202
0.205
0.205
0.619
0.206
0.196
0.221
0.207
0.200
0.231
0.206
0.211
0.178
0.162
0.203
0.200
0.197
0.195
0.206
0.208
0.202
0.178
0.210
0.205
0.204
0.237
0.194
0.202
0.206
0.237
0.219
0.204
0.201
0.198
0.221
0.198
0.205
0.208
0.203
0.220
0.206
0.210
0.209
0.199
0.197
0.208
0.162
0.231
0.212
0.197
0.207
0.201
0.209
0.203
0.208
0.207
0.208
0.170
0.205
0.471
0.203
0.208
0.193
0.201
0.206
0.202
0.202
0.184
0.214
0.200
0.204
0.194
0.203
0.206
0.196
0.206
0.198
0.208
0.211
0.158
0.183
0.208
0.202
0.214
0.202
0.204
0.204
0.202
0.209
0.196
0.200
0.237
0.210
0.197
0.195
0.210
0.206
0.201
0.168
0.207
0.204
0.198
0.209
0.191
0.206
0.209
0.204
0.163
0.159
0.201
0.195
0.200
0.204
0.206
0.199
0.623
0.169
0.225
0.212
0.198
0.205
0.195
0.201
0.201
0.205
0.183
0.203
0.234
0.204
0.160
0.201
0.202
0.208
0.218
0.210
0.222
0.206
0.196
0.201
0.198
0.207
0.212
0.203
0.208
0.211
0.211
0.209
0.209
0.197
0.202
0.203
0.209
0.170
0.236
0.208
0.204
0.204
0.199
0.203
0.208
0.208
0.231
0.205
0.204
0.203
0.228
0.202
0.228
0.202
0.214
0.157
0.194
0.163
0.204
0.203
0.190
0.204
0.204
0.202
0.203
0.196
0.204
0.201
0.157
0.195
0.199
0.206
0.210
0.209
0.195
0.209
0.190
0.199
0.191
0.197
0.230
0.216
0.238
0.196
0.235
0.202
0.198
0.166
0.207
0.617
0.200
0.208
0.160
0.208
0.204
0.204
0.176
0.207
0.236
0.210
0.235
0.195
0.210
0.210
0.213
0.172
0.206
0.202
0.200
0.203
0.202
0.202
0.225
0.207
0.182
0.201
0.201
0.161
0.202
0.199
0.214
0.203
0.206
0.204
0.201
0.204
0.208
0.199
0.199
0.204
0.205
0.207
0.209
0.209
0.203
0.207
0.208
0.196
0.196
0.203
0.206
0.168
0.210
0.201
0.157
0.203
0.195
0.209
0.204
0.203
0.208
0.200
0.202
0.210
0.205
0.195
0.205
0.202
0.206
0.202
0.230
0.208
0.230
0.203
0.192
0.210
0.205
0.206
0.206
0.196
0.198
0.204
0.215
0.198
0.205
0.203
0.187
0.204
0.614
0.159
0.201
0.204
0.170
0.204
0.203
0.203
0.205
0.198
0.161
0.208
0.203
0.191
0.204
0.207
0.208
0.211
0.196
0.424
0.427
0.207
0.199
0.197
0.204
0.205
0.243
0.196
0.218
0.201
0.207
0.165
0.204
0.202
0.200
0.204
0.195
0.203
0.204
0.201
0.175
0.207
0.197
0.201
0.237
0.206
0.236
0.197
0.209
0.204
0.204
0.202
0.203
0.204
0.196
0.210
0.204
0.215
0.205
0.208
0.203
0.201
0.205
0.191
0.203
0.164
0.210
0.195
0.200
0.203
0.202
0.205
0.197
0.207
0.211
0.161
0.208
0.202
0.203
0.196
0.210
0.201
0.202
0.211
0.194
0.430
0.196
0.207
0.203
0.669
0.198
0.199
0.208
0.204
0.202
0.202
0.156
0.202
0.237
0.200
0.205
0.201
0.201
0.204
0.231
0.207
0.241
0.206
0.163
0.199
0.198
0.196
0.203
0.194
0.203
0.209
0.210
0.166
0.209
0.207
0.202
0.209
0.195
0.205
0.211
0.160
0.173
0.205
0.202
0.202
0.234
0.196
0.210
0.201
0.156
0.168
0.203
0.201
0.203
0.209
0.198
0.199
0.204
0.202
0.196
0.218
0.197
0.209
0.224
0.202
0.210
0.205
0.155
0.210
0.204
0.213
0.207
0.203
0.198
0.208
0.203
0.208
0.214
0.205
0.209
0.200
0.207
0.195
0.208
0.211
0.203
0.202
0.203
0.200
0.221
0.248
0.198
0.202
0.614
0.208
0.213
0.202
0.202
0.205
0.203
0.198
0.208
0.160
0.203
0.213
0.194
0.207
0.212
0.210
0.195
0.204
0.203
0.201
0.194
0.199
0.209
0.214
0.205
0.198
0.198
0.202
0.230
0.206
0.197
0.194
0.209
0.204
0.188
0.201
0.203
0.203
0.202
0.197
0.205
0.207
0.216
0.166
0.205
0.204
0.207
0.202
0.191
0.204
0.202
0.207
0.176
0.202
0.233
0.202
0.241
0.198
0.209
0.199
0.203
0.165
0.207
0.211
0.196
0.201
0.202
0.202
0.195
0.199
0.184
0.168
0.211
0.203
0.203
0.195
0.203
0.204
0.209
0.204
0.209
0.204
0.207
0.201
0.199
0.204
0.203
0.210
0.174
0.615
0.230
0.205
0.194
0.207
0.202
0.209
0.200
0.165
0.234
0.201
0.210
0.204
0.200
0.211
0.206
0.211
0.210
0.198
0.209
0.211
0.209
0.196
0.203
0.209
0.227
0.200
0.190
0.207
0.231
0.204
0.200
0.201
0.202
0.203
0.209
0.202
0.209
0.202
0.213
0.202
0.204
0.199
0.205
0.160
0.201
0.207
0.194
0.192
0.193
0.200
0.211
0.205
0.202
0.188
0.204
0.203
0.200
0.169
0.197
0.206
0.160
0.204
0.194
0.208
0.196
0.212
0.198
0.204
0.201
0.203
0.201
0.198
0.208
0.201
0.206
0.201
0.202
0.204
0.203
0.206
0.197
0.203
0.205
0.203
0.211
0.203
0.231
0.208
0.615
0.201
0.209
0.201
0.194
0.207
0.211
0.209
0.211
0.207
0.195
0.204
0.207
0.204
0.208
0.208
0.195
0.158
0.209
0.194
0.211
0.204
0.205
0.204
0.198
0.200
0.204
0.209
0.197
0.208
0.209
0.202
0.178
0.199
0.204
0.204
0.235
0.197
0.208
0.197
0.207
0.207
0.154
0.205
0.237
0.213
0.193
0.208
0.207
0.198
0.210
0.201
0.207
0.206
0.214
0.198
0.205
0.203
0.201
0.237
0.197
0.203
0.233
0.204
0.198
0.206
0.206
0.193
0.203
0.194
0.203
0.211
0.222
0.165
0.210
0.204
0.204
0.205
0.197
0.158
0.209
0.205
0.167
0.211
0.223
0.206
0.215
0.199
0.202
0.626
0.213
0.167
0.211
0.202
0.195
0.204
0.195
0.201
0.204
0.198
0.154
0.426
0.196
0.206
0.201
0.200
0.205
0.204
0.204
0.198
0.209
0.207
0.203
0.203
0.198
0.203
0.209
0.216
0.207
0.206
0.199
0.200
0.232
0.194
0.209
0.208
0.208
0.193
0.234
0.200
0.202
0.206
0.193
0.207
0.210
0.202
0.221
0.213
0.203
0.199
0.202
0.166
0.203
0.165
0.210
0.199
0.197
0.202
0.207
0.203
0.194
0.201
0.203
0.205
0.207
0.205
0.197
0.203
0.238
0.169
0.204
0.215
0.189
0.427
0.195
0.203
0.234
0.206
0.199
0.207
0.207
0.205
0.213
0.196
0.209
0.207
0.192
0.167
0.206
0.245
0.207
0.205
0.198
0.169
0.204
0.602
0.224
0.206
0.196
0.208
0.205
0.197
0.208
0.198
0.204
0.165
0.209
0.202
0.207
0.205
0.196
0.204
0.208
0.159
0.170
0.203
0.211
0.184
0.200
0.201
0.201
0.202
0.208
0.204
0.203
0.204
0.199
0.207
0.193
0.203
0.200
0.203
0.179
0.192
0.211
0.190
0.208
0.207
0.188
0.208
0.200
0.201
0.189
0.201
0.202
0.161
0.192
0.204
0.208
0.209
0.198
0.203
0.206
0.204
0.198
0.198
0.208
0.203
0.200
0.201
0.193
0.204
0.202
0.203
0.197
0.204
0.197
0.203
0.214
0.194
0.208
0.203
0.198
0.197
0.216
0.158
0.209
0.204
0.201
0.207
0.194
0.205
0.201
0.205
0.208
0.209
0.208
0.196
0.204
0.209
0.203
0.566
0.202
0.202
0.205
0.219
0.190
0.227
0.202
0.203
0.192
0.205
0.206
0.204
0.239
0.195
0.201
0.205
0.202
0.200
0.224
0.201
0.203
0.201
0.198
0.197
0.208
0.206
0.223
0.208
0.203
0.204
0.215
0.205
0.205
0.210
0.203
0.202
0.199
0.218
0.240
0.204
0.193
0.201
0.198
0.205
0.206
0.160
0.204
0.203
0.221
0.201
0.206
0.205
0.218
0.193
0.235
0.207
0.203
0.204
0.198
0.205
0.205
0.208
0.209
0.204
0.209
0.217
0.194
0.198
0.206
0.205
0.207
0.200
0.200
0.212
0.193
0.203
0.199
0.201
0.163
0.203
0.200
0.195
0.215
0.203
0.208
0.202
0.208
0.201
0.238
0.209
0.196
0.212
0.206
0.206
0.202
0.609
0.208
0.210
0.213
0.196
0.200
0.206
0.207
0.202
0.198
0.202
0.200
0.160
0.200
0.195
0.206
0.200
0.171
0.213
0.202
0.211
0.206
0.201
0.206
0.200
0.207
0.173
0.199
0.202
0.207
0.201
0.232
0.207
0.215
0.193
0.205
0.162
0.194
0.210
0.232
0.202
0.231
0.203
0.197
0.206
0.211
0.206
0.230
0.205
0.201
0.205
0.216
0.205
0.220
0.207
0.210
0.206
0.229
0.196
0.206
0.203
0.210
0.212
0.196
0.200
0.208
0.204
0.190
0.208
0.207
0.203
0.200
0.204
0.204
0.159
0.194
0.195
0.210
0.205
0.165
0.204
0.197
0.203
0.204
0.203
0.191
0.207
0.201
0.201
0.202
0.197
0.204
0.212
0.212
0.205
0.197
0.598
0.207
0.202
0.195
0.203
0.206
0.204
0.205
0.201
0.208
0.203
0.205
0.203
0.209
0.215
0.203
0.167
0.209
0.208
0.210
0.214
0.190
0.206
0.233
0.203
0.161
0.207
0.204
0.201
0.205
0.195
0.207
0.211
0.197
0.199
0.203
0.206
0.202
0.207
0.198
0.161
0.210
0.201
0.190
0.204
0.204
0.205
0.206
0.207
0.206
0.204
0.204
0.183
0.209
0.209
0.209
0.200
0.197
0.424
0.203
0.207
0.174
0.210
0.201
0.195
0.198
0.192
0.197
0.212
0.184
0.211
0.208
0.200
0.207
0.204
0.195
0.202
0.206
0.203
0.238
0.200
0.203
0.218
0.204
0.196
0.202
0.210
0.199
0.189
0.234
0.207
0.206
0.213
0.200
0.206
0.204
0.608
0.212
0.202
0.202
0.192
0.204
0.169
0.209
0.202
0.204
0.207
0.192
0.204
0.207
0.208
0.194
0.202
0.206
0.203
0.210
0.196
