0.292
0.229
0.236
0.216
0.199
0.206
0.196
0.198
0.203
0.636
0.208
0.240
0.204
0.206
0.203
0.209
0.204
0.205
0.208
0.202
0.197
0.209
0.179
0.212
0.209
0.206
0.212
0.206
0.204
0.194
0.210
0.157
0.205
0.209
0.206
0.467
0.201
0.207
0.198
0.209
0.204
0.196
0.214
0.215
0.202
0.203
0.208
0.202
0.202
0.206
0.205
0.203
0.206
0.211
0.196
0.208
0.195
0.206
0.205
0.206
0.201
0.631
0.167
0.199
0.206
0.159
0.204
0.194
0.204
0.203
0.210
0.254
0.187
0.216
0.179
0.210
0.203
0.209
0.238
0.206
0.203
0.199
0.209
0.178
0.230
0.203
0.226
0.483
0.205
0.211
0.201
0.205
0.212
0.158
0.202
0.206
0.206
0.198
0.211
0.199
0.209
0.202
0.209
0.201
0.213
0.205
0.204
0.207
0.199
0.196
0.205
0.203
0.196
0.618
0.201
0.205
0.207
0.163
0.208
0.203
0.206
0.211
0.209
0.208
0.156
0.199
0.177
0.208
0.207
0.161
0.196
0.207
0.211
0.198
0.196
0.202
0.204
0.201
0.203
0.206
0.210
0.207
0.200
0.193
0.203
0.204
0.203
0.202
0.208
0.197
0.228
0.201
0.205
0.203
0.204
0.157
0.210
0.214
0.608
0.196
0.194
0.200
0.211
0.210
0.203
0.193
0.213
0.195
0.210
0.196
0.210
0.207
0.212
0.203
0.203
0.196
0.202
0.202
0.180
0.199
0.209
0.206
0.204
0.202
0.206
0.196
0.159
0.179
0.204
0.164
0.204
0.251
0.226
0.224
0.200
0.225
0.158
0.203
0.205
0.205
0.211
0.214
0.206
0.629
0.206
0.212
0.209
0.204
0.203
0.210
0.206
0.207
0.201
0.204
0.205
0.203
0.203
0.199
0.164
0.200
0.198
0.196
0.204
0.207
0.196
0.202
0.210
0.196
0.210
0.202
0.175
0.205
0.210
0.201
0.206
0.203
0.203
0.195
0.208
0.202
0.209
0.204
0.203
0.207
0.205
0.209
0.208
0.203
0.598
0.202
0.198
0.203
0.202
0.207
0.213
0.205
0.198
0.245
0.199
0.210
0.202
0.211
0.199
0.206
0.196
0.208
0.158
0.207
0.194
0.208
0.202
0.203
0.204
0.203
0.204
0.211
0.204
0.204
0.208
0.168
0.193
0.206
0.171
0.204
0.210
0.206
0.209
0.206
0.205
0.192
0.207
0.180
0.206
0.615
0.205
0.160
0.203
0.209
0.206
0.203
0.205
0.204
0.201
0.201
0.201
0.202
0.212
0.236
0.202
0.207
0.158
0.226
0.207
0.202
0.203
0.204
0.195
0.207
0.205
0.203
0.194
0.213
0.201
0.198
0.161
0.198
0.209
0.226
0.213
0.213
0.203
0.222
0.210
0.219
0.170
0.215
0.202
0.213
0.626
0.205
0.210
0.168
0.204
0.171
0.207
0.201
0.203
0.159
0.205
0.204
0.196
0.196
0.172
0.206
0.206
0.204
0.206
0.202
0.204
0.199
0.210
0.202
0.206
0.204
0.209
0.204
0.199
0.210
0.203
0.209
0.203
0.244
0.194
0.207
0.210
0.196
0.204
0.196
0.205
0.206
0.206
0.207
0.211
0.622
0.196
0.208
0.170
0.207
0.204
0.159
0.205
0.203
0.208
0.198
0.242
0.166
0.203
0.203
0.207
0.204
0.203
0.203
0.200
0.164
0.201
0.205
0.214
0.201
0.208
0.210
0.211
0.200
0.208
0.194
0.210
0.213
0.204
0.204
0.175
0.207
0.214
0.208
0.203
0.204
0.212
0.208
0.205
0.197
0.610
0.195
0.204
0.229
0.199
0.207
0.168
0.208
0.198
0.203
0.194
0.204
0.197
0.204
0.205
0.223
0.195
0.203
0.208
0.167
0.195
0.204
0.203
0.194
0.208
0.209
0.200
0.213
0.185
0.209
0.211
0.204
0.203
0.215
0.203
0.204
0.206
0.191
0.204
0.210
0.204
0.205
0.213
0.205
0.198
0.619
0.195
0.198
0.211
0.206
0.205
0.198
0.212
0.197
0.203
0.207
0.207
0.201
0.208
0.202
0.199
0.206
0.200
0.206
0.209
0.206
0.205
0.204
0.197
0.201
0.201
0.158
0.205
0.209
0.207
0.192
0.204
0.162
0.193
0.218
0.189
0.211
0.204
0.632
0.205
0.204
0.202
0.202
0.208
0.209
0.204
0.202
0.207
0.204
0.199
0.208
0.196
0.202
0.209
0.204
0.208
0.215
0.204
0.194
0.221
0.196
0.226
0.203
0.207
0.200
0.214
0.200
0.200
0.204
0.201
0.208
0.204
0.204
0.203
0.212
0.210
0.611
0.205
0.172
0.226
0.204
0.207
0.204
0.206
0.203
0.195
0.203
0.167
0.204
0.208
0.204
0.203
0.205
0.205
0.204
0.201
0.195
0.205
0.200
0.205
0.206
0.203
0.200
0.205
0.209
0.208
0.228
0.204
0.225
0.194
0.199
0.216
0.199
0.206
0.617
0.203
0.190
0.204
0.204
0.167
0.195
0.196
0.204
0.208
0.210
0.205
0.193
0.219
0.199
0.210
0.173
0.212
0.194
0.205
0.203
0.203
0.204
0.203
0.200
0.190
0.204
0.211
0.207
0.209
0.214
0.206
0.203
0.199
0.195
0.201
0.207
0.207
0.616
0.210
0.196
0.210
0.203
0.192
0.212
0.203
0.203
0.206
0.202
0.206
0.194
0.204
0.208
0.198
0.208
0.207
0.202
0.197
0.202
0.195
0.205
0.204
0.202
0.209
0.195
0.209
0.198
0.207
0.169
0.203
0.210
0.209
0.199
0.203
0.213
0.197
0.610
0.192
0.208
0.207
0.202
0.205
0.203
0.202
0.200
0.221
0.180
0.208
0.224
0.202
0.199
0.207
0.196
0.213
0.209
0.195
0.206
0.209
0.203
0.192
0.199
0.199
0.195
0.209
0.207
0.211
0.202
0.205
0.209
0.196
0.206
0.201
0.206
0.204
0.623
0.198
0.207
0.201
0.190
0.207
0.196
0.214
0.205
0.201
0.205
0.225
0.212
0.200
0.205
0.166
0.201
0.204
0.201
0.203
0.209
0.204
0.198
0.391
0.340
0.206
0.206
0.210
0.437
0.446
0.404
0.377
0.356
0.161
0.210
0.199
0.213
0.211
0.624
0.208
0.202
0.205
0.202
0.202
0.204
0.207
0.211
0.200
0.202
0.199
0.204
0.182
0.206
0.212
0.208
0.209
0.196
0.207
0.198
0.203
0.202
0.204
0.202
0.205
0.208
0.198
0.207
0.191
0.202
0.209
0.213
0.203
0.202
0.206
0.190
0.204
0.206
0.200
0.209
0.631
0.203
0.203
0.207
0.202
0.215
0.188
0.218
0.204
0.223
0.204
0.194
0.225
0.215
0.209
0.201
0.203
0.206
0.203
0.211
0.198
0.211
0.202
0.204
0.203
0.207
0.192
0.205
0.207
0.195
0.209
0.188
0.207
0.205
0.207
0.200
0.201
0.203
0.199
0.213
0.189
0.621
0.204
0.208
0.206
0.208
0.205
0.198
0.203
0.180
0.204
0.203
0.202
0.211
0.198
0.207
0.198
0.197
0.206
0.207
0.202
0.208
0.202
0.197
0.202
0.200
0.209
0.209
0.205
0.195
0.205
0.196
0.208
0.200
0.196
0.203
0.203
0.208
0.205
0.206
0.207
0.178
0.626
0.198
0.211
0.201
0.202
0.203
0.159
0.204
0.205
0.195
0.167
0.194
0.206
0.208
0.209
0.209
0.203
0.184
0.215
0.176
0.202
0.204
0.205
0.209
0.205
0.203
0.195
0.210
0.207
0.204
0.202
0.207
0.203
0.204
0.204
0.194
0.203
0.206
0.206
0.208
0.249
0.634
0.225
0.215
0.196
0.206
0.208
0.197
0.199
0.206
0.203
0.206
0.205
0.195
0.210
0.203
0.194
0.204
0.205
0.201
0.195
0.209
0.199
0.205
0.204
0.199
0.204
0.206
0.202
0.206
0.157
0.171
0.197
0.201
0.198
0.193
0.159
0.160
0.187
0.169
0.178
0.203
0.622
0.204
0.207
0.195
0.204
0.195
0.209
0.206
0.208
0.204
0.206
0.209
0.195
0.211
0.201
0.223
0.209
0.204
0.204
0.204
0.203
0.200
0.203
0.199
0.208
0.213
0.202
0.205
0.199
0.211
0.200
0.203
0.206
0.204
0.209
0.203
0.210
0.202
0.207
0.198
0.212
0.585
0.205
0.194
0.211
0.205
0.211
0.202
0.160
0.209
0.204
0.202
0.210
0.203
0.207
0.208
0.205
0.194
0.205
0.166
0.204
0.204
0.207
0.210
0.203
0.167
0.195
0.206
0.206
0.205
0.203
0.204
0.203
0.200
0.202
0.200
0.204
0.202
0.204
0.206
0.227
0.208
0.604
0.202
0.181
0.201
0.202
0.204
0.201
0.246
0.195
0.201
0.201
0.198
0.205
0.202
0.206
0.203
0.206
0.208
0.201
0.206
0.203
0.204
0.202
0.203
0.210
0.209
0.202
0.197
0.191
0.203
0.208
0.202
0.212
0.205
0.202
0.157
0.198
0.204
0.208
0.203
0.210
0.620
0.202
0.198
0.205
0.195
0.206
0.210
0.194
0.197
0.213
0.208
0.196
0.206
0.195
0.216
0.210
0.195
0.196
0.155
0.208
0.208
0.212
0.171
0.207
0.230
0.167
0.204
0.208
0.480
0.195
0.207
0.202
0.208
0.202
0.205
0.203
0.201
0.205
0.200
0.203
0.206
0.205
0.203
0.209
0.201
0.196
0.204
0.200
0.203
0.202
0.203
0.206
0.207
0.209
0.197
0.207
0.598
0.201
0.207
0.210
0.193
0.211
0.204
0.196
0.207
0.189
0.202
0.206
0.202
0.202
0.162
0.200
0.198
0.207
0.168
0.203
0.202
0.209
0.207
0.206
0.210
0.196
0.206
0.207
0.466
0.202
0.225
0.162
0.205
0.204
0.200
0.194
0.193
0.203
0.202
0.213
0.206
0.197
0.202
0.196
0.203
0.206
0.164
0.209
0.207
0.201
0.197
0.202
0.202
0.207
0.211
0.202
0.612
0.201
0.208
0.194
0.202
0.168
0.203
0.204
0.201
0.206
0.203
0.205
0.199
0.203
0.165
0.205
0.206
0.204
0.207
0.206
0.209
0.201
0.206
0.205
0.206
0.207
0.211
0.206
0.471
0.199
0.202
0.205
0.201
0.205
0.207
0.211
0.161
0.210
0.191
0.199
0.216
0.196
0.215
0.203
0.207
0.203
0.201
0.207
0.170
0.204
0.203
0.208
0.209
0.215
0.207
0.198
0.600
0.164
0.205
0.206
0.204
0.201
0.207
0.209
0.202
0.209
0.168
0.203
0.203
0.192
0.205
0.209
0.193
0.203
0.202
0.202
0.209
0.209
0.215
0.202
0.212
0.203
0.203
0.210
0.471
0.208
0.206
0.203
0.205
0.199
0.206
0.202
0.247
0.202
0.224
0.201
0.204
0.207
0.208
0.202
0.193
0.209
0.201
0.208
0.205
0.209
0.210
0.195
0.209
0.198
0.209
0.206
0.635
0.207
0.206
0.202
0.196
0.204
0.194
0.205
0.198
0.196
0.205
0.160
0.203
0.200
0.203
0.202
0.201
0.209
0.205
0.225
0.168
0.202
0.188
0.211
0.176
0.211
0.206
0.208
0.471
0.196
0.207
0.201
0.206
0.206
0.201
0.201
0.204
0.202
0.200
0.205
0.200
0.210
0.204
0.208
0.204
0.209
0.203
0.199
0.205
0.170
0.209
0.206
0.205
0.194
0.205
0.210
0.628
0.200
0.203
0.202
0.203
0.196
0.206
0.209
0.212
0.195
0.204
0.193
0.206
0.208
0.203
0.204
0.203
0.203
0.195
0.196
0.192
0.194
0.201
0.200
0.207
0.200
0.206
0.202
0.200
0.186
0.199
0.207
0.203
0.211
0.200
0.209
0.201
0.202
0.205
0.205
0.205
0.203
0.204
0.198
0.621
0.198
0.225
0.213
0.153
0.212
0.204
0.207
0.197
0.209
0.170
0.203
0.202
0.210
0.210
0.194
0.212
0.163
0.209
0.173
0.205
0.207
0.203
0.203
0.203
0.207
0.205
0.248
0.206
0.202
0.207
0.207
0.213
0.195
0.208
0.205
0.201
0.205
0.212
0.204
0.205
0.206
0.197
0.207
0.614
0.205
0.192
0.210
0.206
0.204
0.201
0.201
0.206
0.200
0.203
0.204
0.205
0.207
0.205
0.203
0.246
0.206
0.181
0.206
0.206
0.202
0.195
0.206
0.205
0.194
0.213
0.175
0.208
0.208
0.200
0.207
0.201
0.193
0.196
0.210
0.203
0.209
0.214
0.200
0.204
0.195
0.210
0.197
0.618
0.199
0.209
0.206
0.204
0.207
0.199
0.203
0.195
0.191
0.203
0.203
0.210
0.206
0.207
0.194
0.208
0.168
0.208
0.209
0.198
0.210
0.208
0.205
0.202
0.206
0.194
0.210
0.203
0.203
0.203
0.209
0.206
0.199
0.213
0.193
0.184
0.204
0.211
0.181
0.126
0.183
0.197
0.209
0.617
0.165
0.207
0.205
0.207
0.197
0.206
0.189
0.166
0.203
0.205
0.211
0.211
0.202
0.196
0.208
0.195
0.204
0.207
0.204
0.213
0.204
0.201
0.205
0.208
0.205
0.208
0.200
0.201
0.209
0.205
0.206
0.195
0.203
0.168
0.209
0.210
0.205
0.202
0.206
0.194
0.210
0.204
0.172
0.609
0.208
0.202
0.198
0.204
0.210
0.196
0.202
0.204
0.204
0.215
0.209
0.205
0.200
0.201
0.195
0.206
0.210
0.206
0.210
0.206
0.206
0.162
0.198
0.199
0.198
0.216
0.209
0.204
0.202
0.204
0.195
0.207
0.198
0.204
0.216
0.212
0.205
0.204
0.206
0.203
0.206
0.184
0.204
0.616
0.203
0.210
0.204
0.208
0.194
0.210
0.170
0.203
0.206
0.207
0.192
0.195
0.207
0.195
0.204
0.204
0.205
0.204
0.203
0.236
0.213
0.225
0.187
0.200
0.180
0.200
0.210
0.202
0.206
0.199
0.199
0.203
0.208
0.210
0.210
0.207
0.208
0.203
0.197
0.210
0.179
0.225
0.207
0.624
0.207
0.198
0.204
0.197
0.202
0.178
0.202
0.205
0.208
0.210
0.202
0.205
0.194
0.209
0.176
0.208
0.203
0.203
0.204
0.202
0.202
0.197
0.208
0.195
0.211
0.210
0.207
0.208
0.201
0.199
0.207
0.200
0.207
0.204
0.211
0.209
0.210
0.196
0.208
0.198
0.204
0.209
0.207
0.616
0.205
0.202
0.198
0.202
0.196
0.191
0.205
0.204
0.216
0.202
0.205
0.196
0.203
0.201
0.204
0.220
0.194
0.209
0.208
0.210
0.194
0.221
0.176
0.204
0.211
0.204
0.206
0.473
0.193
0.195
0.203
0.203
0.205
0.210
0.199
0.208
0.205
0.205
0.197
0.204
0.205
0.204
0.208
0.209
0.202
0.197
0.211
0.217
0.206
0.206
0.162
0.206
0.211
0.207
0.207
0.656
0.193
0.208
0.208
0.210
0.207
0.205
0.209
0.200
0.208
0.171
0.203
0.203
0.195
0.163
0.209
0.226
0.195
0.202
0.186
0.226
0.202
0.215
0.198
0.212
0.206
0.197
0.210
0.471
0.203
0.203
0.206
0.198
0.204
0.201
0.201
0.204
0.210
0.195
0.199
0.203
0.206
0.194
0.210
0.201
0.203
0.204
0.198
0.200
0.205
0.208
0.195
0.210
0.195
0.194
0.207
0.644
0.207
0.206
0.203
0.195
0.204
0.177
0.204
0.201
0.209
0.202
0.204
0.209
0.200
0.204
0.173
0.206
0.208
0.208
0.206
0.207
0.204
0.199
0.201
0.203
0.205
0.208
0.208
0.477
0.201
0.209
0.196
0.208
0.209
0.206
0.208
0.205
0.206
0.202
0.197
0.199
0.203
0.205
0.204
0.209
0.209
0.202
0.202
0.196
0.210
0.208
0.208
0.201
0.210
0.210
0.197
0.614
0.200
0.168
0.203
0.199
0.209
0.209
0.218
0.207
0.200
0.207
0.179
0.207
0.204
0.193
0.204
0.207
0.210
0.214
0.207
0.214
0.204
0.204
0.213
0.202
0.216
0.209
0.201
0.475
0.200
0.210
0.202
0.204
0.207
0.202
0.196
0.203
0.202
0.208
0.205
0.209
0.202
0.194
0.196
0.203
0.198
0.203
0.208
0.206
0.207
0.206
0.203
0.195
0.210
0.170
0.196
0.614
0.203
0.205
0.196
0.200
0.201
0.202
0.171
0.202
0.205
0.204
0.208
0.203
0.203
0.198
0.202
0.208
0.208
0.207
0.205
0.206
0.206
0.205
0.196
0.206
0.205
0.205
0.196
0.471
0.208
0.205
0.202
0.200
0.208
0.207
0.203
0.209
0.205
0.207
0.199
0.202
0.187
0.208
0.207
0.213
0.204
0.208
0.208
0.203
0.162
0.184
0.206
0.221
0.198
0.203
0.204
0.614
0.194
0.196
0.165
0.204
0.200
0.208
0.201
0.199
0.205
0.201
0.209
0.203
0.209
0.201
0.205
0.161
0.210
0.209
0.198
0.206
