0.334
0.236
0.253
0.237
0.247
0.239
0.244
0.164
0.202
0.193
0.215
0.215
0.239
0.239
0.211
0.203
0.215
0.217
0.208
0.209
0.222
0.214
0.244
0.229
0.208
0.216
0.203
0.208
0.246
0.214
0.212
0.207
0.248
0.243
0.210
0.212
0.196
0.208
0.166
0.234
0.246
0.214
0.241
0.236
0.210
0.203
0.233
0.214
0.206
0.215
0.214
0.218
0.244
0.194
0.202
0.208
0.228
0.208
0.219
0.212
0.221
0.202
0.242
0.241
0.216
0.210
0.234
0.209
0.195
0.160
0.213
0.211
0.201
0.211
0.209
0.215
0.204
0.213
0.210
0.212
0.214
0.209
0.243
0.200
0.206
0.227
0.219
0.222
0.223
0.227
0.206
0.200
0.243
0.238
0.213
0.234
0.239
0.210
0.217
0.206
0.228
0.208
0.239
0.238
0.215
0.212
0.197
0.202
0.207
0.214
0.213
0.209
0.242
0.206
0.208
0.207
0.232
0.211
0.247
0.212
0.256
0.202
0.238
0.244
0.217
0.205
0.239
0.210
0.209
0.196
0.208
0.165
0.243
0.237
0.209
0.203
0.253
0.199
0.243
0.211
0.214
0.206
0.238
0.201
0.207
0.207
0.226
0.214
0.229
0.204
0.213
0.178
0.199
0.213
0.168
0.173
0.203
0.219
0.189
0.200
0.262
0.215
0.236
0.247
0.210
0.200
0.171
0.201
0.239
0.217
0.203
0.213
0.242
0.243
0.203
0.227
0.227
0.207
0.208
0.202
0.442
0.199
0.231
0.238
0.219
0.438
0.205
0.207
0.216
0.202
0.351
0.210
0.242
0.191
0.209
0.324
0.213
0.199
0.156
0.205
0.212
0.214
0.237
0.239
0.199
0.207
0.237
0.210
0.220
0.219
0.202
0.213
0.219
0.242
0.229
0.203
0.249
0.216
0.213
0.199
0.216
0.214
0.196
0.246
0.211
0.193
0.233
0.200
0.244
0.218
0.208
0.208
0.168
0.167
0.172
0.201
0.213
0.209
0.199
0.211
0.240
0.184
0.235
0.244
0.218
0.233
0.222
0.208
0.239
0.204
0.234
0.208
0.213
0.214
0.213
0.191
0.240
0.209
0.206
0.210
0.247
0.432
0.208
0.216
0.203
0.201
0.206
0.206
0.214
0.208
0.221
0.211
0.234
0.237
0.209
0.211
0.206
0.211
0.209
0.203
0.200
0.207
0.241
0.244
0.214
0.214
0.237
0.200
0.211
0.197
0.209
0.209
0.218
0.201
0.213
0.195
0.226
0.203
0.213
0.211
0.208
0.231
0.233
0.237
0.169
0.211
0.209
0.208
0.240
0.235
0.167
0.208
0.218
0.250
0.199
0.202
0.239
0.160
0.197
0.210
0.215
0.207
0.243
0.209
0.212
0.204
0.220
0.214
0.214
0.212
0.219
0.211
0.231
0.243
0.209
0.225
0.221
0.219
0.243
0.218
0.215
0.214
0.238
0.238
0.216
0.238
0.239
0.185
0.204
0.208
0.204
0.212
0.246
0.236
0.209
0.229
0.215
0.208
0.211
0.212
0.216
0.209
0.229
0.235
0.211
0.210
0.238
0.210
0.212
0.206
0.204
0.209
0.245
0.238
0.215
0.241
0.239
0.173
0.208
0.158
0.229
0.207
0.243
0.239
0.218
0.198
0.218
0.214
0.205
0.200
0.228
0.212
0.235
0.228
0.210
0.201
0.221
0.207
0.241
0.242
0.228
0.200
0.206
0.244
0.229
0.226
0.235
0.211
0.206
0.213
0.215
0.212
0.215
0.203
0.207
0.198
0.214
0.213
0.215
0.207
0.211
0.210
0.214
0.197
0.213
0.203
0.229
0.215
0.221
0.210
0.198
0.201
0.218
0.204
0.207
0.214
0.244
0.210
0.199
0.212
0.216
0.160
0.210
0.248
0.214
0.199
0.240
0.209
0.206
0.209
0.208
0.212
0.216
0.203
0.212
0.212
0.250
0.211
0.236
0.249
0.207
0.204
0.208
0.205
0.212
0.212
0.235
0.214
0.201
0.238
0.240
0.208
0.205
0.207
0.205
0.218
0.200
0.209
0.205
0.215
0.214
0.209
0.203
0.197
0.214
0.210
0.210
0.208
0.213
0.211
0.166
0.163
0.213
0.206
0.214
0.212
0.220
0.211
0.204
0.204
0.214
0.207
0.212
0.160
0.214
0.203
0.200
0.213
0.165
0.227
0.212
0.201
0.217
0.212
0.204
0.211
0.229
0.206
0.207
0.214
0.216
0.200
0.202
0.224
0.211
0.207
0.236
0.204
0.202
0.201
0.206
0.212
0.216
0.250
0.211
0.213
0.219
0.211
0.210
0.209
0.217
0.214
0.212
0.193
0.206
0.208
0.197
0.209
0.205
0.216
0.209
0.206
0.214
0.228
0.232
0.215
0.238
0.207
0.209
0.219
0.244
0.209
0.202
0.242
0.212
0.156
0.199
0.212
0.196
0.215
0.168
0.206
0.212
0.167
0.203
0.215
0.220
0.201
0.225
0.209
0.206
0.206
0.219
0.236
0.216
0.210
0.213
0.214
0.173
0.199
0.204
0.215
0.209
0.217
0.208
0.214
0.200
0.212
0.204
0.227
0.217
0.213
0.243
0.180
0.203
0.208
0.238
0.209
0.206
0.241
0.242
0.200
0.198
0.221
0.207
0.213
0.223
0.216
0.230
0.216
0.251
0.241
0.203
0.204
0.211
0.211
0.198
0.164
0.166
0.212
0.210
0.214
0.215
0.238
0.201
0.205
0.208
0.217
0.181
0.198
0.207
0.200
0.206
0.210
0.216
0.207
0.244
0.211
0.204
0.197
0.215
0.210
0.206
0.203
0.208
0.245
0.212
0.198
0.221
0.212
0.231
0.211
0.203
0.243
0.209
0.248
0.235
0.209
0.207
0.208
0.209
0.196
0.205
0.204
0.207
0.212
0.212
0.206
0.203
0.208
0.218
0.213
0.202
0.213
0.216
0.208
0.209
0.201
0.206
0.157
0.204
0.214
0.221
0.236
0.202
0.213
0.167
0.188
0.217
0.214
0.224
0.180
0.196
0.239
0.202
0.203
0.240
0.210
0.224
0.196
0.244
0.214
0.202
0.217
0.207
0.207
0.221
0.205
0.237
0.209
0.216
0.211
0.218
0.241
0.208
0.235
0.211
0.209
0.204
0.216
0.250
0.213
0.218
0.223
0.209
0.222
0.215
0.208
0.230
0.204
0.199
0.208
0.203
0.227
0.210
0.197
0.218
0.201
0.215
0.207
0.215
0.165
0.207
0.237
0.173
0.201
0.248
0.208
0.207
0.213
0.213
0.208
0.200
0.217
0.212
0.213
0.237
0.214
0.220
0.209
0.211
0.209
0.212
0.161
0.215
0.207
0.221
0.204
0.220
0.216
0.217
0.212
0.208
0.243
0.195
0.210
0.212
0.209
0.213
0.208
0.244
0.210
0.205
0.211
0.207
0.205
0.215
0.208
0.209
0.169
0.214
0.212
0.208
0.162
0.208
0.248
0.240
0.208
0.216
0.228
0.207
0.203
0.210
0.158
0.210
0.204
0.229
0.207
0.205
0.217
0.210
0.210
0.206
0.215
0.217
0.203
0.209
0.208
0.254
0.219
0.201
0.209
0.215
0.205
0.210
0.210
0.233
0.199
0.203
0.213
0.208
0.207
0.227
0.203
0.217
0.202
0.237
0.208
0.205
0.210
0.163
0.210
0.181
0.199
0.210
0.208
0.229
0.211
0.219
0.212
0.203
0.208
0.196
0.218
0.212
0.207
0.233
0.175
0.198
0.213
0.218
0.209
0.215
0.224
0.212
0.166
0.217
0.213
0.204
0.216
0.206
0.210
0.168
0.202
0.211
0.205
0.222
0.215
0.244
0.209
0.231
0.210
0.215
0.213
0.214
0.217
0.213
0.176
0.198
0.214
0.212
0.213
0.213
0.235
0.212
0.201
0.206
0.211
0.207
0.214
0.208
0.206
0.178
0.210
0.207
0.214
0.216
0.211
0.214
0.202
0.199
0.201
0.204
0.250
0.168
0.208
0.237
0.209
0.216
0.207
0.218
0.208
0.215
0.228
0.207
0.197
0.206
0.156
0.203
0.238
0.243
0.212
0.210
0.214
0.212
0.207
0.219
0.210
0.246
0.211
0.231
0.210
0.165
0.207
0.207
0.234
0.236
0.213
0.199
0.213
0.220
0.207
0.207
0.235
0.204
0.199
0.221
0.208
0.203
0.207
0.205
0.215
0.217
0.196
0.208
0.229
0.231
0.207
0.241
0.211
0.171
0.169
0.213
0.219
0.214
0.177
0.234
0.210
0.198
0.209
0.250
0.210
0.215
0.209
0.212
0.210
0.220
0.204
0.205
0.193
0.238
0.208
0.207
0.205
0.234
0.218
0.237
0.201
0.222
0.238
0.218
0.215
0.210
0.203
0.206
0.217
0.217
0.204
0.199
0.245
0.250
0.207
0.213
0.234
0.215
0.203
0.201
0.202
0.215
0.235
0.236
0.215
0.214
0.198
0.200
0.213
0.222
0.214
0.221
0.213
0.229
0.205
0.206
0.212
0.213
0.214
0.200
0.210
0.210
0.238
0.238
0.208
0.215
0.245
0.212
0.164
0.253
0.213
0.236
0.240
0.241
0.164
0.218
0.234
0.203
0.204
0.208
0.215
0.213
0.236
0.201
0.206
0.215
0.210
0.208
0.212
0.212
0.211
0.202
0.239
0.241
0.209
0.214
0.211
0.210
0.185
0.231
0.214
0.205
0.236
0.242
0.210
0.213
0.236
0.198
0.204
0.214
0.207
0.199
0.236
0.248
0.201
0.211
0.245
0.218
0.220
0.215
0.215
0.172
0.211
0.205
0.210
0.206
0.208
0.208
0.241
0.230
0.209
0.212
0.238
0.240
0.207
0.217
0.179
0.203
0.201
0.219
0.212
0.211
0.237
0.241
0.202
0.204
0.204
0.217
0.162
0.222
0.213
0.204
0.239
0.242
0.201
0.224
0.216
0.209
0.244
0.228
0.202
0.212
0.200
0.248
0.216
0.213
0.242
0.198
0.212
0.216
0.209
0.214
0.209
0.254
0.208
0.196
0.227
0.216
0.210
0.242
0.212
0.210
0.205
0.208
0.205
0.214
0.208
0.207
0.208
0.203
0.208
0.213
0.212
0.209
0.214
0.203
0.249
0.203
0.162
0.226
0.211
0.206
0.215
0.210
0.183
0.202
0.227
0.211
0.253
0.158
0.212
0.206
0.236
0.244
0.208
0.200
0.208
0.215
0.202
0.179
0.210
0.214
0.174
0.196
0.216
0.244
0.236
0.203
0.224
0.243
0.211
0.241
0.242
0.244
0.176
0.230
0.245
0.206
0.212
0.204
0.211
0.200
0.233
0.239
0.211
0.239
0.244
0.212
0.242
0.232
0.203
0.210
0.246
0.238
0.206
0.230
0.243
0.200
0.208
0.239
0.173
0.207
0.227
0.209
0.217
0.197
0.243
0.206
0.217
0.227
0.207
0.218
0.231
0.237
0.208
0.237
0.208
0.255
0.202
0.235
0.204
0.206
0.240
0.212
0.215
0.214
0.236
0.200
0.202
0.219
0.208
0.216
0.243
0.243
0.209
0.201
0.222
0.201
0.202
0.206
0.210
0.233
0.197
0.195
0.211
0.241
0.237
0.214
0.238
0.237
0.201
0.238
0.245
0.201
0.206
0.201
0.211
0.188
0.196
0.211
0.215
0.211
0.191
0.210
0.214
0.196
0.211
0.208
0.217
0.210
0.209
0.167
0.176
0.202
0.218
0.234
0.234
0.203
0.214
0.234
0.207
0.213
0.213
0.205
0.210
0.242
0.239
0.206
0.201
0.211
0.209
0.210
0.249
0.236
0.214
0.238
0.241
0.214
0.194
0.208
0.215
0.211
0.210
0.204
0.210
0.209
0.207
0.213
0.234
0.247
0.198
0.194
0.207
0.244
0.207
0.236
0.246
0.210
0.208
0.233
0.214
0.209
0.213
0.212
0.167
0.230
0.238
0.208
0.228
0.206
0.209
0.239
0.213
0.210
0.433
0.211
0.219
0.215
0.210
0.205
0.178
0.167
0.210
0.217
0.206
0.237
0.241
0.210
0.227
0.203
0.201
0.220
0.217
0.216
0.211
0.165
0.212
0.226
0.213
0.240
0.212
0.215
0.214
0.194
0.216
0.244
0.243
0.209
0.213
0.210
0.193
0.203
0.210
0.203
0.206
0.237
0.242
0.214
0.196
0.218
0.211
0.236
0.195
0.215
0.203
0.177
0.174
0.208
0.210
0.220
0.207
0.200
0.213
0.196
0.207
0.232
0.239
0.207
0.209
0.242
0.193
0.203
0.218
0.210
0.213
0.241
0.241
0.202
0.205
0.198
0.209
0.210
0.199
0.210
0.208
0.204
0.240
0.216
0.204
0.205
0.219
0.213
0.241
0.234
0.218
0.231
0.237
0.208
0.212
0.214
0.209
0.205
0.217
0.209
0.211
0.236
0.242
0.206
0.198
0.243
0.212
0.206
0.212
0.211
0.213
0.216
0.235
0.206
0.159
0.218
0.211
0.213
0.215
0.192
0.206
0.241
0.241
0.209
0.208
0.218
0.211
0.199
0.208
0.208
0.215
0.228
0.203
0.214
0.184
0.212
0.206
0.204
0.208
0.207
0.205
0.237
0.201
0.209
0.203
0.214
0.212
0.201
0.197
0.181
0.202
0.240
0.203
0.211
0.207
0.219
0.209
0.195
0.133
0.216
0.219
0.237
0.214
0.213
0.186
0.231
0.217
0.214
0.250
0.237
0.219
0.238
0.199
0.200
0.215
0.198
0.172
0.212
0.241
0.217
0.204
0.240
0.242
0.210
0.204
0.230
0.214
0.193
0.202
0.235
0.217
0.247
0.243
0.208
0.215
0.235
0.208
0.203
0.211
0.212
0.213
0.229
0.234
0.211
0.203
0.214
0.221
0.221
0.209
0.173
0.204
0.213
0.206
0.207
0.230
0.209
0.201
0.165
0.204
0.218
0.208
0.246
0.242
0.210
0.232
0.227
0.213
0.198
0.207
0.206
0.211
0.210
0.169
0.204
0.216
0.206
0.208
0.236
0.196
0.238
0.203
0.202
0.254
0.209
0.247
0.226
0.202
0.203
0.227
0.241
0.212
0.212
0.206
0.209
0.221
0.236
0.210
0.230
0.216
0.214
0.208
0.203
0.181
0.200
0.208
0.240
0.212
0.212
0.234
0.235
0.206
0.209
0.208
0.208
0.206
0.211
0.200
0.234
0.220
0.243
0.209
0.211
0.215
0.210
0.211
0.198
0.206
0.216
0.214
0.210
0.216
0.210
0.213
0.214
0.218
0.225
0.207
0.227
0.216
0.212
0.171
0.197
0.212
0.208
0.207
0.213
0.210
0.204
0.235
0.244
0.210
0.214
0.257
0.136
0.229
0.235
0.209
0.235
0.246
0.239
0.207
0.213
0.251
0.203
0.213
0.219
0.219
0.213
0.243
0.233
0.175
0.207
0.215
0.208
0.216
0.226
0.208
0.209
0.233
0.243
0.197
0.226
0.213
0.167
0.212
0.235
0.210
0.210
0.213
0.221
0.212
0.205
0.200
0.201
0.206
0.219
0.210
0.240
0.212
0.214
0.177
0.195
0.159
0.215
0.212
0.203
0.214
0.222
0.177
0.239
0.212
0.211
0.209
0.198
0.211
0.203
0.200
0.201
0.216
0.206
0.202
0.208
0.237
0.201
0.194
0.205
0.214
0.218
0.203
0.202
0.215
0.200
0.242
0.207
0.214
0.218
0.208
0.232
0.221
0.212
0.208
0.214
0.216
0.209
0.206
0.235
0.204
0.218
0.211
0.236
0.211
0.238
0.236
0.178
0.203
0.225
0.205
0.217
0.224
0.201
0.214
0.196
0.220
0.204
0.161
0.234
0.205
0.249
0.167
0.244
0.215
0.213
0.209
0.207
0.211
0.235
0.203
0.212
0.217
0.212
0.215
0.206
0.216
0.180
0.198
0.219
0.212
0.201
0.213
0.213
0.216
0.197
0.213
0.211
0.215
0.212
0.200
0.242
0.177
0.203
0.208
0.214
0.215
0.212
0.200
0.250
0.208
0.215
0.209
0.214
0.210
0.208
0.208
0.185
0.221
0.216
0.213
0.201
0.211
0.211
0.211
0.201
0.207
0.217
0.226
0.219
0.166
0.221
0.220
0.219
0.211
0.215
0.206
0.216
0.212
0.238
0.202
0.195
0.214
0.210
0.204
0.235
0.231
0.210
0.207
0.238
0.213
0.208
0.210
0.215
0.211
0.173
0.195
0.215
0.202
0.252
0.213
0.242
0.209
0.202
0.208
0.206
0.238
0.209
0.208
0.215
0.202
0.202
0.205
0.212
0.211
0.206
0.211
0.212
0.198
0.210
0.207
0.206
0.210
0.239
0.210
0.172
0.236
0.210
0.205
0.220
0.211
0.212
0.158
0.199
0.218
0.208
0.205
0.207
0.206
0.214
0.200
0.222
0.207
0.226
0.206
0.210
0.164
0.208
0.200
0.211
0.212
0.204
0.201
0.214
0.216
0.203
0.231
0.212
0.211
0.206
0.207
0.204
0.209
0.200
0.206
0.208
0.255
0.210
0.212
0.239
0.213
0.209
0.211
0.206
0.205
0.210
0.206
0.208
0.202
0.234
0.165
0.249
0.214
0.206
0.218
0.219
0.236
0.212
0.216
0.213
0.211
0.211
0.213
0.226
0.171
0.208
0.208
0.208
0.212
0.213
0.166
0.206
0.213
