0.297
0.226
0.226
0.209
0.233
0.191
0.244
0.233
0.244
0.236
0.215
0.202
0.196
0.156
0.172
0.208
0.166
0.211
0.163
0.175
0.213
0.214
0.211
0.200
0.215
0.207
0.209
0.187
0.199
0.241
0.209
0.203
0.212
0.203
0.237
0.206
0.216
0.206
0.197
0.229
0.208
0.239
0.241
0.241
0.188
0.206
0.206
0.194
0.162
0.231
0.204
0.197
0.213
0.248
0.234
0.206
0.205
0.195
0.201
0.218
0.208
0.167
0.223
0.233
0.233
0.213
0.210
0.243
0.217
0.239
0.206
0.208
0.177
0.217
0.201
0.160
0.211
0.213
0.212
0.205
0.210
0.201
0.203
0.207
0.204
0.203
0.207
0.202
0.159
0.210
0.211
0.205
0.210
0.199
0.216
0.204
0.202
0.199
0.205
0.217
0.214
0.211
0.244
0.213
0.240
0.208
0.160
0.203
0.214
0.236
0.207
0.207
0.202
0.210
0.203
0.209
0.210
0.198
0.200
0.212
0.217
0.205
0.210
0.193
0.245
0.212
0.207
0.211
0.209
0.200
0.201
0.205
0.212
0.203
0.221
0.210
0.208
0.155
0.207
0.205
0.181
0.194
0.240
0.218
0.237
0.208
0.209
0.202
0.211
0.221
0.217
0.229
0.204
0.167
0.247
0.211
0.209
0.209
0.200
0.200
0.204
0.205
0.208
0.204
0.202
0.211
0.211
0.207
0.157
0.215
0.206
0.205
0.214
0.234
0.187
0.209
0.201
0.199
0.218
0.240
0.200
0.202
0.212
0.214
0.199
0.193
0.202
0.241
0.221
0.238
0.208
0.210
0.202
0.199
0.213
0.205
0.205
0.191
0.199
0.156
0.204
0.198
0.212
0.211
0.238
0.205
0.204
0.199
0.176
0.193
0.210
0.205
0.204
0.159
0.201
0.209
0.207
0.207
0.205
0.163
0.201
0.199
0.213
0.201
0.212
0.208
0.211
0.193
0.215
0.233
0.162
0.204
0.204
0.210
0.199
0.206
0.217
0.220
0.225
0.241
0.202
0.201
0.194
0.194
0.212
0.206
0.208
0.243
0.210
0.236
0.208
0.203
0.207
0.211
0.228
0.212
0.213
0.201
0.196
0.206
0.205
0.159
0.215
0.215
0.223
0.165
0.197
0.213
0.195
0.193
0.214
0.212
0.209
0.210
0.242
0.210
0.197
0.210
0.218
0.236
0.207
0.206
0.202
0.203
0.219
0.213
0.201
0.168
0.208
0.220
0.209
0.206
0.157
0.215
0.221
0.205
0.211
0.212
0.178
0.233
0.202
0.207
0.200
0.215
0.221
0.205
0.216
0.253
0.207
0.221
0.199
0.217
0.240
0.211
0.244
0.210
0.159
0.204
0.228
0.243
0.214
0.197
0.233
0.154
0.239
0.207
0.210
0.240
0.159
0.230
0.215
0.204
0.190
0.197
0.201
0.206
0.201
0.209
0.211
0.238
0.212
0.199
0.207
0.209
0.202
0.201
0.203
0.199
0.217
0.213
0.217
0.213
0.215
0.219
0.157
0.203
0.198
0.204
0.220
0.204
0.212
0.201
0.204
0.227
0.220
0.206
0.191
0.163
0.237
0.241
0.207
0.204
0.200
0.201
0.220
0.208
0.203
0.205
0.195
0.231
0.209
0.204
0.200
0.192
0.205
0.161
0.213
0.199
0.203
0.198
0.204
0.239
0.225
0.205
0.219
0.206
0.208
0.213
0.205
0.202
0.177
0.202
0.221
0.218
0.245
0.207
0.204
0.222
0.206
0.251
0.208
0.186
0.197
0.197
0.245
0.206
0.159
0.202
0.209
0.205
0.210
0.211
0.202
0.198
0.198
0.206
0.205
0.207
0.201
0.218
0.206
0.200
0.209
0.207
0.197
0.198
0.214
0.200
0.195
0.228
0.203
0.205
0.206
0.208
0.203
0.176
0.233
0.155
0.212
0.220
0.209
0.210
0.200
0.220
0.215
0.207
0.208
0.199
0.211
0.232
0.198
0.204
0.217
0.213
0.205
0.216
0.202
0.204
0.201
0.211
0.210
0.206
0.221
0.194
0.220
0.209
0.204
0.202
0.161
0.189
0.201
0.194
0.214
0.204
0.210
0.204
0.221
0.212
0.211
0.196
0.205
0.194
0.191
0.218
0.215
0.201
0.198
0.204
0.205
0.207
0.207
0.209
0.230
0.211
0.242
0.208
0.206
0.202
0.204
0.158
0.214
0.194
0.200
0.163
0.204
0.201
0.204
0.212
0.203
0.207
0.212
0.214
0.208
0.214
0.194
0.201
0.207
0.239
0.236
0.236
0.207
0.205
0.194
0.207
0.208
0.214
0.203
0.197
0.213
0.205
0.166
0.201
0.215
0.207
0.207
0.205
0.216
0.170
0.194
0.249
0.207
0.204
0.208
0.238
0.247
0.216
0.212
0.201
0.189
0.201
0.212
0.214
0.191
0.221
0.214
0.166
0.210
0.201
0.201
0.264
0.207
0.157
0.192
0.236
0.193
0.202
0.210
0.210
0.206
0.208
0.201
0.191
0.195
0.239
0.203
0.206
0.210
0.213
0.212
0.199
0.208
0.213
0.163
0.205
0.195
0.208
0.200
0.203
0.204
0.208
0.210
0.204
0.161
0.205
0.234
0.202
0.215
0.197
0.198
0.219
0.207
0.207
0.203
0.209
0.205
0.204
0.210
0.253
0.217
0.237
0.214
0.204
0.206
0.197
0.215
0.207
0.174
0.233
0.250
0.231
0.225
0.234
0.200
0.189
0.235
0.210
0.205
0.218
0.198
0.193
0.208
0.155
0.226
0.213
0.196
0.212
0.207
0.208
0.214
0.200
0.201
0.202
0.203
0.205
0.204
0.211
0.212
0.242
0.241
0.241
0.193
0.196
0.200
0.204
0.154
0.207
0.209
0.205
0.205
0.205
0.206
0.186
0.200
0.210
0.205
0.209
0.220
0.210
0.209
0.212
0.209
0.202
0.205
0.196
0.236
0.209
0.207
0.211
0.222
0.206
0.216
0.216
0.214
0.245
0.192
0.162
0.203
0.207
0.208
0.193
0.211
0.212
0.229
0.229
0.215
0.171
0.198
0.200
0.214
0.237
0.207
0.206
0.217
0.240
0.244
0.206
0.196
0.192
0.203
0.233
0.215
0.209
0.225
0.205
0.243
0.206
0.163
0.200
0.194
0.205
0.207
0.205
0.220
0.210
0.194
0.214
0.205
0.199
0.204
0.172
0.198
0.211
0.234
0.242
0.236
0.209
0.205
0.202
0.212
0.202
0.213
0.193
0.237
0.240
0.242
0.198
0.206
0.157
0.212
0.216
0.209
0.202
0.208
0.209
0.243
0.165
0.205
0.211
0.216
0.205
0.207
0.205
0.204
0.164
0.200
0.250
0.215
0.215
0.215
0.206
0.211
0.213
0.202
0.240
0.182
0.204
0.205
0.210
0.156
0.211
0.165
0.204
0.215
0.206
0.239
0.210
0.197
0.191
0.236
0.234
0.211
0.199
0.200
0.193
0.223
0.205
0.213
0.166
0.209
0.244
0.216
0.203
0.200
0.202
0.200
0.212
0.160
0.205
0.200
0.155
0.200
0.205
0.221
0.218
0.212
0.207
0.202
0.205
0.228
0.212
0.198
0.198
0.200
0.211
0.204
0.212
0.207
0.205
0.216
0.210
0.217
0.204
0.210
0.210
0.242
0.205
0.204
0.209
0.211
0.210
0.162
0.212
0.199
0.198
0.201
0.212
0.213
0.203
0.226
0.219
0.210
0.206
0.196
0.197
0.237
0.200
0.215
0.233
0.215
0.235
0.215
0.204
0.238
0.199
0.224
0.173
0.231
0.210
0.238
0.212
0.209
0.173
0.217
0.214
0.220
0.206
0.170
0.204
0.251
0.210
0.215
0.200
0.205
0.227
0.246
0.211
0.206
0.200
0.201
0.230
0.212
0.212
0.233
0.241
0.248
0.207
0.215
0.218
0.210
0.208
0.204
0.203
0.161
0.204
0.202
0.209
0.201
0.206
0.216
0.192
0.199
0.203
0.229
0.236
0.241
0.211
0.197
0.204
0.206
0.212
0.215
0.169
0.203
0.210
0.238
0.211
0.209
0.207
0.202
0.163
0.215
0.208
0.191
0.159
0.198
0.208
0.207
0.205
0.216
0.196
0.213
0.219
0.214
0.219
0.206
0.199
0.211
0.202
0.207
0.214
0.216
0.204
0.201
0.226
0.235
0.176
0.222
0.202
0.231
0.199
0.207
0.204
0.203
0.202
0.189
0.212
0.206
0.200
0.207
0.236
0.214
0.215
0.227
0.242
0.236
0.212
0.204
0.211
0.200
0.200
0.212
0.207
0.211
0.248
0.233
0.211
0.215
0.206
0.220
0.164
0.204
0.218
0.162
0.240
0.238
0.163
0.213
0.200
0.202
0.211
0.208
0.196
0.204
0.209
0.245
0.217
0.221
0.243
0.211
0.239
0.214
0.205
0.202
0.193
0.211
0.206
0.216
0.208
0.209
0.207
0.213
0.206
0.196
0.170
0.202
0.212
0.157
0.207
0.224
0.211
0.206
0.206
0.200
0.202
0.187
0.198
0.200
0.238
0.211
0.243
0.212
0.216
0.219
0.206
0.158
0.201
0.202
0.206
0.210
0.212
0.206
0.206
0.242
0.240
0.237
0.213
0.207
0.165
0.200
0.235
0.211
0.214
0.214
0.199
0.214
0.215
0.205
0.210
0.200
0.234
0.203
0.200
0.199
0.219
0.218
0.209
0.208
0.206
0.199
0.207
0.196
0.197
0.237
0.201
0.244
0.210
0.204
0.199
0.159
0.205
0.210
0.203
0.192
0.212
0.237
0.212
0.206
0.203
0.212
0.213
0.216
0.202
0.170
0.204
0.243
0.207
0.215
0.235
0.250
0.241
0.214
0.210
0.207
0.206
0.196
0.203
0.205
0.212
0.252
0.158
0.212
0.207
0.209
0.205
0.211
0.198
0.195
0.207
0.223
0.237
0.215
0.158
0.217
0.217
0.245
0.207
0.206
0.228
0.219
0.241
0.212
0.210
0.247
0.213
0.234
0.249
0.209
0.190
0.201
0.234
0.161
0.204
0.211
0.204
0.238
0.210
0.187
0.197
0.196
0.205
0.203
0.209
0.201
0.212
0.241
0.211
0.209
0.198
0.215
0.235
0.171
0.209
0.232
0.220
0.233
0.207
0.208
0.207
0.210
0.210
0.165
0.159
0.196
0.198
0.245
0.211
0.211
0.218
0.240
0.202
0.206
0.209
0.206
0.199
0.209
0.206
0.168
0.219
0.207
0.211
0.206
0.201
0.194
0.206
0.204
0.202
0.207
0.213
0.203
0.209
0.207
0.210
0.155
0.175
0.243
0.174
0.197
0.242
0.212
0.233
0.215
0.210
0.204
0.205
0.237
0.206
0.215
0.197
0.210
0.243
0.214
0.201
0.216
0.202
0.214
0.199
0.206
0.203
0.201
0.205
0.211
0.211
0.201
0.155
0.215
0.207
0.212
0.200
0.227
0.164
0.203
0.222
0.210
0.240
0.241
0.216
0.216
0.207
0.202
0.222
0.182
0.198
0.212
0.218
0.231
0.205
0.200
0.207
0.174
0.213
0.201
0.207
0.197
0.203
0.160
0.212
0.210
0.204
0.206
0.220
0.214
0.200
0.206
0.196
0.204
0.206
0.209
0.209
0.211
0.242
0.213
0.215
0.212
0.204
0.167
0.204
0.196
0.215
0.216
0.206
0.213
0.209
0.205
0.205
0.217
0.161
0.171
0.206
0.205
0.233
0.210
0.203
0.206
0.203
0.218
0.204
0.214
0.197
0.196
0.205
0.205
0.210
0.207
0.199
0.219
0.217
0.205
0.240
0.174
0.227
0.199
0.203
0.200
0.202
0.249
0.206
0.160
0.198
0.221
0.233
0.203
0.212
0.209
0.214
0.230
0.212
0.215
0.194
0.203
0.219
0.210
0.200
0.197
0.211
0.220
0.212
0.216
0.236
0.216
0.236
0.208
0.207
0.194
0.200
0.245
0.208
0.205
0.160
0.207
0.204
0.213
0.210
0.233
0.178
0.195
0.195
0.223
0.216
0.196
0.216
0.172
0.208
0.214
0.237
0.194
0.210
0.216
0.250
0.251
0.209
0.207
0.218
0.205
0.206
0.222
0.208
0.200
0.195
0.156
0.234
0.204
0.236
0.200
0.213
0.212
0.214
0.209
0.168
0.195
0.235
0.212
0.215
0.229
0.187
0.205
0.216
0.218
0.245
0.247
0.196
0.203
0.249
0.150
0.238
0.227
0.206
0.215
0.219
0.205
0.159
0.211
0.192
0.241
0.241
0.234
0.220
0.225
0.205
0.195
0.247
0.211
0.172
0.214
0.194
0.243
0.220
0.225
0.210
0.236
0.234
0.231
0.222
0.234
0.198
0.207
0.233
0.217
0.206
0.202
0.220
0.153
0.205
0.213
0.192
0.211
0.203
0.194
0.209
0.206
0.227
0.231
0.194
0.202
0.201
0.210
0.187
0.203
0.241
0.207
0.245
0.231
0.232
0.205
0.211
0.221
0.207
0.201
0.194
0.202
0.236
0.202
0.161
0.226
0.215
0.203
0.208
0.232
0.169
0.220
0.232
0.210
0.223
0.216
0.204
0.209
0.231
0.200
0.202
0.215
0.191
0.198
0.207
0.213
0.203
0.247
0.159
0.205
0.212
0.200
0.197
0.162
0.203
0.156
0.219
0.232
0.215
0.203
0.206
0.211
0.193
0.220
0.206
0.201
0.197
0.240
0.214
0.208
0.202
0.214
0.220
0.208
0.212
0.201
0.198
0.202
0.214
0.203
0.194
0.220
0.241
0.213
0.192
0.207
0.139
0.189
0.199
0.199
0.209
0.210
0.239
0.207
0.204
0.245
0.207
0.242
0.209
0.168
0.196
0.219
0.241
0.210
0.205
0.240
0.230
0.234
0.208
0.233
0.233
0.244
0.240
0.213
0.205
0.202
0.221
0.156
0.212
0.206
0.206
0.169
0.197
0.199
0.214
0.195
0.192
0.205
0.209
0.212
0.201
0.202
0.201
0.200
0.202
0.211
0.243
0.194
0.203
0.197
0.199
0.204
0.205
0.212
0.200
0.209
0.219
0.200
0.160
0.211
0.199
0.242
0.201
0.211
0.213
0.170
0.194
0.204
0.207
0.203
0.200
0.210
0.199
0.212
0.200
0.197
0.183
0.207
0.204
0.222
0.233
0.209
0.241
0.212
0.214
0.220
0.207
0.212
0.203
0.158
0.213
0.242
0.230
0.198
0.195
0.209
0.200
0.212
0.215
0.189
0.193
0.208
0.202
0.167
0.203
0.222
0.213
0.246
0.210
0.206
0.209
0.194
0.235
0.207
0.206
0.207
0.203
0.240
0.207
0.159
0.158
0.201
0.195
0.199
0.221
0.221
0.242
0.231
0.209
0.207
0.199
0.194
0.212
0.198
0.199
0.233
0.210
0.238
0.209
0.215
0.241
0.244
0.238
0.209
0.166
0.193
0.250
0.233
0.162
0.207
0.244
0.156
0.204
0.216
0.205
0.217
0.196
0.196
0.214
0.191
0.217
0.212
0.243
0.209
0.212
0.202
0.204
0.214
0.198
0.213
0.206
0.206
0.219
0.168
0.210
0.202
0.207
0.220
0.173
0.204
0.233
0.241
0.154
0.207
0.213
0.205
0.227
0.211
0.223
0.200
0.197
0.197
0.205
0.208
0.205
0.205
0.202
0.222
0.208
0.202
0.202
0.202
0.193
0.211
0.211
0.214
0.193
0.206
0.206
0.203
0.193
0.198
0.168
0.172
0.220
0.215
0.224
0.240
0.206
0.199
0.218
0.225
0.219
0.181
0.198
0.218
0.219
0.205
0.214
0.217
0.210
0.211
0.241
0.207
0.211
0.198
0.207
0.237
0.206
0.205
0.201
0.193
0.214
0.206
0.159
0.208
0.199
0.215
0.209
0.215
0.208
0.207
0.242
0.208
0.158
0.208
0.239
0.229
0.203
0.204
0.236
0.254
0.231
0.179
0.215
0.206
0.201
0.215
0.208
0.217
0.203
0.202
0.228
0.203
0.213
0.157
0.205
0.212
0.211
0.208
0.173
0.199
0.244
0.211
0.206
0.191
0.195
0.222
0.207
0.207
0.206
0.166
0.212
0.205
0.202
0.218
0.211
0.197
0.207
0.210
0.206
0.214
0.220
0.198
0.199
0.245
0.153
0.236
0.175
0.206
0.195
0.162
0.234
0.210
0.202
0.192
0.241
0.227
0.206
0.203
0.235
0.219
0.212
0.207
0.200
0.174
0.197
0.219
0.207
0.202
0.200
0.214
0.222
0.207
0.211
0.235
0.158
0.164
0.216
0.215
0.244
0.210
0.238
0.233
0.215
0.220
0.217
0.209
0.197
0.205
0.250
0.195
0.240
0.209
0.204
0.206
0.208
0.200
0.213
0.197
0.193
0.214
0.236
0.210
0.208
0.203
0.195
0.210
0.164
0.213
0.197
0.200
0.230
0.212
0.202
0.209
0.213
0.243
0.212
0.217
0.259
0.201
0.210
0.218
0.209
0.198
0.197
0.215
0.212
0.209
0.206
0.201
0.230
0.215
0.204
0.222
0.218
0.199
0.215
0.160
0.211
0.210
0.213
0.203
0.169
0.198
0.206
0.206
0.213
0.214
0.201
0.203
0.206
0.206
0.210
0.213
0.198
0.197
0.208
0.195
0.198
0.208
0.207
0.199
0.206
0.202
0.203
0.197
0.198
0.208
0.158
0.208
0.242
