0.281
0.247
0.235
0.211
0.209
0.215
0.219
0.210
0.250
0.211
0.211
0.211
0.242
0.210
0.238
0.211
0.245
0.176
0.242
0.211
0.251
0.211
0.204
0.209
0.208
0.213
0.174
0.212
0.228
0.202
0.238
0.212
0.249
0.216
0.214
0.188
0.236
0.212
0.244
0.218
0.233
0.214
0.178
0.210
0.211
0.210
0.215
0.211
0.245
0.209
0.220
0.202
0.218
0.214
0.237
0.209
0.220
0.212
0.204
0.215
0.217
0.162
0.176
0.204
0.213
0.213
0.252
0.211
0.250
0.210
0.252
0.210
0.229
0.208
0.242
0.217
0.195
0.212
0.237
0.206
0.234
0.204
0.204
0.215
0.209
0.200
0.246
0.212
0.212
0.216
0.236
0.212
0.249
0.210
0.198
0.218
0.240
0.200
0.242
0.213
0.228
0.211
0.238
0.200
0.240
0.214
0.238
0.220
0.236
0.208
0.214
0.210
0.201
0.214
0.243
0.233
0.242
0.207
0.236
0.209
0.248
0.205
0.236
0.172
0.221
0.209
0.216
0.208
0.218
0.212
0.174
0.214
0.245
0.208
0.238
0.204
0.235
0.222
0.243
0.206
0.210
0.170
0.217
0.214
0.212
0.213
0.247
0.212
0.220
0.214
0.210
0.214
0.244
0.202
0.211
0.210
0.212
0.207
0.237
0.211
0.213
0.209
0.236
0.208
0.251
0.217
0.204
0.209
0.238
0.208
0.209
0.207
0.207
0.208
0.243
0.213
0.246
0.211
0.242
0.209
0.208
0.210
0.243
0.216
0.234
0.165
0.243
0.205
0.246
0.207
0.235
0.209
0.246
0.200
0.233
0.213
0.242
0.219
0.197
0.168
0.237
0.216
0.220
0.205
0.216
0.210
0.216
0.206
0.209
0.207
0.238
0.208
0.201
0.202
0.243
0.208
0.197
0.208
0.213
0.213
0.211
0.200
0.214
0.211
0.240
0.175
0.234
0.211
0.164
0.207
0.203
0.206
0.243
0.203
0.208
0.210
0.211
0.213
0.201
0.206
0.245
0.206
0.162
0.180
0.239
0.211
0.243
0.163
0.241
0.215
0.234
0.202
0.218
0.213
0.220
0.210
0.211
0.204
0.239
0.201
0.244
0.201
0.243
0.210
0.233
0.213
0.202
0.212
0.211
0.205
0.246
0.213
0.214
0.211
0.204
0.206
0.205
0.170
0.218
0.215
0.236
0.214
0.213
0.214
0.210
0.229
0.242
0.216
0.188
0.201
0.217
0.210
0.239
0.206
0.242
0.211
0.215
0.208
0.210
0.209
0.245
0.212
0.237
0.213
0.236
0.209
0.215
0.198
0.250
0.168
0.210
0.183
0.243
0.214
0.243
0.211
0.198
0.214
0.217
0.207
0.200
0.215
0.235
0.209
0.246
0.205
0.242
0.211
0.206
0.176
0.238
0.213
0.253
0.214
0.191
0.212
0.243
0.208
0.173
0.212
0.212
0.212
0.253
0.200
0.242
0.211
0.245
0.176
0.245
0.207
0.254
0.211
0.203
0.214
0.199
0.243
0.175
0.227
0.239
0.215
0.231
0.200
0.240
0.211
0.251
0.205
0.237
0.208
0.242
0.214
0.238
0.166
0.166
0.207
0.219
0.212
0.252
0.216
0.204
0.201
0.240
0.217
0.207
0.214
0.244
0.211
0.236
0.165
0.252
0.211
0.238
0.210
0.219
0.201
0.235
0.215
0.215
0.200
0.235
0.211
0.245
0.216
0.231
0.214
0.217
0.215
0.201
0.211
0.246
0.211
0.245
0.204
0.219
0.211
0.245
0.199
0.244
0.214
0.243
0.216
0.201
0.208
0.224
0.204
0.213
0.209
0.243
0.215
0.199
0.201
0.249
0.211
0.243
0.163
0.238
0.210
0.244
0.218
0.205
0.209
0.212
0.210
0.190
0.214
0.246
0.208
0.242
0.206
0.235
0.213
0.249
0.172
0.241
0.217
0.220
0.215
0.207
0.206
0.238
0.210
0.201
0.210
0.206
0.208
0.254
0.207
0.204
0.217
0.239
0.208
0.227
0.215
0.236
0.210
0.199
0.208
0.217
0.213
0.213
0.214
0.249
0.209
0.239
0.205
0.233
0.214
0.254
0.215
0.233
0.206
0.237
0.209
0.208
0.203
0.237
0.167
0.238
0.214
0.251
0.221
0.230
0.207
0.238
0.214
0.243
0.213
0.205
0.211
0.219
0.209
0.200
0.207
0.242
0.215
0.236
0.204
0.238
0.208
0.236
0.203
0.242
0.209
0.239
0.208
0.208
0.215
0.244
0.204
0.244
0.166
0.241
0.213
0.206
0.195
0.254
0.219
0.252
0.205
0.238
0.203
0.222
0.166
0.205
0.210
0.247
0.202
0.195
0.207
0.251
0.209
0.246
0.203
0.245
0.212
0.251
0.179
0.226
0.162
0.245
0.214
0.199
0.210
0.250
0.215
0.206
0.207
0.242
0.210
0.231
0.201
0.238
0.212
0.217
0.210
0.233
0.213
0.243
0.206
0.207
0.214
0.207
0.210
0.244
0.212
0.244
0.210
0.236
0.201
0.237
0.209
0.241
0.209
0.210
0.213
0.236
0.200
0.201
0.207
0.206
0.214
0.245
0.203
0.243
0.219
0.251
0.203
0.240
0.213
0.251
0.219
0.200
0.214
0.247
0.207
0.206
0.208
0.160
0.211
0.205
0.163
0.237
0.210
0.215
0.203
0.252
0.215
0.242
0.212
0.202
0.209
0.213
0.201
0.204
0.218
0.253
0.204
0.215
0.202
0.242
0.218
0.250
0.188
0.237
0.212
0.244
0.210
0.200
0.208
0.237
0.214
0.235
0.214
0.231
0.201
0.234
0.200
0.246
0.215
0.237
0.185
0.250
0.214
0.246
0.217
0.205
0.210
0.181
0.201
0.197
0.211
0.243
0.212
0.244
0.200
0.235
0.213
0.237
0.222
0.245
0.201
0.237
0.167
0.207
0.210
0.246
0.207
0.243
0.215
0.208
0.214
0.241
0.199
0.241
0.210
0.235
0.211
0.194
0.201
0.242
0.210
0.197
0.209
0.254
0.206
0.207
0.202
0.235
0.209
0.218
0.201
0.239
0.212
0.206
0.211
0.209
0.209
0.211
0.210
0.219
0.209
0.243
0.213
0.243
0.206
0.230
0.212
0.221
0.201
0.242
0.215
0.243
0.210
0.230
0.208
0.243
0.210
0.196
0.209
0.243
0.212
0.242
0.209
0.238
0.167
0.214
0.172
0.246
0.212
0.220
0.211
0.201
0.247
0.241
0.217
0.167
0.211
0.217
0.211
0.238
0.208
0.238
0.210
0.244
0.208
0.241
0.214
0.239
0.208
0.199
0.200
0.243
0.211
0.184
0.164
0.245
0.212
0.215
0.206
0.238
0.210
0.223
0.209
0.227
0.211
0.207
0.209
0.206
0.202
0.224
0.212
0.250
0.208
0.242
0.213
0.242
0.207
0.236
0.209
0.247
0.210
0.204
0.217
0.233
0.214
0.202
0.167
0.241
0.211
0.220
0.202
0.240
0.214
0.228
0.203
0.237
0.212
0.246
0.213
0.207
0.212
0.211
0.211
0.199
0.208
0.237
0.211
0.253
0.202
0.243
0.208
0.211
0.205
0.241
0.211
0.245
0.207
0.200
0.215
0.240
0.167
0.233
0.206
0.246
0.213
0.213
0.203
0.241
0.212
0.243
0.173
0.204
0.214
0.251
0.209
0.199
0.212
0.252
0.210
0.196
0.253
0.250
0.211
0.209
0.206
0.244
0.207
0.248
0.166
0.229
0.210
0.246
0.207
0.198
0.214
0.211
0.210
0.178
0.214
0.243
0.215
0.218
0.204
0.238
0.209
0.245
0.213
0.217
0.231
0.214
0.213
0.200
0.211
0.257
0.211
0.240
0.209
0.238
0.211
0.236
0.201
0.247
0.208
0.229
0.178
0.251
0.212
0.244
0.209
0.238
0.211
0.244
0.218
0.239
0.200
0.237
0.211
0.241
0.206
0.246
0.214
0.236
0.203
0.196
0.212
0.247
0.209
0.202
0.215
0.212
0.164
0.246
0.202
0.240
0.213
0.243
0.206
0.236
0.209
0.239
0.213
0.209
0.211
0.242
0.208
0.243
0.214
0.251
0.215
0.204
0.221
0.204
0.210
0.247
0.193
0.215
0.212
0.211
0.211
0.201
0.216
0.243
0.167
0.182
0.217
0.228
0.210
0.237
0.201
0.244
0.211
0.240
0.183
0.212
0.201
0.238
0.209
0.197
0.210
0.239
0.208
0.175
0.210
0.236
0.215
0.246
0.203
0.237
0.207
0.218
0.189
0.161
0.163
0.242
0.206
0.161
0.209
0.241
0.209
0.243
0.217
0.239
0.210
0.244
0.204
0.243
0.201
0.238
0.208
0.245
0.213
0.242
0.211
0.209
0.215
0.254
0.214
0.235
0.201
0.241
0.209
0.243
0.195
0.232
0.213
0.244
0.210
0.236
0.213
0.221
0.215
0.232
0.210
0.246
0.208
0.238
0.203
0.241
0.211
0.239
0.204
0.215
0.215
0.239
0.210
0.199
0.212
0.221
0.204
0.181
0.211
0.209
0.202
0.211
0.164
0.238
0.215
0.242
0.200
0.249
0.215
0.236
0.209
0.237
0.207
0.244
0.209
0.171
0.209
0.242
0.208
0.227
0.205
0.239
0.213
0.212
0.172
0.232
0.205
0.227
0.231
0.214
0.208
0.243
0.204
0.181
0.211
0.163
0.200
0.238
0.207
0.235
0.210
0.216
0.200
0.219
0.212
0.249
0.212
0.213
0.211
0.220
0.212
0.243
0.211
0.240
0.207
0.243
0.203
0.243
0.214
0.245
0.211
0.201
0.217
0.243
0.164
0.234
0.207
0.237
0.209
0.235
0.204
0.242
0.208
0.240
0.205
0.217
0.202
0.242
0.208
0.198
0.214
0.158
0.210
0.239
0.209
0.236
0.211
0.249
0.200
0.237
0.209
0.244
0.209
0.236
0.210
0.239
0.209
0.208
0.214
0.211
0.214
0.172
0.217
0.238
0.210
0.245
0.204
0.246
0.211
0.242
0.202
0.218
0.209
0.224
0.209
0.216
0.210
0.248
0.214
0.188
0.213
0.231
0.215
0.239
0.208
0.246
0.163
0.166
0.197
0.214
0.219
0.239
0.214
0.234
0.210
0.245
0.209
0.184
0.209
0.242
0.208
0.236
0.202
0.238
0.215
0.218
0.205
0.204
0.213
0.237
0.207
0.244
0.211
0.220
0.211
0.246
0.226
0.248
0.236
0.239
0.211
0.226
0.216
0.214
0.211
0.214
0.198
0.262
0.215
0.234
0.212
0.236
0.205
0.218
0.200
0.238
0.212
0.211
0.200
0.215
0.206
0.248
0.217
0.198
0.212
0.244
0.220
0.204
0.166
0.246
0.210
0.253
0.201
0.239
0.212
0.241
0.202
0.213
0.209
0.238
0.214
0.196
0.210
0.237
0.208
0.174
0.209
0.237
0.213
0.213
0.208
0.241
0.217
0.238
0.180
0.229
0.213
0.242
0.214
0.202
0.209
0.251
0.202
0.186
0.192
0.245
0.210
0.215
0.202
0.236
0.212
0.227
0.205
0.217
0.206
0.240
0.212
0.219
0.207
0.242
0.209
0.176
0.216
0.244
0.216
0.213
0.203
0.244
0.214
0.246
0.168
0.216
0.207
0.220
0.210
0.202
0.209
0.237
0.208
0.214
0.209
0.236
0.213
0.238
0.200
0.246
0.244
0.236
0.210
0.218
0.217
0.219
0.215
0.236
0.210
0.238
0.213
0.242
0.207
0.235
0.211
0.242
0.207
0.215
0.211
0.212
0.180
0.207
0.212
0.207
0.524
0.510
0.478
0.470
0.473
0.464
0.470
0.463
0.455
0.437
0.380
0.403
0.403
0.376
0.376
0.358
0.345
0.324
0.296
0.242
0.233
0.238
0.173
0.194
0.209
0.209
0.196
0.180
0.175
0.166
0.154
0.139
0.133
0.138
0.139
0.137
0.140
0.135
0.139
0.138
0.139
0.134
0.140
0.135
0.140
0.141
0.136
0.141
0.173
0.175
0.183
0.165
0.173
0.171
0.200
0.204
0.201
0.233
0.200
0.210
0.202
0.207
0.203
0.202
0.197
0.215
0.206
0.199
0.202
0.243
0.199
0.231
0.205
0.216
0.213
0.230
0.200
0.210
0.202
0.221
0.202
0.213
0.200
0.216
0.169
0.214
0.205
0.208
0.199
0.213
0.216
0.246
0.217
0.221
0.207
0.222
0.213
0.208
0.213
0.220
0.207
0.212
0.210
0.243
0.210
0.219
0.209
0.249
0.211
0.241
0.219
0.212
0.211
0.174
0.201
0.215
0.210
0.222
0.210
0.212
0.207
0.239
0.216
0.214
0.212
0.242
0.217
0.161
0.208
0.222
0.209
0.252
0.202
0.237
0.210
0.223
0.208
0.237
0.210
0.219
0.217
0.232
0.214
0.217
0.210
0.217
0.164
0.207
0.213
0.238
0.181
0.236
0.208
0.160
0.208
0.234
0.214
0.240
0.214
0.188
0.212
0.237
0.213
0.236
0.202
0.216
0.211
0.245
0.190
0.236
0.209
0.213
0.218
0.242
0.209
0.227
0.214
0.217
0.209
0.239
0.211
0.239
0.211
0.217
0.217
0.236
0.209
0.227
0.211
0.221
0.209
0.211
0.213
0.240
0.209
0.223
0.201
0.248
0.212
0.239
0.205
0.209
0.208
0.199
0.206
0.234
0.214
0.219
0.168
0.238
0.209
0.235
0.214
0.237
0.198
0.240
0.219
0.230
0.209
0.211
0.206
0.254
0.208
0.229
0.211
0.212
0.209
0.171
0.213
0.235
0.211
0.243
0.206
0.218
0.238
0.243
0.207
0.226
0.211
0.208
0.211
0.223
0.219
0.237
0.212
0.185
0.210
0.237
0.203
0.239
0.199
0.215
0.211
0.240
0.198
0.214
0.214
0.247
0.214
0.242
0.213
0.209
0.211
0.183
0.212
0.235
0.211
0.243
0.202
0.239
0.167
0.206
0.215
0.206
0.208
0.246
0.214
0.198
0.215
0.234
0.207
0.246
0.211
0.238
0.216
0.214
0.202
0.201
0.208
0.209
0.212
0.249
0.209
0.238
0.210
0.245
0.210
0.243
0.212
0.209
0.203
0.219
0.248
0.205
0.203
0.240
0.214
0.230
0.211
0.213
0.216
0.242
0.210
0.245
0.210
0.232
0.211
0.243
0.201
0.216
0.202
0.238
0.204
0.214
0.200
0.238
0.213
0.204
0.210
0.241
0.206
0.237
0.166
0.242
0.215
0.229
0.201
0.250
0.250
0.240
0.203
0.208
0.209
0.243
0.214
0.240
0.213
0.243
0.217
0.172
0.215
0.241
0.216
0.251
0.204
0.243
0.167
0.210
0.179
0.218
0.207
0.238
0.210
0.233
0.213
0.241
0.212
0.192
0.211
0.231
0.214
0.240
0.201
0.217
0.212
0.214
0.185
0.218
0.208
0.243
0.212
0.230
0.209
0.248
0.211
0.224
0.208
0.244
0.210
0.243
0.201
0.210
0.209
0.246
0.166
0.233
0.162
0.205
0.214
0.206
0.212
0.220
0.208
0.246
0.206
0.208
0.209
0.233
0.203
0.215
0.210
0.244
0.215
0.198
0.210
0.240
0.209
0.205
0.213
0.244
0.214
0.249
0.201
0.219
0.215
0.241
0.205
0.252
0.210
0.245
0.213
0.205
0.208
0.243
0.210
0.203
0.209
0.243
0.207
0.242
0.205
0.243
0.211
0.243
0.200
0.239
0.211
0.237
0.215
0.233
0.208
0.248
0.214
0.235
0.214
0.242
0.180
0.238
0.210
0.200
0.216
0.248
0.173
0.231
0.167
0.209
0.211
0.238
0.210
0.242
0.216
0.175
0.216
0.238
0.209
0.206
0.209
0.216
0.188
0.226
0.186
0.245
0.200
0.240
0.216
0.203
0.199
0.221
0.220
0.238
0.211
0.213
0.218
0.221
0.203
0.209
0.218
0.242
0.212
0.245
0.210
0.235
0.210
0.243
0.214
0.244
0.210
0.242
0.208
0.225
0.210
0.242
0.201
0.208
0.211
0.202
0.211
0.211
0.166
0.239
0.210
0.243
0.208
0.237
0.212
0.245
0.203
0.215
0.215
0.242
0.202
0.227
0.212
0.235
0.206
0.212
0.205
0.246
0.221
0.204
0.210
0.223
0.209
0.220
0.204
0.214
0.211
0.216
0.177
0.246
0.214
0.249
0.212
0.213
0.215
0.238
0.211
0.183
0.208
0.242
0.208
0.181
0.202
0.213
0.199
0.246
0.187
0.244
0.218
0.237
0.209
0.242
0.218
0.235
0.211
0.233
0.209
0.236
0.212
0.170
0.176
0.215
0.208
0.217
0.219
0.219
0.215
0.237
0.210
0.239
0.213
0.241
0.212
0.234
0.207
0.212
0.216
0.239
0.224
0.209
0.218
0.251
0.211
0.248
0.219
0.237
0.143
0.212
0.215
0.244
0.210
0.241
0.210
0.215
0.210
0.212
0.201
0.240
0.209
0.238
0.213
0.212
0.214
0.239
0.212
0.235
0.210
0.241
0.214
0.236
0.210
0.212
0.212
0.221
0.202
0.237
0.213
0.251
0.210
0.220
0.205
0.244
0.164
0.232
0.211
0.244
0.206
0.235
0.201
0.209
0.209
0.239
0.200
0.242
0.212
0.210
0.210
0.205
0.202
