0.219
0.195
0.172
0.160
0.164
0.169
0.136
0.173
0.174
0.168
0.175
0.161
0.176
0.158
0.176
0.170
0.170
0.123
0.181
0.167
0.160
0.164
0.162
0.175
0.173
0.166
0.184
0.165
0.175
0.167
0.169
0.174
0.171
0.165
0.169
0.168
0.177
0.171
0.165
0.160
0.148
0.173
0.169
0.173
0.175
0.171
0.174
0.163
0.127
0.170
0.174
0.169
0.170
0.165
0.170
0.182
0.166
0.171
0.169
0.168
0.169
0.170
0.169
0.158
0.173
0.157
0.161
0.169
0.176
0.164
0.171
0.175
0.169
0.167
0.163
0.167
0.173
0.156
0.162
0.122
0.167
0.165
0.171
0.132
0.163
0.165
0.170
0.171
0.171
0.167
0.171
0.172
0.135
0.167
0.170
0.172
0.172
0.165
0.174
0.162
0.174
0.142
0.166
0.173
0.173
0.167
0.175
0.172
0.162
0.165
0.125
0.175
0.177
0.162
0.173
0.171
0.130
0.158
0.174
0.125
0.172
0.164
0.171
0.171
0.167
0.170
0.162
0.173
0.174
0.173
0.178
0.168
0.176
0.165
0.170
0.171
0.178
0.165
0.183
0.170
0.170
0.124
0.169
0.167
0.139
0.123
0.176
0.172
0.169
0.173
0.168
0.158
0.161
0.144
0.175
0.171
0.170
0.171
0.175
0.171
0.167
0.167
0.170
0.179
0.173
0.165
0.177
0.161
0.173
0.165
0.166
0.166
0.128
0.168
0.169
0.168
0.167
0.177
0.162
0.168
0.179
0.165
0.169
0.175
0.170
0.165
0.173
0.163
0.169
0.165
0.174
0.170
0.173
0.166
0.126
0.169
0.132
0.171
0.172
0.168
0.139
0.165
0.168
0.124
0.171
0.133
0.170
0.168
0.174
0.170
0.177
0.178
0.162
0.167
0.171
0.170
0.165
0.167
0.166
0.173
0.170
0.158
0.166
0.174
0.173
0.165
0.172
0.172
0.166
0.169
0.162
0.174
0.175
0.161
0.127
0.173
0.170
0.166
0.168
0.161
0.180
0.164
0.172
0.170
0.173
0.165
0.163
0.167
0.137
0.165
0.175
0.168
0.170
0.170
0.172
0.160
0.161
0.131
0.173
0.168
0.175
0.170
0.172
0.158
0.160
0.122
0.149
0.178
0.161
0.169
0.180
0.174
0.168
0.163
0.161
0.166
0.174
0.165
0.174
0.170
0.165
0.165
0.166
0.171
0.175
0.167
0.179
0.169
0.173
0.167
0.170
0.161
0.170
0.167
0.169
0.157
0.125
0.167
0.159
0.162
0.131
0.165
0.126
0.122
0.135
0.164
0.171
0.160
0.173
0.133
0.163
0.174
0.172
0.165
0.175
0.171
0.168
0.167
0.169
0.173
0.165
0.165
0.178
0.169
0.170
0.167
0.175
0.123
0.172
0.177
0.166
0.169
0.162
0.157
0.171
0.169
0.128
0.171
0.168
0.122
0.170
0.166
0.170
0.161
0.175
0.165
0.168
0.174
0.169
0.168
0.167
0.169
0.164
0.168
0.177
0.168
0.174
0.166
0.124
0.167
0.169
0.128
0.131
0.177
0.170
0.165
0.175
0.174
0.162
0.172
0.152
0.177
0.167
0.170
0.171
0.168
0.170
0.158
0.172
0.167
0.170
0.165
0.170
0.173
0.165
0.171
0.177
0.177
0.174
0.122
0.172
0.169
0.165
0.170
0.169
0.164
0.171
0.149
0.169
0.177
0.175
0.165
0.167
0.175
0.167
0.169
0.173
0.169
0.170
0.170
0.169
0.162
0.177
0.141
0.169
0.180
0.175
0.166
0.180
0.168
0.125
0.167
0.145
0.173
0.170
0.165
0.170
0.165
0.171
0.170
0.171
0.169
0.168
0.183
0.179
0.168
0.166
0.165
0.168
0.126
0.141
0.170
0.167
0.170
0.176
0.164
0.175
0.160
0.171
0.167
0.174
0.122
0.171
0.169
0.166
0.169
0.160
0.171
0.168
0.178
0.175
0.167
0.127
0.163
0.170
0.136
0.170
0.166
0.167
0.164
0.176
0.169
0.161
0.170
0.137
0.168
0.175
0.168
0.170
0.168
0.172
0.168
0.125
0.172
0.173
0.166
0.176
0.164
0.128
0.170
0.165
0.168
0.169
0.166
0.168
0.176
0.171
0.170
0.176
0.160
0.171
0.167
0.171
0.161
0.169
0.166
0.168
0.187
0.159
0.170
0.152
0.156
0.158
0.122
0.155
0.165
0.153
0.132
0.174
0.150
0.172
0.168
0.170
0.168
0.166
0.164
0.143
0.131
0.170
0.169
0.171
0.169
0.175
0.170
0.174
0.168
0.174
0.164
0.170
0.175
0.175
0.170
0.161
0.174
0.126
0.172
0.170
0.169
0.174
0.165
0.175
0.164
0.180
0.168
0.162
0.168
0.170
0.164
0.173
0.171
0.160
0.169
0.168
0.169
0.172
0.176
0.161
0.165
0.169
0.133
0.171
0.170
0.177
0.174
0.168
0.124
0.168
0.203
0.165
0.130
0.168
0.166
0.162
0.177
0.168
0.162
0.167
0.144
0.172
0.168
0.170
0.170
0.172
0.167
0.163
0.129
0.168
0.166
0.126
0.170
0.168
0.174
0.166
0.167
0.165
0.168
0.122
0.176
0.174
0.173
0.162
0.178
0.160
0.177
0.166
0.173
0.168
0.170
0.170
0.165
0.167
0.163
0.169
0.171
0.167
0.166
0.172
0.176
0.160
0.171
0.131
0.169
0.170
0.169
0.168
0.174
0.173
0.124
0.170
0.134
0.167
0.171
0.162
0.173
0.128
0.175
0.159
0.169
0.165
0.173
0.167
0.173
0.168
0.169
0.173
0.160
0.167
0.168
0.177
0.170
0.170
0.169
0.163
0.175
0.162
0.170
0.160
0.175
0.124
0.170
0.170
0.164
0.169
0.126
0.168
0.167
0.172
0.167
0.166
0.168
0.159
0.166
0.122
0.175
0.167
0.165
0.170
0.172
0.170
0.164
0.170
0.170
0.170
0.166
0.170
0.175
0.174
0.168
0.161
0.122
0.174
0.169
0.158
0.174
0.168
0.169
0.167
0.374
0.126
0.170
0.167
0.164
0.166
0.167
0.167
0.175
0.165
0.167
0.172
0.391
0.174
0.167
0.174
0.166
0.173
0.166
0.168
0.169
0.168
0.172
0.123
0.171
0.169
0.166
0.144
0.171
0.168
0.174
0.389
0.171
0.168
0.176
0.160
0.141
0.170
0.171
0.167
0.169
0.181
0.168
0.162
0.169
0.173
0.168
0.173
0.169
0.174
0.170
0.169
0.162
0.172
0.125
0.165
0.169
0.168
0.172
0.161
0.174
0.159
0.173
0.168
0.169
0.170
0.168
0.170
0.170
0.172
0.159
0.168
0.169
0.169
0.175
0.168
0.169
0.164
0.166
0.137
0.176
0.172
0.167
0.171
0.168
0.126
0.174
0.170
0.141
0.170
0.166
0.170
0.167
0.177
0.165
0.166
0.172
0.170
0.165
0.173
0.168
0.170
0.171
0.173
0.160
0.171
0.165
0.170
0.168
0.170
0.163
0.168
0.168
0.164
0.158
0.124
0.125
0.173
0.169
0.170
0.165
0.169
0.158
0.175
0.181
0.172
0.166
0.169
0.168
0.162
0.167
0.161
0.169
0.169
0.122
0.172
0.171
0.161
0.157
0.171
0.163
0.170
0.169
0.169
0.173
0.174
0.167
0.131
0.174
0.145
0.170
0.179
0.167
0.168
0.163
0.174
0.164
0.170
0.161
0.163
0.167
0.179
0.174
0.162
0.170
0.163
0.163
0.171
0.177
0.172
0.165
0.170
0.160
0.177
0.162
0.126
0.170
0.169
0.121
0.172
0.167
0.158
0.174
0.132
0.170
0.181
0.172
0.173
0.174
0.170
0.164
0.179
0.133
0.125
0.174
0.174
0.171
0.178
0.168
0.164
0.170
0.141
0.165
0.174
0.171
0.174
0.161
0.170
0.161
0.126
0.168
0.169
0.173
0.169
0.169
0.161
0.165
0.171
0.166
0.168
0.167
0.170
0.167
0.171
0.164
0.175
0.162
0.173
0.178
0.175
0.164
0.174
0.172
0.162
0.166
0.169
0.175
0.175
0.170
0.169
0.126
0.171
0.158
0.173
0.148
0.162
0.166
0.172
0.175
0.171
0.166
0.162
0.168
0.164
0.178
0.169
0.169
0.166
0.170
0.173
0.164
0.172
0.167
0.169
0.179
0.171
0.178
0.165
0.175
0.165
0.169
0.125
0.179
0.161
0.167
0.174
0.166
0.178
0.159
0.159
0.174
0.176
0.172
0.168
0.171
0.163
0.170
0.159
0.171
0.167
0.167
0.174
0.168
0.168
0.176
0.160
0.136
0.172
0.169
0.174
0.176
0.169
0.125
0.162
0.171
0.138
0.166
0.168
0.169
0.167
0.175
0.170
0.167
0.171
0.170
0.169
0.175
0.176
0.159
0.167
0.170
0.165
0.169
0.172
0.171
0.168
0.168
0.168
0.166
0.169
0.161
0.172
0.173
0.123
0.177
0.168
0.172
0.164
0.170
0.160
0.169
0.176
0.169
0.173
0.181
0.167
0.170
0.171
0.134
0.177
0.167
0.169
0.174
0.173
0.176
0.166
0.173
0.141
0.166
0.175
0.179
0.173
0.161
0.175
0.125
0.166
0.171
0.172
0.129
0.171
0.167
0.167
0.171
0.164
0.170
0.169
0.170
0.166
0.168
0.160
0.163
0.170
0.162
0.167
0.167
0.168
0.167
0.169
0.169
0.159
0.168
0.135
0.171
0.169
0.169
0.123
0.175
0.168
0.172
0.127
0.141
0.169
0.177
0.171
0.170
0.167
0.168
0.162
0.169
0.161
0.168
0.168
0.170
0.172
0.168
0.172
0.163
0.173
0.168
0.161
0.171
0.171
0.166
0.171
0.171
0.160
0.125
0.172
0.176
0.173
0.124
0.170
0.162
0.166
0.175
0.163
0.170
0.177
0.177
0.186
0.187
0.177
0.168
0.161
0.170
0.163
0.175
0.171
0.173
0.168
0.165
0.175
0.132
0.169
0.170
0.170
0.162
0.127
0.171
0.162
0.173
0.158
0.165
0.169
0.169
0.173
0.170
0.169
0.160
0.170
0.164
0.173
0.172
0.162
0.166
0.173
0.173
0.164
0.170
0.169
0.170
0.168
0.172
0.171
0.165
0.170
0.157
0.173
0.123
0.172
0.169
0.175
0.171
0.129
0.167
0.170
0.173
0.177
0.156
0.168
0.172
0.172
0.172
0.169
0.159
0.170
0.166
0.169
0.170
0.172
0.165
0.162
0.172
0.144
0.172
0.169
0.174
0.170
0.164
0.127
0.162
0.168
0.152
0.172
0.168
0.169
0.171
0.178
0.172
0.168
0.170
0.174
0.173
0.185
0.169
0.170
0.169
0.171
0.159
0.182
0.167
0.175
0.165
0.173
0.172
0.170
0.166
0.166
0.171
0.170
0.124
0.163
0.172
0.169
0.174
0.171
0.162
0.170
0.173
0.173
0.174
0.176
0.165
0.168
0.175
0.134
0.155
0.175
0.168
0.173
0.168
0.171
0.160
0.170
0.134
0.164
0.173
0.174
0.167
0.173
0.170
0.121
0.170
0.170
0.171
0.168
0.166
0.127
0.161
0.180
0.165
0.173
0.169
0.168
0.170
0.174
0.175
0.171
0.167
0.164
0.178
0.170
0.163
0.171
0.171
0.169
0.165
0.171
0.160
0.173
0.170
0.174
0.125
0.171
0.172
0.160
0.129
0.132
0.172
0.168
0.176
0.168
0.172
0.168
0.170
0.174
0.140
0.168
0.165
0.172
0.173
0.175
0.162
0.160
0.174
0.176
0.173
0.173
0.170
0.168
0.172
0.170
0.170
0.124
0.170
0.159
0.169
0.138
0.170
0.181
0.177
0.167
0.175
0.174
0.165
0.171
0.169
0.173
0.166
0.167
0.163
0.167
0.171
0.167
0.176
0.172
0.167
0.159
0.175
0.146
0.170
0.172
0.176
0.173
0.125
0.174
0.175
0.171
0.158
0.167
0.179
0.168
0.176
0.168
0.174
0.160
0.173
0.173
0.169
0.173
0.172
0.167
0.169
0.174
0.158
0.165
0.169
0.170
0.165
0.167
0.163
0.162
0.164
0.161
0.167
0.125
0.168
0.169
0.172
0.169
0.124
0.176
0.159
0.175
0.166
0.183
0.173
0.170
0.157
0.164
0.171
0.138
0.166
0.127
0.169
0.171
0.165
0.178
0.164
0.178
0.161
0.171
0.171
0.170
0.170
0.170
0.123
0.163
0.166
0.161
0.171
0.170
0.170
0.174
0.167
0.169
0.157
0.170
0.167
0.170
0.168
0.162
0.157
0.165
0.178
0.164
0.169
0.173
0.171
0.173
0.158
0.160
0.173
0.187
0.162
0.170
0.172
0.124
0.170
0.168
0.164
0.166
0.172
0.160
0.164
0.395
0.176
0.168
0.173
0.170
0.166
0.171
0.145
0.169
0.176
0.143
0.167
0.128
0.170
0.162
0.166
0.159
0.171
0.169
0.172
0.168
0.174
0.171
0.124
0.166
0.168
0.172
0.173
0.176
0.135
0.159
0.180
0.160
0.168
0.167
0.167
0.173
0.176
0.172
0.172
0.168
0.161
0.169
0.176
0.173
0.169
0.168
0.168
0.161
0.176
0.160
0.168
0.168
0.168
0.124
0.170
0.159
0.162
0.167
0.170
0.169
0.172
0.170
0.166
0.171
0.177
0.159
0.170
0.127
0.173
0.171
0.176
0.167
0.175
0.170
0.163
0.167
0.175
0.169
0.173
0.168
0.176
0.160
0.167
0.164
0.121
0.169
0.170
0.172
0.169
0.167
0.168
0.167
0.168
0.173
0.167
0.171
0.182
0.170
0.172
0.160
0.173
0.132
0.166
0.173
0.165
0.170
0.166
0.184
0.164
0.169
0.137
0.169
0.170
0.172
0.166
0.120
0.172
0.160
0.173
0.139
0.161
0.132
0.166
0.180
0.168
0.172
0.160
0.167
0.169
0.169
0.166
0.134
0.169
0.162
0.174
0.161
0.173
0.167
0.166
0.167
0.169
0.171
0.172
0.167
0.164
0.167
0.126
0.174
0.169
0.167
0.169
0.164
0.128
0.159
0.169
0.159
0.170
0.171
0.174
0.168
0.168
0.168
0.130
0.167
0.129
0.173
0.169
0.173
0.168
0.159
0.171
0.151
0.172
0.126
0.166
0.166
0.172
0.122
0.170
0.171
0.177
0.167
0.166
0.168
0.167
0.173
0.165
0.165
0.174
0.167
0.169
0.173
0.169
0.169
0.167
0.168
0.167
0.169
0.172
0.166
0.168
0.167
0.167
0.166
0.169
0.132
0.167
0.173
0.132
0.171
0.176
0.169
0.162
0.161
0.158
0.166
0.175
0.168
0.171
0.172
0.177
0.164
0.174
0.133
0.173
0.171
0.167
0.177
0.172
0.172
0.167
0.176
0.169
0.174
0.169
0.171
0.171
0.167
0.171
0.123
0.171
0.170
0.167
0.171
0.169
0.167
0.170
0.170
0.161
0.159
0.172
0.172
0.170
0.169
0.169
0.164
0.175
0.138
0.170
0.171
0.169
0.169
0.167
0.168
0.165
0.177
0.158
0.172
0.173
0.166
0.125
0.208
0.172
0.165
0.166
0.137
0.169
0.173
0.169
0.176
0.170
0.172
0.161
0.165
0.150
0.173
0.171
0.173
0.169
0.170
0.168
0.159
0.170
0.172
0.167
0.171
0.176
0.168
0.168
0.168
0.162
0.124
0.174
0.171
0.170
0.164
0.167
0.165
0.175
0.166
0.166
0.172
0.172
0.173
0.173
0.173
0.168
0.168
0.159
0.171
0.166
0.175
0.166
0.171
0.175
0.160
0.172
0.138
0.173
0.168
0.171
0.170
0.125
0.173
0.170
0.168
0.140
0.174
0.166
0.169
0.171
0.168
0.166
0.160
0.174
0.175
0.173
0.169
0.185
0.168
0.167
0.158
0.167
0.172
0.171
0.171
0.169
0.167
0.168
0.163
0.170
0.164
0.168
0.132
0.171
0.172
0.169
0.168
0.162
0.170
0.131
0.174
0.169
0.166
0.168
0.173
0.174
0.161
0.167
0.147
0.127
0.168
0.172
0.165
0.169
0.168
0.165
0.173
0.142
0.170
0.171
0.170
0.171
0.180
0.124
0.164
0.167
0.170
0.168
0.170
0.172
0.168
0.172
0.173
0.163
0.171
0.165
0.170
0.171
0.170
0.172
0.166
0.166
0.166
0.173
0.170
0.176
0.171
0.168
0.170
0.165
0.171
0.157
0.174
0.171
0.125
0.171
0.174
0.171
0.163
0.168
0.132
0.174
0.171
0.168
0.176
0.170
0.136
0.169
0.173
0.140
0.169
0.167
0.173
0.159
0.172
0.166
0.161
0.167
0.175
0.170
0.173
0.173
0.178
0.169
0.169
0.163
0.171
0.166
0.169
0.167
0.170
0.166
0.164
0.175
0.161
0.166
0.171
0.178
0.169
0.167
0.174
0.161
0.173
0.157
0.170
0.171
0.169
0.171
0.174
0.168
0.161
0.167
0.166
0.177
0.178
0.165
0.125
0.170
0.174
0.164
0.169
0.135
0.169
0.167
0.177
0.167
0.129
0.164
0.163
0.168
0.164
0.165
0.167
0.168
0.169
0.169
0.172
0.160
0.171
0.166
0.169
0.164
0.173
0.165
0.169
0.176
