0.266
0.248
0.218
0.224
0.223
0.222
0.176
0.224
0.216
0.224
0.226
0.209
0.226
0.205
0.224
0.171
0.228
0.226
0.225
0.224
0.209
0.225
0.216
0.224
0.208
0.223
0.226
0.218
0.170
0.208
0.225
0.211
0.224
0.223
0.218
0.216
0.219
0.222
0.208
0.217
0.186
0.229
0.252
0.224
0.225
0.245
0.276
0.213
0.223
0.214
0.225
0.173
0.227
0.223
0.226
0.220
0.208
0.223
0.245
0.140
0.219
0.218
0.223
0.207
0.224
0.215
0.183
0.216
0.224
0.207
0.224
0.213
0.208
0.216
0.157
0.209
0.213
0.222
0.247
0.221
0.223
0.206
0.215
0.205
0.223
0.217
0.225
0.205
0.225
0.218
0.170
0.200
0.183
0.207
0.225
0.213
0.225
0.172
0.203
0.209
0.224
0.215
0.246
0.212
0.227
0.223
0.226
0.214
0.212
0.170
0.226
0.224
0.226
0.225
0.224
0.206
0.219
0.206
0.224
0.207
0.241
0.167
0.215
0.225
0.210
0.213
0.208
0.244
0.207
0.216
0.171
0.216
0.173
0.210
0.225
0.186
0.215
0.214
0.226
0.226
0.225
0.216
0.212
0.226
0.179
0.224
0.224
0.221
0.224
0.211
0.212
0.216
0.170
0.211
0.239
0.224
0.224
0.214
0.224
0.224
0.224
0.237
0.223
0.224
0.223
0.215
0.226
0.209
0.225
0.206
0.223
0.214
0.228
0.225
0.225
0.217
0.208
0.224
0.207
0.213
0.225
0.212
0.236
0.476
0.493
0.223
0.218
0.210
0.536
0.496
0.525
0.518
0.509
0.501
0.448
0.381
0.353
0.353
0.335
0.245
0.289
0.226
0.211
0.170
0.145
0.144
0.147
0.143
0.148
0.146
0.146
0.144
0.183
0.151
0.171
0.205
0.210
0.211
0.212
0.208
0.212
0.207
0.211
0.226
0.212
0.211
0.214
0.213
0.211
0.173
0.213
0.223
0.225
0.212
0.224
0.215
0.223
0.226
0.224
0.204
0.224
0.216
0.209
0.225
0.239
0.175
0.221
0.244
0.187
0.224
0.225
0.225
0.226
0.212
0.228
0.204
0.223
0.203
0.233
0.225
0.217
0.229
0.213
0.213
0.213
0.224
0.203
0.212
0.223
0.215
0.223
0.228
0.215
0.210
0.224
0.216
0.179
0.223
0.223
0.214
0.212
0.214
0.223
0.223
0.222
0.225
0.226
0.214
0.208
0.209
0.224
0.206
0.225
0.212
0.225
0.214
0.225
0.215
0.210
0.224
0.200
0.225
0.225
0.214
0.226
0.214
0.240
0.170
0.217
0.176
0.224
0.226
0.223
0.224
0.224
0.245
0.209
0.226
0.218
0.214
0.226
0.224
0.212
0.214
0.225
0.207
0.217
0.214
0.224
0.213
0.227
0.225
0.208
0.225
0.213
0.208
0.225
0.206
0.169
0.222
0.222
0.212
0.226
0.206
0.224
0.225
0.222
0.225
0.227
0.224
0.208
0.212
0.183
0.214
0.226
0.218
0.224
0.219
0.226
0.206
0.210
0.201
0.224
0.224
0.223
0.224
0.216
0.225
0.216
0.183
0.204
0.213
0.223
0.224
0.224
0.213
0.225
0.207
0.225
0.226
0.215
0.216
0.216
0.225
0.208
0.219
0.208
0.224
0.225
0.215
0.226
0.224
0.226
0.206
0.217
0.210
0.219
0.228
0.214
0.218
0.170
0.230
0.207
0.222
0.211
0.210
0.289
0.221
0.225
0.222
0.240
0.207
0.224
0.177
0.176
0.205
0.228
0.183
0.228
0.224
0.209
0.226
0.214
0.215
0.225
0.224
0.225
0.224
0.249
0.212
0.241
0.167
0.220
0.224
0.212
0.234
0.206
0.242
0.213
0.213
0.225
0.219
0.188
0.225
0.217
0.212
0.219
0.214
0.227
0.215
0.215
0.213
0.215
0.215
0.223
0.224
0.209
0.215
0.227
0.226
0.225
0.218
0.173
0.207
0.224
0.204
0.215
0.225
0.223
0.223
0.211
0.213
0.216
0.218
0.212
0.202
0.226
0.227
0.218
0.224
0.224
0.210
0.214
0.217
0.227
0.227
0.225
0.224
0.213
0.206
0.209
0.217
0.239
0.173
0.216
0.224
0.222
0.214
0.225
0.209
0.223
0.226
0.224
0.225
0.226
0.224
0.215
0.211
0.206
0.227
0.210
0.222
0.223
0.225
0.237
0.208
0.224
0.208
0.224
0.226
0.247
0.215
0.214
0.212
0.180
0.216
0.208
0.222
0.225
0.224
0.225
0.224
0.224
0.211
0.227
0.214
0.219
0.213
0.230
0.223
0.208
0.205
0.211
0.224
0.215
0.224
0.227
0.217
0.223
0.213
0.214
0.211
0.226
0.206
0.238
0.187
0.216
0.213
0.213
0.223
0.214
0.573
0.225
0.225
0.217
0.170
0.225
0.209
0.225
0.208
0.218
0.222
0.225
0.217
0.212
0.224
0.208
0.216
0.232
0.218
0.225
0.214
0.224
0.223
0.209
0.216
0.183
0.207
0.223
0.223
0.214
0.224
0.207
0.207
0.207
0.216
0.224
0.226
0.214
0.225
0.225
0.211
0.226
0.220
0.225
0.214
0.215
0.217
0.225
0.226
0.212
0.221
0.207
0.220
0.227
0.226
0.217
0.167
0.229
0.205
0.218
0.212
0.224
0.216
0.226
0.219
0.224
0.227
0.208
0.210
0.213
0.211
0.248
0.208
0.225
0.213
0.225
0.210
0.218
0.226
0.224
0.224
0.217
0.223
0.207
0.219
0.208
0.240
0.174
0.215
0.224
0.224
0.227
0.206
0.223
0.210
0.224
0.224
0.227
0.224
0.222
0.213
0.208
0.215
0.215
0.223
0.214
0.225
0.225
0.214
0.227
0.210
0.225
0.190
0.225
0.225
0.250
0.224
0.238
0.172
0.213
0.223
0.199
0.227
0.207
0.217
0.217
0.218
0.226
0.203
0.218
0.224
0.225
0.214
0.226
0.216
0.230
0.226
0.213
0.223
0.215
0.213
0.227
0.214
0.224
0.205
0.224
0.212
0.227
0.216
0.169
0.235
0.225
0.214
0.210
0.224
0.184
0.222
0.224
0.215
0.225
0.216
0.222
0.225
0.223
0.203
0.226
0.225
0.224
0.225
0.225
0.212
0.216
0.215
0.194
0.224
0.224
0.214
0.214
0.212
0.216
0.170
0.215
0.220
0.208
0.223
0.213
0.223
0.223
0.223
0.210
0.225
0.225
0.172
0.215
0.213
0.208
0.213
0.215
0.210
0.213
0.213
0.209
0.201
0.224
0.224
0.238
0.214
0.184
0.217
0.224
0.238
0.185
0.216
0.224
0.210
0.234
0.177
0.214
0.216
0.215
0.224
0.227
0.215
0.208
0.214
0.205
0.171
0.216
0.215
0.211
0.224
0.216
0.210
0.227
0.223
0.223
0.215
0.225
0.225
0.208
0.213
0.216
0.169
0.189
0.223
0.223
0.226
0.209
0.212
0.224
0.212
0.222
0.212
0.225
0.222
0.224
0.223
0.208
0.227
0.208
0.225
0.223
0.224
0.223
0.218
0.222
0.211
0.223
0.182
0.225
0.219
0.217
0.218
0.170
0.215
0.212
0.217
0.225
0.226
0.223
0.224
0.225
0.223
0.225
0.207
0.225
0.215
0.223
0.224
0.226
0.224
0.213
0.205
0.213
0.222
0.224
0.224
0.225
0.213
0.225
0.207
0.228
0.207
0.218
0.168
0.220
0.223
0.223
0.227
0.210
0.214
0.208
0.224
0.208
0.183
0.224
0.213
0.225
0.206
0.223
0.183
0.225
0.214
0.225
0.225
0.215
0.215
0.212
0.225
0.195
0.214
0.224
0.225
0.218
0.216
0.168
0.214
0.224
0.232
0.227
0.214
0.225
0.217
0.209
0.218
0.217
0.213
0.225
0.223
0.223
0.222
0.226
0.173
0.239
0.209
0.201
0.224
0.228
0.213
0.224
0.214
0.207
0.220
0.214
0.218
0.191
0.168
0.217
0.222
0.225
0.208
0.215
0.177
0.224
0.226
0.224
0.228
0.224
0.224
0.217
0.226
0.190
0.227
0.224
0.180
0.240
0.226
0.209
0.182
0.216
0.224
0.229
0.213
0.225
0.239
0.211
0.235
0.171
0.211
0.223
0.222
0.227
0.227
0.226
0.206
0.228
0.207
0.228
0.211
0.224
0.224
0.219
0.214
0.210
0.224
0.194
0.226
0.225
0.212
0.227
0.214
0.223
0.207
0.225
0.198
0.228
0.206
0.240
0.168
0.221
0.216
0.208
0.225
0.186
0.223
0.218
0.223
0.213
0.226
0.224
0.204
0.244
0.217
0.215
0.226
0.225
0.214
0.225
0.214
0.212
0.215
0.225
0.224
0.225
0.214
0.208
0.205
0.226
0.214
0.174
0.210
0.223
0.224
0.248
0.205
0.224
0.213
0.207
0.214
0.220
0.206
0.225
0.214
0.226
0.205
0.226
0.194
0.224
0.212
0.226
0.213
0.220
0.207
0.207
0.199
0.179
0.225
0.217
0.206
0.240
0.177
0.216
0.208
0.225
0.215
0.208
0.211
0.217
0.224
0.226
0.228
0.209
0.225
0.225
0.225
0.224
0.227
0.225
0.206
0.237
0.206
0.224
0.228
0.224
0.213
0.225
0.225
0.209
0.216
0.207
0.216
0.169
0.220
0.224
0.211
0.226
0.206
0.224
0.177
0.225
0.222
0.228
0.216
0.174
0.226
0.212
0.213
0.184
0.207
0.246
0.225
0.224
0.226
0.227
0.210
0.251
0.225
0.216
0.226
0.219
0.223
0.238
0.176
0.215
0.223
0.223
0.175
0.224
0.222
0.215
0.211
0.227
0.223
0.224
0.213
0.249
0.215
0.225
0.216
0.207
0.224
0.210
0.224
0.224
0.219
0.222
0.225
0.211
0.211
0.224
0.210
0.221
0.215
0.171
0.214
0.223
0.207
0.210
0.224
0.184
0.217
0.224
0.223
0.226
0.216
0.226
0.225
0.224
0.190
0.228
0.213
0.222
0.223
0.235
0.225
0.211
0.214
0.224
0.226
0.235
0.225
0.222
0.206
0.224
0.167
0.221
0.225
0.224
0.208
0.224
0.214
0.211
0.246
0.214
0.226
0.218
0.225
0.226
0.224
0.224
0.221
0.225
0.182
0.225
0.217
0.225
0.216
0.217
0.223
0.208
0.215
0.181
0.225
0.209
0.238
0.185
0.216
0.222
0.205
0.210
0.203
0.215
0.214
0.224
0.225
0.226
0.213
0.224
0.225
0.224
0.246
0.227
0.218
0.224
0.206
0.223
0.205
0.226
0.213
0.225
0.217
0.223
0.228
0.227
0.226
0.216
0.172
0.218
0.223
0.174
0.215
0.226
0.213
0.227
0.205
0.224
0.224
0.226
0.170
0.226
0.224
0.214
0.233
0.183
0.220
0.212
0.225
0.214
0.215
0.225
0.210
0.224
0.198
0.216
0.210
0.212
0.226
0.172
0.218
0.221
0.225
0.225
0.224
0.223
0.222
0.223
0.246
0.219
0.207
0.212
0.213
0.225
0.211
0.214
0.212
0.224
0.210
0.207
0.205
0.211
0.203
0.168
0.170
0.169
0.206
0.226
0.212
0.238
0.170
0.216
0.224
0.225
0.246
0.210
0.224
0.235
0.224
0.223
0.214
0.251
0.210
0.226
0.210
0.227
0.192
0.227
0.214
0.226
0.224
0.225
0.226
0.218
0.204
0.202
0.218
0.225
0.214
0.226
0.218
0.168
0.212
0.224
0.224
0.225
0.225
0.223
0.214
0.208
0.224
0.208
0.217
0.224
0.216
0.223
0.213
0.226
0.206
0.225
0.210
0.223
0.215
0.226
0.225
0.224
0.225
0.225
0.223
0.209
0.226
0.238
0.169
0.224
0.221
0.226
0.213
0.223
0.179
0.213
0.214
0.225
0.220
0.223
0.224
0.208
0.224
0.224
0.226
0.224
0.209
0.225
0.214
0.224
0.209
0.226
0.214
0.222
0.205
0.225
0.218
0.210
0.217
0.185
0.219
0.224
0.207
0.243
0.222
0.212
0.207
0.227
0.206
0.230
0.215
0.223
0.225
0.225
0.208
0.209
0.226
0.184
0.226
0.223
0.208
0.227
0.217
0.224
0.210
0.223
0.183
0.226
0.226
0.239
0.169
0.221
0.214
0.218
0.216
0.224
0.215
0.224
0.224
0.224
0.217
0.224
0.206
0.245
0.226
0.224
0.228
0.224
0.225
0.208
0.225
0.213
0.216
0.225
0.213
0.226
0.219
0.225
0.207
0.225
0.217
0.171
0.221
0.172
0.224
0.226
0.225
0.224
0.192
0.186
0.214
0.225
0.214
0.219
0.224
0.222
0.213
0.227
0.210
0.226
0.213
0.226
0.215
0.217
0.239
0.200
0.226
0.207
0.225
0.215
0.225
0.219
0.177
0.249
0.211
0.211
0.249
0.237
0.217
0.210
0.224
0.202
0.223
0.200
0.249
0.235
0.224
0.213
0.217
0.216
0.218
0.224
0.207
0.205
0.230
0.226
0.225
0.225
0.209
0.206
0.224
0.227
0.222
0.398
0.216
0.212
0.225
0.215
0.208
0.224
0.178
0.213
0.225
0.227
0.209
0.224
0.225
0.211
0.223
0.239
0.224
0.225
0.224
0.226
0.224
0.216
0.207
0.225
0.224
0.226
0.224
0.227
0.218
0.213
0.168
0.212
0.224
0.226
0.226
0.213
0.224
0.225
0.206
0.224
0.209
0.225
0.225
0.223
0.210
0.226
0.227
0.208
0.225
0.211
0.214
0.220
0.226
0.224
0.223
0.223
0.214
0.225
0.188
0.226
0.216
0.171
0.217
0.180
0.212
0.209
0.225
0.211
0.213
0.223
0.214
0.225
0.225
0.226
0.209
0.212
0.223
0.229
0.175
0.217
0.221
0.226
0.217
0.211
0.214
0.226
0.226
0.215
0.212
0.231
0.210
0.238
0.168
0.216
0.225
0.225
0.227
0.224
0.225
0.209
0.225
0.210
0.216
0.251
0.225
0.224
0.228
0.224
0.209
0.217
0.185
0.224
0.225
0.226
0.228
0.224
0.226
0.213
0.224
0.189
0.228
0.248
0.238
0.171
0.218
0.224
0.212
0.226
0.225
0.226
0.223
0.225
0.225
0.228
0.224
0.217
0.214
0.225
0.214
0.225
0.212
0.226
0.207
0.223
0.205
0.228
0.209
0.227
0.217
0.249
0.236
0.214
0.213
0.216
0.172
0.215
0.223
0.224
0.214
0.217
0.209
0.225
0.190
0.218
0.227
0.215
0.225
0.226
0.229
0.211
0.214
0.179
0.224
0.226
0.223
0.225
0.228
0.219
0.205
0.219
0.225
0.213
0.180
0.225
0.239
0.176
0.214
0.209
0.216
0.228
0.224
0.219
0.214
0.224
0.206
0.226
0.181
0.216
0.224
0.217
0.225
0.217
0.225
0.214
0.225
0.213
0.224
0.227
0.210
0.190
0.214
0.225
0.206
0.228
0.210
0.239
0.170
0.219
0.224
0.224
0.220
0.212
0.199
0.185
0.213
0.225
0.225
0.225
0.218
0.224
0.205
0.225
0.217
0.180
0.213
0.225
0.224
0.225
0.207
0.221
0.213
0.216
0.248
0.225
0.213
0.208
0.214
0.172
0.204
0.224
0.224
0.248
0.214
0.225
0.210
0.208
0.225
0.175
0.225
0.225
0.224
0.209
0.206
0.229
0.214
0.225
0.201
0.229
0.224
0.234
0.225
0.226
0.213
0.209
0.214
0.187
0.214
0.220
0.170
0.219
0.224
0.224
0.225
0.215
0.190
0.226
0.225
0.224
0.216
0.233
0.225
0.208
0.222
0.214
0.226
0.225
0.214
0.225
0.206
0.253
0.209
0.250
0.226
0.226
0.225
0.219
0.226
0.213
0.238
0.168
0.223
0.223
0.223
0.226
0.224
0.224
0.206
0.208
0.209
0.225
0.222
0.207
0.222
0.225
0.214
0.213
0.225
0.226
0.226
0.233
0.246
0.227
0.225
0.224
0.210
0.207
0.211
0.227
0.220
0.238
0.168
0.220
0.224
0.212
0.216
0.223
0.223
0.217
0.214
0.225
0.215
0.216
0.215
0.217
0.246
0.226
0.213
0.223
0.217
0.211
0.225
0.209
0.251
0.209
0.237
0.217
0.237
0.212
0.225
0.168
0.217
0.171
0.225
0.213
0.225
0.225
0.224
0.205
0.226
0.197
0.224
0.226
0.225
0.225
0.224
0.214
0.224
0.225
0.196
0.227
0.225
0.222
0.223
0.227
0.225
0.205
0.225
0.222
0.225
0.216
0.214
0.239
0.170
0.221
0.223
0.223
0.217
0.214
0.218
0.222
0.225
0.222
0.219
0.206
0.225
0.214
0.224
0.213
0.222
0.225
0.211
0.216
0.208
0.226
0.215
0.216
0.226
0.216
0.225
0.207
0.209
0.178
0.217
0.172
0.216
0.224
0.225
0.213
0.211
0.210
0.196
0.222
0.224
0.214
0.228
0.214
0.224
0.225
0.217
0.247
0.216
0.245
0.226
0.224
0.226
0.213
0.215
0.214
0.224
0.215
0.225
0.216
0.227
0.214
0.143
0.206
0.224
0.224
0.227
0.213
0.223
0.226
0.209
0.225
0.216
0.224
0.224
0.214
0.207
0.223
0.226
0.211
0.241
