0.307
0.202
0.200
0.204
0.200
0.208
0.173
0.176
0.165
0.176
0.166
0.174
0.166
0.163
0.203
0.169
0.172
0.163
0.185
0.123
0.172
0.170
0.168
0.158
0.167
0.182
0.175
0.125
0.170
0.172
0.170
0.172
0.172
0.190
0.135
0.163
0.163
0.172
0.169
0.157
0.168
0.176
0.178
0.168
0.170
0.164
0.162
0.159
0.167
0.179
0.123
0.172
0.166
0.167
0.172
0.198
0.176
0.165
0.165
0.175
0.169
0.172
0.171
0.168
0.168
0.170
0.177
0.199
0.162
0.196
0.166
0.170
0.158
0.170
0.127
0.170
0.171
0.199
0.203
0.161
0.194
0.126
0.173
0.173
0.174
0.160
0.172
0.175
0.205
0.176
0.169
0.137
0.162
0.172
0.202
0.174
0.171
0.177
0.167
0.179
0.167
0.141
0.162
0.161
0.165
0.173
0.172
0.199
0.208
0.204
0.205
0.169
0.125
0.158
0.170
0.162
0.168
0.175
0.197
0.168
0.199
0.177
0.201
0.193
0.175
0.157
0.176
0.171
0.170
0.172
0.169
0.175
0.167
0.180
0.173
0.168
0.142
0.164
0.199
0.200
0.202
0.174
0.163
0.152
0.202
0.201
0.169
0.174
0.164
0.168
0.176
0.169
0.159
0.170
0.175
0.171
0.175
0.172
0.167
0.167
0.158
0.170
0.176
0.166
0.202
0.205
0.170
0.170
0.179
0.199
0.199
0.162
0.176
0.170
0.155
0.210
0.169
0.175
0.179
0.172
0.185
0.143
0.119
0.171
0.127
0.163
0.171
0.168
0.168
0.172
0.168
0.174
0.179
0.159
0.158
0.173
0.179
0.168
0.177
0.186
0.190
0.177
0.174
0.161
0.169
0.135
0.135
0.138
0.157
0.169
0.168
0.166
0.171
0.171
0.166
0.192
0.164
0.167
0.190
0.189
0.186
0.169
0.160
0.121
0.175
0.166
0.180
0.166
0.169
0.168
0.174
0.169
0.199
0.199
0.201
0.187
0.124
0.164
0.179
0.188
0.205
0.173
0.171
0.175
0.167
0.168
0.177
0.170
0.171
0.380
0.193
0.162
0.178
0.169
0.166
0.173
0.169
0.197
0.202
0.341
0.162
0.165
0.202
0.195
0.412
0.204
0.171
0.128
0.175
0.168
0.200
0.168
0.163
0.192
0.175
0.198
0.171
0.175
0.173
0.179
0.197
0.170
0.172
0.133
0.316
0.183
0.179
0.165
0.176
0.299
0.166
0.170
0.164
0.163
0.160
0.172
0.166
0.172
0.125
0.170
0.203
0.170
0.168
0.168
0.171
0.155
0.165
0.159
0.123
0.173
0.199
0.171
0.175
0.175
0.178
0.196
0.169
0.167
0.159
0.179
0.198
0.170
0.168
0.175
0.169
0.206
0.170
0.137
0.130
0.128
0.201
0.175
0.172
0.171
0.162
0.203
0.177
0.173
0.179
0.178
0.132
0.164
0.171
0.167
0.174
0.172
0.169
0.174
0.168
0.163
0.168
0.162
0.161
0.168
0.169
0.200
0.174
0.208
0.165
0.207
0.125
0.172
0.137
0.161
0.165
0.174
0.171
0.171
0.157
0.208
0.168
0.175
0.172
0.163
0.192
0.198
0.171
0.174
0.170
0.172
0.171
0.175
0.171
0.185
0.205
0.162
0.166
0.177
0.179
0.167
0.202
0.124
0.172
0.172
0.178
0.169
0.159
0.164
0.172
0.171
0.173
0.174
0.171
0.168
0.199
0.200
0.169
0.150
0.160
0.165
0.179
0.172
0.173
0.176
0.172
0.164
0.174
0.198
0.184
0.191
0.192
0.170
0.127
0.166
0.172
0.181
0.172
0.171
0.168
0.166
0.168
0.163
0.190
0.198
0.209
0.203
0.169
0.172
0.127
0.171
0.171
0.153
0.166
0.196
0.199
0.199
0.173
0.162
0.198
0.190
0.199
0.173
0.172
0.122
0.171
0.179
0.172
0.174
0.172
0.171
0.172
0.169
0.176
0.168
0.166
0.175
0.170
0.165
0.171
0.171
0.167
0.170
0.170
0.166
0.177
0.133
0.166
0.162
0.170
0.204
0.199
0.173
0.179
0.168
0.127
0.212
0.179
0.160
0.176
0.178
0.173
0.160
0.177
0.159
0.172
0.169
0.169
0.172
0.164
0.165
0.180
0.172
0.172
0.163
0.167
0.172
0.171
0.169
0.181
0.163
0.196
0.163
0.169
0.168
0.165
0.122
0.181
0.171
0.167
0.168
0.173
0.161
0.164
0.168
0.168
0.167
0.176
0.172
0.169
0.176
0.177
0.133
0.192
0.192
0.200
0.174
0.171
0.167
0.170
0.170
0.171
0.170
0.199
0.194
0.195
0.203
0.128
0.169
0.184
0.211
0.202
0.171
0.172
0.214
0.133
0.165
0.163
0.158
0.176
0.199
0.200
0.172
0.176
0.166
0.171
0.178
0.125
0.171
0.166
0.169
0.193
0.164
0.204
0.198
0.199
0.199
0.172
0.126
0.161
0.165
0.169
0.176
0.207
0.199
0.198
0.201
0.170
0.178
0.165
0.172
0.172
0.170
0.175
0.210
0.173
0.168
0.169
0.170
0.179
0.171
0.173
0.169
0.170
0.192
0.199
0.168
0.182
0.205
0.156
0.202
0.194
0.132
0.168
0.171
0.170
0.173
0.127
0.168
0.169
0.169
0.166
0.172
0.141
0.163
0.165
0.184
0.174
0.165
0.168
0.197
0.201
0.171
0.176
0.132
0.193
0.198
0.175
0.170
0.174
0.126
0.168
0.169
0.172
0.175
0.177
0.166
0.165
0.170
0.169
0.173
0.170
0.169
0.170
0.166
0.131
0.210
0.134
0.160
0.186
0.165
0.190
0.170
0.169
0.170
0.172
0.199
0.173
0.179
0.160
0.160
0.121
0.176
0.176
0.174
0.175
0.179
0.170
0.191
0.213
0.180
0.173
0.172
0.205
0.200
0.201
0.196
0.172
0.170
0.214
0.186
0.141
0.166
0.170
0.129
0.171
0.173
0.175
0.171
0.169
0.170
0.175
0.125
0.165
0.168
0.170
0.196
0.172
0.169
0.169
0.169
0.172
0.169
0.164
0.168
0.183
0.172
0.175
0.184
0.208
0.175
0.195
0.168
0.216
0.200
0.190
0.198
0.177
0.200
0.198
0.205
0.202
0.170
0.129
0.175
0.171
0.153
0.166
0.164
0.161
0.173
0.172
0.174
0.171
0.176
0.178
0.174
0.169
0.163
0.159
0.177
0.183
0.175
0.165
0.178
0.171
0.180
0.171
0.167
0.191
0.191
0.198
0.176
0.175
0.127
0.172
0.170
0.176
0.169
0.173
0.140
0.164
0.163
0.175
0.170
0.177
0.184
0.172
0.170
0.170
0.217
0.188
0.167
0.161
0.170
0.175
0.177
0.176
0.176
0.169
0.201
0.203
0.163
0.163
0.161
0.126
0.168
0.170
0.172
0.181
0.128
0.172
0.170
0.176
0.179
0.167
0.181
0.171
0.170
0.172
0.172
0.167
0.172
0.168
0.158
0.156
0.191
0.164
0.178
0.167
0.170
0.194
0.174
0.180
0.176
0.164
0.121
0.166
0.162
0.169
0.169
0.173
0.171
0.170
0.176
0.194
0.159
0.170
0.174
0.190
0.208
0.205
0.176
0.170
0.169
0.167
0.173
0.165
0.169
0.166
0.161
0.171
0.174
0.172
0.167
0.172
0.174
0.124
0.199
0.165
0.174
0.191
0.166
0.160
0.173
0.169
0.172
0.170
0.168
0.170
0.176
0.215
0.167
0.168
0.170
0.168
0.151
0.170
0.179
0.170
0.172
0.171
0.172
0.191
0.191
0.201
0.202
0.169
0.126
0.201
0.172
0.188
0.169
0.173
0.181
0.178
0.166
0.174
0.170
0.176
0.167
0.177
0.171
0.173
0.185
0.185
0.201
0.168
0.182
0.204
0.202
0.204
0.170
0.174
0.199
0.199
0.193
0.134
0.165
0.125
0.171
0.194
0.174
0.170
0.167
0.172
0.168
0.172
0.152
0.162
0.164
0.186
0.175
0.173
0.192
0.170
0.187
0.165
0.167
0.164
0.166
0.164
0.170
0.184
0.174
0.199
0.197
0.180
0.169
0.212
0.124
0.134
0.162
0.169
0.169
0.172
0.170
0.174
0.166
0.171
0.171
0.182
0.149
0.162
0.163
0.167
0.173
0.172
0.157
0.167
0.170
0.173
0.168
0.169
0.159
0.167
0.167
0.170
0.199
0.191
0.208
0.152
0.174
0.169
0.185
0.169
0.176
0.175
0.169
0.170
0.167
0.173
0.172
0.200
0.206
0.199
0.193
0.163
0.166
0.186
0.173
0.128
0.129
0.171
0.181
0.177
0.170
0.137
0.190
0.199
0.195
0.198
0.123
0.168
0.172
0.173
0.169
0.175
0.177
0.160
0.176
0.214
0.171
0.170
0.174
0.171
0.191
0.172
0.172
0.172
0.166
0.172
0.161
0.181
0.176
0.168
0.179
0.170
0.205
0.199
0.202
0.162
0.161
0.154
0.201
0.195
0.198
0.172
0.165
0.162
0.193
0.172
0.173
0.168
0.160
0.200
0.202
0.167
0.174
0.169
0.169
0.175
0.178
0.167
0.170
0.160
0.182
0.174
0.172
0.203
0.209
0.198
0.170
0.170
0.126
0.132
0.162
0.167
0.168
0.170
0.172
0.175
0.169
0.167
0.167
0.169
0.178
0.162
0.169
0.170
0.184
0.190
0.167
0.173
0.175
0.198
0.202
0.162
0.162
0.163
0.206
0.198
0.175
0.173
0.182
0.129
0.176
0.170
0.175
0.134
0.160
0.158
0.182
0.170
0.171
0.176
0.164
0.178
0.197
0.194
0.171
0.156
0.166
0.187
0.184
0.166
0.175
0.172
0.174
0.158
0.176
0.166
0.162
0.161
0.169
0.186
0.121
0.169
0.175
0.174
0.167
0.171
0.169
0.152
0.161
0.160
0.177
0.175
0.172
0.169
0.168
0.175
0.174
0.164
0.186
0.165
0.159
0.174
0.172
0.173
0.186
0.163
0.171
0.200
0.199
0.174
0.167
0.127
0.175
0.166
0.176
0.172
0.173
0.169
0.167
0.179
0.125
0.137
0.163
0.168
0.170
0.173
0.176
0.169
0.167
0.168
0.195
0.169
0.193
0.195
0.199
0.200
0.174
0.200
0.204
0.198
0.202
0.172
0.129
0.169
0.159
0.179
0.175
0.179
0.198
0.200
0.168
0.169
0.210
0.207
0.200
0.196
0.164
0.174
0.161
0.174
0.178
0.170
0.171
0.169
0.178
0.210
0.150
0.168
0.200
0.199
0.198
0.164
0.168
0.122
0.168
0.194
0.126
0.174
0.124
0.165
0.186
0.162
0.172
0.168
0.171
0.167
0.172
0.176
0.168
0.173
0.178
0.169
0.176
0.165
0.178
0.169
0.174
0.172
0.169
0.170
0.188
0.168
0.161
0.167
0.124
0.184
0.170
0.175
0.165
0.171
0.178
0.170
0.169
0.166
0.170
0.173
0.163
0.171
0.167
0.177
0.177
0.171
0.170
0.175
0.163
0.199
0.174
0.169
0.168
0.173
0.195
0.172
0.164
0.165
0.132
0.128
0.169
0.168
0.167
0.172
0.169
0.169
0.169
0.172
0.172
0.166
0.162
0.202
0.207
0.201
0.196
0.170
0.165
0.122
0.161
0.173
0.174
0.166
0.162
0.167
0.174
0.172
0.173
0.168
0.168
0.189
0.124
0.173
0.130
0.169
0.150
0.170
0.169
0.183
0.191
0.210
0.176
0.174
0.170
0.150
0.171
0.162
0.170
0.161
0.173
0.177
0.124
0.165
0.168
0.173
0.181
0.169
0.190
0.199
0.200
0.199
0.172
0.160
0.193
0.198
0.209
0.169
0.162
0.162
0.175
0.183
0.178
0.174
0.201
0.192
0.202
0.171
0.171
0.136
0.161
0.168
0.174
0.172
0.183
0.197
0.205
0.170
0.175
0.192
0.169
0.191
0.165
0.166
0.103
0.167
0.152
0.147
0.169
0.171
0.173
0.167
0.166
0.162
0.169
0.167
0.213
0.174
0.173
0.178
0.175
0.167
0.162
0.148
0.159
0.184
0.179
0.170
0.171
0.171
0.197
0.203
0.173
0.174
0.174
0.123
0.159
0.176
0.169
0.171
0.174
0.168
0.173
0.174
0.167
0.174
0.158
0.166
0.175
0.127
0.176
0.167
0.174
0.171
0.169
0.169
0.177
0.170
0.169
0.137
0.163
0.199
0.173
0.173
0.176
0.171
0.170
0.175
0.168
0.169
0.159
0.167
0.167
0.174
0.168
0.175
0.197
0.172
0.164
0.177
0.171
0.179
0.138
0.165
0.175
0.170
0.189
0.173
0.174
0.167
0.168
0.174
0.169
0.191
0.171
0.198
0.199
0.170
0.171
0.170
0.193
0.207
0.171
0.177
0.190
0.162
0.177
0.162
0.160
0.175
0.167
0.171
0.169
0.182
0.169
0.178
0.170
0.167
0.193
0.201
0.207
0.206
0.173
0.199
0.198
0.204
0.204
0.168
0.141
0.168
0.168
0.167
0.183
0.161
0.200
0.209
0.201
0.169
0.166
0.164
0.162
0.206
0.172
0.176
0.167
0.170
0.168
0.175
0.173
0.173
0.168
0.178
0.169
0.163
0.170
0.204
0.198
0.174
0.172
0.170
0.169
0.166
0.169
0.174
0.172
0.169
0.167
0.145
0.191
0.168
0.169
0.170
0.150
0.127
0.168
0.168
0.191
0.174
0.163
0.175
0.200
0.207
0.170
0.176
0.164
0.192
0.201
0.171
0.170
0.169
0.174
0.175
0.173
0.176
0.160
0.159
0.163
0.175
0.172
0.177
0.175
0.173
0.176
0.171
0.171
0.170
0.135
0.169
0.162
0.167
0.173
0.171
0.178
0.176
0.173
0.168
0.169
0.171
0.163
0.197
0.196
0.198
0.173
0.163
0.171
0.167
0.170
0.170
0.165
0.164
0.165
0.170
0.170
0.171
0.169
0.172
0.170
0.170
0.168
0.169
0.145
0.158
0.167
0.171
0.160
0.167
0.173
0.172
0.204
0.174
0.206
0.170
0.162
0.164
0.168
0.172
0.172
0.177
0.170
0.157
0.173
0.176
0.170
0.163
0.167
0.184
0.207
0.177
0.175
0.172
0.172
0.172
0.179
0.198
0.191
0.198
0.203
0.171
0.203
0.202
0.198
0.200
0.170
0.174
0.172
0.138
0.172
0.168
0.176
0.169
0.178
0.171
0.176
0.178
0.168
0.194
0.164
0.169
0.167
0.174
0.170
0.165
0.171
0.171
0.197
0.171
0.200
0.170
0.167
0.192
0.199
0.199
0.168
0.168
0.167
0.167
0.181
0.170
0.173
0.132
0.159
0.159
0.178
0.169
0.167
0.167
0.168
0.174
0.173
0.171
0.170
0.163
0.163
0.130
0.170
0.174
0.168
0.170
0.175
0.131
0.201
0.204
0.162
0.164
0.168
0.172
0.175
0.169
0.170
0.177
0.171
0.167
0.173
0.162
0.192
0.202
0.209
0.173
0.201
0.199
0.165
0.202
0.175
0.176
0.180
0.164
0.198
0.173
0.173
0.177
0.170
0.201
0.175
0.174
0.173
0.188
0.158
0.170
0.172
0.166
0.174
0.174
0.161
0.170
0.169
0.168
0.167
0.136
0.159
0.181
0.181
0.174
0.169
0.171
0.177
0.175
0.172
0.169
0.146
0.172
0.178
0.163
0.178
0.198
0.171
0.199
0.207
0.174
0.176
0.165
0.174
0.200
0.170
0.170
0.169
0.168
0.167
0.172
0.172
0.157
0.175
0.134
0.164
0.179
0.169
0.170
0.197
0.171
0.178
0.166
0.169
0.170
0.135
0.159
0.161
0.172
0.170
0.169
0.203
0.206
0.205
0.195
0.155
0.172
0.191
0.204
0.201
0.176
0.199
0.205
0.211
0.199
0.181
0.168
0.167
0.164
0.168
0.170
0.189
0.197
0.199
0.206
0.175
0.174
0.201
0.199
0.190
0.166
0.171
0.179
0.172
0.173
0.173
0.194
0.176
0.169
0.178
0.173
0.159
0.159
0.169
0.172
0.170
0.131
0.170
0.169
0.168
0.172
0.169
0.166
0.191
0.199
0.171
0.172
0.170
0.198
0.197
0.169
0.174
0.176
0.138
0.157
0.164
0.170
0.173
0.173
0.158
0.170
0.162
0.172
0.174
0.154
0.164
0.167
0.168
0.168
0.170
0.170
0.174
0.167
0.171
0.179
0.178
0.159
0.163
0.174
0.201
0.173
0.174
0.168
0.175
0.169
0.176
0.174
0.163
0.177
0.188
0.174
0.169
0.170
0.200
0.160
0.471
0.178
0.173
0.138
0.173
0.474
0.173
0.167
0.167
0.170
0.415
0.178
0.185
0.163
0.135
0.218
0.211
0.170
0.199
0.198
0.435
0.173
0.170
0.168
0.191
0.376
0.164
0.160
0.169
0.193
0.392
0.171
0.160
0.171
0.156
0.331
0.196
0.152
0.164
0.206
0.107
0.200
0.200
0.199
0.202
0.101
0.201
0.197
0.160
0.192
0.277
0.171
0.174
0.170
0.174
0.238
0.172
0.198
0.203
0.143
0.122
0.159
0.205
0.156
0.170
0.169
0.169
0.169
0.173
0.165
0.115
0.139
0.195
0.169
0.199
0.122
0.175
0.201
0.200
