0.219
0.185
0.190
0.192
0.178
0.186
0.194
0.158
0.163
0.156
0.159
0.162
0.163
0.149
0.162
0.165
0.165
0.152
0.160
0.162
0.161
0.154
0.161
0.159
0.161
0.162
0.159
0.123
0.150
0.153
0.160
0.165
0.158
0.157
0.157
0.159
0.160
0.160
0.155
0.150
0.149
0.170
0.163
0.157
0.158
0.156
0.165
0.163
0.168
0.162
0.149
0.148
0.163
0.161
0.154
0.157
0.155
0.159
0.160
0.158
0.162
0.137
0.150
0.150
0.158
0.163
0.162
0.158
0.151
0.147
0.167
0.160
0.166
0.184
0.159
0.111
0.160
0.157
0.158
0.157
0.156
0.155
0.157
0.122
0.181
0.185
0.186
0.167
0.159
0.155
0.164
0.157
0.159
0.157
0.157
0.124
0.161
0.115
0.156
0.162
0.157
0.155
0.168
0.155
0.156
0.162
0.127
0.153
0.152
0.158
0.165
0.156
0.159
0.155
0.158
0.161
0.155
0.160
0.148
0.147
0.166
0.158
0.163
0.160
0.147
0.159
0.158
0.166
0.168
0.148
0.158
0.171
0.176
0.157
0.158
0.162
0.156
0.158
0.168
0.116
0.124
0.157
0.150
0.158
0.120
0.194
0.157
0.160
0.159
0.158
0.162
0.159
0.155
0.156
0.156
0.161
0.192
0.167
0.158
0.155
0.161
0.164
0.163
0.149
0.151
0.156
0.157
0.157
0.166
0.155
0.162
0.156
0.164
0.162
0.124
0.155
0.147
0.163
0.162
0.158
0.155
0.152
0.161
0.163
0.157
0.159
0.155
0.154
0.165
0.162
0.158
0.159
0.168
0.159
0.161
0.160
0.155
0.150
0.154
0.155
0.156
0.159
0.160
0.162
0.175
0.163
0.162
0.163
0.125
0.169
0.175
0.160
0.159
0.157
0.155
0.166
0.170
0.158
0.163
0.138
0.150
0.153
0.162
0.158
0.156
0.157
0.155
0.159
0.167
0.164
0.163
0.148
0.157
0.166
0.163
0.155
0.157
0.158
0.161
0.162
0.163
0.168
0.144
0.151
0.156
0.153
0.159
0.158
0.163
0.155
0.157
0.161
0.162
0.124
0.152
0.149
0.155
0.163
0.161
0.159
0.157
0.165
0.158
0.150
0.143
0.149
0.148
0.157
0.161
0.162
0.162
0.155
0.157
0.186
0.191
0.187
0.183
0.151
0.156
0.161
0.158
0.153
0.165
0.154
0.156
0.164
0.147
0.126
0.151
0.153
0.156
0.154
0.152
0.156
0.180
0.156
0.159
0.164
0.160
0.153
0.175
0.161
0.165
0.157
0.155
0.154
0.158
0.158
0.164
0.156
0.149
0.152
0.161
0.156
0.155
0.160
0.162
0.157
0.162
0.162
0.160
0.119
0.151
0.147
0.160
0.160
0.155
0.157
0.163
0.161
0.165
0.171
0.158
0.153
0.148
0.157
0.116
0.159
0.162
0.158
0.157
0.181
0.120
0.163
0.151
0.152
0.156
0.163
0.122
0.112
0.156
0.160
0.159
0.158
0.159
0.155
0.155
0.162
0.158
0.177
0.171
0.178
0.158
0.162
0.156
0.158
0.125
0.152
0.153
0.157
0.162
0.154
0.162
0.160
0.159
0.158
0.163
0.149
0.154
0.150
0.158
0.176
0.159
0.158
0.161
0.163
0.158
0.159
0.163
0.158
0.153
0.158
0.159
0.160
0.187
0.186
0.201
0.158
0.163
0.157
0.124
0.171
0.160
0.159
0.148
0.150
0.160
0.158
0.121
0.157
0.165
0.163
0.151
0.149
0.164
0.162
0.166
0.162
0.187
0.190
0.190
0.188
0.164
0.149
0.151
0.167
0.196
0.165
0.157
0.145
0.163
0.164
0.161
0.158
0.127
0.155
0.174
0.163
0.126
0.159
0.159
0.156
0.158
0.162
0.159
0.165
0.176
0.151
0.155
0.159
0.161
0.114
0.158
0.154
0.157
0.158
0.164
0.153
0.150
0.162
0.157
0.163
0.152
0.162
0.158
0.148
0.156
0.159
0.132
0.152
0.163
0.159
0.117
0.159
0.160
0.164
0.160
0.152
0.158
0.151
0.159
0.156
0.159
0.183
0.155
0.163
0.169
0.159
0.159
0.159
0.163
0.156
0.163
0.158
0.160
0.156
0.160
0.158
0.167
0.158
0.159
0.157
0.126
0.147
0.162
0.156
0.175
0.161
0.160
0.159
0.177
0.189
0.159
0.154
0.153
0.157
0.153
0.160
0.160
0.157
0.156
0.163
0.162
0.158
0.161
0.158
0.154
0.163
0.162
0.156
0.165
0.159
0.151
0.161
0.163
0.157
0.147
0.153
0.163
0.158
0.162
0.155
0.165
0.154
0.157
0.166
0.162
0.144
0.157
0.149
0.157
0.156
0.163
0.160
0.156
0.160
0.156
0.162
0.167
0.180
0.164
0.169
0.164
0.160
0.151
0.156
0.155
0.115
0.163
0.159
0.154
0.165
0.158
0.156
0.155
0.157
0.188
0.163
0.161
0.154
0.165
0.119
0.153
0.150
0.155
0.167
0.155
0.156
0.164
0.160
0.162
0.155
0.151
0.148
0.153
0.161
0.114
0.158
0.156
0.158
0.161
0.156
0.162
0.157
0.147
0.152
0.183
0.160
0.159
0.156
0.160
0.157
0.162
0.157
0.157
0.125
0.157
0.158
0.153
0.155
0.160
0.154
0.158
0.158
0.163
0.161
0.122
0.149
0.150
0.155
0.162
0.159
0.118
0.155
0.155
0.156
0.169
0.146
0.153
0.147
0.156
0.163
0.162
0.168
0.150
0.164
0.114
0.159
0.160
0.147
0.149
0.168
0.157
0.159
0.163
0.164
0.160
0.156
0.160
0.162
0.125
0.163
0.150
0.163
0.156
0.166
0.161
0.157
0.162
0.159
0.159
0.162
0.158
0.149
0.157
0.156
0.157
0.163
0.164
0.156
0.157
0.155
0.157
0.125
0.161
0.164
0.159
0.160
0.162
0.158
0.161
0.162
0.159
0.160
0.118
0.154
0.169
0.164
0.161
0.155
0.158
0.156
0.167
0.161
0.163
0.159
0.153
0.150
0.167
0.156
0.156
0.159
0.159
0.158
0.159
0.160
0.156
0.149
0.147
0.156
0.165
0.161
0.158
0.162
0.124
0.164
0.159
0.160
0.122
0.148
0.164
0.161
0.164
0.160
0.159
0.157
0.157
0.158
0.161
0.146
0.150
0.150
0.162
0.160
0.161
0.157
0.153
0.162
0.159
0.156
0.168
0.151
0.150
0.154
0.157
0.156
0.167
0.158
0.163
0.159
0.156
0.156
0.127
0.151
0.165
0.156
0.173
0.163
0.163
0.162
0.153
0.153
0.162
0.119
0.152
0.150
0.154
0.164
0.157
0.160
0.161
0.158
0.164
0.160
0.155
0.149
0.174
0.158
0.150
0.158
0.160
0.155
0.172
0.155
0.159
0.162
0.148
0.154
0.161
0.154
0.156
0.160
0.157
0.155
0.158
0.157
0.158
0.133
0.159
0.147
0.161
0.158
0.158
0.156
0.160
0.158
0.158
0.155
0.160
0.153
0.153
0.112
0.162
0.155
0.157
0.161
0.149
0.164
0.163
0.193
0.154
0.152
0.158
0.157
0.160
0.161
0.115
0.163
0.155
0.161
0.163
0.123
0.155
0.159
0.156
0.164
0.169
0.157
0.165
0.159
0.158
0.156
0.148
0.147
0.152
0.156
0.162
0.157
0.166
0.161
0.160
0.157
0.162
0.159
0.154
0.150
0.156
0.157
0.158
0.155
0.162
0.160
0.157
0.158
0.151
0.124
0.173
0.157
0.163
0.157
0.163
0.159
0.162
0.158
0.178
0.155
0.117
0.151
0.154
0.161
0.160
0.156
0.162
0.154
0.159
0.157
0.153
0.162
0.151
0.149
0.162
0.158
0.166
0.155
0.155
0.158
0.162
0.157
0.159
0.121
0.152
0.168
0.167
0.158
0.162
0.146
0.166
0.162
0.160
0.161
0.141
0.157
0.152
0.156
0.158
0.162
0.163
0.159
0.149
0.156
0.161
0.163
0.150
0.147
0.157
0.196
0.150
0.158
0.167
0.157
0.158
0.163
0.162
0.151
0.155
0.160
0.192
0.158
0.161
0.160
0.165
0.147
0.158
0.156
0.119
0.149
0.181
0.162
0.158
0.158
0.161
0.147
0.160
0.159
0.148
0.157
0.118
0.157
0.158
0.158
0.161
0.160
0.162
0.155
0.159
0.162
0.158
0.159
0.155
0.161
0.156
0.113
0.162
0.158
0.163
0.163
0.155
0.163
0.124
0.147
0.164
0.201
0.165
0.163
0.155
0.164
0.165
0.158
0.159
0.134
0.154
0.152
0.162
0.160
0.164
0.156
0.156
0.165
0.166
0.166
0.163
0.147
0.163
0.159
0.162
0.111
0.168
0.158
0.145
0.179
0.163
0.185
0.158
0.177
0.185
0.187
0.200
0.192
0.161
0.156
0.158
0.155
0.168
0.127
0.152
0.152
0.154
0.163
0.164
0.161
0.157
0.159
0.163
0.157
0.166
0.149
0.146
0.156
0.162
0.163
0.163
0.155
0.162
0.157
0.154
0.162
0.124
0.155
0.158
0.163
0.164
0.181
0.163
0.156
0.157
0.148
0.154
0.125
0.154
0.148
0.161
0.160
0.157
0.152
0.163
0.163
0.147
0.154
0.155
0.148
0.153
0.155
0.163
0.156
0.155
0.161
0.170
0.163
0.149
0.159
0.155
0.148
0.168
0.195
0.179
0.127
0.165
0.163
0.160
0.163
0.160
0.123
0.151
0.151
0.172
0.157
0.154
0.158
0.161
0.154
0.166
0.156
0.135
0.148
0.158
0.164
0.209
0.116
0.157
0.157
0.164
0.157
0.165
0.162
0.148
0.152
0.154
0.160
0.160
0.159
0.164
0.162
0.164
0.155
0.166
0.123
0.154
0.162
0.156
0.154
0.161
0.156
0.163
0.161
0.157
0.165
0.121
0.154
0.152
0.164
0.150
0.177
0.167
0.158
0.162
0.163
0.152
0.163
0.152
0.155
0.183
0.181
0.158
0.153
0.175
0.160
0.157
0.162
0.115
0.120
0.154
0.155
0.158
0.166
0.161
0.158
0.159
0.157
0.157
0.161
0.121
0.165
0.158
0.159
0.155
0.160
0.150
0.158
0.156
0.152
0.159
0.155
0.151
0.151
0.158
0.156
0.148
0.164
0.159
0.156
0.162
0.158
0.152
0.149
0.110
0.162
0.172
0.167
0.158
0.155
0.163
0.162
0.167
0.159
0.130
0.149
0.151
0.162
0.169
0.159
0.160
0.164
0.157
0.159
0.160
0.163
0.113
0.154
0.162
0.160
0.165
0.156
0.159
0.168
0.163
0.161
0.160
0.154
0.161
0.155
0.119
0.187
0.162
0.154
0.156
0.159
0.155
0.160
0.160
0.147
0.158
0.155
0.158
0.155
0.159
0.159
0.160
0.158
0.155
0.149
0.157
0.161
0.117
0.164
0.160
0.152
0.166
0.163
0.161
0.157
0.147
0.150
0.160
0.153
0.156
0.156
0.163
0.158
0.159
0.157
0.156
0.158
0.154
0.149
0.182
0.151
0.171
0.160
0.165
0.150
0.162
0.164
0.163
0.125
0.148
0.150
0.164
0.162
0.163
0.158
0.148
0.151
0.163
0.162
0.111
0.158
0.156
0.163
0.162
0.163
0.167
0.163
0.158
0.161
0.159
0.162
0.181
0.151
0.157
0.162
0.166
0.162
0.162
0.160
0.160
0.156
0.182
0.149
0.118
0.146
0.159
0.191
0.164
0.177
0.188
0.147
0.190
0.159
0.161
0.151
0.146
0.173
0.158
0.155
0.158
0.146
0.179
0.160
0.158
0.159
0.158
0.148
0.162
0.161
0.155
0.157
0.157
0.164
0.162
0.154
0.156
0.123
0.162
0.164
0.162
0.157
0.167
0.162
0.163
0.154
0.160
0.162
0.142
0.147
0.153
0.163
0.162
0.167
0.158
0.113
0.177
0.193
0.158
0.156
0.152
0.150
0.180
0.158
0.157
0.161
0.158
0.155
0.161
0.155
0.146
0.125
0.148
0.157
0.165
0.156
0.156
0.161
0.163
0.155
0.159
0.160
0.133
0.158
0.153
0.156
0.164
0.156
0.154
0.152
0.155
0.161
0.166
0.152
0.152
0.146
0.158
0.156
0.166
0.159
0.147
0.167
0.154
0.163
0.167
0.119
0.149
0.154
0.164
0.161
0.163
0.158
0.159
0.160
0.164
0.154
0.156
0.150
0.152
0.160
0.164
0.157
0.159
0.149
0.160
0.159
0.162
0.157
0.150
0.154
0.159
0.156
0.176
0.164
0.165
0.114
0.162
0.165
0.158
0.151
0.165
0.163
0.180
0.158
0.160
0.158
0.168
0.154
0.158
0.157
0.124
0.156
0.157
0.158
0.156
0.158
0.163
0.161
0.161
0.153
0.159
0.154
0.184
0.154
0.160
0.159
0.162
0.162
0.158
0.159
0.154
0.157
0.161
0.153
0.148
0.163
0.187
0.168
0.158
0.159
0.146
0.162
0.178
0.159
0.134
0.151
0.156
0.159
0.153
0.157
0.157
0.151
0.161
0.158
0.159
0.153
0.152
0.151
0.161
0.155
0.154
0.190
0.178
0.157
0.165
0.154
0.161
0.151
0.151
0.163
0.160
0.159
0.163
0.158
0.158
0.154
0.159
0.157
0.125
0.151
0.163
0.172
0.114
0.157
0.163
0.166
0.157
0.155
0.117
0.121
0.149
0.154
0.171
0.158
0.161
0.156
0.159
0.159
0.158
0.162
0.162
0.148
0.159
0.156
0.159
0.157
0.161
0.152
0.154
0.155
0.156
0.160
0.151
0.151
0.158
0.164
0.161
0.154
0.159
0.162
0.157
0.158
0.160
0.122
0.155
0.154
0.164
0.156
0.163
0.156
0.157
0.159
0.115
0.151
0.157
0.148
0.150
0.178
0.164
0.169
0.154
0.159
0.154
0.168
0.160
0.155
0.157
0.152
0.163
0.166
0.156
0.157
0.114
0.162
0.161
0.189
0.194
0.180
0.151
0.156
0.156
0.153
0.175
0.157
0.158
0.156
0.157
0.157
0.160
0.154
0.147
0.159
0.148
0.157
0.160
0.156
0.160
0.157
0.159
0.156
0.158
0.148
0.170
0.163
0.167
0.165
0.170
0.155
0.117
0.190
0.162
0.157
0.150
0.159
0.161
0.154
0.160
0.156
0.164
0.161
0.155
0.171
0.129
0.152
0.150
0.159
0.162
0.160
0.159
0.162
0.155
0.157
0.164
0.163
0.154
0.161
0.167
0.159
0.158
0.148
0.154
0.160
0.157
0.163
0.158
0.149
0.119
0.162
0.161
0.161
0.163
0.166
0.156
0.159
0.162
0.156
0.125
0.151
0.150
0.166
0.161
0.159
0.186
0.162
0.159
0.157
0.158
0.157
0.150
0.150
0.159
0.168
0.164
0.158
0.158
0.159
0.155
0.165
0.164
0.123
0.155
0.171
0.163
0.171
0.157
0.169
0.158
0.155
0.163
0.163
0.123
0.152
0.184
0.159
0.186
0.196
0.185
0.190
0.162
0.164
0.187
0.164
0.182
0.150
0.161
0.159
0.159
0.154
0.167
0.157
0.176
0.156
0.154
0.152
0.150
0.164
0.160
0.177
0.164
0.165
0.166
0.157
0.110
0.160
0.122
0.151
0.162
0.157
0.162
0.155
0.155
0.166
0.155
0.150
0.154
0.129
0.155
0.153
0.167
0.163
0.112
0.157
0.155
0.165
0.158
0.156
0.156
0.146
0.159
0.159
0.163
0.165
0.160
0.158
0.155
0.167
0.153
0.155
0.150
0.147
0.161
0.171
0.165
0.145
0.164
0.155
0.158
0.167
0.164
0.130
0.149
0.150
0.172
0.163
0.162
0.162
0.129
0.154
0.158
0.156
0.151
0.152
0.151
0.159
0.159
0.157
0.162
0.159
0.157
0.156
0.155
0.119
0.148
0.153
0.161
0.160
0.160
0.157
0.159
0.158
0.160
0.156
0.155
0.151
0.152
0.151
0.166
0.154
0.159
0.153
0.147
0.160
0.160
0.158
0.162
0.154
0.162
0.187
0.163
0.164
0.158
0.161
0.161
0.163
0.158
0.153
0.156
0.152
0.161
0.160
0.163
0.158
0.159
0.161
0.160
0.159
0.149
0.121
0.154
0.159
0.157
0.159
0.156
0.157
0.162
0.189
0.159
0.158
0.180
0.150
0.149
0.161
0.188
0.169
0.191
0.195
0.197
0.186
0.172
0.160
0.147
0.157
0.160
0.161
0.159
0.160
0.157
0.155
0.160
0.156
0.157
0.128
0.149
0.159
0.160
0.158
0.163
0.164
0.158
0.158
0.162
0.161
0.132
0.150
0.163
0.162
0.162
0.166
0.161
0.156
0.161
0.155
0.162
0.159
0.154
0.148
0.161
0.155
0.132
0.157
0.160
0.156
0.160
0.158
0.157
0.150
0.166
0.166
0.160
0.158
0.157
0.159
0.157
0.157
0.161
0.156
0.126
0.147
0.156
0.159
0.154
0.162
0.157
0.158
0.163
0.172
0.163
0.160
0.153
0.146
0.165
0.182
0.166
0.161
0.165
0.174
0.164
0.163
0.162
0.158
0.156
0.157
0.157
0.158
0.161
0.159
0.157
0.165
0.168
0.157
0.125
0.150
0.159
0.162
0.163
0.155
