0.223
0.191
0.190
0.167
0.162
0.163
0.169
0.183
0.155
0.157
0.161
0.157
0.164
0.160
0.159
0.158
0.157
0.162
0.164
0.154
0.163
0.158
0.166
0.164
0.168
0.158
0.148
0.176
0.152
0.159
0.158
0.147
0.158
0.160
0.167
0.157
0.161
0.177
0.162
0.164
0.150
0.131
0.153
0.146
0.161
0.156
0.158
0.181
0.164
0.158
0.159
0.161
0.126
0.151
0.155
0.157
0.162
0.161
0.159
0.153
0.182
0.156
0.162
0.159
0.150
0.159
0.159
0.156
0.158
0.161
0.158
0.159
0.160
0.159
0.160
0.121
0.147
0.161
0.155
0.154
0.165
0.170
0.169
0.157
0.163
0.186
0.179
0.185
0.151
0.155
0.157
0.158
0.148
0.166
0.169
0.158
0.154
0.155
0.158
0.153
0.158
0.158
0.179
0.161
0.160
0.165
0.168
0.159
0.168
0.164
0.156
0.165
0.150
0.155
0.169
0.150
0.160
0.167
0.159
0.159
0.152
0.149
0.163
0.164
0.166
0.158
0.178
0.160
0.158
0.157
0.157
0.157
0.151
0.156
0.157
0.162
0.160
0.155
0.166
0.162
0.156
0.157
0.164
0.116
0.154
0.160
0.162
0.164
0.159
0.165
0.165
0.165
0.160
0.160
0.126
0.153
0.177
0.157
0.158
0.159
0.164
0.156
0.163
0.164
0.159
0.157
0.150
0.148
0.181
0.157
0.171
0.154
0.159
0.153
0.174
0.160
0.156
0.148
0.152
0.169
0.161
0.165
0.173
0.163
0.172
0.170
0.159
0.159
0.129
0.161
0.157
0.158
0.161
0.171
0.157
0.157
0.157
0.159
0.161
0.143
0.154
0.154
0.161
0.161
0.161
0.164
0.156
0.115
0.163
0.162
0.163
0.156
0.155
0.162
0.158
0.168
0.162
0.177
0.161
0.160
0.083
0.165
0.149
0.157
0.161
0.158
0.160
0.158
0.160
0.158
0.157
0.161
0.164
0.154
0.151
0.156
0.157
0.157
0.163
0.164
0.166
0.161
0.156
0.159
0.160
0.155
0.154
0.165
0.160
0.160
0.165
0.164
0.171
0.163
0.158
0.157
0.161
0.151
0.166
0.158
0.158
0.159
0.156
0.154
0.160
0.163
0.161
0.141
0.150
0.155
0.161
0.156
0.155
0.159
0.163
0.168
0.164
0.162
0.158
0.152
0.150
0.161
0.166
0.165
0.162
0.162
0.158
0.150
0.161
0.163
0.156
0.154
0.171
0.138
0.165
0.158
0.160
0.166
0.164
0.168
0.162
0.146
0.153
0.153
0.156
0.169
0.160
0.156
0.164
0.158
0.158
0.163
0.161
0.153
0.148
0.115
0.161
0.166
0.163
0.164
0.173
0.166
0.160
0.161
0.158
0.151
0.173
0.162
0.166
0.160
0.161
0.183
0.178
0.160
0.159
0.160
0.152
0.166
0.160
0.160
0.163
0.160
0.151
0.164
0.163
0.159
0.132
0.155
0.157
0.158
0.161
0.160
0.157
0.120
0.160
0.157
0.159
0.156
0.150
0.153
0.166
0.156
0.165
0.160
0.181
0.163
0.166
0.162
0.168
0.151
0.153
0.161
0.157
0.160
0.163
0.160
0.158
0.164
0.166
0.158
0.149
0.160
0.149
0.162
0.150
0.161
0.164
0.157
0.165
0.161
0.170
0.168
0.155
0.151
0.158
0.163
0.168
0.163
0.160
0.159
0.162
0.159
0.157
0.133
0.156
0.159
0.151
0.157
0.161
0.154
0.180
0.165
0.161
0.167
0.123
0.157
0.166
0.165
0.151
0.159
0.160
0.160
0.155
0.164
0.164
0.163
0.183
0.154
0.159
0.162
0.166
0.162
0.113
0.159
0.157
0.157
0.159
0.148
0.158
0.161
0.157
0.170
0.151
0.160
0.158
0.158
0.142
0.161
0.118
0.155
0.161
0.158
0.157
0.162
0.158
0.174
0.158
0.160
0.158
0.134
0.157
0.163
0.159
0.162
0.170
0.163
0.167
0.190
0.117
0.156
0.159
0.151
0.149
0.166
0.163
0.157
0.159
0.172
0.155
0.158
0.175
0.161
0.149
0.154
0.159
0.157
0.162
0.157
0.160
0.156
0.175
0.159
0.195
0.141
0.149
0.148
0.162
0.173
0.119
0.163
0.175
0.158
0.172
0.161
0.178
0.155
0.153
0.157
0.164
0.165
0.175
0.166
0.165
0.158
0.155
0.165
0.138
0.149
0.160
0.160
0.160
0.164
0.165
0.159
0.195
0.185
0.176
0.182
0.155
0.162
0.165
0.166
0.159
0.168
0.160
0.160
0.163
0.163
0.158
0.158
0.160
0.157
0.146
0.159
0.157
0.162
0.161
0.167
0.160
0.161
0.148
0.158
0.158
0.164
0.160
0.156
0.157
0.159
0.152
0.159
0.161
0.150
0.149
0.159
0.160
0.157
0.156
0.164
0.158
0.151
0.159
0.117
0.156
0.152
0.156
0.162
0.151
0.163
0.163
0.159
0.158
0.167
0.159
0.150
0.152
0.115
0.160
0.156
0.156
0.145
0.145
0.152
0.169
0.145
0.158
0.157
0.151
0.151
0.163
0.154
0.161
0.147
0.170
0.157
0.151
0.157
0.151
0.152
0.152
0.150
0.152
0.130
0.151
0.146
0.151
0.155
0.154
0.157
0.156
0.159
0.152
0.157
0.151
0.149
0.148
0.153
0.152
0.169
0.114
0.156
0.153
0.153
0.157
0.151
0.114
0.156
0.158
0.153
0.146
0.149
0.151
0.158
0.152
0.111
0.158
0.122
0.146
0.154
0.159
0.151
0.156
0.089
0.178
0.157
0.152
0.156
0.151
0.149
0.150
0.154
0.159
0.153
0.157
0.158
0.154
0.156
0.160
0.155
0.146
0.161
0.158
0.155
0.166
0.158
0.145
0.157
0.158
0.180
0.155
0.111
0.145
0.152
0.168
0.159
0.155
0.160
0.156
0.182
0.156
0.159
0.147
0.144
0.144
0.160
0.152
0.155
0.160
0.157
0.153
0.154
0.157
0.157
0.147
0.151
0.150
0.160
0.152
0.159
0.153
0.152
0.156
0.154
0.153
0.124
0.150
0.158
0.151
0.162
0.157
0.159
0.153
0.155
0.151
0.159
0.142
0.159
0.159
0.190
0.155
0.148
0.162
0.157
0.157
0.158
0.142
0.152
0.146
0.142
0.155
0.152
0.157
0.166
0.186
0.157
0.164
0.152
0.160
0.143
0.149
0.161
0.145
0.148
0.112
0.151
0.158
0.159
0.154
0.161
0.123
0.144
0.153
0.154
0.153
0.159
0.158
0.153
0.153
0.154
0.161
0.153
0.147
0.145
0.162
0.155
0.153
0.143
0.148
0.151
0.153
0.157
0.153
0.151
0.075
0.162
0.155
0.159
0.154
0.154
0.155
0.157
0.159
0.161
0.121
0.147
0.148
0.151
0.157
0.156
0.158
0.155
0.151
0.156
0.152
0.165
0.148
0.149
0.153
0.154
0.155
0.112
0.153
0.166
0.159
0.157
0.159
0.148
0.147
0.150
0.154
0.153
0.155
0.154
0.158
0.154
0.154
0.150
0.118
0.149
0.149
0.153
0.158
0.151
0.150
0.159
0.155
0.151
0.152
0.153
0.146
0.151
0.177
0.152
0.160
0.156
0.157
0.158
0.157
0.152
0.163
0.151
0.113
0.159
0.155
0.156
0.154
0.153
0.154
0.154
0.158
0.154
0.119
0.148
0.155
0.163
0.156
0.154
0.154
0.151
0.155
0.155
0.155
0.136
0.145
0.172
0.186
0.157
0.183
0.178
0.157
0.151
0.110
0.160
0.154
0.150
0.144
0.156
0.145
0.153
0.156
0.157
0.153
0.158
0.152
0.157
0.148
0.145
0.154
0.154
0.154
0.157
0.152
0.152
0.156
0.154
0.151
0.119
0.147
0.147
0.154
0.151
0.152
0.155
0.154
0.158
0.153
0.154
0.151
0.146
0.152
0.157
0.171
0.153
0.156
0.157
0.153
0.151
0.150
0.150
0.147
0.149
0.154
0.152
0.152
0.155
0.153
0.154
0.157
0.152
0.155
0.137
0.152
0.150
0.152
0.154
0.158
0.154
0.154
0.107
0.160
0.156
0.154
0.145
0.143
0.156
0.162
0.156
0.152
0.154
0.155
0.154
0.154
0.152
0.144
0.152
0.156
0.158
0.154
0.152
0.153
0.151
0.152
0.147
0.158
0.119
0.145
0.169
0.157
0.155
0.156
0.160
0.153
0.151
0.151
0.153
0.148
0.180
0.184
0.154
0.161
0.160
0.163
0.156
0.151
0.145
0.156
0.152
0.153
0.147
0.154
0.151
0.156
0.151
0.153
0.159
0.111
0.153
0.158
0.132
0.167
0.186
0.190
0.183
0.190
0.155
0.156
0.150
0.152
0.152
0.122
0.151
0.186
0.182
0.186
0.152
0.158
0.152
0.161
0.150
0.153
0.155
0.153
0.145
0.159
0.154
0.152
0.152
0.154
0.151
0.161
0.146
0.154
0.121
0.146
0.162
0.155
0.164
0.154
0.109
0.156
0.149
0.154
0.152
0.147
0.146
0.157
0.155
0.154
0.144
0.155
0.159
0.161
0.154
0.154
0.159
0.144
0.148
0.159
0.176
0.159
0.154
0.153
0.152
0.158
0.158
0.128
0.155
0.148
0.153
0.149
0.155
0.154
0.157
0.159
0.154
0.158
0.153
0.154
0.144
0.161
0.159
0.155
0.152
0.177
0.153
0.140
0.150
0.155
0.148
0.146
0.152
0.158
0.152
0.173
0.155
0.154
0.155
0.151
0.156
0.154
0.145
0.146
0.152
0.166
0.158
0.164
0.157
0.153
0.151
0.154
0.152
0.123
0.179
0.175
0.154
0.154
0.151
0.154
0.158
0.162
0.150
0.151
0.137
0.147
0.152
0.162
0.171
0.152
0.161
0.161
0.154
0.154
0.162
0.150
0.147
0.146
0.151
0.162
0.160
0.158
0.150
0.157
0.151
0.152
0.154
0.122
0.141
0.153
0.150
0.155
0.157
0.159
0.155
0.158
0.112
0.161
0.120
0.150
0.144
0.156
0.153
0.154
0.151
0.156
0.154
0.154
0.160
0.160
0.151
0.147
0.159
0.155
0.157
0.152
0.160
0.152
0.156
0.157
0.155
0.146
0.149
0.174
0.152
0.171
0.157
0.155
0.157
0.145
0.156
0.149
0.156
0.153
0.151
0.156
0.153
0.157
0.152
0.156
0.151
0.158
0.150
0.153
0.146
0.145
0.153
0.153
0.154
0.153
0.155
0.159
0.156
0.150
0.156
0.152
0.154
0.153
0.156
0.148
0.154
0.152
0.156
0.158
0.156
0.151
0.119
0.153
0.157
0.154
0.150
0.153
0.155
0.159
0.155
0.154
0.156
0.155
0.152
0.153
0.155
0.155
0.155
0.159
0.156
0.146
0.154
0.153
0.155
0.149
0.108
0.160
0.151
0.152
0.156
0.159
0.160
0.154
0.153
0.152
0.117
0.145
0.157
0.156
0.152
0.156
0.155
0.158
0.156
0.157
0.157
0.113
0.152
0.145
0.153
0.158
0.154
0.148
0.154
0.160
0.154
0.157
0.172
0.183
0.174
0.188
0.142
0.152
0.160
0.149
0.150
0.144
0.156
0.155
0.149
0.146
0.143
0.151
0.152
0.159
0.154
0.142
0.158
0.148
0.146
0.120
0.152
0.147
0.159
0.160
0.156
0.149
0.155
0.162
0.154
0.151
0.140
0.152
0.157
0.155
0.156
0.155
0.151
0.160
0.152
0.156
0.143
0.151
0.150
0.140
0.157
0.153
0.155
0.156
0.143
0.154
0.155
0.141
0.152
0.152
0.143
0.155
0.151
0.172
0.173
0.167
0.154
0.159
0.156
0.153
0.152
0.150
0.153
0.165
0.158
0.167
0.154
0.155
0.156
0.161
0.155
0.161
0.148
0.149
0.161
0.154
0.159
0.155
0.151
0.156
0.148
0.159
0.155
0.122
0.151
0.166
0.160
0.156
0.156
0.155
0.150
0.158
0.154
0.159
0.152
0.152
0.115
0.150
0.162
0.160
0.172
0.156
0.154
0.157
0.155
0.154
0.146
0.148
0.152
0.150
0.151
0.156
0.152
0.151
0.147
0.163
0.154
0.118
0.153
0.151
0.152
0.148
0.163
0.165
0.150
0.156
0.157
0.159
0.146
0.147
0.152
0.158
0.153
0.152
0.157
0.179
0.155
0.160
0.153
0.151
0.143
0.148
0.142
0.162
0.161
0.162
0.159
0.156
0.154
0.166
0.156
0.120
0.145
0.154
0.151
0.152
0.154
0.151
0.148
0.159
0.152
0.159
0.136
0.152
0.154
0.153
0.154
0.156
0.152
0.110
0.152
0.157
0.157
0.154
0.146
0.147
0.156
0.114
0.157
0.154
0.152
0.153
0.155
0.146
0.148
0.124
0.152
0.154
0.156
0.157
0.150
0.155
0.155
0.152
0.151
0.158
0.121
0.149
0.144
0.153
0.156
0.161
0.153
0.159
0.158
0.151
0.159
0.154
0.147
0.148
0.152
0.156
0.155
0.159
0.152
0.152
0.155
0.151
0.152
0.151
0.144
0.161
0.157
0.152
0.152
0.161
0.154
0.158
0.153
0.151
0.118
0.148
0.161
0.148
0.153
0.155
0.078
0.147
0.144
0.162
0.155
0.153
0.144
0.153
0.154
0.157
0.159
0.154
0.152
0.155
0.154
0.156
0.158
0.145
0.152
0.154
0.155
0.160
0.153
0.152
0.155
0.155
0.152
0.158
0.118
0.145
0.155
0.153
0.147
0.156
0.150
0.112
0.154
0.156
0.157
0.116
0.150
0.146
0.163
0.159
0.169
0.159
0.154
0.152
0.155
0.153
0.159
0.147
0.151
0.157
0.161
0.157
0.161
0.112
0.154
0.154
0.160
0.156
0.145
0.148
0.151
0.152
0.153
0.153
0.157
0.154
0.159
0.160
0.152
0.117
0.148
0.151
0.151
0.158
0.153
0.154
0.159
0.161
0.156
0.154
0.160
0.112
0.152
0.156
0.153
0.151
0.164
0.161
0.157
0.153
0.152
0.155
0.145
0.151
0.153
0.160
0.155
0.153
0.151
0.159
0.152
0.155
0.154
0.116
0.147
0.177
0.156
0.153
0.144
0.146
0.143
0.156
0.156
0.154
0.150
0.143
0.146
0.153
0.173
0.158
0.154
0.162
0.159
0.153
0.154
0.159
0.148
0.148
0.160
0.154
0.185
0.157
0.157
0.153
0.152
0.157
0.158
0.122
0.145
0.151
0.109
0.157
0.155
0.152
0.153
0.152
0.156
0.155
0.124
0.150
0.143
0.156
0.154
0.155
0.152
0.176
0.154
0.155
0.156
0.159
0.146
0.158
0.182
0.184
0.182
0.187
0.156
0.153
0.161
0.160
0.167
0.152
0.147
0.153
0.152
0.152
0.155
0.156
0.155
0.147
0.149
0.158
0.115
0.147
0.144
0.157
0.159
0.158
0.157
0.159
0.160
0.167
0.151
0.156
0.149
0.147
0.164
0.156
0.152
0.153
0.156
0.167
0.152
0.161
0.155
0.144
0.149
0.159
0.160
0.164
0.151
0.155
0.155
0.156
0.158
0.153
0.119
0.147
0.163
0.158
0.156
0.153
0.151
0.152
0.159
0.153
0.158
0.158
0.144
0.144
0.152
0.155
0.159
0.155
0.153
0.151
0.155
0.160
0.160
0.128
0.152
0.112
0.152
0.174
0.151
0.162
0.154
0.151
0.165
0.155
0.148
0.147
0.152
0.155
0.152
0.153
0.158
0.158
0.161
0.153
0.150
0.160
0.150
0.146
0.152
0.154
0.153
0.162
0.156
0.148
0.153
0.153
0.158
0.147
0.145
0.162
0.161
0.153
0.157
0.152
0.153
0.158
0.153
0.153
0.121
0.146
0.159
0.158
0.157
0.149
0.155
0.163
0.155
0.159
0.153
0.118
0.150
0.148
0.153
0.154
0.158
0.154
0.154
0.154
0.153
0.153
0.145
0.146
0.159
0.179
0.160
0.156
0.155
0.157
0.155
0.351
0.172
0.160
0.145
0.160
0.425
0.156
0.162
0.158
0.156
0.152
0.154
0.157
0.149
0.120
0.150
0.146
0.160
0.146
0.150
0.153
0.159
0.144
0.162
0.154
0.156
0.153
0.149
0.154
0.151
0.156
0.157
0.158
0.153
0.157
0.153
0.144
0.135
0.148
0.182
0.428
0.154
0.158
0.153
0.153
0.152
0.142
0.157
0.130
0.132
0.160
0.147
0.153
0.094
0.151
0.157
0.161
0.147
0.145
0.157
0.146
0.133
0.157
0.172
0.151
0.152
0.156
0.155
0.159
0.151
0.153
0.151
0.147
0.139
0.153
0.150
0.159
0.155
0.164
0.141
0.431
0.144
0.118
0.143
0.142
0.408
0.135
0.154
0.151
0.159
0.400
0.152
0.152
0.131
0.151
0.403
0.166
0.155
0.156
0.112
0.337
0.115
0.159
0.156
0.152
0.377
0.152
0.155
0.160
0.144
0.339
0.156
0.155
0.154
0.161
0.340
0.123
0.151
0.157
0.160
0.278
0.162
0.156
0.153
0.154
0.291
0.157
0.117
0.145
0.144
0.260
0.146
0.153
0.155
0.158
0.242
0.160
0.150
0.155
0.144
0.170
0.156
0.151
0.155
0.158
0.156
0.154
0.152
