0.234
0.183
0.188
0.195
0.186
0.191
0.168
0.163
0.156
0.164
0.170
0.165
0.156
0.163
0.164
0.169
0.168
0.155
0.169
0.165
0.152
0.161
0.164
0.166
0.126
0.163
0.160
0.171
0.153
0.163
0.157
0.157
0.161
0.167
0.165
0.162
0.160
0.160
0.164
0.158
0.165
0.160
0.161
0.165
0.170
0.166
0.164
0.170
0.134
0.190
0.166
0.168
0.161
0.153
0.172
0.161
0.168
0.131
0.170
0.163
0.164
0.165
0.157
0.166
0.167
0.156
0.139
0.168
0.165
0.177
0.161
0.165
0.171
0.179
0.164
0.155
0.160
0.160
0.174
0.161
0.166
0.166
0.135
0.162
0.125
0.199
0.120
0.165
0.165
0.159
0.165
0.158
0.159
0.123
0.171
0.154
0.179
0.161
0.157
0.171
0.157
0.165
0.173
0.154
0.168
0.169
0.172
0.152
0.158
0.182
0.160
0.160
0.160
0.167
0.168
0.166
0.152
0.165
0.164
0.163
0.166
0.157
0.164
0.185
0.162
0.156
0.170
0.164
0.163
0.172
0.167
0.152
0.166
0.169
0.156
0.167
0.165
0.168
0.160
0.163
0.155
0.168
0.163
0.126
0.175
0.199
0.164
0.156
0.119
0.162
0.164
0.160
0.129
0.167
0.161
0.161
0.175
0.162
0.169
0.165
0.164
0.127
0.171
0.168
0.160
0.167
0.155
0.166
0.173
0.159
0.136
0.163
0.152
0.191
0.170
0.152
0.166
0.165
0.163
0.153
0.168
0.162
0.173
0.168
0.161
0.162
0.168
0.169
0.163
0.171
0.167
0.168
0.170
0.158
0.164
0.164
0.152
0.161
0.159
0.161
0.168
0.167
0.156
0.159
0.166
0.196
0.132
0.169
0.164
0.163
0.122
0.154
0.160
0.170
0.168
0.160
0.165
0.165
0.164
0.168
0.166
0.163
0.167
0.163
0.164
0.158
0.163
0.186
0.167
0.156
0.166
0.169
0.164
0.160
0.159
0.175
0.158
0.118
0.155
0.118
0.169
0.163
0.163
0.155
0.137
0.160
0.167
0.155
0.169
0.171
0.164
0.163
0.164
0.159
0.163
0.168
0.130
0.165
0.166
0.160
0.160
0.156
0.162
0.164
0.167
0.184
0.169
0.167
0.155
0.161
0.165
0.160
0.118
0.126
0.138
0.162
0.158
0.170
0.164
0.160
0.166
0.168
0.167
0.139
0.119
0.163
0.164
0.171
0.160
0.160
0.160
0.165
0.163
0.167
0.169
0.195
0.169
0.164
0.168
0.172
0.167
0.155
0.169
0.167
0.164
0.171
0.159
0.168
0.165
0.169
0.130
0.188
0.169
0.168
0.170
0.160
0.165
0.164
0.171
0.160
0.173
0.173
0.164
0.167
0.160
0.166
0.169
0.168
0.170
0.155
0.165
0.157
0.154
0.160
0.120
0.162
0.166
0.169
0.162
0.169
0.119
0.164
0.162
0.123
0.170
0.168
0.163
0.158
0.165
0.160
0.164
0.157
0.164
0.164
0.165
0.160
0.163
0.169
0.169
0.163
0.132
0.160
0.169
0.121
0.121
0.156
0.171
0.173
0.170
0.138
0.164
0.185
0.160
0.178
0.163
0.154
0.164
0.163
0.132
0.169
0.167
0.164
0.164
0.155
0.166
0.162
0.169
0.157
0.165
0.167
0.170
0.166
0.163
0.162
0.169
0.167
0.123
0.166
0.166
0.188
0.163
0.153
0.167
0.160
0.156
0.167
0.164
0.168
0.170
0.159
0.154
0.168
0.154
0.176
0.167
0.166
0.166
0.139
0.163
0.158
0.155
0.165
0.177
0.164
0.125
0.165
0.167
0.121
0.155
0.169
0.162
0.165
0.166
0.152
0.164
0.167
0.151
0.157
0.170
0.194
0.167
0.188
0.155
0.165
0.119
0.163
0.164
0.162
0.163
0.162
0.169
0.160
0.159
0.181
0.164
0.157
0.169
0.159
0.122
0.171
0.165
0.165
0.169
0.161
0.131
0.168
0.165
0.155
0.163
0.156
0.167
0.167
0.165
0.123
0.171
0.166
0.156
0.164
0.162
0.164
0.166
0.162
0.129
0.166
0.153
0.125
0.167
0.155
0.164
0.167
0.161
0.140
0.167
0.122
0.166
0.164
0.161
0.162
0.170
0.165
0.161
0.163
0.173
0.174
0.167
0.188
0.173
0.162
0.152
0.164
0.167
0.163
0.166
0.159
0.156
0.168
0.119
0.171
0.169
0.157
0.120
0.165
0.167
0.159
0.121
0.166
0.163
0.169
0.161
0.167
0.165
0.162
0.155
0.183
0.172
0.182
0.171
0.156
0.166
0.167
0.165
0.156
0.166
0.120
0.166
0.174
0.160
0.197
0.169
0.169
0.128
0.167
0.167
0.163
0.166
0.162
0.152
0.153
0.167
0.160
0.171
0.172
0.168
0.167
0.183
0.195
0.169
0.157
0.143
0.184
0.164
0.160
0.090
0.158
0.165
0.169
0.167
0.140
0.165
0.162
0.158
0.160
0.120
0.160
0.173
0.162
0.151
0.166
0.162
0.186
0.163
0.163
0.167
0.167
0.177
0.130
0.134
0.167
0.164
0.162
0.160
0.163
0.160
0.176
0.163
0.161
0.170
0.182
0.166
0.153
0.160
0.166
0.169
0.164
0.169
0.162
0.165
0.165
0.162
0.166
0.163
0.181
0.164
0.158
0.169
0.185
0.166
0.155
0.162
0.157
0.163
0.163
0.161
0.166
0.168
0.164
0.155
0.164
0.171
0.165
0.164
0.156
0.170
0.185
0.123
0.160
0.165
0.157
0.170
0.168
0.166
0.159
0.158
0.182
0.162
0.159
0.170
0.162
0.156
0.158
0.159
0.153
0.166
0.154
0.170
0.165
0.165
0.165
0.160
0.162
0.166
0.163
0.138
0.162
0.181
0.167
0.153
0.155
0.174
0.164
0.174
0.139
0.169
0.168
0.154
0.193
0.160
0.177
0.152
0.168
0.127
0.163
0.173
0.195
0.169
0.161
0.167
0.168
0.173
0.194
0.163
0.166
0.164
0.160
0.163
0.161
0.118
0.171
0.168
0.166
0.174
0.163
0.165
0.160
0.163
0.161
0.164
0.169
0.163
0.170
0.164
0.160
0.160
0.167
0.154
0.166
0.166
0.162
0.174
0.168
0.161
0.155
0.154
0.163
0.174
0.168
0.121
0.163
0.168
0.161
0.157
0.165
0.169
0.190
0.143
0.153
0.168
0.163
0.155
0.132
0.167
0.160
0.164
0.162
0.161
0.166
0.161
0.163
0.158
0.165
0.168
0.163
0.167
0.157
0.127
0.190
0.165
0.163
0.120
0.166
0.170
0.158
0.156
0.170
0.163
0.156
0.136
0.161
0.165
0.171
0.118
0.155
0.169
0.160
0.166
0.134
0.169
0.168
0.171
0.163
0.161
0.168
0.168
0.164
0.145
0.160
0.161
0.172
0.164
0.152
0.173
0.169
0.172
0.131
0.164
0.194
0.125
0.166
0.160
0.171
0.159
0.157
0.157
0.163
0.141
0.201
0.170
0.161
0.169
0.164
0.158
0.172
0.163
0.162
0.175
0.160
0.160
0.169
0.160
0.167
0.120
0.157
0.168
0.177
0.169
0.159
0.160
0.170
0.168
0.164
0.160
0.164
0.159
0.153
0.149
0.173
0.161
0.175
0.168
0.158
0.168
0.168
0.164
0.153
0.169
0.167
0.163
0.158
0.155
0.163
0.165
0.162
0.161
0.167
0.164
0.161
0.172
0.155
0.157
0.167
0.161
0.160
0.168
0.159
0.165
0.167
0.162
0.162
0.167
0.162
0.128
0.166
0.156
0.162
0.158
0.159
0.163
0.164
0.170
0.155
0.169
0.158
0.115
0.156
0.157
0.168
0.167
0.163
0.147
0.172
0.154
0.161
0.167
0.155
0.168
0.172
0.196
0.116
0.174
0.159
0.161
0.166
0.164
0.174
0.168
0.160
0.145
0.156
0.164
0.160
0.175
0.152
0.169
0.166
0.156
0.168
0.166
0.159
0.163
0.172
0.158
0.158
0.168
0.160
0.164
0.164
0.155
0.159
0.175
0.156
0.163
0.167
0.164
0.157
0.162
0.163
0.157
0.168
0.165
0.163
0.165
0.162
0.169
0.157
0.119
0.166
0.165
0.155
0.166
0.169
0.163
0.162
0.161
0.159
0.152
0.163
0.155
0.129
0.125
0.208
0.162
0.169
0.160
0.166
0.171
0.153
0.164
0.166
0.168
0.163
0.162
0.164
0.165
0.166
0.160
0.160
0.167
0.160
0.163
0.156
0.167
0.157
0.164
0.128
0.163
0.157
0.152
0.167
0.166
0.159
0.168
0.171
0.141
0.159
0.125
0.159
0.166
0.169
0.164
0.162
0.170
0.143
0.164
0.165
0.169
0.161
0.124
0.160
0.156
0.165
0.152
0.158
0.173
0.158
0.166
0.158
0.164
0.162
0.163
0.163
0.162
0.163
0.171
0.162
0.159
0.163
0.162
0.171
0.156
0.167
0.171
0.121
0.176
0.166
0.158
0.198
0.168
0.168
0.163
0.180
0.161
0.159
0.157
0.164
0.163
0.180
0.164
0.157
0.161
0.121
0.154
0.165
0.164
0.162
0.168
0.162
0.156
0.166
0.153
0.161
0.165
0.157
0.165
0.196
0.160
0.195
0.154
0.154
0.120
0.140
0.164
0.161
0.165
0.169
0.122
0.164
0.169
0.175
0.132
0.171
0.163
0.166
0.166
0.152
0.164
0.161
0.165
0.127
0.175
0.163
0.162
0.162
0.158
0.175
0.173
0.162
0.159
0.163
0.171
0.170
0.165
0.162
0.166
0.163
0.166
0.130
0.162
0.169
0.167
0.178
0.454
0.164
0.159
0.165
0.156
0.166
0.167
0.164
0.166
0.154
0.166
0.160
0.159
0.170
0.163
0.163
0.165
0.159
0.164
0.162
0.121
0.172
0.166
0.163
0.158
0.166
0.163
0.158
0.161
0.162
0.170
0.118
0.161
0.172
0.166
0.160
0.161
0.170
0.163
0.161
0.167
0.151
0.166
0.168
0.158
0.186
0.165
0.167
0.166
0.163
0.167
0.158
0.171
0.159
0.158
0.169
0.164
0.166
0.175
0.158
0.161
0.166
0.167
0.159
0.168
0.165
0.168
0.169
0.167
0.168
0.163
0.156
0.157
0.169
0.164
0.169
0.189
0.156
0.177
0.169
0.168
0.132
0.123
0.162
0.162
0.167
0.166
0.169
0.158
0.120
0.134
0.164
0.154
0.170
0.166
0.159
0.170
0.142
0.164
0.159
0.163
0.161
0.155
0.162
0.156
0.162
0.166
0.164
0.150
0.164
0.166
0.167
0.166
0.155
0.171
0.164
0.153
0.164
0.166
0.152
0.164
0.176
0.155
0.171
0.121
0.162
0.167
0.162
0.166
0.164
0.163
0.159
0.168
0.161
0.164
0.168
0.158
0.165
0.169
0.161
0.152
0.166
0.165
0.168
0.122
0.161
0.164
0.164
0.167
0.156
0.169
0.174
0.163
0.167
0.159
0.164
0.158
0.162
0.157
0.167
0.165
0.169
0.166
0.160
0.163
0.195
0.158
0.158
0.165
0.204
0.160
0.162
0.160
0.118
0.171
0.175
0.155
0.165
0.165
0.162
0.157
0.162
0.169
0.166
0.135
0.127
0.165
0.169
0.153
0.170
0.164
0.155
0.176
0.156
0.139
0.164
0.120
0.168
0.167
0.168
0.157
0.159
0.167
0.137
0.122
0.166
0.119
0.198
0.157
0.168
0.166
0.172
0.140
0.170
0.165
0.166
0.165
0.158
0.165
0.122
0.158
0.120
0.166
0.162
0.166
0.194
0.159
0.162
0.166
0.164
0.164
0.162
0.166
0.161
0.170
0.156
0.152
0.164
0.168
0.118
0.157
0.168
0.167
0.162
0.152
0.162
0.174
0.165
0.170
0.155
0.163
0.161
0.161
0.162
0.167
0.161
0.170
0.161
0.157
0.165
0.161
0.169
0.157
0.162
0.175
0.162
0.164
0.162
0.121
0.173
0.169
0.143
0.168
0.163
0.170
0.171
0.120
0.162
0.172
0.164
0.131
0.168
0.165
0.164
0.169
0.187
0.165
0.159
0.125
0.157
0.165
0.162
0.167
0.164
0.159
0.166
0.166
0.164
0.134
0.163
0.162
0.165
0.164
0.155
0.173
0.162
0.165
0.147
0.161
0.168
0.163
0.158
0.158
0.168
0.163
0.164
0.127
0.162
0.164
0.170
0.164
0.156
0.170
0.162
0.159
0.155
0.169
0.163
0.166
0.171
0.121
0.161
0.157
0.158
0.197
0.165
0.165
0.168
0.170
0.157
0.157
0.166
0.165
0.164
0.159
0.165
0.166
0.166
0.155
0.162
0.160
0.167
0.170
0.158
0.167
0.167
0.126
0.156
0.171
0.165
0.171
0.166
0.155
0.166
0.121
0.167
0.166
0.164
0.163
0.168
0.165
0.164
0.155
0.164
0.155
0.160
0.166
0.160
0.158
0.162
0.165
0.165
0.171
0.174
0.164
0.167
0.168
0.165
0.154
0.153
0.164
0.161
0.106
0.127
0.165
0.160
0.154
0.167
0.160
0.180
0.163
0.168
0.129
0.165
0.171
0.161
0.164
0.156
0.171
0.161
0.162
0.152
0.169
0.159
0.170
0.166
0.156
0.169
0.165
0.174
0.131
0.171
0.169
0.162
0.174
0.152
0.149
0.166
0.154
0.162
0.164
0.159
0.166
0.162
0.156
0.162
0.117
0.157
0.161
0.169
0.168
0.170
0.198
0.156
0.123
0.162
0.169
0.161
0.159
0.155
0.169
0.168
0.155
0.164
0.121
0.167
0.169
0.153
0.160
0.160
0.130
0.156
0.171
0.168
0.170
0.167
0.163
0.162
0.121
0.162
0.153
0.165
0.171
0.165
0.172
0.159
0.160
0.165
0.166
0.155
0.177
0.165
0.164
0.167
0.165
0.162
0.167
0.162
0.160
0.164
0.166
0.163
0.157
0.158
0.166
0.173
0.165
0.131
0.177
0.173
0.153
0.157
0.164
0.165
0.173
0.193
0.131
0.166
0.167
0.168
0.165
0.157
0.147
0.175
0.168
0.131
0.124
0.162
0.163
0.164
0.160
0.160
0.172
0.161
0.137
0.170
0.168
0.162
0.167
0.160
0.161
0.165
0.154
0.162
0.174
0.164
0.165
0.209
0.157
0.162
0.130
0.170
0.164
0.173
0.164
0.170
0.160
0.160
0.121
0.170
0.153
0.165
0.164
0.160
0.163
0.163
0.162
0.152
0.168
0.159
0.164
0.163
0.166
0.167
0.172
0.156
0.164
0.170
0.164
0.175
0.169
0.160
0.153
0.169
0.090
0.159
0.173
0.163
0.119
0.170
0.163
0.163
0.168
0.154
0.164
0.165
0.158
0.161
0.158
0.164
0.161
0.170
0.160
0.160
0.173
0.164
0.152
0.166
0.164
0.161
0.167
0.156
0.164
0.166
0.153
0.162
0.161
0.174
0.167
0.175
0.133
0.160
0.157
0.162
0.159
0.158
0.169
0.169
0.172
0.142
0.118
0.122
0.165
0.200
0.168
0.166
0.169
0.167
0.126
0.167
0.171
0.160
0.163
0.157
0.166
0.164
0.173
0.134
0.166
0.155
0.120
0.159
0.161
0.160
0.167
0.137
0.158
0.164
0.173
0.162
0.165
0.165
0.159
0.120
0.176
0.177
0.161
0.166
0.156
0.167
0.157
0.166
0.166
0.177
0.168
0.164
0.169
0.160
0.154
0.165
0.161
0.157
0.172
0.153
0.157
0.166
0.154
0.119
0.165
0.165
0.167
0.167
0.164
0.153
0.166
0.168
0.162
0.160
0.164
0.162
0.166
0.161
0.129
0.173
0.163
0.160
0.164
0.179
0.168
0.172
0.119
0.160
0.123
0.160
0.169
0.155
0.169
0.164
0.165
0.178
0.160
0.153
0.168
0.162
0.160
0.176
0.165
0.166
0.165
0.156
0.168
0.160
0.163
0.133
0.163
0.164
0.172
0.184
0.157
0.164
0.167
0.156
0.150
0.168
0.174
0.164
0.162
0.169
0.167
0.164
0.156
0.169
0.170
0.160
0.168
0.161
0.167
0.169
0.153
0.167
0.168
0.162
0.164
0.166
0.163
0.152
0.157
0.163
0.167
0.176
0.164
0.159
0.168
0.167
0.123
0.196
0.164
0.161
0.174
0.153
0.161
0.165
0.120
0.158
0.168
0.163
0.170
0.211
0.163
0.164
0.123
0.152
0.157
0.171
0.171
0.160
0.173
0.156
0.153
0.164
0.166
0.154
0.167
0.161
0.167
0.165
0.160
0.160
0.167
0.162
0.160
0.169
0.171
0.168
0.165
0.154
0.165
0.169
0.167
0.128
0.173
0.166
0.153
0.168
0.160
0.163
0.168
0.163
0.128
0.163
0.156
0.157
0.168
0.156
0.167
0.196
0.120
0.125
0.165
0.162
0.161
0.161
0.166
0.164
0.171
0.164
0.125
0.166
0.169
0.168
0.163
0.157
0.170
0.167
0.155
0.144
0.169
0.163
0.169
0.186
0.160
0.180
0.124
0.117
0.163
0.166
0.165
0.167
0.166
0.157
0.165
0.158
0.165
0.202
0.174
0.163
0.169
0.165
0.169
0.162
0.169
0.159
0.164
0.164
0.163
0.165
0.174
0.153
0.164
0.156
