0.218
0.202
0.184
0.188
0.203
0.187
0.184
0.151
0.115
0.147
0.149
0.157
0.161
0.166
0.156
0.189
0.182
0.154
0.154
0.166
0.174
0.147
0.157
0.151
0.156
0.150
0.146
0.153
0.146
0.153
0.150
0.153
0.154
0.162
0.154
0.156
0.153
0.152
0.156
0.118
0.156
0.150
0.153
0.164
0.165
0.151
0.147
0.147
0.117
0.144
0.153
0.148
0.161
0.151
0.119
0.146
0.170
0.158
0.155
0.153
0.176
0.150
0.143
0.152
0.158
0.153
0.153
0.158
0.166
0.117
0.106
0.143
0.157
0.184
0.152
0.155
0.153
0.150
0.157
0.155
0.156
0.151
0.151
0.171
0.156
0.145
0.148
0.153
0.157
0.144
0.155
0.151
0.148
0.156
0.154
0.152
0.110
0.157
0.151
0.153
0.151
0.149
0.108
0.163
0.163
0.154
0.155
0.144
0.155
0.153
0.151
0.152
0.150
0.152
0.164
0.143
0.155
0.153
0.152
0.154
0.163
0.152
0.147
0.143
0.164
0.151
0.150
0.153
0.156
0.153
0.153
0.153
0.112
0.158
0.155
0.148
0.154
0.128
0.143
0.164
0.160
0.152
0.156
0.173
0.155
0.157
0.144
0.154
0.147
0.151
0.155
0.150
0.142
0.143
0.154
0.157
0.154
0.156
0.149
0.151
0.152
0.154
0.150
0.167
0.159
0.155
0.148
0.140
0.157
0.161
0.197
0.153
0.155
0.151
0.154
0.145
0.172
0.157
0.155
0.152
0.156
0.155
0.121
0.143
0.169
0.151
0.149
0.161
0.116
0.152
0.143
0.158
0.188
0.189
0.109
0.154
0.145
0.157
0.150
0.154
0.156
0.151
0.159
0.173
0.151
0.146
0.157
0.156
0.156
0.158
0.151
0.155
0.154
0.140
0.154
0.152
0.178
0.153
0.146
0.152
0.151
0.159
0.157
0.162
0.164
0.151
0.149
0.166
0.154
0.160
0.152
0.152
0.161
0.153
0.157
0.123
0.153
0.153
0.150
0.151
0.162
0.156
0.152
0.143
0.164
0.157
0.172
0.159
0.159
0.157
0.115
0.157
0.176
0.175
0.158
0.157
0.112
0.156
0.144
0.156
0.179
0.151
0.154
0.151
0.157
0.122
0.151
0.159
0.163
0.156
0.159
0.151
0.153
0.143
0.157
0.193
0.161
0.155
0.148
0.156
0.127
0.152
0.153
0.161
0.157
0.162
0.149
0.151
0.147
0.156
0.171
0.150
0.155
0.147
0.147
0.147
0.154
0.155
0.151
0.151
0.156
0.151
0.155
0.148
0.149
0.153
0.153
0.157
0.155
0.151
0.159
0.151
0.148
0.168
0.078
0.157
0.155
0.154
0.114
0.145
0.164
0.153
0.158
0.151
0.158
0.157
0.148
0.152
0.161
0.151
0.149
0.154
0.155
0.150
0.146
0.156
0.155
0.154
0.152
0.153
0.161
0.151
0.151
0.142
0.161
0.143
0.149
0.158
0.154
0.145
0.147
0.151
0.156
0.141
0.158
0.156
0.165
0.158
0.149
0.161
0.155
0.152
0.157
0.122
0.153
0.157
0.169
0.154
0.149
0.152
0.151
0.159
0.162
0.160
0.155
0.150
0.157
0.153
0.118
0.147
0.112
0.149
0.156
0.158
0.159
0.153
0.149
0.112
0.165
0.158
0.157
0.151
0.159
0.134
0.148
0.154
0.165
0.157
0.151
0.158
0.155
0.156
0.146
0.154
0.159
0.159
0.149
0.159
0.157
0.147
0.150
0.155
0.159
0.151
0.158
0.149
0.146
0.146
0.162
0.160
0.160
0.155
0.151
0.169
0.150
0.152
0.145
0.162
0.156
0.155
0.154
0.142
0.151
0.172
0.153
0.152
0.157
0.154
0.151
0.148
0.189
0.143
0.110
0.142
0.159
0.151
0.120
0.145
0.161
0.156
0.164
0.150
0.159
0.152
0.147
0.161
0.156
0.153
0.149
0.157
0.156
0.122
0.146
0.150
0.158
0.154
0.147
0.152
0.155
0.149
0.154
0.143
0.163
0.150
0.158
0.156
0.128
0.149
0.156
0.135
0.164
0.152
0.151
0.155
0.155
0.154
0.158
0.154
0.164
0.151
0.155
0.124
0.147
0.155
0.152
0.155
0.153
0.153
0.150
0.144
0.157
0.146
0.151
0.145
0.114
0.157
0.155
0.152
0.165
0.152
0.144
0.156
0.110
0.151
0.148
0.147
0.151
0.147
0.151
0.156
0.162
0.156
0.143
0.159
0.150
0.152
0.150
0.152
0.162
0.149
0.144
0.145
0.158
0.157
0.160
0.151
0.158
0.146
0.152
0.152
0.160
0.160
0.151
0.160
0.121
0.145
0.149
0.153
0.157
0.153
0.155
0.155
0.149
0.153
0.156
0.154
0.154
0.153
0.144
0.144
0.151
0.153
0.152
0.152
0.162
0.151
0.108
0.147
0.160
0.155
0.167
0.147
0.148
0.150
0.127
0.144
0.154
0.158
0.155
0.152
0.162
0.155
0.142
0.151
0.160
0.156
0.153
0.152
0.163
0.123
0.146
0.152
0.148
0.159
0.153
0.152
0.153
0.146
0.152
0.111
0.160
0.157
0.188
0.152
0.139
0.145
0.151
0.158
0.162
0.154
0.151
0.151
0.147
0.151
0.152
0.182
0.183
0.159
0.156
0.127
0.146
0.154
0.159
0.163
0.175
0.154
0.150
0.148
0.114
0.187
0.182
0.155
0.164
0.153
0.154
0.150
0.157
0.154
0.153
0.151
0.165
0.152
0.148
0.145
0.159
0.149
0.148
0.158
0.158
0.152
0.145
0.157
0.166
0.168
0.154
0.154
0.157
0.147
0.145
0.153
0.155
0.155
0.156
0.157
0.162
0.149
0.147
0.147
0.163
0.184
0.182
0.110
0.126
0.155
0.160
0.195
0.156
0.154
0.151
0.156
0.116
0.151
0.160
0.174
0.158
0.150
0.153
0.133
0.149
0.150
0.106
0.152
0.155
0.157
0.160
0.143
0.162
0.153
0.152
0.155
0.156
0.152
0.116
0.151
0.159
0.168
0.153
0.152
0.162
0.125
0.148
0.109
0.110
0.165
0.154
0.153
0.157
0.155
0.144
0.153
0.113
0.152
0.157
0.165
0.162
0.146
0.159
0.153
0.162
0.158
0.148
0.152
0.161
0.147
0.153
0.159
0.161
0.155
0.109
0.151
0.147
0.151
0.163
0.169
0.158
0.151
0.147
0.152
0.152
0.156
0.155
0.161
0.113
0.149
0.188
0.148
0.154
0.158
0.150
0.155
0.157
0.157
0.159
0.109
0.165
0.152
0.160
0.152
0.155
0.157
0.149
0.158
0.158
0.158
0.153
0.154
0.156
0.186
0.143
0.155
0.177
0.152
0.151
0.152
0.158
0.116
0.149
0.153
0.156
0.154
0.158
0.151
0.155
0.142
0.154
0.155
0.154
0.159
0.153
0.152
0.152
0.150
0.113
0.158
0.158
0.151
0.151
0.155
0.179
0.184
0.185
0.147
0.160
0.186
0.112
0.134
0.183
0.154
0.169
0.154
0.186
0.154
0.152
0.146
0.156
0.151
0.166
0.154
0.155
0.157
0.145
0.153
0.155
0.151
0.153
0.159
0.159
0.159
0.142
0.148
0.153
0.151
0.155
0.157
0.156
0.156
0.154
0.160
0.154
0.152
0.162
0.158
0.143
0.144
0.147
0.158
0.154
0.153
0.151
0.156
0.160
0.152
0.156
0.158
0.155
0.166
0.149
0.160
0.147
0.153
0.156
0.154
0.157
0.155
0.158
0.153
0.110
0.153
0.155
0.154
0.173
0.157
0.153
0.116
0.153
0.156
0.156
0.148
0.162
0.151
0.144
0.154
0.160
0.155
0.154
0.153
0.155
0.152
0.123
0.149
0.158
0.151
0.151
0.153
0.156
0.143
0.151
0.157
0.155
0.151
0.152
0.154
0.144
0.118
0.147
0.153
0.151
0.160
0.164
0.156
0.153
0.152
0.151
0.166
0.156
0.152
0.154
0.155
0.134
0.146
0.151
0.148
0.154
0.152
0.154
0.155
0.146
0.154
0.105
0.153
0.171
0.151
0.150
0.157
0.149
0.158
0.140
0.156
0.164
0.152
0.160
0.156
0.149
0.168
0.155
0.157
0.151
0.146
0.155
0.151
0.161
0.145
0.156
0.152
0.158
0.142
0.148
0.155
0.155
0.160
0.159
0.155
0.154
0.150
0.152
0.154
0.148
0.154
0.147
0.156
0.154
0.114
0.148
0.158
0.158
0.151
0.148
0.161
0.155
0.146
0.154
0.149
0.158
0.150
0.158
0.156
0.150
0.146
0.154
0.156
0.108
0.150
0.156
0.152
0.152
0.159
0.146
0.155
0.151
0.151
0.157
0.115
0.146
0.157
0.154
0.160
0.151
0.159
0.155
0.146
0.156
0.145
0.155
0.158
0.160
0.156
0.128
0.163
0.168
0.180
0.185
0.159
0.184
0.186
0.150
0.157
0.152
0.153
0.157
0.153
0.146
0.153
0.143
0.153
0.155
0.157
0.153
0.157
0.154
0.143
0.161
0.146
0.156
0.170
0.155
0.155
0.155
0.152
0.152
0.156
0.155
0.151
0.105
0.158
0.147
0.154
0.149
0.155
0.146
0.151
0.156
0.159
0.151
0.144
0.156
0.162
0.192
0.151
0.153
0.148
0.149
0.158
0.151
0.170
0.156
0.155
0.152
0.148
0.154
0.159
0.152
0.154
0.154
0.155
0.118
0.149
0.154
0.154
0.151
0.156
0.154
0.151
0.147
0.152
0.109
0.150
0.151
0.158
0.154
0.144
0.148
0.156
0.155
0.167
0.145
0.153
0.153
0.149
0.153
0.154
0.155
0.157
0.157
0.169
0.112
0.148
0.151
0.158
0.154
0.150
0.154
0.154
0.149
0.157
0.158
0.152
0.166
0.153
0.152
0.130
0.147
0.151
0.157
0.171
0.157
0.151
0.152
0.152
0.156
0.151
0.156
0.153
0.154
0.156
0.154
0.144
0.152
0.161
0.153
0.157
0.153
0.150
0.144
0.147
0.156
0.154
0.167
0.156
0.153
0.157
0.149
0.160
0.153
0.163
0.153
0.150
0.154
0.144
0.143
0.156
0.165
0.152
0.154
0.152
0.165
0.143
0.107
0.156
0.414
0.145
0.150
0.148
0.155
0.107
0.154
0.153
0.150
0.146
0.348
0.156
0.145
0.156
0.155
0.395
0.156
0.151
0.153
0.114
0.160
0.185
0.186
0.153
0.160
0.155
0.155
0.111
0.154
0.159
0.157
0.189
0.190
0.151
0.138
0.150
0.160
0.154
0.156
0.159
0.156
0.185
0.174
0.151
0.161
0.151
0.159
0.153
0.157
0.130
0.153
0.157
0.153
0.160
0.152
0.185
0.156
0.146
0.150
0.156
0.108
0.167
0.171
0.156
0.155
0.150
0.154
0.157
0.157
0.155
0.152
0.153
0.150
0.150
0.153
0.131
0.154
0.156
0.152
0.155
0.145
0.159
0.153
0.150
0.152
0.169
0.149
0.142
0.156
0.152
0.165
0.162
0.170
0.156
0.148
0.142
0.156
0.168
0.150
0.154
0.152
0.158
0.163
0.152
0.152
0.150
0.161
0.150
0.153
0.153
0.147
0.150
0.157
0.155
0.153
0.152
0.159
0.134
0.154
0.163
0.191
0.183
0.139
0.156
0.160
0.148
0.156
0.177
0.162
0.158
0.152
0.152
0.121
0.152
0.158
0.170
0.157
0.188
0.182
0.152
0.155
0.153
0.155
0.157
0.156
0.153
0.158
0.119
0.151
0.162
0.144
0.146
0.153
0.152
0.156
0.143
0.158
0.154
0.150
0.159
0.154
0.156
0.133
0.180
0.156
0.152
0.161
0.156
0.153
0.152
0.145
0.152
0.154
0.151
0.158
0.151
0.156
0.150
0.150
0.156
0.159
0.154
0.152
0.157
0.109
0.142
0.153
0.150
0.152
0.153
0.155
0.156
0.160
0.150
0.158
0.170
0.160
0.162
0.163
0.154
0.110
0.143
0.154
0.152
0.158
0.161
0.157
0.153
0.155
0.157
0.156
0.190
0.154
0.108
0.158
0.143
0.149
0.153
0.172
0.153
0.157
0.153
0.154
0.152
0.154
0.147
0.161
0.159
0.162
0.158
0.119
0.157
0.154
0.156
0.152
0.162
0.167
0.152
0.142
0.158
0.158
0.163
0.163
0.156
0.155
0.136
0.112
0.152
0.170
0.153
0.158
0.158
0.153
0.157
0.160
0.177
0.161
0.152
0.158
0.156
0.120
0.112
0.164
0.158
0.157
0.148
0.157
0.155
0.157
0.156
0.154
0.160
0.155
0.158
0.160
0.149
0.154
0.150
0.153
0.153
0.158
0.156
0.154
0.154
0.148
0.154
0.160
0.156
0.151
0.110
0.155
0.142
0.163
0.147
0.155
0.157
0.156
0.155
0.152
0.111
0.157
0.152
0.157
0.151
0.184
0.150
0.153
0.154
0.109
0.158
0.158
0.151
0.157
0.156
0.146
0.158
0.158
0.157
0.154
0.154
0.157
0.148
0.155
0.148
0.154
0.155
0.160
0.154
0.142
0.147
0.156
0.151
0.157
0.156
0.156
0.160
0.149
0.152
0.153
0.155
0.161
0.151
0.202
0.126
0.154
0.188
0.160
0.146
0.109
0.159
0.156
0.148
0.160
0.147
0.153
0.156
0.156
0.156
0.108
0.151
0.155
0.151
0.157
0.161
0.158
0.152
0.152
0.151
0.148
0.153
0.109
0.111
0.160
0.128
0.147
0.156
0.160
0.151
0.171
0.154
0.154
0.149
0.153
0.146
0.156
0.156
0.156
0.161
0.144
0.150
0.157
0.160
0.162
0.143
0.154
0.142
0.147
0.146
0.156
0.152
0.155
0.155
0.153
0.158
0.155
0.151
0.160
0.151
0.176
0.153
0.153
0.144
0.161
0.151
0.164
0.105
0.156
0.153
0.152
0.147
0.158
0.158
0.155
0.151
0.153
0.152
0.153
0.145
0.163
0.157
0.160
0.156
0.111
0.150
0.147
0.156
0.157
0.169
0.175
0.153
0.156
0.118
0.146
0.154
0.157
0.150
0.155
0.154
0.155
0.151
0.158
0.159
0.153
0.151
0.146
0.151
0.132
0.145
0.156
0.159
0.160
0.188
0.153
0.151
0.146
0.155
0.155
0.158
0.172
0.154
0.161
0.146
0.156
0.145
0.155
0.166
0.162
0.144
0.151
0.154
0.154
0.153
0.154
0.150
0.160
0.151
0.144
0.153
0.152
0.154
0.153
0.142
0.164
0.155
0.112
0.150
0.160
0.151
0.170
0.152
0.155
0.151
0.145
0.152
0.153
0.146
0.159
0.153
0.151
0.144
0.148
0.151
0.154
0.151
0.158
0.155
0.160
0.148
0.151
0.159
0.153
0.153
0.161
0.149
0.128
0.150
0.155
0.156
0.167
0.154
0.154
0.149
0.160
0.153
0.155
0.156
0.161
0.154
0.156
0.153
0.197
0.139
0.188
0.156
0.174
0.156
0.158
0.143
0.151
0.159
0.181
0.152
0.156
0.157
0.118
0.147
0.113
0.151
0.151
0.159
0.157
0.155
0.145
0.155
0.158
0.170
0.163
0.153
0.153
0.110
0.131
0.157
0.159
0.151
0.154
0.151
0.144
0.150
0.154
0.155
0.155
0.152
0.167
0.151
0.120
0.145
0.157
0.155
0.158
0.155
0.166
0.154
0.148
0.152
0.154
0.191
0.156
0.107
0.151
0.145
0.160
0.173
0.175
0.152
0.161
0.162
0.162
0.175
0.182
0.159
0.151
0.153
0.157
0.151
0.161
0.151
0.162
0.156
0.101
0.154
0.158
0.170
0.174
0.152
0.158
0.159
0.165
0.186
0.172
0.152
0.150
0.153
0.158
0.151
0.145
0.156
0.165
0.143
0.152
0.151
0.157
0.150
0.163
0.153
0.146
0.175
0.158
0.154
0.170
0.158
0.154
0.160
0.149
0.152
0.154
0.154
0.158
0.155
0.157
0.160
0.150
0.153
0.112
0.153
0.157
0.154
0.154
0.121
0.165
0.154
0.162
0.150
0.156
0.150
0.119
0.145
0.153
0.160
0.150
0.161
0.107
0.152
0.127
0.159
0.157
0.162
0.156
0.153
0.154
0.154
0.149
0.114
0.161
0.152
0.159
0.156
0.154
0.141
0.166
0.161
0.157
0.158
0.186
0.156
0.156
0.144
0.149
0.156
0.151
0.158
0.154
0.155
0.158
0.146
0.158
0.111
0.155
0.153
0.157
0.155
0.439
0.183
0.185
0.152
0.165
0.164
0.155
0.145
0.150
0.156
0.155
0.154
0.164
0.155
0.152
0.150
0.147
0.153
0.152
0.156
0.458
0.155
0.110
0.157
0.150
0.437
0.154
0.151
0.157
0.153
0.390
0.150
0.152
0.150
0.161
0.337
0.160
0.152
0.142
0.155
0.337
0.160
0.159
0.153
0.155
0.259
0.148
0.152
0.157
0.151
0.268
0.159
0.152
0.151
0.112
0.184
0.157
0.152
0.155
0.189
0.173
0.148
0.157
0.152
0.167
0.082
0.159
0.155
0.147
0.153
0.084
0.188
0.184
0.151
0.153
0.081
0.151
0.151
0.159
0.159
0.082
0.158
0.153
0.152
0.109
0.082
0.161
0.156
0.156
0.158
0.083
0.158
