0.277
0.243
0.237
0.213
0.235
0.218
0.230
0.212
0.231
0.225
0.226
0.217
0.209
0.215
0.229
0.218
0.203
0.216
0.221
0.250
0.216
0.214
0.209
0.208
0.251
0.213
0.212
0.223
0.223
0.216
0.212
0.174
0.217
0.183
0.217
0.219
0.247
0.223
0.226
0.218
0.245
0.225
0.240
0.209
0.238
0.225
0.214
0.224
0.234
0.214
0.212
0.226
0.178
0.219
0.258
0.217
0.215
0.213
0.227
0.228
0.171
0.210
0.253
0.225
0.219
0.203
0.224
0.227
0.206
0.225
0.189
0.218
0.224
0.226
0.250
0.219
0.213
0.214
0.171
0.186
0.217
0.210
0.232
0.174
0.210
0.212
0.242
0.209
0.202
0.225
0.239
0.222
0.216
0.214
0.225
0.220
0.246
0.228
0.214
0.226
0.210
0.236
0.211
0.217
0.218
0.224
0.243
0.211
0.225
0.215
0.214
0.226
0.251
0.224
0.218
0.225
0.208
0.225
0.227
0.207
0.248
0.205
0.167
0.226
0.224
0.218
0.232
0.213
0.224
0.209
0.224
0.227
0.233
0.225
0.205
0.226
0.216
0.213
0.205
0.225
0.210
0.223
0.220
0.214
0.214
0.223
0.217
0.213
0.249
0.223
0.217
0.217
0.206
0.223
0.227
0.217
0.237
0.211
0.235
0.228
0.198
0.213
0.226
0.226
0.225
0.184
0.226
0.225
0.234
0.215
0.203
0.225
0.225
0.225
0.180
0.221
0.208
0.242
0.229
0.210
0.226
0.212
0.214
0.191
0.166
0.213
0.230
0.215
0.209
0.226
0.220
0.215
0.205
0.225
0.215
0.217
0.214
0.208
0.245
0.213
0.214
0.205
0.222
0.215
0.210
0.209
0.206
0.214
0.227
0.213
0.245
0.212
0.221
0.225
0.217
0.207
0.249
0.225
0.220
0.218
0.224
0.211
0.235
0.223
0.241
0.176
0.225
0.213
0.258
0.211
0.226
0.224
0.225
0.204
0.235
0.217
0.246
0.261
0.207
0.233
0.237
0.226
0.221
0.226
0.223
0.225
0.172
0.210
0.225
0.224
0.212
0.210
0.238
0.225
0.223
0.225
0.169
0.209
0.226
0.226
0.238
0.226
0.223
0.215
0.250
0.207
0.213
0.250
0.216
0.215
0.216
0.217
0.250
0.224
0.205
0.217
0.240
0.208
0.184
0.218
0.212
0.223
0.238
0.214
0.215
0.224
0.225
0.181
0.224
0.215
0.251
0.224
0.204
0.223
0.224
0.212
0.180
0.226
0.220
0.225
0.225
0.211
0.213
0.214
0.226
0.234
0.228
0.220
0.171
0.224
0.243
0.231
0.225
0.213
0.194
0.228
0.216
0.224
0.219
0.208
0.225
0.217
0.213
0.211
0.218
0.217
0.217
0.226
0.217
0.214
0.211
0.217
0.186
0.219
0.212
0.173
0.237
0.213
0.167
0.215
0.224
0.215
0.214
0.225
0.213
0.220
0.239
0.173
0.216
0.224
0.214
0.212
0.217
0.214
0.216
0.210
0.195
0.228
0.213
0.248
0.216
0.208
0.228
0.225
0.236
0.224
0.228
0.227
0.225
0.208
0.167
0.227
0.217
0.183
0.226
0.216
0.234
0.224
0.216
0.226
0.231
0.206
0.187
0.229
0.216
0.216
0.226
0.205
0.171
0.213
0.169
0.179
0.223
0.173
0.215
0.213
0.243
0.195
0.216
0.216
0.190
0.225
0.234
0.225
0.225
0.208
0.218
0.225
0.223
0.213
0.219
0.226
0.216
0.216
0.234
0.220
0.229
0.214
0.249
0.224
0.214
0.209
0.254
0.209
0.204
0.226
0.207
0.211
0.230
0.227
0.213
0.225
0.177
0.214
0.226
0.219
0.216
0.208
0.216
0.206
0.204
0.208
0.217
0.225
0.217
0.224
0.215
0.215
0.216
0.226
0.219
0.218
0.211
0.248
0.212
0.219
0.251
0.231
0.247
0.214
0.236
0.215
0.229
0.226
0.204
0.216
0.213
0.225
0.244
0.229
0.236
0.206
0.220
0.211
0.225
0.220
0.247
0.242
0.225
0.227
0.224
0.213
0.239
0.218
0.247
0.226
0.184
0.225
0.227
0.221
0.219
0.224
0.224
0.224
0.171
0.209
0.238
0.228
0.222
0.213
0.246
0.213
0.224
0.224
0.175
0.225
0.232
0.214
0.210
0.208
0.215
0.219
0.243
0.207
0.234
0.221
0.214
0.211
0.209
0.211
0.253
0.224
0.223
0.224
0.224
0.246
0.214
0.212
0.215
0.213
0.232
0.216
0.219
0.226
0.219
0.215
0.212
0.226
0.213
0.225
0.229
0.212
0.224
0.237
0.213
0.216
0.228
0.214
0.216
0.247
0.211
0.216
0.217
0.214
0.210
0.216
0.167
0.216
0.244
0.213
0.181
0.210
0.209
0.213
0.216
0.214
0.224
0.215
0.234
0.222
0.242
0.214
0.251
0.214
0.211
0.217
0.177
0.205
0.232
0.230
0.227
0.211
0.243
0.225
0.224
0.213
0.210
0.172
0.216
0.223
0.184
0.225
0.223
0.173
0.226
0.208
0.221
0.227
0.223
0.185
0.228
0.224
0.215
0.213
0.207
0.207
0.214
0.216
0.178
0.214
0.216
0.219
0.226
0.207
0.226
0.223
0.203
0.189
0.170
0.225
0.215
0.215
0.213
0.227
0.213
0.227
0.230
0.216
0.214
0.212
0.231
0.204
0.229
0.214
0.217
0.214
0.248
0.218
0.216
0.174
0.207
0.216
0.218
0.233
0.184
0.213
0.252
0.226
0.217
0.211
0.245
0.225
0.231
0.219
0.205
0.228
0.213
0.225
0.239
0.226
0.239
0.227
0.229
0.210
0.227
0.215
0.225
0.206
0.231
0.229
0.214
0.223
0.216
0.224
0.217
0.218
0.246
0.225
0.223
0.224
0.169
0.226
0.213
0.217
0.246
0.215
0.226
0.218
0.231
0.223
0.226
0.226
0.215
0.216
0.182
0.224
0.217
0.222
0.242
0.210
0.276
0.234
0.210
0.213
0.244
0.221
0.228
0.223
0.206
0.223
0.226
0.214
0.181
0.217
0.225
0.245
0.213
0.207
0.234
0.213
0.217
0.183
0.217
0.217
0.252
0.214
0.209
0.216
0.213
0.216
0.225
0.226
0.225
0.217
0.216
0.210
0.168
0.224
0.213
0.227
0.237
0.213
0.171
0.227
0.219
0.225
0.243
0.225
0.228
0.225
0.214
0.219
0.213
0.206
0.214
0.215
0.244
0.224
0.211
0.219
0.252
0.215
0.220
0.216
0.229
0.204
0.182
0.217
0.246
0.176
0.210
0.207
0.213
0.224
0.215
0.224
0.217
0.215
0.174
0.215
0.209
0.219
0.217
0.226
0.213
0.219
0.248
0.223
0.223
0.205
0.237
0.215
0.225
0.217
0.207
0.235
0.216
0.226
0.178
0.225
0.228
0.215
0.219
0.205
0.167
0.218
0.217
0.200
0.211
0.210
0.219
0.249
0.213
0.211
0.201
0.169
0.235
0.217
0.217
0.226
0.214
0.212
0.214
0.216
0.226
0.219
0.217
0.220
0.209
0.223
0.220
0.217
0.249
0.213
0.216
0.218
0.215
0.213
0.226
0.204
0.222
0.225
0.214
0.213
0.224
0.225
0.212
0.225
0.209
0.213
0.213
0.215
0.212
0.211
0.224
0.220
0.217
0.191
0.208
0.225
0.216
0.211
0.219
0.213
0.222
0.216
0.167
0.211
0.225
0.232
0.209
0.207
0.224
0.230
0.212
0.209
0.220
0.213
0.217
0.227
0.250
0.207
0.217
0.219
0.210
0.225
0.215
0.228
0.215
0.218
0.214
0.173
0.216
0.206
0.236
0.215
0.245
0.225
0.209
0.217
0.224
0.215
0.179
0.224
0.217
0.217
0.225
0.207
0.216
0.226
0.224
0.182
0.225
0.227
0.210
0.225
0.218
0.226
0.235
0.206
0.185
0.226
0.214
0.212
0.212
0.207
0.214
0.234
0.168
0.181
0.244
0.222
0.246
0.223
0.203
0.212
0.215
0.225
0.179
0.224
0.216
0.214
0.218
0.211
0.215
0.225
0.211
0.209
0.214
0.249
0.215
0.217
0.226
0.223
0.237
0.239
0.227
0.246
0.214
0.249
0.228
0.212
0.227
0.225
0.211
0.215
0.217
0.224
0.224
0.226
0.219
0.224
0.215
0.215
0.224
0.216
0.238
0.224
0.209
0.210
0.215
0.225
0.214
0.226
0.214
0.214
0.213
0.226
0.211
0.210
0.175
0.207
0.234
0.213
0.225
0.228
0.260
0.215
0.226
0.215
0.217
0.226
0.207
0.224
0.214
0.221
0.209
0.214
0.210
0.211
0.210
0.204
0.216
0.216
0.246
0.207
0.249
0.224
0.216
0.214
0.210
0.203
0.173
0.224
0.180
0.226
0.224
0.219
0.226
0.210
0.214
0.217
0.176
0.187
0.218
0.208
0.218
0.226
0.246
0.223
0.220
0.215
0.191
0.222
0.216
0.215
0.223
0.224
0.234
0.225
0.230
0.195
0.166
0.209
0.247
0.229
0.206
0.225
0.238
0.178
0.213
0.211
0.219
0.214
0.212
0.212
0.224
0.236
0.228
0.228
0.222
0.224
0.216
0.218
0.207
0.216
0.222
0.224
0.203
0.206
0.213
0.211
0.213
0.206
0.213
0.216
0.216
0.223
0.244
0.216
0.224
0.218
0.211
0.227
0.223
0.215
0.214
0.209
0.210
0.223
0.214
0.205
0.214
0.225
0.215
0.225
0.211
0.208
0.214
0.216
0.221
0.217
0.236
0.228
0.170
0.206
0.246
0.175
0.214
0.206
0.227
0.211
0.214
0.221
0.215
0.229
0.230
0.226
0.181
0.218
0.237
0.236
0.216
0.209
0.244
0.218
0.212
0.208
0.266
0.219
0.247
0.214
0.246
0.224
0.213
0.224
0.178
0.214
0.227
0.223
0.213
0.207
0.224
0.225
0.214
0.175
0.208
0.224
0.214
0.226
0.206
0.213
0.218
0.226
0.225
0.224
0.232
0.225
0.214
0.209
0.229
0.214
0.209
0.228
0.224
0.225
0.173
0.217
0.207
0.225
0.235
0.226
0.193
0.208
0.234
0.191
0.219
0.206
0.223
0.209
0.217
0.225
0.232
0.210
0.210
0.173
0.216
0.223
0.214
0.229
0.210
0.208
0.242
0.244
0.215
0.206
0.249
0.174
0.234
0.230
0.246
0.214
0.217
0.226
0.210
0.220
0.233
0.213
0.226
0.206
0.217
0.214
0.175
0.207
0.226
0.215
0.235
0.228
0.219
0.215
0.237
0.235
0.211
0.214
0.220
0.216
0.250
0.211
0.170
0.215
0.233
0.211
0.228
0.213
0.215
0.225
0.216
0.172
0.220
0.213
0.176
0.228
0.226
0.230
0.225
0.210
0.243
0.224
0.214
0.203
0.221
0.211
0.214
0.213
0.241
0.214
0.232
0.213
0.217
0.225
0.202
0.220
0.236
0.207
0.229
0.216
0.216
0.222
0.254
0.225
0.248
0.223
0.212
0.226
0.226
0.226
0.212
0.207
0.226
0.223
0.258
0.215
0.229
0.225
0.214
0.181
0.254
0.214
0.245
0.218
0.183
0.224
0.217
0.225
0.222
0.208
0.219
0.211
0.239
0.209
0.221
0.225
0.243
0.215
0.217
0.222
0.219
0.174
0.203
0.213
0.214
0.207
0.211
0.214
0.228
0.225
0.245
0.224
0.251
0.224
0.214
0.222
0.220
0.226
0.225
0.227
0.175
0.214
0.215
0.223
0.213
0.215
0.218
0.211
0.217
0.181
0.244
0.246
0.240
0.227
0.205
0.226
0.228
0.219
0.177
0.218
0.245
0.224
0.218
0.209
0.232
0.210
0.170
0.187
0.232
0.225
0.209
0.207
0.213
0.239
0.205
0.207
0.172
0.217
0.216
0.226
0.232
0.224
0.218
0.236
0.225
0.211
0.235
0.215
0.221
0.223
0.212
0.211
0.247
0.222
0.224
0.211
0.226
0.213
0.236
0.208
0.258
0.223
0.216
0.216
0.246
0.216
0.215
0.211
0.199
0.214
0.229
0.226
0.244
0.207
0.234
0.194
0.213
0.225
0.249
0.226
0.245
0.214
0.214
0.216
0.217
0.225
0.207
0.214
0.165
0.223
0.213
0.213
0.219
0.213
0.214
0.183
0.218
0.213
0.228
0.228
0.206
0.224
0.217
0.227
0.250
0.215
0.212
0.224
0.219
0.204
0.212
0.222
0.210
0.212
0.253
0.212
0.207
0.207
0.212
0.217
0.235
0.226
0.190
0.212
0.235
0.214
0.214
0.210
0.486
0.225
0.214
0.191
0.218
0.455
0.458
0.435
0.412
0.394
0.375
0.219
0.206
0.310
0.457
0.219
0.229
0.210
0.222
0.214
0.216
0.217
0.167
0.221
0.212
0.214
0.204
0.219
0.218
0.222
0.250
0.221
0.217
0.209
0.210
0.216
0.230
0.216
0.208
0.215
0.217
0.178
0.217
0.214
0.347
0.394
0.391
0.374
0.217
0.207
0.214
0.235
0.230
0.206
0.247
0.214
0.224
0.213
0.211
0.215
0.250
0.226
0.207
0.227
0.226
0.214
0.226
0.208
0.222
0.223
0.248
0.215
0.251
0.227
1.02
0.205
0.253
0.230
0.211
0.248
0.203
0.248
0.194
0.226
0.160
0.208
0.224
0.248
0.215
0.225
0.223
0.229
0.216
0.227
0.205
0.225
0.225
0.216
0.187
0.204
0.211
0.253
0.211
0.207
0.212
0.222
0.232
0.212
0.243
0.211
0.221
0.212
0.206
0.216
0.218
0.214
0.215
0.211
0.213
0.224
0.214
0.212
0.216
0.224
0.229
0.224
0.216
0.183
0.222
0.214
0.206
0.218
0.247
0.225
0.211
0.229
0.213
0.212
0.213
0.205
0.249
0.225
0.217
0.222
0.207
0.226
0.169
0.215
0.205
0.217
0.204
0.211
0.228
0.208
0.175
0.216
0.219
0.205
0.258
0.214
0.217
0.215
0.214
0.215
0.217
0.223
0.209
0.214
0.215
0.235
0.234
0.212
0.214
0.224
0.237
0.203
0.215
0.220
0.215
0.229
0.243
0.216
0.225
0.214
0.222
0.226
0.228
0.214
0.225
0.206
0.260
0.217
0.215
0.186
0.224
0.172
0.214
0.213
0.208
0.225
0.228
0.226
0.191
0.225
0.209
0.213
0.225
0.183
0.165
0.207
0.214
0.203
0.174
0.226
0.240
0.225
0.207
0.228
0.237
0.207
0.175
0.240
0.230
0.214
0.226
0.210
0.221
0.232
0.263
0.254
0.216
0.216
0.217
0.235
0.242
0.225
0.234
0.210
0.216
0.222
0.213
0.217
0.218
0.212
0.239
0.208
0.215
0.225
0.207
0.215
0.243
0.218
0.242
0.224
0.216
0.224
0.227
0.224
0.238
0.225
0.228
0.210
0.256
0.227
0.214
0.226
0.216
0.225
0.220
0.228
0.170
0.217
0.216
0.216
0.214
0.208
0.243
0.213
0.250
0.208
0.226
0.227
0.214
0.213
0.235
0.216
0.219
0.212
0.236
0.224
0.216
0.226
0.221
0.217
0.214
0.219
0.246
0.223
0.210
0.227
0.222
0.218
0.206
0.223
0.215
0.224
0.234
0.211
0.248
0.216
0.234
0.221
0.206
0.226
0.231
0.213
0.210
0.213
0.215
0.224
0.225
0.210
0.246
0.226
0.223
0.182
0.218
0.213
0.220
0.213
0.229
0.171
0.213
0.225
0.184
0.216
0.218
0.214
0.239
0.210
0.216
0.214
0.234
0.183
0.203
0.225
0.212
0.206
0.206
0.228
0.222
0.220
0.191
0.219
0.248
0.220
0.226
0.240
0.221
0.225
0.225
0.224
0.234
0.216
0.228
0.224
0.207
0.228
0.215
0.206
0.233
0.215
0.214
0.226
0.215
0.205
0.214
0.214
0.227
0.223
0.237
0.212
0.226
0.214
0.213
0.225
0.217
0.215
0.209
0.207
0.244
0.226
0.207
0.169
0.250
0.247
0.218
0.223
0.215
0.211
0.214
0.214
0.206
0.224
0.214
0.226
0.226
0.206
0.250
0.224
0.215
0.217
0.220
0.214
0.246
0.217
0.212
0.219
0.210
0.216
0.186
0.225
0.216
0.225
0.225
0.211
0.218
0.225
0.214
0.188
0.217
0.224
0.220
0.227
0.211
0.214
0.220
0.219
0.175
0.213
0.217
0.224
0.214
0.210
0.249
0.224
0.258
0.185
0.236
0.250
0.216
0.211
0.210
0.226
0.231
0.169
0.190
0.231
0.245
0.224
0.217
0.211
0.250
0.225
0.237
0.225
0.225
0.224
0.215
0.218
0.209
0.229
0.216
0.213
0.213
0.240
0.210
0.223
0.218
0.210
0.238
0.210
0.223
0.223
0.214
0.225
0.235
0.223
0.210
0.216
0.234
0.218
0.216
0.207
0.249
0.223
0.236
0.203
0.225
0.225
0.237
0.214
0.181
0.215
0.213
0.226
0.208
0.213
0.217
0.227
0.215
0.207
0.223
0.226
0.235
0.208
0.218
0.174
0.213
0.215
0.208
0.206
0.237
0.228
0.243
0.224
0.210
0.247
0.225
0.209
0.252
0.217
0.244
0.208
0.219
0.214
