0.196
0.187
0.185
0.186
0.186
0.185
0.155
0.138
0.193
0.163
0.157
0.160
0.191
0.157
0.147
0.177
0.163
0.159
0.160
0.162
0.159
0.151
0.176
0.161
0.160
0.152
0.165
0.154
0.163
0.118
0.161
0.161
0.167
0.165
0.159
0.153
0.155
0.156
0.156
0.157
0.159
0.161
0.156
0.151
0.153
0.182
0.161
0.155
0.162
0.196
0.159
0.155
0.189
0.163
0.158
0.153
0.170
0.154
0.119
0.147
0.179
0.160
0.169
0.159
0.165
0.158
0.155
0.156
0.173
0.164
0.162
0.164
0.165
0.123
0.154
0.161
0.162
0.174
0.156
0.159
0.164
0.152
0.187
0.156
0.163
0.172
0.163
0.164
0.123
0.152
0.160
0.111
0.161
0.162
0.158
0.185
0.159
0.155
0.165
0.158
0.198
0.159
0.149
0.148
0.155
0.189
0.158
0.160
0.169
0.148
0.157
0.151
0.196
0.150
0.162
0.155
0.166
0.160
0.158
0.153
0.159
0.150
0.154
0.159
0.207
0.163
0.149
0.163
0.193
0.159
0.157
0.158
0.154
0.112
0.147
0.157
0.164
0.156
0.155
0.158
0.159
0.127
0.150
0.164
0.177
0.153
0.164
0.162
0.165
0.149
0.157
0.157
0.163
0.118
0.159
0.154
0.154
0.153
0.160
0.155
0.162
0.150
0.157
0.158
0.158
0.152
0.158
0.173
0.161
0.159
0.156
0.120
0.155
0.160
0.160
0.165
0.155
0.158
0.161
0.150
0.162
0.157
0.175
0.162
0.170
0.186
0.129
0.151
0.177
0.163
0.158
0.163
0.161
0.162
0.150
0.152
0.169
0.157
0.157
0.161
0.160
0.137
0.148
0.165
0.166
0.157
0.159
0.160
0.160
0.150
0.154
0.168
0.186
0.155
0.155
0.116
0.167
0.149
0.167
0.161
0.159
0.158
0.193
0.158
0.155
0.152
0.158
0.160
0.162
0.163
0.156
0.163
0.157
0.160
0.156
0.154
0.168
0.159
0.155
0.154
0.152
0.161
0.172
0.164
0.167
0.152
0.158
0.147
0.165
0.157
0.163
0.149
0.165
0.164
0.118
0.152
0.163
0.160
0.159
0.159
0.156
0.156
0.157
0.161
0.160
0.163
0.151
0.160
0.165
0.127
0.150
0.195
0.193
0.164
0.155
0.152
0.164
0.111
0.163
0.163
0.165
0.151
0.159
0.162
0.129
0.174
0.158
0.155
0.162
0.159
0.159
0.155
0.162
0.163
0.160
0.154
0.157
0.155
0.155
0.130
0.155
0.161
0.168
0.163
0.162
0.154
0.163
0.154
0.170
0.162
0.159
0.157
0.165
0.158
0.156
0.163
0.165
0.159
0.160
0.161
0.115
0.155
0.152
0.156
0.165
0.160
0.116
0.160
0.159
0.158
0.147
0.158
0.161
0.192
0.147
0.147
0.161
0.152
0.151
0.112
0.116
0.160
0.147
0.160
0.158
0.157
0.163
0.166
0.157
0.159
0.162
0.159
0.121
0.155
0.179
0.158
0.161
0.155
0.156
0.161
0.153
0.161
0.156
0.165
0.159
0.158
0.158
0.124
0.160
0.158
0.157
0.158
0.159
0.163
0.155
0.159
0.165
0.155
0.160
0.159
0.152
0.163
0.144
0.156
0.167
0.158
0.161
0.157
0.162
0.159
0.147
0.159
0.158
0.158
0.160
0.157
0.156
0.132
0.154
0.165
0.155
0.109
0.115
0.118
0.154
0.153
0.153
0.156
0.158
0.163
0.158
0.164
0.144
0.150
0.155
0.159
0.167
0.162
0.160
0.158
0.156
0.158
0.163
0.117
0.158
0.157
0.161
0.156
0.151
0.158
0.157
0.160
0.157
0.164
0.153
0.154
0.128
0.157
0.181
0.161
0.158
0.160
0.152
0.151
0.164
0.145
0.158
0.158
0.184
0.164
0.148
0.152
0.159
0.164
0.162
0.154
0.163
0.151
0.150
0.162
0.165
0.149
0.168
0.122
0.160
0.117
0.149
0.158
0.202
0.157
0.161
0.163
0.158
0.152
0.163
0.150
0.160
0.157
0.156
0.163
0.143
0.156
0.156
0.160
0.179
0.154
0.164
0.160
0.156
0.158
0.160
0.150
0.159
0.162
0.156
0.125
0.154
0.154
0.174
0.159
0.163
0.160
0.163
0.152
0.163
0.166
0.112
0.153
0.157
0.156
0.156
0.163
0.123
0.165
0.154
0.153
0.122
0.161
0.151
0.156
0.166
0.162
0.157
0.162
0.154
0.120
0.186
0.167
0.171
0.158
0.154
0.160
0.161
0.156
0.153
0.171
0.162
0.159
0.163
0.167
0.163
0.153
0.165
0.165
0.166
0.161
0.162
0.162
0.150
0.150
0.158
0.157
0.160
0.158
0.157
0.164
0.153
0.160
0.157
0.156
0.160
0.158
0.173
0.122
0.154
0.172
0.158
0.158
0.166
0.163
0.155
0.155
0.160
0.166
0.159
0.161
0.164
0.187
0.178
0.157
0.198
0.159
0.173
0.164
0.162
0.160
0.153
0.121
0.180
0.159
0.155
0.163
0.160
0.123
0.149
0.176
0.160
0.161
0.155
0.163
0.159
0.151
0.160
0.167
0.157
0.163
0.162
0.179
0.121
0.152
0.156
0.161
0.172
0.163
0.163
0.191
0.157
0.153
0.180
0.154
0.161
0.155
0.169
0.158
0.152
0.202
0.159
0.161
0.159
0.157
0.155
0.149
0.153
0.157
0.155
0.161
0.169
0.155
0.164
0.156
0.166
0.159
0.166
0.159
0.159
0.152
0.150
0.153
0.200
0.083
0.156
0.165
0.161
0.158
0.152
0.157
0.160
0.161
0.156
0.157
0.160
0.133
0.146
0.166
0.116
0.152
0.150
0.157
0.151
0.159
0.158
0.157
0.178
0.157
0.154
0.166
0.129
0.155
0.162
0.117
0.164
0.190
0.161
0.158
0.154
0.162
0.160
0.158
0.162
0.158
0.161
0.126
0.153
0.158
0.155
0.161
0.162
0.154
0.165
0.159
0.165
0.155
0.170
0.166
0.160
0.154
0.151
0.153
0.120
0.158
0.191
0.144
0.193
0.156
0.157
0.154
0.161
0.159
0.155
0.159
0.159
0.161
0.152
0.161
0.161
0.152
0.163
0.161
0.162
0.154
0.148
0.157
0.170
0.157
0.156
0.162
0.160
0.148
0.156
0.164
0.204
0.161
0.177
0.171
0.126
0.155
0.158
0.149
0.170
0.157
0.155
0.158
0.156
0.159
0.199
0.191
0.161
0.155
0.160
0.154
0.165
0.156
0.163
0.166
0.157
0.152
0.166
0.147
0.160
0.163
0.165
0.165
0.159
0.124
0.120
0.157
0.163
0.161
0.193
0.161
0.162
0.158
0.149
0.160
0.172
0.194
0.164
0.161
0.163
0.129
0.112
0.162
0.184
0.159
0.155
0.162
0.162
0.147
0.156
0.166
0.161
0.157
0.161
0.156
0.137
0.159
0.161
0.164
0.165
0.157
0.149
0.163
0.160
0.158
0.164
0.191
0.160
0.155
0.154
0.164
0.151
0.157
0.157
0.164
0.160
0.173
0.157
0.155
0.155
0.168
0.161
0.160
0.163
0.157
0.159
0.110
0.166
0.167
0.154
0.159
0.161
0.190
0.147
0.150
0.161
0.152
0.163
0.160
0.150
0.153
0.150
0.166
0.182
0.162
0.155
0.154
0.153
0.150
0.147
0.149
0.158
0.161
0.168
0.164
0.159
0.159
0.157
0.157
0.158
0.163
0.156
0.153
0.123
0.155
0.160
0.165
0.153
0.169
0.157
0.112
0.154
0.164
0.148
0.164
0.163
0.157
0.157
0.153
0.153
0.163
0.166
0.158
0.159
0.150
0.157
0.155
0.165
0.110
0.166
0.162
0.187
0.159
0.122
0.151
0.175
0.151
0.158
0.157
0.162
0.157
0.152
0.163
0.205
0.158
0.157
0.157
0.159
0.154
0.155
0.193
0.194
0.180
0.182
0.185
0.192
0.177
0.158
0.188
0.163
0.167
0.149
0.159
0.160
0.152
0.160
0.187
0.153
0.155
0.161
0.163
0.148
0.155
0.166
0.164
0.161
0.152
0.158
0.166
0.153
0.159
0.161
0.167
0.161
0.158
0.157
0.123
0.160
0.168
0.156
0.118
0.162
0.159
0.157
0.154
0.158
0.149
0.158
0.160
0.150
0.158
0.148
0.154
0.158
0.160
0.163
0.156
0.159
0.158
0.153
0.162
0.163
0.148
0.180
0.121
0.160
0.139
0.158
0.158
0.158
0.122
0.158
0.165
0.161
0.151
0.162
0.152
0.160
0.155
0.149
0.162
0.122
0.151
0.157
0.161
0.162
0.114
0.162
0.170
0.167
0.158
0.180
0.168
0.166
0.165
0.165
0.130
0.164
0.155
0.164
0.163
0.159
0.111
0.157
0.160
0.153
0.159
0.158
0.162
0.179
0.156
0.157
0.152
0.158
0.158
0.158
0.157
0.168
0.155
0.189
0.156
0.161
0.165
0.160
0.171
0.156
0.152
0.154
0.201
0.173
0.159
0.160
0.167
0.161
0.152
0.158
0.172
0.162
0.162
0.156
0.160
0.163
0.149
0.159
0.164
0.161
0.157
0.169
0.159
0.126
0.156
0.171
0.169
0.159
0.152
0.157
0.157
0.153
0.157
0.161
0.162
0.160
0.159
0.158
0.116
0.155
0.156
0.159
0.161
0.156
0.158
0.154
0.158
0.161
0.160
0.159
0.156
0.163
0.170
0.125
0.155
0.195
0.159
0.177
0.164
0.162
0.154
0.151
0.162
0.172
0.159
0.173
0.175
0.171
0.140
0.151
0.168
0.159
0.157
0.160
0.169
0.158
0.155
0.148
0.163
0.158
0.151
0.155
0.160
0.160
0.150
0.161
0.166
0.158
0.162
0.155
0.155
0.149
0.153
0.156
0.166
0.156
0.162
0.160
0.120
0.149
0.110
0.151
0.159
0.156
0.163
0.159
0.160
0.114
0.165
0.165
0.156
0.159
0.165
0.173
0.165
0.156
0.160
0.170
0.167
0.157
0.162
0.152
0.119
0.158
0.162
0.156
0.165
0.162
0.151
0.148
0.162
0.159
0.162
0.171
0.162
0.157
0.121
0.151
0.167
0.170
0.185
0.167
0.160
0.164
0.154
0.159
0.162
0.175
0.164
0.155
0.162
0.147
0.150
0.157
0.163
0.157
0.156
0.160
0.168
0.153
0.175
0.158
0.113
0.158
0.155
0.161
0.136
0.149
0.158
0.164
0.196
0.159
0.155
0.160
0.155
0.158
0.161
0.151
0.162
0.159
0.165
0.165
0.160
0.165
0.115
0.156
0.161
0.156
0.159
0.148
0.156
0.158
0.156
0.156
0.155
0.157
0.154
0.146
0.163
0.161
0.190
0.157
0.163
0.164
0.150
0.161
0.163
0.147
0.152
0.164
0.159
0.160
0.158
0.167
0.155
0.159
0.161
0.158
0.167
0.159
0.201
0.158
0.206
0.173
0.112
0.145
0.166
0.155
0.164
0.166
0.158
0.164
0.155
0.162
0.125
0.152
0.167
0.175
0.168
0.157
0.154
0.165
0.151
0.157
0.157
0.156
0.169
0.162
0.117
0.120
0.168
0.152
0.163
0.173
0.157
0.162
0.156
0.167
0.166
0.166
0.165
0.166
0.174
0.175
0.133
0.149
0.168
0.165
0.157
0.163
0.159
0.192
0.151
0.158
0.167
0.156
0.171
0.155
0.167
0.148
0.161
0.157
0.168
0.169
0.166
0.159
0.143
0.184
0.157
0.157
0.167
0.164
0.157
0.153
0.167
0.149
0.115
0.122
0.168
0.161
0.157
0.165
0.152
0.150
0.161
0.157
0.193
0.194
0.164
0.155
0.178
0.165
0.208
0.166
0.157
0.159
0.161
0.148
0.154
0.159
0.167
0.158
0.168
0.156
0.162
0.154
0.163
0.181
0.164
0.156
0.155
0.159
0.122
0.112
0.152
0.159
0.161
0.180
0.158
0.159
0.155
0.157
0.193
0.163
0.165
0.158
0.152
0.128
0.115
0.156
0.173
0.159
0.177
0.156
0.160
0.164
0.160
0.165
0.159
0.177
0.198
0.159
0.138
0.150
0.166
0.162
0.163
0.165
0.167
0.158
0.155
0.161
0.149
0.169
0.164
0.161
0.153
0.128
0.155
0.159
0.157
0.158
0.166
0.156
0.153
0.158
0.160
0.159
0.160
0.155
0.156
0.159
0.156
0.148
0.160
0.163
0.157
0.155
0.157
0.157
0.151
0.154
0.158
0.147
0.159
0.163
0.160
0.156
0.158
0.154
0.115
0.151
0.165
0.156
0.156
0.157
0.152
0.158
0.165
0.155
0.161
0.163
0.163
0.186
0.160
0.164
0.169
0.168
0.170
0.200
0.168
0.152
0.164
0.155
0.160
0.164
0.162
0.166
0.155
0.158
0.149
0.158
0.162
0.167
0.159
0.119
0.151
0.164
0.161
0.158
0.153
0.154
0.164
0.153
0.162
0.176
0.168
0.191
0.164
0.155
0.119
0.154
0.160
0.195
0.161
0.154
0.158
0.161
0.152
0.157
0.167
0.151
0.112
0.155
0.164
0.121
0.150
0.163
0.160
0.157
0.112
0.162
0.163
0.148
0.165
0.171
0.157
0.148
0.159
0.157
0.162
0.151
0.159
0.177
0.159
0.158
0.164
0.156
0.149
0.149
0.176
0.158
0.161
0.164
0.160
0.158
0.158
0.165
0.161
0.157
0.149
0.158
0.162
0.148
0.156
0.160
0.153
0.172
0.160
0.166
0.170
0.150
0.160
0.164
0.161
0.155
0.161
0.158
0.154
0.150
0.156
0.160
0.160
0.155
0.114
0.166
0.149
0.172
0.164
0.157
0.154
0.163
0.158
0.127
0.154
0.157
0.164
0.175
0.166
0.154
0.155
0.158
0.157
0.161
0.160
0.162
0.157
0.169
0.125
0.157
0.159
0.163
0.148
0.160
0.166
0.163
0.149
0.159
0.164
0.157
0.158
0.164
0.162
0.124
0.152
0.165
0.158
0.171
0.167
0.195
0.161
0.149
0.164
0.157
0.161
0.156
0.150
0.156
0.164
0.150
0.154
0.159
0.160
0.160
0.160
0.163
0.112
0.153
0.161
0.158
0.164
0.159
0.165
0.156
0.152
0.160
0.161
0.156
0.160
0.157
0.164
0.151
0.150
0.159
0.157
0.162
0.157
0.170
0.161
0.154
0.156
0.158
0.154
0.158
0.161
0.148
0.121
0.152
0.166
0.165
0.171
0.158
0.156
0.156
0.158
0.160
0.159
0.174
0.161
0.116
0.146
0.124
0.155
0.162
0.160
0.156
0.163
0.156
0.164
0.152
0.159
0.163
0.161
0.163
0.160
0.158
0.178
0.183
0.116
0.114
0.192
0.159
0.159
0.162
0.150
0.156
0.165
0.175
0.160
0.157
0.162
0.131
0.164
0.160
0.160
0.158
0.164
0.154
0.162
0.148
0.171
0.158
0.163
0.168
0.169
0.194
0.155
0.180
0.167
0.158
0.162
0.165
0.158
0.155
0.154
0.153
0.162
0.201
0.161
0.148
0.174
0.158
0.150
0.166
0.165
0.159
0.124
0.155
0.160
0.139
0.167
0.158
0.198
0.161
0.157
0.156
0.165
0.147
0.161
0.181
0.112
0.158
0.136
0.156
0.124
0.147
0.164
0.168
0.165
0.163
0.177
0.151
0.155
0.154
0.164
0.164
0.160
0.155
0.162
0.125
0.175
0.161
0.171
0.195
0.159
0.158
0.165
0.148
0.159
0.192
0.187
0.162
0.156
0.162
0.144
0.164
0.160
0.174
0.162
0.157
0.157
0.164
0.158
0.162
0.166
0.166
0.190
0.336
0.165
0.129
0.159
0.163
0.407
0.115
0.157
0.162
0.196
0.150
0.160
0.158
0.171
0.162
0.330
0.159
0.160
0.150
0.188
0.159
0.160
0.158
0.169
0.161
0.158
0.192
0.159
0.157
0.170
0.156
0.159
0.160
0.158
0.160
0.165
0.189
0.161
0.155
0.162
0.160
0.153
0.154
0.193
0.159
0.157
0.188
0.157
0.152
0.163
0.158
0.161
0.159
0.162
0.169
0.150
0.152
0.167
0.166
0.163
0.169
0.158
0.157
0.159
0.161
0.191
0.158
0.160
0.161
0.159
0.154
0.152
0.161
0.164
0.160
0.169
0.156
0.117
0.154
0.160
0.188
0.165
0.155
0.159
0.162
0.124
0.152
0.160
0.157
0.161
0.179
0.162
0.161
0.190
0.159
0.158
0.162
0.159
0.156
0.157
0.139
0.153
0.162
0.154
0.160
0.159
0.157
0.160
0.154
0.162
0.156
0.166
0.157
0.163
0.149
0.133
0.149
0.160
0.168
0.157
0.174
0.161
0.150
0.178
0.192
0.161
0.159
0.162
0.114
0.151
0.155
0.152
0.162
0.167
0.162
0.169
0.164
0.164
0.147
0.116
0.154
0.160
0.152
0.166
0.160
0.157
0.153
0.165
0.157
0.163
0.164
0.166
0.168
0.150
0.152
0.157
0.148
0.157
0.159
0.167
0.158
0.157
0.158
0.148
0.159
0.169
0.170
0.165
0.149
0.150
0.154
0.161
0.157
0.157
0.159
0.165
0.149
0.166
0.163
0.162
0.154
0.157
0.155
0.119
0.151
0.164
0.157
0.168
