0.216
0.184
0.170
0.160
0.163
0.159
0.159
0.151
0.161
0.153
0.163
0.148
0.157
0.151
0.151
0.153
0.152
0.151
0.164
0.144
0.162
0.155
0.169
0.147
0.159
0.144
0.159
0.155
0.159
0.151
0.164
0.154
0.152
0.157
0.122
0.154
0.167
0.156
0.164
0.163
0.166
0.156
0.161
0.117
0.167
0.152
0.161
0.154
0.158
0.151
0.151
0.157
0.126
0.153
0.156
0.157
0.157
0.153
0.156
0.150
0.158
0.154
0.156
0.156
0.156
0.154
0.157
0.160
0.153
0.155
0.156
0.157
0.159
0.162
0.153
0.153
0.156
0.113
0.155
0.159
0.161
0.156
0.160
0.157
0.148
0.164
0.150
0.158
0.155
0.157
0.155
0.158
0.153
0.155
0.161
0.145
0.145
0.154
0.149
0.155
0.158
0.151
0.150
0.154
0.134
0.157
0.156
0.154
0.164
0.154
0.164
0.155
0.158
0.152
0.163
0.146
0.158
0.153
0.154
0.145
0.149
0.151
0.159
0.158
0.163
0.157
0.164
0.148
0.164
0.144
0.157
0.154
0.162
0.151
0.161
0.154
0.153
0.154
0.153
0.162
0.164
0.154
0.160
0.159
0.164
0.154
0.162
0.151
0.162
0.151
0.163
0.154
0.162
0.158
0.152
0.159
0.121
0.152
0.164
0.158
0.168
0.156
0.158
0.148
0.159
0.155
0.158
0.155
0.173
0.154
0.162
0.156
0.155
0.152
0.158
0.149
0.158
0.157
0.160
0.150
0.160
0.143
0.162
0.154
0.123
0.156
0.149
0.160
0.153
0.152
0.155
0.154
0.162
0.146
0.158
0.161
0.158
0.151
0.162
0.146
0.161
0.157
0.159
0.153
0.163
0.155
0.152
0.192
0.160
0.152
0.157
0.164
0.163
0.152
0.157
0.147
0.158
0.120
0.168
0.160
0.156
0.152
0.115
0.113
0.151
0.152
0.159
0.155
0.169
0.151
0.163
0.151
0.165
0.144
0.159
0.159
0.156
0.151
0.159
0.156
0.155
0.154
0.149
0.158
0.157
0.146
0.162
0.153
0.158
0.147
0.158
0.125
0.168
0.156
0.166
0.155
0.160
0.158
0.149
0.157
0.127
0.151
0.157
0.160
0.171
0.153
0.174
0.151
0.162
0.161
0.159
0.158
0.161
0.159
0.163
0.157
0.149
0.162
0.160
0.162
0.157
0.153
0.157
0.154
0.156
0.144
0.162
0.160
0.118
0.189
0.160
0.156
0.151
0.154
0.147
0.158
0.156
0.149
0.149
0.157
0.166
0.153
0.156
0.149
0.162
0.153
0.165
0.162
0.158
0.159
0.153
0.159
0.147
0.153
0.112
0.156
0.156
0.154
0.158
0.148
0.161
0.152
0.159
0.165
0.156
0.155
0.158
0.161
0.149
0.152
0.153
0.153
0.159
0.154
0.145
0.149
0.157
0.145
0.157
0.158
0.158
0.157
0.150
0.161
0.153
0.177
0.153
0.155
0.159
0.150
0.157
0.161
0.160
0.149
0.161
0.121
0.156
0.158
0.156
0.157
0.154
0.152
0.147
0.155
0.120
0.160
0.163
0.160
0.160
0.153
0.160
0.152
0.156
0.154
0.156
0.161
0.157
0.158
0.178
0.117
0.147
0.155
0.154
0.155
0.159
0.166
0.159
0.152
0.160
0.148
0.154
0.160
0.164
0.156
0.158
0.164
0.151
0.155
0.151
0.157
0.155
0.153
0.155
0.158
0.155
0.156
0.155
0.149
0.160
0.156
0.151
0.168
0.164
0.155
0.148
0.150
0.151
0.154
0.154
0.150
0.155
0.154
0.154
0.150
0.154
0.133
0.155
0.158
0.163
0.156
0.155
0.169
0.150
0.156
0.154
0.161
0.159
0.113
0.148
0.152
0.155
0.148
0.153
0.164
0.157
0.161
0.160
0.161
0.151
0.154
0.112
0.163
0.153
0.153
0.165
0.164
0.189
0.154
0.157
0.153
0.153
0.154
0.155
0.155
0.160
0.169
0.154
0.156
0.121
0.158
0.150
0.162
0.158
0.160
0.158
0.150
0.157
0.122
0.158
0.148
0.156
0.158
0.114
0.157
0.159
0.160
0.187
0.157
0.164
0.153
0.155
0.156
0.154
0.158
0.165
0.160
0.155
0.154
0.156
0.158
0.148
0.154
0.147
0.157
0.158
0.148
0.200
0.157
0.160
0.154
0.162
0.151
0.157
0.158
0.159
0.149
0.157
0.154
0.153
0.158
0.141
0.159
0.149
0.157
0.160
0.156
0.182
0.150
0.156
0.137
0.154
0.162
0.160
0.154
0.157
0.156
0.153
0.154
0.157
0.156
0.160
0.148
0.160
0.162
0.157
0.148
0.158
0.092
0.132
0.231
0.127
0.089
1.11
0.102
0.145
0.550
0.122
0.122
0.095
0.112
0.118
0.427
0.122
0.116
0.297
0.102
0.136
0.152
0.154
0.159
0.146
0.162
0.125
0.157
0.154
0.157
0.153
0.159
0.155
0.150
0.113
0.137
0.159
0.162
0.160
0.156
0.167
0.160
0.150
0.154
0.155
0.158
0.158
0.160
0.153
0.161
0.157
0.154
0.159
0.150
0.153
0.156
0.160
0.157
0.146
0.159
0.145
0.151
0.159
0.156
0.146
0.163
0.154
0.157
0.159
0.149
0.157
0.155
0.154
0.162
0.155
0.159
0.188
0.151
0.148
0.156
0.154
0.159
0.154
0.157
0.155
0.151
0.155
0.122
0.148
0.159
0.161
0.171
0.158
0.162
0.148
0.157
0.131
0.157
0.154
0.161
0.154
0.162
0.155
0.153
0.155
0.158
0.155
0.160
0.157
0.157
0.151
0.154
0.146
0.158
0.159
0.161
0.161
0.164
0.162
0.160
0.154
0.150
0.153
0.159
0.154
0.158
0.152
0.157
0.152
0.157
0.146
0.162
0.155
0.162
0.155
0.160
0.152
0.155
0.158
0.136
0.158
0.156
0.154
0.155
0.158
0.152
0.147
0.159
0.144
0.169
0.158
0.161
0.160
0.161
0.156
0.151
0.154
0.173
0.157
0.161
0.166
0.158
0.156
0.156
0.147
0.158
0.154
0.160
0.158
0.162
0.158
0.156
0.154
0.153
0.155
0.159
0.159
0.154
0.155
0.159
0.148
0.166
0.117
0.155
0.146
0.158
0.155
0.156
0.158
0.149
0.155
0.132
0.152
0.165
0.157
0.160
0.159
0.158
0.148
0.160
0.144
0.159
0.155
0.166
0.155
0.158
0.159
0.156
0.159
0.162
0.155
0.165
0.162
0.162
0.156
0.159
0.146
0.112
0.156
0.156
0.155
0.161
0.160
0.159
0.155
0.162
0.159
0.161
0.155
0.164
0.154
0.161
0.152
0.159
0.148
0.159
0.154
0.158
0.159
0.155
0.159
0.150
0.158
0.147
0.160
0.163
0.153
0.162
0.154
0.158
0.146
0.194
0.188
0.186
0.187
0.192
0.185
0.158
0.162
0.156
0.157
0.157
0.148
0.155
0.157
0.159
0.163
0.146
0.151
0.157
0.156
0.160
0.160
0.157
0.156
0.154
0.155
0.152
0.156
0.155
0.160
0.155
0.193
0.184
0.148
0.156
0.147
0.156
0.158
0.158
0.168
0.158
0.162
0.156
0.155
0.120
0.153
0.160
0.080
0.170
0.158
0.158
0.146
0.157
0.131
0.159
0.156
0.159
0.155
0.158
0.158
0.156
0.159
0.124
0.163
0.161
0.160
0.172
0.155
0.156
0.150
0.168
0.156
0.155
0.155
0.159
0.158
0.156
0.158
0.155
0.157
0.157
0.159
0.159
0.155
0.156
0.146
0.157
0.148
0.157
0.154
0.158
0.160
0.157
0.157
0.154
0.159
0.123
0.165
0.160
0.155
0.163
0.155
0.159
0.153
0.156
0.118
0.124
0.155
0.156
0.154
0.158
0.158
0.154
0.160
0.124
0.156
0.162
0.155
0.163
0.155
0.156
0.146
0.164
0.156
0.155
0.154
0.159
0.156
0.155
0.159
0.153
0.157
0.155
0.160
0.160
0.154
0.157
0.158
0.157
0.147
0.164
0.164
0.161
0.153
0.160
0.155
0.154
0.155
0.150
0.160
0.167
0.155
0.155
0.154
0.161
0.109
0.160
0.149
0.156
0.161
0.155
0.154
0.159
0.159
0.155
0.155
0.143
0.161
0.156
0.159
0.163
0.158
0.160
0.152
0.158
0.162
0.158
0.158
0.161
0.155
0.156
0.154
0.152
0.160
0.164
0.156
0.169
0.157
0.159
0.153
0.159
0.122
0.156
0.161
0.151
0.146
0.161
0.145
0.150
0.164
0.149
0.156
0.157
0.155
0.153
0.156
0.161
0.149
0.155
0.119
0.156
0.154
0.153
0.157
0.157
0.156
0.153
0.162
0.136
0.155
0.152
0.161
0.157
0.155
0.153
0.148
0.161
0.161
0.154
0.154
0.156
0.158
0.154
0.158
0.152
0.161
0.157
0.115
0.156
0.157
0.153
0.149
0.156
0.153
0.153
0.158
0.167
0.156
0.158
0.158
0.153
0.160
0.148
0.162
0.149
0.162
0.154
0.159
0.160
0.152
0.153
0.120
0.156
0.156
0.160
0.161
0.156
0.156
0.155
0.152
0.130
0.163
0.162
0.161
0.161
0.154
0.152
0.156
0.159
0.155
0.158
0.155
0.163
0.191
0.155
0.152
0.149
0.158
0.155
0.154
0.157
0.154
0.160
0.149
0.167
0.151
0.156
0.154
0.158
0.155
0.160
0.160
0.152
0.154
0.150
0.195
0.158
0.156
0.156
0.154
0.157
0.146
0.155
0.143
0.159
0.146
0.156
0.158
0.160
0.159
0.157
0.154
0.124
0.154
0.155
0.154
0.170
0.154
0.158
0.150
0.158
0.169
0.156
0.159
0.158
0.156
0.155
0.158
0.151
0.158
0.161
0.158
0.157
0.153
0.158
0.157
0.165
0.152
0.156
0.149
0.159
0.156
0.163
0.159
0.154
0.153
0.152
0.154
0.158
0.154
0.159
0.162
0.158
0.151
0.163
0.149
0.157
0.159
0.155
0.153
0.163
0.153
0.155
0.113
0.123
0.155
0.157
0.159
0.159
0.165
0.165
0.151
0.151
0.147
0.155
0.163
0.154
0.161
0.187
0.160
0.140
0.157
0.151
0.159
0.161
0.159
0.152
0.152
0.156
0.149
0.153
0.156
0.155
0.155
0.159
0.159
0.153
0.160
0.150
0.152
0.170
0.157
0.156
0.154
0.155
0.154
0.159
0.151
0.161
0.158
0.154
0.080
0.159
0.158
0.153
0.157
0.125
0.157
0.152
0.157
0.156
0.160
0.163
0.148
0.157
0.133
0.152
0.162
0.156
0.157
0.157
0.162
0.147
0.155
0.147
0.160
0.157
0.158
0.158
0.149
0.158
0.149
0.154
0.163
0.156
0.163
0.155
0.160
0.152
0.155
0.141
0.158
0.156
0.155
0.154
0.157
0.156
0.149
0.153
0.150
0.191
0.149
0.154
0.157
0.160
0.155
0.153
0.157
0.121
0.150
0.158
0.156
0.157
0.160
0.154
0.148
0.157
0.121
0.153
0.155
0.160
0.150
0.156
0.156
0.149
0.156
0.154
0.161
0.160
0.156
0.154
0.162
0.160
0.149
0.153
0.156
0.156
0.155
0.153
0.151
0.149
0.165
0.150
0.156
0.157
0.165
0.156
0.156
0.155
0.151
0.159
0.149
0.161
0.161
0.145
0.156
0.157
0.157
0.153
0.139
0.148
0.148
0.159
0.160
0.162
0.161
0.160
0.149
0.160
0.121
0.151
0.156
0.160
0.164
0.159
0.162
0.155
0.157
0.129
0.158
0.159
0.163
0.195
0.160
0.168
0.161
0.157
0.159
0.156
0.159
0.152
0.159
0.146
0.157
0.144
0.160
0.146
0.158
0.152
0.159
0.155
0.151
0.151
0.149
0.151
0.159
0.148
0.151
0.154
0.160
0.158
0.158
0.149
0.164
0.152
0.115
0.149
0.169
0.157
0.113
0.166
0.142
0.152
0.163
0.157
0.162
0.151
0.162
0.151
0.164
0.115
0.159
0.156
0.162
0.154
0.159
0.157
0.148
0.145
0.167
0.158
0.157
0.156
0.117
0.157
0.160
0.154
0.161
0.158
0.163
0.395
0.376
0.321
0.356
0.401
0.151
0.159
0.164
0.154
0.156
0.157
0.167
0.158
0.160
0.152
0.161
0.155
0.159
0.161
0.157
0.154
0.152
0.158
0.129
0.161
0.160
0.161
0.168
0.157
0.112
0.149
0.156
0.129
0.158
0.157
0.156
0.160
0.156
0.157
0.148
0.154
0.155
0.157
0.157
0.159
0.162
0.151
0.161
0.146
0.175
0.122
0.158
0.154
0.157
0.158
0.153
0.154
0.150
0.165
0.156
0.147
0.157
0.157
0.161
0.155
0.164
0.150
0.161
0.156
0.156
0.158
0.195
0.160
0.154
0.168
0.141
0.156
0.157
0.166
0.160
0.154
0.149
0.113
0.161
0.163
0.161
0.156
0.156
0.163
0.161
0.157
0.148
0.156
0.190
0.164
0.160
0.159
0.159
0.158
0.158
0.159
0.165
0.157
0.156
0.152
0.158
0.160
0.148
0.152
0.130
0.164
0.157
0.146
0.161
0.155
0.158
0.156
0.161
0.123
0.159
0.160
0.159
0.157
0.162
0.152
0.150
0.155
0.125
0.152
0.158
0.159
0.164
0.153
0.163
0.147
0.152
0.119
0.165
0.158
0.151
0.150
0.168
0.154
0.150
0.152
0.158
0.164
0.158
0.143
0.167
0.150
0.158
0.149
0.157
0.159
0.158
0.154
0.160
0.154
0.155
0.157
0.155
0.157
0.169
0.141
0.162
0.155
0.164
0.143
0.162
0.146
0.158
0.152
0.160
0.157
0.152
0.155
0.161
0.164
0.151
0.157
0.158
0.158
0.162
0.156
0.160
0.149
0.163
0.117
0.161
0.160
0.158
0.153
0.164
0.159
0.151
0.155
0.157
0.157
0.160
0.156
0.158
0.157
0.162
0.154
0.154
0.157
0.156
0.159
0.161
0.161
0.148
0.163
0.149
0.157
0.156
0.152
0.159
0.157
0.157
0.155
0.157
0.154
0.158
0.157
0.161
0.161
0.157
0.153
0.149
0.162
0.152
0.158
0.158
0.155
0.157
0.158
0.160
0.149
0.159
0.150
0.157
0.157
0.163
0.153
0.161
0.161
0.148
0.155
0.159
0.157
0.159
0.165
0.160
0.190
0.164
0.147
0.162
0.163
0.163
0.159
0.166
0.159
0.146
0.159
0.157
0.157
0.158
0.160
0.157
0.163
0.163
0.156
0.163
0.119
0.162
0.152
0.159
0.158
0.157
0.153
0.155
0.156
0.148
0.155
0.138
0.158
0.157
0.159
0.165
0.155
0.166
0.145
0.165
0.161
0.161
0.158
0.162
0.161
0.157
0.159
0.169
0.154
0.152
0.159
0.163
0.153
0.160
0.151
0.158
0.157
0.158
0.151
0.167
0.146
0.152
0.152
0.150
0.160
0.155
0.144
0.163
0.161
0.166
0.153
0.157
0.150
0.160
0.156
0.160
0.154
0.149
0.157
0.156
0.154
0.149
0.155
0.163
0.157
0.164
0.153
0.118
0.147
0.161
0.133
0.157
0.160
0.167
0.153
0.156
0.153
0.154
0.152
0.126
0.158
0.148
0.151
0.120
0.159
0.151
0.156
0.160
0.079
0.162
0.153
0.159
0.158
0.159
0.155
0.152
0.154
0.159
0.163
0.157
0.156
0.160
0.165
0.157
0.148
0.163
0.151
0.158
0.158
0.156
0.167
0.155
0.154
0.127
0.154
0.158
0.155
0.157
0.156
0.167
0.147
0.158
0.142
0.157
0.161
0.157
0.151
0.163
0.161
0.150
0.151
0.127
0.154
0.158
0.152
0.159
0.155
0.160
0.144
0.158
0.146
0.150
0.151
0.157
0.157
0.152
0.158
0.152
0.148
0.158
0.151
0.158
0.132
0.158
0.155
0.159
0.151
0.158
0.151
0.165
0.153
0.160
0.152
0.150
0.155
0.158
0.157
0.158
0.148
0.159
0.152
0.162
0.149
0.160
0.144
0.128
0.160
0.159
0.153
0.163
0.155
0.150
0.151
0.142
0.160
0.158
0.153
0.159
0.159
0.162
0.143
0.154
0.134
0.164
0.190
0.164
0.146
0.153
0.155
0.157
0.159
0.159
0.157
0.158
0.157
0.161
0.159
0.157
0.147
0.160
0.158
0.158
0.156
0.160
0.162
0.149
0.159
0.151
0.156
0.158
0.154
0.170
0.161
0.158
0.151
0.159
0.115
0.165
0.164
0.158
0.154
0.158
0.155
0.156
0.153
0.122
0.158
0.158
0.152
0.162
0.157
0.158
0.154
0.158
0.165
0.160
0.155
0.157
0.158
0.151
0.163
0.153
0.153
0.157
0.156
0.163
0.155
0.165
0.158
0.158
0.146
0.159
0.154
0.158
0.121
0.167
0.158
0.152
0.154
0.154
0.153
0.159
0.158
0.162
0.158
0.146
0.152
0.157
0.143
0.159
0.159
0.159
0.152
0.158
0.165
0.150
0.152
0.125
0.158
0.159
0.158
0.163
0.155
0.159
0.152
0.155
0.122
0.151
0.142
0.157
0.157
0.158
0.152
0.151
0.160
0.162
0.153
0.164
0.154
