0.215
0.184
0.195
0.193
0.187
0.187
0.190
0.155
0.193
0.189
0.156
0.147
0.162
0.156
0.154
0.154
0.161
0.164
0.152
0.111
0.158
0.157
0.146
0.155
0.159
0.160
0.152
0.158
0.157
0.154
0.156
0.162
0.160
0.128
0.159
0.164
0.152
0.111
0.155
0.110
0.160
0.146
0.157
0.156
0.157
0.157
0.154
0.160
0.132
0.152
0.161
0.159
0.157
0.156
0.153
0.151
0.152
0.156
0.152
0.153
0.165
0.158
0.153
0.136
0.151
0.156
0.144
0.156
0.162
0.185
0.161
0.151
0.158
0.155
0.163
0.152
0.157
0.157
0.151
0.147
0.166
0.148
0.156
0.157
0.160
0.153
0.153
0.147
0.164
0.168
0.154
0.154
0.158
0.161
0.158
0.153
0.165
0.154
0.144
0.106
0.164
0.153
0.152
0.158
0.174
0.188
0.160
0.156
0.161
0.145
0.156
0.159
0.162
0.160
0.159
0.148
0.148
0.147
0.158
0.157
0.163
0.152
0.108
0.163
0.152
0.153
0.153
0.155
0.158
0.151
0.162
0.121
0.153
0.156
0.151
0.153
0.157
0.155
0.154
0.150
0.163
0.152
0.159
0.156
0.165
0.153
0.126
0.152
0.158
0.161
0.166
0.145
0.167
0.167
0.149
0.161
0.198
0.149
0.153
0.154
0.164
0.109
0.148
0.156
0.157
0.156
0.117
0.155
0.162
0.147
0.156
0.078
0.181
0.161
0.151
0.156
0.145
0.139
0.148
0.147
0.152
0.164
0.162
0.168
0.153
0.156
0.155
0.156
0.165
0.136
0.153
0.153
0.151
0.159
0.153
0.158
0.161
0.156
0.158
0.147
0.159
0.154
0.161
0.164
0.160
0.154
0.153
0.156
0.165
0.145
0.155
0.152
0.156
0.156
0.120
0.154
0.167
0.162
0.159
0.152
0.156
0.160
0.147
0.110
0.160
0.161
0.154
0.156
0.162
0.143
0.148
0.159
0.161
0.155
0.158
0.159
0.175
0.149
0.155
0.161
0.159
0.156
0.156
0.157
0.123
0.154
0.162
0.155
0.160
0.193
0.161
0.162
0.153
0.160
0.147
0.158
0.176
0.160
0.156
0.116
0.152
0.162
0.153
0.155
0.156
0.148
0.158
0.151
0.164
0.159
0.157
0.153
0.158
0.155
0.143
0.151
0.164
0.161
0.159
0.156
0.165
0.153
0.150
0.156
0.161
0.123
0.159
0.156
0.162
0.152
0.149
0.157
0.167
0.161
0.152
0.112
0.162
0.150
0.148
0.163
0.161
0.162
0.152
0.156
0.166
0.155
0.152
0.155
0.161
0.152
0.159
0.153
0.154
0.146
0.157
0.157
0.206
0.158
0.119
0.152
0.152
0.165
0.164
0.154
0.160
0.148
0.158
0.125
0.154
0.168
0.157
0.154
0.157
0.156
0.150
0.148
0.158
0.157
0.148
0.147
0.161
0.160
0.132
0.149
0.179
0.156
0.153
0.108
0.161
0.154
0.153
0.153
0.157
0.156
0.155
0.161
0.158
0.147
0.151
0.160
0.159
0.156
0.154
0.156
0.158
0.146
0.155
0.156
0.167
0.163
0.149
0.155
0.121
0.153
0.148
0.159
0.157
0.156
0.156
0.164
0.153
0.160
0.153
0.160
0.159
0.156
0.160
0.155
0.160
0.154
0.155
0.154
0.157
0.164
0.145
0.151
0.154
0.155
0.154
0.160
0.166
0.172
0.153
0.152
0.175
0.159
0.165
0.155
0.153
0.106
0.149
0.147
0.150
0.142
0.153
0.160
0.156
0.155
0.145
0.152
0.121
0.153
0.159
0.159
0.158
0.154
0.185
0.157
0.160
0.151
0.157
0.159
0.160
0.147
0.167
0.158
0.161
0.162
0.155
0.142
0.125
0.149
0.165
0.156
0.162
0.151
0.154
0.157
0.153
0.160
0.146
0.154
0.157
0.165
0.156
0.140
0.154
0.114
0.151
0.153
0.164
0.184
0.185
0.154
0.172
0.157
0.160
0.156
0.151
0.155
0.123
0.106
0.161
0.156
0.157
0.155
0.163
0.164
0.140
0.184
0.161
0.156
0.160
0.155
0.163
0.133
0.147
0.160
0.156
0.148
0.160
0.149
0.163
0.148
0.157
0.156
0.157
0.157
0.156
0.150
0.162
0.145
0.159
0.157
0.164
0.155
0.156
0.160
0.153
0.150
0.162
0.159
0.157
0.153
0.160
0.156
0.151
0.156
0.152
0.171
0.163
0.162
0.154
0.152
0.153
0.153
0.158
0.157
0.180
0.196
0.161
0.147
0.160
0.113
0.154
0.153
0.158
0.153
0.150
0.146
0.159
0.153
0.153
0.157
0.162
0.156
0.153
0.158
0.159
0.200
0.155
0.156
0.162
0.153
0.146
0.165
0.157
0.157
0.153
0.153
0.166
0.144
0.161
0.152
0.156
0.154
0.166
0.156
0.119
0.145
0.164
0.153
0.158
0.161
0.153
0.152
0.173
0.162
0.159
0.177
0.119
0.177
0.158
0.129
0.156
0.190
0.156
0.156
0.159
0.159
0.157
0.152
0.159
0.155
0.160
0.109
0.161
0.160
0.137
0.146
0.159
0.163
0.157
0.157
0.158
0.150
0.145
0.162
0.162
0.153
0.156
0.161
0.157
0.166
0.151
0.155
0.155
0.158
0.155
0.156
0.158
0.146
0.150
0.160
0.181
0.153
0.153
0.143
0.157
0.151
0.156
0.156
0.176
0.188
0.154
0.163
0.153
0.145
0.155
0.156
0.161
0.158
0.152
0.162
0.152
0.156
0.156
0.149
0.163
0.154
0.154
0.146
0.151
0.157
0.153
0.155
0.162
0.111
0.153
0.153
0.166
0.151
0.163
0.161
0.158
0.160
0.119
0.156
0.172
0.194
0.161
0.155
0.163
0.157
0.144
0.157
0.170
0.157
0.154
0.155
0.163
0.142
0.146
0.162
0.157
0.159
0.154
0.156
0.163
0.154
0.156
0.150
0.158
0.156
0.151
0.155
0.131
0.151
0.151
0.195
0.157
0.153
0.155
0.157
0.185
0.153
0.167
0.159
0.161
0.156
0.161
0.155
0.155
0.160
0.168
0.155
0.176
0.155
0.145
0.107
0.160
0.155
0.155
0.157
0.170
0.156
0.160
0.150
0.156
0.171
0.157
0.160
0.157
0.155
0.143
0.154
0.157
0.167
0.152
0.155
0.159
0.157
0.158
0.157
0.159
0.160
0.152
0.162
0.155
0.118
0.148
0.167
0.175
0.160
0.158
0.164
0.162
0.154
0.156
0.114
0.160
0.174
0.162
0.162
0.121
0.157
0.146
0.158
0.148
0.163
0.161
0.157
0.149
0.156
0.197
0.155
0.168
0.156
0.111
0.147
0.156
0.139
0.147
0.115
0.180
0.159
0.154
0.149
0.158
0.194
0.160
0.200
0.192
0.187
0.179
0.183
0.192
0.157
0.157
0.156
0.167
0.158
0.146
0.159
0.164
0.158
0.170
0.160
0.168
0.154
0.151
0.158
0.156
0.154
0.151
0.158
0.157
0.144
0.159
0.168
0.160
0.154
0.159
0.158
0.161
0.147
0.154
0.153
0.157
0.152
0.115
0.155
0.152
0.154
0.198
0.156
0.157
0.158
0.189
0.149
0.152
0.163
0.153
0.110
0.156
0.146
0.154
0.150
0.150
0.117
0.155
0.113
0.156
0.153
0.155
0.154
0.164
0.163
0.156
0.155
0.151
0.127
0.118
0.154
0.168
0.158
0.168
0.122
0.159
0.153
0.149
0.161
0.156
0.156
0.152
0.156
0.157
0.146
0.147
0.170
0.161
0.156
0.152
0.149
0.159
0.148
0.152
0.157
0.166
0.157
0.158
0.172
0.124
0.149
0.154
0.157
0.159
0.156
0.152
0.153
0.150
0.162
0.168
0.149
0.158
0.109
0.152
0.138
0.153
0.151
0.156
0.157
0.157
0.161
0.163
0.160
0.160
0.154
0.160
0.172
0.162
0.154
0.159
0.150
0.168
0.189
0.146
0.163
0.158
0.167
0.149
0.149
0.161
0.155
0.150
0.156
0.152
0.160
0.146
0.168
0.161
0.153
0.150
0.158
0.158
0.152
0.149
0.157
0.157
0.164
0.156
0.156
0.155
0.149
0.155
0.155
0.172
0.156
0.145
0.155
0.127
0.151
0.160
0.158
0.165
0.159
0.157
0.111
0.152
0.185
0.156
0.154
0.156
0.156
0.150
0.145
0.151
0.156
0.161
0.169
0.147
0.155
0.168
0.149
0.156
0.149
0.156
0.161
0.161
0.154
0.145
0.148
0.159
0.174
0.147
0.186
0.194
0.155
0.145
0.154
0.160
0.153
0.153
0.151
0.156
0.115
0.152
0.399
0.168
0.168
0.156
0.148
0.374
0.185
0.154
0.155
0.169
0.359
0.160
0.156
0.164
0.152
0.160
0.165
0.164
0.159
0.155
0.151
0.179
0.141
0.157
0.161
0.162
0.164
0.153
0.156
0.155
0.160
0.186
0.188
0.163
0.155
0.161
0.147
0.150
0.153
0.159
0.159
0.188
0.191
0.159
0.147
0.167
0.156
0.156
0.155
0.162
0.159
0.154
0.149
0.161
0.156
0.169
0.157
0.156
0.161
0.154
0.163
0.157
0.157
0.162
0.154
0.115
0.134
0.147
0.157
0.149
0.158
0.155
0.154
0.160
0.148
0.171
0.156
0.160
0.148
0.146
0.162
0.122
0.150
0.157
0.114
0.159
0.156
0.157
0.159
0.148
0.161
0.157
0.192
0.162
0.154
0.157
0.126
0.153
0.157
0.162
0.157
0.157
0.203
0.157
0.146
0.159
0.150
0.156
0.155
0.160
0.155
0.137
0.146
0.163
0.164
0.155
0.157
0.156
0.157
0.144
0.162
0.164
0.167
0.155
0.154
0.161
0.161
0.151
0.158
0.156
0.153
0.152
0.156
0.159
0.143
0.145
0.157
0.165
0.111
0.154
0.158
0.156
0.148
0.153
0.160
0.157
0.109
0.158
0.160
0.155
0.154
0.154
0.159
0.157
0.159
0.184
0.156
0.148
0.159
0.153
0.157
0.167
0.112
0.159
0.147
0.152
0.154
0.158
0.154
0.149
0.158
0.158
0.146
0.160
0.152
0.163
0.158
0.154
0.158
0.117
0.155
0.159
0.111
0.159
0.154
0.155
0.144
0.145
0.159
0.174
0.114
0.154
0.158
0.164
0.118
0.146
0.161
0.162
0.160
0.153
0.158
0.159
0.148
0.159
0.188
0.176
0.159
0.150
0.108
0.127
0.147
0.149
0.160
0.161
0.152
0.152
0.157
0.154
0.156
0.153
0.156
0.162
0.157
0.157
0.152
0.154
0.159
0.157
0.152
0.157
0.162
0.163
0.155
0.155
0.165
0.167
0.161
0.162
0.154
0.163
0.156
0.161
0.160
0.155
0.157
0.156
0.147
0.155
0.112
0.164
0.164
0.159
0.152
0.119
0.165
0.147
0.158
0.165
0.154
0.158
0.162
0.158
0.149
0.151
0.162
0.149
0.155
0.160
0.153
0.162
0.109
0.159
0.158
0.159
0.155
0.160
0.159
0.142
0.153
0.162
0.156
0.155
0.159
0.163
0.154
0.152
0.157
0.144
0.158
0.159
0.158
0.159
0.140
0.160
0.159
0.158
0.155
0.160
0.160
0.160
0.149
0.162
0.148
0.149
0.154
0.150
0.161
0.122
0.154
0.154
0.162
0.158
0.158
0.159
0.157
0.146
0.159
0.162
0.153
0.161
0.160
0.158
0.154
0.155
0.155
0.155
0.156
0.155
0.156
0.156
0.151
0.153
0.109
0.159
0.154
0.158
0.149
0.164
0.153
0.159
0.155
0.159
0.153
0.157
0.158
0.152
0.148
0.164
0.158
0.207
0.156
0.159
0.152
0.151
0.155
0.159
0.155
0.164
0.160
0.155
0.152
0.151
0.161
0.162
0.155
0.166
0.157
0.156
0.149
0.157
0.157
0.157
0.153
0.163
0.153
0.154
0.162
0.152
0.160
0.161
0.154
0.164
0.153
0.151
0.161
0.156
0.156
0.160
0.157
0.157
0.139
0.149
0.159
0.159
0.106
0.154
0.154
0.146
0.152
0.162
0.170
0.204
0.154
0.158
0.153
0.131
0.154
0.155
0.153
0.166
0.159
0.154
0.177
0.163
0.151
0.162
0.164
0.159
0.142
0.192
0.122
0.147
0.153
0.161
0.156
0.154
0.156
0.159
0.148
0.161
0.152
0.147
0.156
0.163
0.154
0.152
0.148
0.157
0.155
0.156
0.157
0.163
0.145
0.154
0.145
0.156
0.155
0.112
0.155
0.155
0.160
0.146
0.168
0.161
0.170
0.154
0.111
0.162
0.153
0.154
0.157
0.159
0.157
0.159
0.163
0.160
0.148
0.158
0.156
0.166
0.155
0.156
0.158
0.150
0.149
0.156
0.155
0.160
0.157
0.162
0.156
0.149
0.161
0.162
0.152
0.153
0.162
0.156
0.146
0.148
0.152
0.171
0.193
0.158
0.144
0.115
0.147
0.158
0.148
0.154
0.155
0.161
0.159
0.138
0.145
0.159
0.155
0.149
0.157
0.158
0.160
0.152
0.165
0.159
0.160
0.165
0.160
0.153
0.107
0.148
0.156
0.168
0.176
0.157
0.164
0.156
0.153
0.156
0.156
0.161
0.157
0.149
0.159
0.151
0.152
0.160
0.157
0.156
0.158
0.155
0.159
0.151
0.145
0.156
0.160
0.174
0.155
0.161
0.154
0.151
0.155
0.161
0.167
0.164
0.159
0.200
0.149
0.149
0.165
0.158
0.160
0.156
0.158
0.161
0.113
0.160
0.160
0.151
0.179
0.161
0.147
0.145
0.147
0.164
0.153
0.158
0.155
0.161
0.161
0.148
0.109
0.165
0.160
0.158
0.156
0.174
0.146
0.149
0.153
0.156
0.155
0.157
0.172
0.157
0.144
0.157
0.153
0.164
0.165
0.155
0.155
0.141
0.162
0.159
0.171
0.200
0.157
0.163
0.153
0.153
0.156
0.174
0.157
0.164
0.154
0.159
0.123
0.157
0.156
0.154
0.155
0.160
0.168
0.158
0.145
0.161
0.154
0.163
0.154
0.158
0.159
0.123
0.145
0.158
0.158
0.165
0.157
0.157
0.153
0.151
0.155
0.157
0.107
0.159
0.153
0.160
0.155
0.161
0.157
0.158
0.156
0.158
0.146
0.163
0.146
0.147
0.161
0.176
0.154
0.156
0.161
0.156
0.151
0.158
0.160
0.174
0.160
0.156
0.151
0.152
0.147
0.160
0.156
0.152
0.154
0.155
0.149
0.156
0.161
0.155
0.162
0.155
0.150
0.156
0.148
0.148
0.161
0.159
0.152
0.163
0.156
0.155
0.145
0.160
0.155
0.162
0.155
0.157
0.161
0.119
0.149
0.161
0.159
0.114
0.108
0.165
0.160
0.149
0.158
0.163
0.166
0.161
0.153
0.159
0.123
0.147
0.159
0.158
0.180
0.170
0.160
0.154
0.150
0.158
0.160
0.161
0.155
0.152
0.159
0.123
0.148
0.158
0.159
0.159
0.153
0.154
0.156
0.149
0.469
0.157
0.149
0.164
0.153
0.472
0.136
0.149
0.157
0.164
0.410
0.171
0.148
0.146
0.146
0.391
0.161
0.158
0.157
0.155
0.398
0.165
0.150
0.157
0.165
0.348
0.154
0.161
0.111
0.157
0.256
0.157
0.142
0.158
0.162
0.265
0.124
0.175
0.166
0.164
0.185
0.155
0.164
0.164
0.180
0.164
0.165
0.156
0.155
0.168
0.121
0.157
0.149
0.160
0.184
0.091
0.187
0.156
0.161
0.151
0.085
0.156
0.163
0.156
0.183
0.088
0.153
0.153
0.155
0.144
0.079
0.165
0.155
0.164
0.118
0.088
0.188
0.159
0.159
0.162
0.085
0.155
0.151
0.164
0.188
0.089
0.189
0.149
0.157
0.141
0.106
0.164
0.156
0.157
0.185
0.145
0.196
0.152
0.162
0.164
0.142
0.157
0.160
0.170
0.147
0.156
0.152
0.159
0.162
0.155
0.148
0.157
0.152
0.164
0.185
0.160
0.154
0.156
0.155
0.157
0.150
0.153
0.157
0.150
0.184
0.149
0.159
0.147
0.148
0.150
0.150
0.156
0.155
0.160
0.190
0.155
0.199
0.163
0.155
0.156
0.149
0.158
0.120
0.151
0.184
0.155
0.149
0.156
0.156
0.151
0.151
0.160
0.111
0.160
0.190
0.159
0.156
0.151
0.148
0.160
0.171
0.194
0.152
0.163
0.187
0.161
0.194
0.164
0.160
0.154
0.154
0.156
0.119
0.152
0.169
0.159
0.157
0.159
0.156
0.161
0.156
0.158
0.157
0.189
0.187
0.162
0.153
0.151
0.153
0.152
0.155
0.180
0.155
0.158
0.188
0.155
0.112
0.161
0.151
0.162
0.161
0.156
0.121
0.149
0.188
0.161
0.160
0.156
0.156
0.154
0.147
0.156
0.155
0.176
0.153
0.118
0.196
0.158
0.148
0.157
0.149
0.149
0.155
0.169
0.154
0.150
0.154
0.167
0.157
0.158
0.118
0.193
0.156
0.148
0.184
0.164
0.147
0.159
0.159
0.186
0.151
0.187
0.155
0.159
0.191
0.160
0.153
0.155
0.147
0.159
0.163
0.160
0.155
0.155
0.185
