0.191
0.195
0.189
0.194
0.200
0.165
0.167
0.158
0.173
0.158
0.182
0.161
0.171
0.162
0.165
0.167
0.132
0.161
0.163
0.164
0.125
0.160
0.168
0.166
0.157
0.163
0.155
0.171
0.173
0.164
0.165
0.131
0.162
0.160
0.160
0.162
0.168
0.161
0.164
0.157
0.192
0.166
0.163
0.169
0.132
0.156
0.155
0.151
0.119
0.199
0.163
0.161
0.171
0.161
0.161
0.120
0.164
0.164
0.160
0.161
0.168
0.127
0.159
0.160
0.164
0.169
0.157
0.167
0.166
0.154
0.176
0.161
0.168
0.165
0.160
0.174
0.188
0.189
0.196
0.153
0.168
0.160
0.165
0.161
0.156
0.156
0.162
0.164
0.168
0.163
0.165
0.160
0.160
0.169
0.170
0.166
0.164
0.161
0.152
0.155
0.156
0.206
0.163
0.159
0.164
0.168
0.158
0.156
0.166
0.166
0.118
0.205
0.166
0.165
0.159
0.166
0.165
0.167
0.166
0.156
0.164
0.163
0.162
0.163
0.198
0.163
0.168
0.165
0.165
0.130
0.156
0.165
0.167
0.179
0.161
0.164
0.174
0.154
0.167
0.160
0.171
0.165
0.161
0.162
0.158
0.154
0.173
0.161
0.166
0.163
0.159
0.160
0.164
0.167
0.158
0.166
0.168
0.163
0.161
0.126
0.138
0.179
0.167
0.160
0.161
0.161
0.163
0.156
0.165
0.166
0.153
0.160
0.137
0.160
0.161
0.159
0.167
0.120
0.167
0.162
0.171
0.117
0.158
0.172
0.184
0.170
0.163
0.161
0.169
0.163
0.154
0.173
0.168
0.166
0.168
0.163
0.168
0.161
0.152
0.163
0.170
0.166
0.162
0.166
0.168
0.155
0.136
0.187
0.204
0.169
0.177
0.156
0.137
0.154
0.160
0.158
0.173
0.165
0.164
0.169
0.163
0.176
0.166
0.160
0.167
0.161
0.153
0.164
0.163
0.168
0.159
0.116
0.171
0.164
0.115
0.155
0.170
0.162
0.168
0.162
0.163
0.160
0.133
0.160
0.165
0.468
0.162
0.165
0.167
0.159
0.405
0.162
0.167
0.161
0.159
0.410
0.171
0.132
0.152
0.169
0.376
0.161
0.164
0.162
0.150
0.322
0.161
0.162
0.151
0.155
0.316
0.162
0.154
0.156
0.172
0.287
0.165
0.161
0.159
0.168
0.162
0.171
0.164
0.160
0.165
0.186
0.165
0.167
0.157
0.164
0.121
0.200
0.167
0.163
0.164
0.093
0.119
0.161
0.183
0.168
0.093
0.161
0.155
0.158
0.164
0.091
0.167
0.167
0.168
0.170
0.109
0.179
0.167
0.184
0.183
0.093
0.155
0.161
0.160
0.164
0.095
0.160
0.163
0.161
0.163
0.091
0.154
0.168
0.166
0.168
0.151
0.169
0.166
0.159
0.162
0.140
0.165
0.163
0.159
0.165
0.117
0.158
0.163
0.153
0.160
0.158
0.161
0.162
0.158
0.166
0.153
0.164
0.159
0.162
0.159
0.132
0.155
0.169
0.113
0.164
0.192
0.193
0.164
0.155
0.166
0.160
0.164
0.173
0.163
0.167
0.154
0.162
0.167
0.180
0.163
0.159
0.164
0.163
0.159
0.161
0.152
0.162
0.170
0.169
0.174
0.155
0.159
0.170
0.168
0.166
0.161
0.165
0.168
0.153
0.151
0.156
0.158
0.160
0.164
0.166
0.164
0.172
0.168
0.164
0.174
0.164
0.164
0.170
0.158
0.157
0.178
0.205
0.166
0.162
0.167
0.169
0.157
0.162
0.161
0.173
0.121
0.164
0.166
0.127
0.163
0.195
0.157
0.165
0.165
0.165
0.186
0.177
0.165
0.168
0.166
0.165
0.163
0.164
0.132
0.158
0.167
0.160
0.163
0.165
0.163
0.164
0.159
0.164
0.162
0.167
0.152
0.178
0.172
0.124
0.156
0.163
0.191
0.162
0.162
0.164
0.169
0.159
0.167
0.167
0.155
0.162
0.163
0.167
0.158
0.160
0.164
0.162
0.166
0.161
0.159
0.169
0.193
0.193
0.195
0.172
0.189
0.178
0.115
0.162
0.165
0.164
0.160
0.164
0.163
0.165
0.162
0.178
0.158
0.164
0.180
0.164
0.165
0.163
0.161
0.168
0.183
0.197
0.167
0.157
0.181
0.162
0.117
0.162
0.163
0.168
0.162
0.168
0.171
0.158
0.156
0.166
0.125
0.163
0.161
0.166
0.172
0.152
0.162
0.180
0.167
0.168
0.117
0.162
0.185
0.156
0.160
0.197
0.173
0.163
0.165
0.165
0.134
0.156
0.176
0.170
0.169
0.160
0.167
0.165
0.121
0.120
0.158
0.171
0.173
0.168
0.167
0.129
0.158
0.183
0.161
0.168
0.154
0.163
0.165
0.164
0.182
0.195
0.167
0.167
0.171
0.161
0.164
0.159
0.164
0.170
0.164
0.162
0.170
0.167
0.158
0.159
0.204
0.168
0.169
0.166
0.164
0.165
0.161
0.162
0.168
0.165
0.159
0.171
0.172
0.156
0.157
0.194
0.136
0.159
0.160
0.169
0.169
0.156
0.164
0.169
0.167
0.159
0.163
0.167
0.164
0.155
0.114
0.186
0.194
0.163
0.160
0.158
0.163
0.161
0.180
0.165
0.164
0.164
0.164
0.127
0.140
0.170
0.163
0.166
0.161
0.162
0.155
0.157
0.201
0.170
0.165
0.177
0.170
0.157
0.129
0.155
0.169
0.163
0.152
0.174
0.163
0.160
0.156
0.172
0.170
0.168
0.174
0.169
0.162
0.136
0.155
0.174
0.171
0.160
0.164
0.166
0.164
0.156
0.168
0.172
0.181
0.200
0.168
0.163
0.157
0.158
0.175
0.162
0.120
0.164
0.159
0.175
0.174
0.170
0.160
0.169
0.163
0.162
0.161
0.164
0.162
0.199
0.163
0.161
0.162
0.163
0.174
0.155
0.165
0.163
0.164
0.172
0.169
0.161
0.161
0.159
0.206
0.170
0.171
0.167
0.164
0.160
0.131
0.165
0.188
0.164
0.162
0.167
0.164
0.168
0.154
0.203
0.171
0.161
0.168
0.170
0.163
0.154
0.166
0.170
0.164
0.160
0.163
0.165
0.163
0.161
0.199
0.153
0.202
0.162
0.123
0.182
0.134
0.152
0.160
0.172
0.165
0.160
0.159
0.171
0.163
0.161
0.167
0.161
0.168
0.163
0.160
0.164
0.153
0.162
0.165
0.163
0.166
0.160
0.184
0.158
0.167
0.159
0.176
0.165
0.168
0.165
0.141
0.154
0.163
0.169
0.157
0.162
0.175
0.163
0.154
0.159
0.168
0.160
0.161
0.164
0.164
0.160
0.159
0.166
0.167
0.180
0.170
0.174
0.178
0.161
0.157
0.165
0.170
0.162
0.163
0.153
0.125
0.161
0.170
0.169
0.170
0.164
0.161
0.167
0.163
0.159
0.162
0.161
0.165
0.163
0.167
0.161
0.156
0.162
0.159
0.172
0.167
0.162
0.161
0.159
0.156
0.175
0.171
0.165
0.170
0.160
0.162
0.155
0.174
0.163
0.171
0.168
0.177
0.167
0.126
0.166
0.170
0.159
0.160
0.170
0.170
0.161
0.155
0.164
0.166
0.169
0.168
0.162
0.167
0.131
0.151
0.163
0.164
0.168
0.160
0.169
0.166
0.152
0.115
0.164
0.170
0.165
0.168
0.163
0.137
0.154
0.162
0.169
0.191
0.162
0.156
0.166
0.156
0.163
0.162
0.168
0.166
0.166
0.174
0.163
0.167
0.163
0.160
0.120
0.168
0.195
0.163
0.153
0.160
0.163
0.161
0.165
0.164
0.163
0.160
0.155
0.167
0.162
0.179
0.169
0.172
0.167
0.154
0.123
0.177
0.175
0.165
0.164
0.172
0.168
0.160
0.163
0.166
0.168
0.165
0.170
0.127
0.154
0.160
0.165
0.119
0.123
0.165
0.166
0.161
0.154
0.168
0.120
0.179
0.163
0.161
0.169
0.131
0.186
0.183
0.171
0.168
0.164
0.161
0.156
0.162
0.173
0.178
0.167
0.163
0.153
0.168
0.129
0.163
0.162
0.157
0.171
0.164
0.165
0.162
0.154
0.170
0.160
0.165
0.165
0.170
0.162
0.127
0.169
0.183
0.199
0.168
0.162
0.155
0.162
0.152
0.171
0.174
0.167
0.152
0.161
0.167
0.159
0.157
0.168
0.171
0.161
0.126
0.163
0.163
0.157
0.160
0.205
0.171
0.168
0.188
0.171
0.163
0.155
0.136
0.176
0.176
0.161
0.166
0.165
0.159
0.156
0.166
0.166
0.166
0.160
0.164
0.170
0.155
0.162
0.163
0.160
0.203
0.167
0.165
0.154
0.158
0.165
0.164
0.159
0.159
0.169
0.166
0.156
0.170
0.178
0.168
0.160
0.168
0.163
0.127
0.158
0.167
0.163
0.193
0.191
0.165
0.173
0.158
0.168
0.173
0.165
0.165
0.165
0.125
0.135
0.156
0.162
0.178
0.166
0.164
0.161
0.168
0.154
0.168
0.165
0.166
0.196
0.174
0.161
0.136
0.156
0.173
0.169
0.163
0.159
0.162
0.159
0.159
0.164
0.160
0.164
0.166
0.169
0.159
0.165
0.162
0.160
0.185
0.164
0.165
0.151
0.161
0.162
0.160
0.172
0.165
0.163
0.170
0.162
0.166
0.161
0.166
0.170
0.154
0.159
0.167
0.167
0.155
0.158
0.180
0.165
0.175
0.173
0.165
0.164
0.135
0.175
0.199
0.168
0.160
0.167
0.166
0.155
0.156
0.182
0.171
0.158
0.185
0.165
0.175
0.160
0.155
0.166
0.163
0.161
0.176
0.161
0.146
0.188
0.161
0.164
0.164
0.162
0.163
0.159
0.158
0.163
0.180
0.169
0.167
0.168
0.162
0.126
0.155
0.170
0.170
0.159
0.162
0.121
0.164
0.153
0.162
0.166
0.161
0.159
0.166
0.161
0.127
0.160
0.188
0.164
0.182
0.163
0.168
0.161
0.164
0.167
0.120
0.155
0.161
0.164
0.162
0.161
0.157
0.171
0.166
0.165
0.162
0.162
0.167
0.158
0.165
0.165
0.168
0.162
0.164
0.165
0.163
0.154
0.167
0.160
0.170
0.167
0.162
0.167
0.159
0.172
0.161
0.162
0.165
0.166
0.165
0.169
0.158
0.161
0.169
0.162
0.167
0.163
0.168
0.155
0.174
0.163
0.162
0.177
0.166
0.121
0.176
0.156
0.166
0.161
0.174
0.164
0.167
0.166
0.131
0.152
0.162
0.162
0.118
0.160
0.163
0.163
0.153
0.159
0.170
0.172
0.175
0.153
0.170
0.147
0.165
0.157
0.157
0.161
0.164
0.161
0.162
0.155
0.162
0.169
0.171
0.162
0.167
0.171
0.128
0.152
0.163
0.163
0.186
0.166
0.208
0.163
0.158
0.166
0.153
0.161
0.172
0.168
0.163
0.140
0.162
0.168
0.162
0.162
0.121
0.194
0.200
0.153
0.160
0.164
0.187
0.163
0.163
0.172
0.164
0.156
0.163
0.162
0.193
0.163
0.118
0.166
0.154
0.152
0.170
0.117
0.165
0.162
0.163
0.162
0.157
0.163
0.167
0.165
0.169
0.161
0.168
0.130
0.161
0.166
0.166
0.163
0.163
0.163
0.167
0.156
0.168
0.155
0.164
0.160
0.155
0.163
0.129
0.153
0.164
0.159
0.162
0.168
0.164
0.161
0.155
0.165
0.166
0.161
0.158
0.162
0.160
0.144
0.158
0.166
0.163
0.169
0.165
0.158
0.164
0.151
0.167
0.169
0.163
0.159
0.164
0.163
0.119
0.152
0.169
0.118
0.162
0.163
0.168
0.163
0.158
0.169
0.166
0.159
0.123
0.159
0.163
0.151
0.155
0.164
0.182
0.167
0.166
0.160
0.166
0.157
0.163
0.169
0.169
0.162
0.128
0.164
0.164
0.156
0.165
0.204
0.186
0.168
0.162
0.169
0.165
0.156
0.164
0.180
0.173
0.163
0.164
0.162
0.159
0.167
0.182
0.155
0.170
0.167
0.157
0.153
0.162
0.168
0.164
0.164
0.171
0.168
0.165
0.155
0.121
0.160
0.183
0.160
0.166
0.163
0.152
0.164
0.166
0.166
0.167
0.163
0.163
0.162
0.160
0.166
0.163
0.163
0.170
0.160
0.166
0.124
0.159
0.163
0.164
0.165
0.162
0.170
0.166
0.152
0.163
0.166
0.166
0.162
0.163
0.159
0.128
0.158
0.164
0.162
0.166
0.181
0.167
0.121
0.161
0.168
0.162
0.168
0.163
0.159
0.166
0.129
0.156
0.165
0.163
0.170
0.178
0.162
0.155
0.152
0.163
0.164
0.114
0.165
0.168
0.163
0.154
0.155
0.164
0.159
0.161
0.165
0.164
0.162
0.164
0.155
0.180
0.169
0.165
0.167
0.170
0.161
0.164
0.162
0.170
0.161
0.164
0.165
0.163
0.162
0.156
0.201
0.116
0.162
0.167
0.161
0.168
0.155
0.160
0.161
0.165
0.164
0.161
0.162
0.157
0.155
0.171
0.165
0.164
0.181
0.166
0.165
0.169
0.162
0.167
0.154
0.176
0.164
0.161
0.125
0.158
0.164
0.176
0.167
0.118
0.162
0.119
0.172
0.163
0.159
0.166
0.153
0.163
0.162
0.123
0.161
0.163
0.156
0.162
0.169
0.170
0.162
0.155
0.167
0.188
0.160
0.163
0.163
0.172
0.135
0.161
0.170
0.177
0.166
0.168
0.164
0.165
0.161
0.164
0.177
0.173
0.166
0.164
0.161
0.162
0.152
0.163
0.162
0.163
0.181
0.164
0.158
0.157
0.154
0.151
0.162
0.182
0.163
0.200
0.163
0.174
0.202
0.178
0.167
0.204
0.167
0.121
0.153
0.159
0.165
0.174
0.155
0.163
0.168
0.162
0.160
0.168
0.169
0.164
0.203
0.172
0.185
0.156
0.158
0.163
0.159
0.182
0.164
0.166
0.170
0.161
0.167
0.170
0.164
0.159
0.163
0.181
0.129
0.161
0.161
0.170
0.161
0.161
0.164
0.208
0.153
0.167
0.167
0.167
0.170
0.173
0.161
0.164
0.163
0.166
0.171
0.174
0.160
0.162
0.163
0.162
0.160
0.161
0.171
0.165
0.161
0.162
0.141
0.116
0.159
0.163
0.162
0.165
0.163
0.163
0.157
0.122
0.163
0.163
0.157
0.166
0.159
0.132
0.156
0.166
0.166
0.170
0.162
0.175
0.192
0.158
0.152
0.168
0.164
0.162
0.156
0.163
0.163
0.154
0.168
0.169
0.166
0.161
0.162
0.174
0.151
0.154
0.165
0.164
0.159
0.165
0.162
0.166
0.154
0.166
0.164
0.183
0.169
0.162
0.163
0.131
0.158
0.168
0.163
0.166
0.166
0.162
0.162
0.156
0.166
0.122
0.167
0.167
0.166
0.164
0.125
0.174
0.162
0.171
0.207
0.166
0.164
0.163
0.161
0.166
0.174
0.165
0.163
0.168
0.165
0.160
0.159
0.168
0.168
0.117
0.163
0.168
0.166
0.152
0.162
0.172
0.167
0.164
0.167
0.167
0.129
0.155
0.162
0.162
0.180
0.156
0.160
0.166
0.153
0.167
0.160
0.168
0.162
0.161
0.158
0.160
0.151
0.164
0.167
0.166
0.167
0.168
0.165
0.162
0.154
0.165
0.210
0.116
0.163
0.166
0.161
0.160
0.138
0.190
0.176
0.167
0.166
0.176
0.155
0.163
0.161
0.180
0.169
0.165
0.166
0.168
0.152
0.168
0.171
0.167
0.162
0.169
0.162
0.151
0.156
0.169
0.163
0.165
0.162
0.169
0.172
0.159
0.162
0.186
0.167
0.164
0.167
0.177
0.126
0.165
0.158
0.162
0.161
0.172
0.158
0.164
0.152
0.163
0.166
0.165
0.160
0.117
0.164
0.129
0.152
0.165
0.160
0.177
0.165
0.115
0.162
0.156
0.169
0.163
0.165
0.124
0.163
0.167
0.131
0.164
0.160
0.154
0.162
0.170
0.163
0.165
0.156
0.168
0.169
0.182
0.161
0.189
0.163
0.168
0.117
0.165
0.166
0.162
0.163
0.164
0.114
0.154
0.162
0.166
0.166
0.166
0.173
0.168
0.163
0.153
0.167
0.177
0.163
0.162
0.153
0.167
0.155
0.154
0.162
0.169
0.162
0.162
0.162
0.165
0.155
0.165
0.199
0.183
0.170
0.162
0.160
0.115
0.158
0.169
0.169
0.157
0.167
0.162
0.162
0.160
0.163
0.161
0.163
0.167
0.160
0.165
0.129
0.155
0.161
0.178
0.165
0.164
0.163
0.166
0.156
0.166
0.163
0.160
0.163
0.167
0.157
0.127
0.155
0.171
0.164
0.164
0.163
0.168
0.163
0.163
0.166
0.165
0.166
0.162
0.159
0.165
0.123
0.158
0.173
0.173
0.165
0.181
0.165
0.172
0.150
0.173
0.164
0.172
0.168
0.165
0.160
0.150
0.155
0.118
0.161
0.166
0.163
0.169
0.162
0.160
0.157
0.162
0.167
0.170
0.160
0.165
0.163
0.155
0.162
0.179
0.185
0.164
0.163
0.160
0.158
0.159
0.162
0.160
0.167
0.165
0.164
0.162
0.120
