0.276
0.239
0.245
0.252
0.249
0.243
0.220
0.245
0.248
0.242
0.226
0.226
0.219
0.226
0.217
0.211
0.221
0.226
0.245
0.209
0.251
0.214
0.209
0.212
0.215
0.222
0.212
0.226
0.215
0.222
0.212
0.223
0.250
0.215
0.215
0.245
0.225
0.176
0.205
0.208
0.210
0.216
0.225
0.212
0.245
0.215
0.214
0.213
0.245
0.220
0.228
0.232
0.180
0.214
0.251
0.247
0.172
0.227
0.216
0.204
0.208
0.211
0.212
0.225
0.239
0.245
0.193
0.160
0.211
0.244
0.223
0.219
0.224
0.213
0.214
0.202
0.223
0.212
0.249
0.243
0.224
0.204
0.206
0.206
0.225
0.230
0.218
0.211
0.211
0.242
0.209
0.219
0.224
0.224
0.213
0.225
0.218
0.236
0.241
0.246
0.225
0.247
0.251
0.215
0.225
0.209
0.218
0.223
0.251
0.248
0.216
0.214
0.226
0.212
0.208
0.249
0.226
0.215
0.170
0.239
0.177
0.224
0.215
0.212
0.208
0.231
0.207
0.215
0.216
0.219
0.215
0.230
0.246
0.223
0.231
0.179
0.213
0.213
0.216
0.209
0.213
0.225
0.238
0.220
0.225
0.237
0.224
0.216
0.219
0.213
0.198
0.226
0.226
0.222
0.205
0.224
0.226
0.213
0.211
0.251
0.172
0.211
0.233
0.214
0.252
0.235
0.213
0.210
0.222
0.243
0.224
0.215
0.223
0.211
0.225
0.227
0.216
0.215
0.225
0.222
0.172
0.230
0.221
0.226
0.223
0.217
0.210
0.244
0.223
0.216
0.205
0.211
0.255
0.262
0.235
0.225
0.211
0.218
0.222
0.252
0.211
0.216
0.246
0.209
0.206
0.217
0.213
0.240
0.215
0.238
0.179
0.212
0.248
0.224
0.222
0.245
0.226
0.247
0.207
0.232
0.217
0.241
0.248
0.216
0.222
0.219
0.212
0.225
0.214
0.207
0.212
0.217
0.216
0.209
0.213
0.234
0.226
0.212
0.226
0.219
0.226
0.206
0.169
0.213
0.214
0.249
0.180
0.224
0.177
0.239
0.224
0.245
0.251
0.222
0.217
0.227
0.209
0.224
0.206
0.250
0.224
0.211
0.226
0.212
0.248
0.247
0.214
0.237
0.251
0.242
0.224
0.225
0.219
0.225
0.249
0.230
0.228
0.214
0.179
0.216
0.224
0.172
0.173
0.217
0.216
0.213
0.208
0.214
0.250
0.248
0.204
0.200
0.217
0.224
0.198
0.226
0.219
0.216
0.244
0.252
0.216
0.211
0.211
0.225
0.204
0.259
0.215
0.210
0.208
0.239
0.214
0.214
0.226
0.224
0.226
0.210
0.218
0.211
0.244
0.247
0.223
0.225
0.226
0.223
0.211
0.214
0.219
0.243
0.248
0.213
0.224
0.202
0.217
0.215
0.216
0.217
0.216
0.214
0.212
0.221
0.227
0.211
0.224
0.225
0.233
0.240
0.183
0.204
0.225
0.213
0.217
0.212
0.218
0.219
0.211
0.214
0.222
0.210
0.211
0.252
0.222
0.208
0.205
0.223
0.250
0.250
0.169
0.216
0.220
0.236
0.215
0.209
0.202
0.226
0.237
0.214
0.190
0.207
0.220
0.243
0.226
0.215
0.221
0.223
0.213
0.223
0.227
0.214
0.244
0.244
0.224
0.202
0.249
0.215
0.244
0.256
0.219
0.222
0.250
0.235
0.214
0.210
0.251
0.224
0.224
0.215
0.209
0.235
0.246
0.245
0.223
0.216
0.241
0.214
0.212
0.202
0.222
0.225
0.218
0.224
0.223
0.223
0.211
0.172
0.219
0.244
0.220
0.215
0.167
0.205
0.208
0.224
0.225
0.214
0.198
0.235
0.223
0.224
0.217
0.214
0.216
0.246
0.246
0.225
0.179
0.208
0.225
0.248
0.220
0.245
0.225
0.218
0.216
0.239
0.252
0.224
0.210
0.214
0.214
0.208
0.247
0.213
0.215
0.223
0.203
0.215
0.228
0.210
0.217
0.212
0.249
0.213
0.258
0.218
0.241
0.233
0.242
0.214
0.252
0.253
0.225
0.216
0.206
0.247
0.225
0.218
0.226
0.209
0.208
0.199
0.168
0.211
0.217
0.202
0.218
0.212
0.216
0.210
0.205
0.223
0.228
0.213
0.250
0.226
0.225
0.236
0.222
0.215
0.225
0.215
0.213
0.214
0.237
0.211
0.214
0.231
0.224
0.227
0.224
0.176
0.209
0.217
0.250
0.221
0.226
0.262
0.227
0.219
0.207
0.225
0.223
0.210
0.238
0.215
0.224
0.203
0.224
0.213
0.263
0.166
0.223
0.212
0.179
0.207
0.224
0.203
0.213
0.215
0.225
0.226
0.206
0.215
0.173
0.219
0.217
0.248
0.223
0.189
0.205
0.219
0.215
0.211
0.205
0.215
0.222
0.238
0.227
0.226
0.213
0.245
0.223
0.187
0.185
0.211
0.215
0.247
0.224
0.217
0.253
0.227
0.210
0.224
0.213
0.214
0.247
0.245
0.214
0.215
0.207
0.213
0.213
0.226
0.176
0.215
0.225
0.203
0.214
0.212
0.240
0.251
0.214
0.216
0.235
0.207
0.228
0.220
0.224
0.235
0.222
0.213
0.183
0.243
0.216
0.225
0.171
0.203
0.217
0.195
0.239
0.168
0.217
0.226
0.226
0.217
0.224
0.208
0.216
0.243
0.254
0.244
0.222
0.231
0.226
0.208
0.223
0.213
0.187
0.224
0.256
0.205
0.184
0.205
0.226
0.224
0.222
0.215
0.218
0.214
0.214
0.226
0.222
0.255
0.223
0.214
0.220
0.244
0.208
0.224
0.221
0.214
0.225
0.214
0.214
0.211
0.246
0.226
0.219
0.226
0.224
0.214
0.184
0.211
0.225
0.221
0.218
0.205
0.179
0.223
0.205
0.216
0.225
0.246
0.212
0.245
0.225
0.201
0.208
0.219
0.216
0.246
0.222
0.213
0.224
0.212
0.255
0.234
0.224
0.214
0.211
0.244
0.225
0.208
0.202
0.214
0.195
0.222
0.215
0.217
0.240
0.244
0.229
0.212
0.250
0.213
0.214
0.213
0.206
0.240
0.249
0.243
0.222
0.216
0.245
0.185
0.219
0.209
0.222
0.222
0.215
0.224
0.216
0.217
0.224
0.216
0.218
0.246
0.241
0.214
0.200
0.250
0.225
0.226
0.260
0.229
0.210
0.224
0.222
0.217
0.208
0.215
0.217
0.244
0.245
0.190
0.205
0.215
0.225
0.227
0.249
0.215
0.214
0.216
0.173
0.238
0.248
0.246
0.225
0.222
0.217
0.212
0.225
0.211
0.215
0.222
0.225
0.224
0.210
0.215
0.219
0.231
0.224
0.214
0.224
0.183
0.246
0.216
0.211
0.209
0.261
0.218
0.225
0.203
0.234
0.247
0.233
0.228
0.217
0.214
0.215
0.217
0.171
0.208
0.223
0.221
0.252
0.246
0.178
0.223
0.217
0.215
0.216
0.213
0.227
0.225
0.210
0.226
0.223
0.244
0.242
0.248
0.225
0.213
0.254
0.223
0.249
0.252
0.250
0.222
0.259
0.206
0.218
0.218
0.250
0.227
0.217
0.225
0.223
0.211
0.224
0.225
0.218
0.228
0.236
0.223
0.211
0.224
0.225
0.220
0.226
0.217
0.244
0.184
0.212
0.226
0.235
0.247
0.222
0.224
0.225
0.223
0.195
0.206
0.184
0.214
0.214
0.252
0.198
0.233
0.210
0.227
0.232
0.230
0.228
0.205
0.237
0.247
0.219
0.217
0.206
0.230
0.226
0.172
0.242
0.212
0.211
0.247
0.224
0.240
0.224
0.209
0.213
0.213
0.217
0.172
0.246
0.242
0.223
0.215
0.212
0.209
0.225
0.177
0.214
0.171
0.207
0.208
0.225
0.214
0.254
0.243
0.218
0.208
0.226
0.214
0.212
0.173
0.219
0.260
0.238
0.243
0.210
0.222
0.249
0.224
0.180
0.216
0.189
0.243
0.252
0.239
0.209
0.225
0.221
0.214
0.174
0.220
0.226
0.248
0.248
0.244
0.224
0.214
0.209
0.225
0.240
0.220
0.216
0.212
0.248
0.203
0.226
0.215
0.215
0.213
0.232
0.243
0.224
0.215
0.213
0.213
0.214
0.215
0.216
0.226
0.214
0.244
0.223
0.224
0.220
0.213
0.215
0.211
0.225
0.216
0.223
0.213
0.224
0.225
0.249
0.245
0.209
0.223
0.215
0.216
0.225
0.252
0.166
0.206
0.217
0.247
0.224
0.219
0.203
0.224
0.222
0.206
0.223
0.213
0.221
0.246
0.224
0.213
0.211
0.206
0.226
0.213
0.215
0.216
0.227
0.213
0.225
0.215
0.250
0.224
0.224
0.224
0.217
0.215
0.247
0.248
0.228
0.227
0.231
0.224
0.220
0.242
0.219
0.250
0.252
0.237
0.222
0.238
0.227
0.173
0.173
0.210
0.243
0.214
0.223
0.226
0.208
0.225
0.214
0.224
0.253
0.253
0.174
0.239
0.200
0.243
0.223
0.214
0.248
0.224
0.214
0.212
0.224
0.226
0.216
0.223
0.216
0.239
0.239
0.210
0.222
0.225
0.215
0.219
0.214
0.217
0.213
0.199
0.225
0.221
0.255
0.246
0.225
0.184
0.489
0.219
0.205
0.227
0.243
0.222
0.186
0.215
0.213
0.175
0.502
0.245
0.226
0.212
0.221
0.208
0.236
0.168
0.222
0.210
0.423
0.245
0.207
0.225
0.255
0.536
0.229
0.216
0.224
0.214
0.492
0.258
0.170
0.221
0.247
0.518
0.222
0.218
0.204
0.243
0.409
0.217
0.206
0.217
0.235
0.459
0.225
0.226
0.212
0.247
0.205
0.241
0.220
0.220
0.239
0.327
0.219
0.272
0.259
0.257
0.316
0.232
0.220
0.244
0.244
0.313
0.225
0.177
0.215
0.243
0.175
0.248
0.208
0.246
0.244
0.162
0.215
0.209
0.225
0.224
0.152
0.203
0.211
0.214
0.225
0.145
0.244
0.248
0.225
0.250
0.240
0.217
0.215
0.217
0.178
0.144
0.210
0.194
0.211
0.214
0.199
0.248
0.222
0.212
0.263
0.208
0.219
0.239
0.214
0.242
0.202
0.248
0.211
0.215
0.259
0.213
0.246
0.250
0.223
0.218
0.209
0.231
0.225
0.182
0.218
0.201
0.212
0.216
0.208
0.224
0.206
0.253
0.221
0.212
0.225
0.210
0.204
0.230
0.215
0.256
0.238
0.250
0.214
0.206
0.258
0.221
0.253
0.251
0.215
0.212
0.238
0.244
0.223
0.210
0.227
0.212
0.179
0.226
0.207
0.209
0.247
0.244
0.213
0.225
0.233
0.182
0.211
0.207
0.220
0.247
0.242
0.243
0.224
0.225
0.213
0.210
0.236
0.249
0.216
0.219
0.244
0.206
0.213
0.213
0.259
0.225
0.218
0.171
0.208
0.250
0.207
0.262
0.225
0.226
0.214
0.182
0.211
0.248
0.224
0.234
0.238
0.217
0.225
0.210
0.215
0.211
0.210
0.222
0.216
0.225
0.192
0.219
0.225
0.212
0.250
0.221
0.223
0.227
0.165
0.209
0.251
0.226
0.172
0.218
0.208
0.245
0.205
0.236
0.212
0.215
0.214
0.236
0.218
0.204
0.227
0.218
0.217
0.230
0.226
0.213
0.210
0.239
0.224
0.205
0.223
0.226
0.214
0.216
0.209
0.233
0.245
0.250
0.226
0.222
0.229
0.214
0.203
0.226
0.216
0.247
0.244
0.251
0.224
0.204
0.249
0.215
0.212
0.213
0.221
0.236
0.245
0.209
0.172
0.243
0.255
0.224
0.216
0.230
0.195
0.212
0.186
0.207
0.215
0.248
0.250
0.226
0.201
0.213
0.222
0.232
0.210
0.219
0.217
0.239
0.234
0.231
0.247
0.218
0.215
0.214
0.224
0.211
0.225
0.211
0.214
0.217
0.210
0.222
0.213
0.213
0.221
0.218
0.225
0.236
0.209
0.219
0.205
0.221
0.215
0.215
0.211
0.248
0.225
0.193
0.177
0.216
0.164
0.232
0.207
0.211
0.225
0.211
0.206
0.227
0.248
0.223
0.238
0.246
0.173
0.224
0.226
0.261
0.172
0.219
0.215
0.225
0.207
0.206
0.215
0.225
0.224
0.207
0.228
0.178
0.209
0.225
0.215
0.215
0.223
0.212
0.241
0.242
0.213
0.221
0.247
0.223
0.217
0.219
0.214
0.243
0.227
0.216
0.221
0.232
0.250
0.219
0.178
0.222
0.229
0.214
0.206
0.216
0.218
0.212
0.239
0.224
0.215
0.214
0.227
0.216
0.215
0.203
0.213
0.222
0.213
0.224
0.228
0.233
0.222
0.212
0.211
0.237
0.214
0.215
0.170
0.224
0.204
0.243
0.213
0.225
0.213
0.254
0.224
0.218
0.223
0.217
0.175
0.247
0.216
0.204
0.255
0.172
0.211
0.225
0.227
0.215
0.188
0.244
0.213
0.217
0.224
0.222
0.214
0.233
0.219
0.220
0.213
0.237
0.220
0.209
0.221
0.220
0.226
0.235
0.238
0.213
0.224
0.215
0.222
0.214
0.218
0.235
0.206
0.212
0.183
0.206
0.249
0.222
0.224
0.175
0.216
0.226
0.246
0.215
0.244
0.238
0.168
0.204
0.221
0.207
0.245
0.247
0.211
0.228
0.181
0.213
0.233
0.215
0.216
0.241
0.245
0.246
0.207
0.231
0.225
0.224
0.231
0.221
0.217
0.211
0.237
0.219
0.226
0.223
0.250
0.214
0.215
0.213
0.224
0.223
0.215
0.250
0.225
0.223
0.182
0.207
0.225
0.221
0.222
0.215
0.222
0.210
0.207
0.242
0.247
0.210
0.210
0.224
0.223
0.223
0.208
0.231
0.227
0.247
0.251
0.234
0.227
0.202
0.170
0.208
0.208
0.254
0.209
0.223
0.212
0.213
0.224
0.235
0.225
0.140
0.216
0.212
0.224
0.213
0.246
0.225
0.247
0.224
0.225
0.193
0.211
0.249
0.223
0.241
0.245
0.213
0.206
0.175
0.217
0.224
0.239
0.254
0.210
0.220
0.222
0.211
0.226
0.224
0.211
0.250
0.245
0.245
0.188
0.210
0.246
0.215
0.252
0.213
0.223
0.214
0.210
0.216
0.224
0.217
0.222
0.223
0.215
0.178
0.211
0.218
0.179
0.184
0.223
0.235
0.214
0.218
0.214
0.227
0.243
0.220
0.232
0.236
0.214
0.239
0.245
0.225
0.224
0.254
0.224
0.226
0.210
0.214
0.224
0.212
0.216
0.217
0.209
0.232
0.210
0.210
0.214
0.218
0.225
0.211
0.252
0.211
0.214
0.214
0.223
0.228
0.225
0.215
0.225
0.214
0.213
0.215
0.245
0.245
0.211
0.212
0.213
0.217
0.214
0.210
0.215
0.223
0.215
0.235
0.211
0.225
0.214
0.238
0.169
0.217
0.218
0.210
0.211
0.225
0.213
0.210
0.211
0.216
0.225
0.225
0.217
0.215
0.215
0.226
0.222
0.215
0.239
0.252
0.218
0.213
0.249
0.208
0.236
0.239
0.205
0.222
0.213
0.245
0.222
0.214
0.248
0.193
0.229
0.226
0.218
0.206
0.214
0.226
0.225
0.219
0.212
0.214
0.212
0.213
0.216
0.225
0.179
0.211
0.224
0.219
0.225
0.226
0.230
0.236
0.207
0.225
0.216
0.215
0.217
0.214
0.172
0.225
0.210
0.245
0.190
0.209
0.213
0.220
0.225
0.209
0.211
0.217
0.214
0.239
0.213
0.225
0.248
0.219
0.214
0.205
0.212
0.220
0.225
0.249
0.206
0.219
0.221
0.238
0.214
0.216
0.218
0.187
0.235
0.245
0.224
0.213
0.224
0.225
0.209
0.175
0.227
0.213
0.212
0.215
0.225
0.215
0.253
0.243
0.208
0.199
0.223
0.215
0.215
0.213
0.178
0.211
0.216
0.211
0.169
0.246
0.242
0.224
0.167
0.227
0.214
0.218
0.250
0.253
0.211
0.194
0.216
0.224
0.205
0.213
0.226
0.245
0.243
0.235
0.225
0.214
0.214
0.213
0.233
0.226
0.191
0.211
0.218
0.213
0.214
0.251
0.215
0.224
0.208
0.218
0.225
0.225
0.224
0.252
0.225
0.210
0.207
0.226
0.215
0.245
0.222
0.210
0.223
0.205
0.207
0.210
0.215
0.211
0.222
0.213
0.207
0.221
0.228
0.225
0.227
0.217
0.213
0.206
0.207
0.209
0.176
0.167
0.217
0.253
0.224
0.213
0.199
0.225
0.214
0.219
0.212
0.210
0.243
0.239
0.213
0.223
0.224
0.225
0.236
0.216
0.222
0.200
0.219
0.244
0.225
0.217
0.211
0.223
0.206
0.207
0.218
0.250
0.243
0.245
0.215
0.228
0.207
0.215
0.250
0.225
0.217
0.265
0.245
0.212
0.209
0.211
0.243
0.226
0.222
0.210
0.225
0.207
0.224
0.214
0.217
0.254
0.215
0.224
0.195
0.223
0.225
0.212
0.182
0.247
0.206
0.243
0.202
0.209
0.201
0.222
0.236
0.214
0.249
0.208
0.203
0.223
0.226
0.230
0.250
0.192
0.224
0.206
0.225
0.250
