0.185
0.195
0.197
0.199
0.202
0.201
0.208
0.173
0.172
0.188
0.175
0.137
0.175
0.171
0.175
0.172
0.202
0.176
0.173
0.164
0.179
0.161
0.167
0.176
0.173
0.171
0.194
0.165
0.178
0.176
0.177
0.178
0.203
0.172
0.166
0.171
0.206
0.127
0.175
0.174
0.176
0.152
0.164
0.173
0.175
0.206
0.205
0.173
0.176
0.165
0.175
0.170
0.173
0.168
0.171
0.182
0.162
0.171
0.171
0.174
0.179
0.170
0.176
0.176
0.173
0.184
0.174
0.173
0.177
0.176
0.172
0.177
0.174
0.189
0.180
0.186
0.192
0.170
0.211
0.193
0.166
0.168
0.179
0.168
0.173
0.173
0.137
0.171
0.173
0.171
0.173
0.191
0.171
0.168
0.168
0.163
0.166
0.169
0.171
0.127
0.180
0.160
0.161
0.177
0.173
0.170
0.176
0.176
0.174
0.150
0.169
0.174
0.172
0.174
0.173
0.216
0.215
0.167
0.201
0.208
0.180
0.166
0.170
0.189
0.166
0.160
0.205
0.177
0.176
0.169
0.177
0.172
0.167
0.173
0.172
0.171
0.172
0.179
0.177
0.169
0.170
0.187
0.147
0.171
0.173
0.171
0.177
0.173
0.175
0.172
0.172
0.173
0.173
0.187
0.172
0.168
0.192
0.180
0.175
0.178
0.179
0.155
0.169
0.205
0.133
0.176
0.192
0.173
0.178
0.191
0.162
0.171
0.178
0.172
0.180
0.173
0.177
0.169
0.164
0.172
0.174
0.171
0.187
0.176
0.175
0.170
0.177
0.173
0.203
0.207
0.176
0.177
0.168
0.169
0.177
0.176
0.202
0.178
0.176
0.169
0.174
0.170
0.205
0.202
0.180
0.168
0.199
0.138
0.163
0.177
0.183
0.174
0.207
0.200
0.172
0.175
0.216
0.177
0.173
0.176
0.184
0.170
0.198
0.165
0.177
0.202
0.208
0.178
0.172
0.171
0.165
0.207
0.204
0.209
0.171
0.175
0.172
0.144
0.164
0.177
0.181
0.175
0.196
0.189
0.174
0.165
0.174
0.179
0.174
0.167
0.173
0.205
0.196
0.193
0.172
0.175
0.178
0.183
0.176
0.176
0.147
0.172
0.170
0.176
0.173
0.183
0.173
0.170
0.169
0.175
0.177
0.174
0.165
0.177
0.172
0.168
0.170
0.176
0.173
0.171
0.172
0.178
0.139
0.204
0.174
0.127
0.174
0.170
0.170
0.176
0.172
0.172
0.174
0.202
0.183
0.172
0.194
0.172
0.165
0.182
0.175
0.210
0.182
0.181
0.173
0.138
0.161
0.172
0.174
0.170
0.172
0.173
0.166
0.194
0.179
0.172
0.181
0.172
0.178
0.174
0.164
0.174
0.166
0.173
0.177
0.176
0.194
0.171
0.181
0.168
0.175
0.187
0.179
0.173
0.165
0.160
0.183
0.178
0.166
0.172
0.178
0.174
0.171
0.166
0.177
0.169
0.174
0.128
0.180
0.168
0.139
0.170
0.181
0.174
0.173
0.200
0.359
0.178
0.164
0.176
0.179
0.187
0.173
0.189
0.179
0.135
0.162
0.176
0.181
0.179
0.171
0.172
0.188
0.158
0.164
0.179
0.174
0.138
0.179
0.173
0.166
0.160
0.170
0.175
0.178
0.214
0.176
0.177
0.177
0.200
0.180
0.171
0.181
0.178
0.177
0.162
0.174
0.178
0.173
0.176
0.173
0.190
0.171
0.161
0.166
0.182
0.170
0.172
0.174
0.127
0.173
0.188
0.211
0.167
0.173
0.173
0.176
0.173
0.168
0.168
0.177
0.180
0.190
0.176
0.180
0.176
0.165
0.176
0.173
0.176
0.171
0.179
0.177
0.142
0.360
0.177
0.203
0.165
0.171
0.477
0.176
0.166
0.178
0.171
0.482
0.180
0.181
0.175
0.144
0.219
0.174
0.171
0.174
0.174
0.460
0.181
0.162
0.171
0.176
0.105
0.177
0.176
0.204
0.199
0.349
0.180
0.186
0.174
0.181
0.131
0.164
0.126
0.162
0.172
0.196
0.181
0.189
0.172
0.135
0.140
0.178
0.172
0.188
0.188
0.167
0.169
0.140
0.166
0.177
0.100
0.175
0.175
0.175
0.159
0.101
0.175
0.177
0.176
0.170
0.100
0.176
0.161
0.165
0.172
0.102
0.181
0.211
0.172
0.177
0.102
0.171
0.172
0.207
0.205
0.101
0.175
0.170
0.168
0.173
0.101
0.179
0.172
0.199
0.179
0.139
0.207
0.180
0.176
0.186
0.138
0.174
0.166
0.202
0.157
0.174
0.209
0.213
0.178
0.178
0.164
0.175
0.197
0.207
0.206
0.164
0.168
0.134
0.164
0.183
0.170
0.172
0.175
0.173
0.172
0.163
0.173
0.177
0.174
0.172
0.157
0.177
0.200
0.193
0.158
0.168
0.172
0.171
0.167
0.130
0.170
0.171
0.177
0.180
0.172
0.165
0.170
0.172
0.177
0.175
0.165
0.178
0.174
0.172
0.171
0.166
0.167
0.169
0.172
0.184
0.179
0.163
0.176
0.170
0.202
0.167
0.125
0.182
0.175
0.171
0.177
0.166
0.172
0.171
0.199
0.174
0.131
0.170
0.165
0.136
0.162
0.179
0.170
0.204
0.197
0.136
0.161
0.177
0.173
0.174
0.104
0.181
0.139
0.192
0.200
0.169
0.203
0.183
0.172
0.173
0.139
0.166
0.172
0.179
0.211
0.177
0.168
0.183
0.166
0.168
0.167
0.134
0.173
0.176
0.171
0.165
0.169
0.204
0.178
0.175
0.181
0.173
0.175
0.166
0.171
0.130
0.205
0.202
0.127
0.176
0.135
0.167
0.170
0.172
0.181
0.181
0.170
0.174
0.170
0.172
0.176
0.172
0.176
0.177
0.181
0.179
0.164
0.182
0.171
0.183
0.178
0.178
0.178
0.170
0.200
0.179
0.174
0.172
0.174
0.173
0.136
0.176
0.175
0.191
0.166
0.172
0.172
0.177
0.169
0.185
0.177
0.173
0.167
0.216
0.173
0.174
0.166
0.173
0.173
0.201
0.202
0.179
0.179
0.136
0.161
0.174
0.177
0.175
0.173
0.170
0.127
0.171
0.188
0.169
0.176
0.176
0.170
0.172
0.168
0.183
0.172
0.181
0.192
0.172
0.174
0.177
0.162
0.172
0.171
0.179
0.179
0.175
0.173
0.137
0.166
0.174
0.173
0.201
0.165
0.178
0.180
0.167
0.172
0.174
0.176
0.178
0.179
0.291
0.140
0.165
0.186
0.174
0.162
0.184
0.174
0.178
0.162
0.174
0.171
0.165
0.174
0.172
0.178
0.154
0.170
0.177
0.175
0.172
0.183
0.179
0.203
0.165
0.124
0.174
0.212
0.175
0.175
0.216
0.151
0.170
0.203
0.172
0.184
0.178
0.175
0.172
0.163
0.166
0.126
0.172
0.179
0.179
0.171
0.175
0.166
0.175
0.174
0.172
0.176
0.177
0.178
0.162
0.161
0.176
0.172
0.177
0.178
0.171
0.172
0.161
0.178
0.173
0.173
0.208
0.162
0.177
0.163
0.171
0.173
0.173
0.178
0.170
0.172
0.178
0.160
0.172
0.172
0.170
0.170
0.172
0.177
0.168
0.168
0.194
0.155
0.176
0.191
0.193
0.172
0.180
0.176
0.172
0.171
0.203
0.214
0.176
0.136
0.168
0.170
0.167
0.174
0.176
0.171
0.177
0.168
0.177
0.177
0.166
0.172
0.176
0.177
0.157
0.171
0.176
0.178
0.174
0.173
0.170
0.176
0.162
0.164
0.178
0.171
0.180
0.173
0.178
0.172
0.162
0.169
0.176
0.176
0.176
0.165
0.172
0.169
0.165
0.176
0.208
0.173
0.178
0.171
0.174
0.163
0.173
0.200
0.179
0.128
0.199
0.174
0.138
0.166
0.176
0.175
0.180
0.192
0.171
0.175
0.168
0.175
0.206
0.169
0.174
0.177
0.178
0.198
0.166
0.176
0.193
0.162
0.174
0.172
0.172
0.160
0.206
0.195
0.172
0.179
0.187
0.164
0.136
0.166
0.177
0.172
0.168
0.182
0.182
0.177
0.193
0.173
0.178
0.167
0.179
0.190
0.181
0.155
0.171
0.203
0.202
0.172
0.171
0.173
0.174
0.161
0.172
0.174
0.175
0.177
0.201
0.126
0.155
0.161
0.174
0.172
0.171
0.172
0.177
0.203
0.194
0.177
0.171
0.177
0.174
0.180
0.178
0.163
0.166
0.174
0.177
0.170
0.170
0.172
0.173
0.164
0.171
0.171
0.174
0.170
0.211
0.176
0.175
0.165
0.175
0.129
0.161
0.164
0.171
0.172
0.135
0.175
0.205
0.202
0.172
0.173
0.174
0.162
0.164
0.173
0.177
0.171
0.162
0.171
0.177
0.163
0.161
0.170
0.175
0.183
0.203
0.179
0.172
0.126
0.172
0.179
0.181
0.206
0.177
0.125
0.163
0.165
0.170
0.179
0.175
0.171
0.169
0.174
0.168
0.171
0.189
0.177
0.188
0.176
0.172
0.141
0.165
0.166
0.167
0.173
0.174
0.150
0.176
0.173
0.191
0.201
0.206
0.208
0.174
0.171
0.133
0.164
0.173
0.171
0.163
0.170
0.178
0.176
0.169
0.173
0.180
0.173
0.168
0.202
0.175
0.170
0.169
0.170
0.178
0.174
0.169
0.181
0.175
0.167
0.164
0.125
0.177
0.172
0.173
0.181
0.181
0.173
0.167
0.196
0.178
0.183
0.211
0.183
0.170
0.166
0.170
0.175
0.192
0.175
0.171
0.179
0.166
0.208
0.172
0.169
0.174
0.185
0.179
0.164
0.168
0.167
0.166
0.195
0.174
0.170
0.193
0.165
0.178
0.128
0.191
0.203
0.175
0.185
0.137
0.171
0.196
0.175
0.184
0.175
0.167
0.152
0.200
0.201
0.179
0.188
0.193
0.173
0.176
0.138
0.171
0.169
0.162
0.124
0.171
0.175
0.293
0.164
0.177
0.175
0.171
0.185
0.198
0.199
0.178
0.162
0.178
0.176
0.217
0.183
0.174
0.174
0.170
0.170
0.172
0.170
0.174
0.172
0.172
0.144
0.176
0.175
0.174
0.172
0.178
0.202
0.206
0.171
0.166
0.176
0.181
0.177
0.178
0.176
0.173
0.168
0.171
0.174
0.203
0.221
0.183
0.173
0.164
0.169
0.178
0.172
0.213
0.177
0.174
0.173
0.163
0.170
0.179
0.179
0.165
0.129
0.166
0.169
0.171
0.182
0.185
0.172
0.205
0.201
0.174
0.170
0.172
0.172
0.172
0.174
0.179
0.150
0.169
0.201
0.172
0.177
0.176
0.176
0.169
0.179
0.167
0.181
0.172
0.172
0.182
0.177
0.170
0.153
0.164
0.181
0.174
0.188
0.209
0.174
0.176
0.162
0.204
0.173
0.170
0.184
0.198
0.175
0.159
0.167
0.174
0.173
0.206
0.172
0.174
0.128
0.172
0.171
0.173
0.191
0.173
0.172
0.180
0.127
0.164
0.171
0.182
0.207
0.191
0.182
0.176
0.158
0.177
0.176
0.170
0.172
0.172
0.162
0.181
0.163
0.177
0.175
0.181
0.178
0.177
0.201
0.166
0.169
0.169
0.184
0.180
0.176
0.169
0.149
0.201
0.201
0.174
0.174
0.209
0.206
0.177
0.165
0.166
0.130
0.193
0.201
0.133
0.172
0.169
0.165
0.180
0.178
0.172
0.128
0.210
0.204
0.163
0.161
0.172
0.175
0.174
0.175
0.172
0.177
0.164
0.128
0.173
0.176
0.204
0.200
0.183
0.164
0.171
0.172
0.173
0.173
0.169
0.170
0.176
0.165
0.179
0.208
0.173
0.173
0.200
0.204
0.163
0.168
0.199
0.207
0.171
0.173
0.170
0.172
0.163
0.172
0.176
0.173
0.180
0.193
0.177
0.148
0.164
0.177
0.175
0.172
0.179
0.176
0.176
0.163
0.174
0.176
0.172
0.171
0.178
0.171
0.172
0.169
0.178
0.176
0.175
0.182
0.173
0.173
0.167
0.208
0.173
0.125
0.172
0.169
0.174
0.169
0.172
0.174
0.204
0.202
0.171
0.183
0.181
0.162
0.164
0.174
0.174
0.178
0.170
0.171
0.177
0.167
0.174
0.206
0.174
0.182
0.167
0.181
0.166
0.164
0.174
0.177
0.174
0.201
0.173
0.172
0.163
0.175
0.170
0.173
0.165
0.193
0.211
0.194
0.169
0.182
0.175
0.172
0.175
0.180
0.163
0.165
0.203
0.200
0.173
0.182
0.178
0.173
0.151
0.185
0.175
0.181
0.175
0.126
0.176
0.173
0.164
0.181
0.176
0.172
0.175
0.202
0.214
0.194
0.167
0.174
0.165
0.171
0.175
0.185
0.173
0.164
0.172
0.174
0.178
0.200
0.202
0.174
0.156
0.171
0.172
0.189
0.166
0.176
0.173
0.188
0.164
0.165
0.175
0.166
0.182
0.170
0.180
0.139
0.169
0.179
0.175
0.177
0.187
0.181
0.171
0.164
0.174
0.201
0.172
0.167
0.176
0.171
0.172
0.163
0.178
0.174
0.172
0.170
0.180
0.124
0.163
0.164
0.181
0.178
0.172
0.180
0.170
0.164
0.165
0.172
0.208
0.178
0.189
0.169
0.181
0.137
0.162
0.159
0.175
0.170
0.206
0.183
0.174
0.166
0.170
0.175
0.177
0.170
0.173
0.179
0.336
0.177
0.168
0.171
0.173
0.181
0.178
0.159
0.169
0.173
0.207
0.172
0.217
0.179
0.176
0.137
0.164
0.126
0.172
0.176
0.202
0.176
0.173
0.166
0.179
0.174
0.172
0.195
0.173
0.175
0.159
0.127
0.172
0.169
0.165
0.172
0.173
0.182
0.164
0.171
0.171
0.173
0.171
0.178
0.175
0.163
0.127
0.181
0.175
0.206
0.176
0.170
0.179
0.198
0.165
0.173
0.168
0.164
0.179
0.178
0.179
0.169
0.167
0.200
0.177
0.178
0.177
0.174
0.165
0.165
0.172
0.173
0.206
0.202
0.172
0.177
0.163
0.191
0.176
0.171
0.174
0.173
0.169
0.146
0.188
0.171
0.210
0.209
0.633
0.192
0.161
0.171
0.195
0.127
0.175
0.176
0.204
0.206
0.148
0.172
0.173
0.172
0.177
0.172
0.181
0.172
0.200
0.202
0.172
0.175
0.178
0.176
0.173
0.140
0.165
0.193
0.175
0.177
0.175
0.179
0.183
0.165
0.171
0.179
0.176
0.201
0.193
0.201
0.151
0.169
0.170
0.172
0.176
0.176
0.184
0.172
0.195
0.171
0.174
0.173
0.184
0.172
0.168
0.163
0.166
0.173
0.172
0.171
0.174
0.206
0.177
0.165
0.162
0.170
0.177
0.125
0.192
0.201
0.179
0.167
0.172
0.172
0.172
0.204
0.187
0.170
0.169
0.166
0.175
0.175
0.173
0.172
0.173
0.173
0.165
0.174
0.174
0.199
0.173
0.173
0.169
0.168
0.168
0.178
0.181
0.172
0.171
0.205
0.183
0.171
0.192
0.173
0.176
0.164
0.164
0.179
0.197
0.195
0.172
0.168
0.178
0.176
0.174
0.171
0.163
0.172
0.203
0.200
0.180
0.175
0.182
0.164
0.167
0.172
0.172
0.178
0.181
0.124
0.173
0.161
0.193
0.172
0.173
0.171
0.173
0.198
0.199
0.203
0.178
0.164
0.203
0.172
0.174
0.170
0.172
0.127
0.186
0.175
0.179
0.270
0.202
0.178
0.160
0.173
0.176
0.175
0.211
0.174
0.173
0.125
0.200
0.174
0.171
0.176
0.373
0.172
0.173
0.164
0.171
0.318
0.175
0.181
0.175
0.169
0.407
0.162
0.172
0.172
0.174
0.177
0.201
0.176
0.163
0.170
0.164
0.210
0.207
0.200
0.172
0.130
0.204
0.172
0.180
0.174
0.174
0.171
0.140
0.194
0.177
0.172
0.173
0.174
0.187
0.165
0.142
0.178
0.183
0.187
0.174
0.188
0.174
0.171
0.163
0.180
0.172
0.170
0.192
0.201
0.160
0.162
0.166
0.167
0.177
0.177
0.172
0.173
0.164
0.166
0.174
0.179
0.201
0.176
0.184
0.194
0.157
0.170
0.174
0.173
0.177
0.179
0.205
0.177
0.163
0.172
0.173
0.187
0.190
0.188
0.174
0.138
0.178
0.128
0.172
0.173
0.175
0.185
0.169
0.168
0.171
0.205
0.198
0.173
0.178
0.185
0.172
0.163
0.180
0.181
0.180
0.174
0.179
0.179
0.163
0.210
0.172
0.170
0.127
0.175
0.173
0.166
0.168
0.177
0.176
0.202
0.173
0.194
0.211
0.175
0.167
0.170
0.163
0.173
0.211
0.202
0.172
0.164
0.170
0.182
0.173
0.173
0.174
0.174
0.193
0.206
0.175
0.195
0.182
0.175
0.181
0.176
0.167
0.179
0.169
0.128
0.173
0.130
0.192
0.205
0.173
0.170
0.204
0.172
0.171
0.174
0.172
0.172
0.203
0.201
0.173
0.214
0.171
0.173
0.172
0.174
0.174
0.174
0.205
0.207
0.172
0.175
0.165
0.177
0.176
0.176
0.097
0.172
0.195
0.198
0.163
0.180
0.168
0.172
0.169
0.174
