0.214
0.189
0.201
0.197
0.208
0.194
0.174
0.191
0.159
0.201
0.165
0.172
0.165
0.135
0.160
0.160
0.177
0.160
0.169
0.180
0.172
0.125
0.199
0.177
0.172
0.199
0.163
0.176
0.170
0.175
0.185
0.170
0.163
0.172
0.167
0.176
0.165
0.162
0.172
0.166
0.171
0.128
0.132
0.174
0.176
0.183
0.176
0.193
0.193
0.201
0.205
0.172
0.154
0.204
0.191
0.193
0.162
0.172
0.171
0.160
0.173
0.174
0.165
0.174
0.184
0.173
0.171
0.172
0.176
0.179
0.190
0.173
0.177
0.167
0.170
0.170
0.175
0.170
0.172
0.199
0.204
0.134
0.179
0.158
0.174
0.167
0.169
0.193
0.170
0.167
0.177
0.170
0.170
0.163
0.159
0.173
0.175
0.176
0.176
0.189
0.184
0.176
0.161
0.162
0.165
0.159
0.172
0.171
0.168
0.178
0.173
0.171
0.167
0.178
0.161
0.193
0.166
0.171
0.129
0.171
0.169
0.175
0.169
0.128
0.170
0.172
0.151
0.163
0.163
0.167
0.167
0.174
0.174
0.175
0.172
0.185
0.170
0.175
0.164
0.171
0.198
0.178
0.171
0.171
0.176
0.157
0.173
0.168
0.170
0.136
0.189
0.170
0.172
0.171
0.170
0.170
0.173
0.174
0.171
0.167
0.134
0.162
0.175
0.167
0.178
0.181
0.172
0.159
0.169
0.167
0.174
0.189
0.163
0.161
0.170
0.174
0.127
0.204
0.201
0.199
0.207
0.172
0.163
0.125
0.157
0.176
0.171
0.196
0.164
0.208
0.172
0.170
0.177
0.166
0.129
0.169
0.165
0.177
0.126
0.172
0.176
0.169
0.193
0.170
0.182
0.164
0.164
0.156
0.213
0.200
0.200
0.169
0.173
0.171
0.164
0.170
0.167
0.168
0.158
0.174
0.164
0.171
0.172
0.182
0.189
0.168
0.170
0.174
0.135
0.164
0.167
0.175
0.184
0.200
0.195
0.212
0.171
0.166
0.154
0.190
0.198
0.172
0.172
0.172
0.170
0.176
0.167
0.176
0.175
0.169
0.180
0.162
0.161
0.172
0.171
0.172
0.169
0.171
0.179
0.172
0.166
0.171
0.163
0.163
0.199
0.199
0.176
0.172
0.170
0.154
0.206
0.174
0.170
0.137
0.168
0.164
0.175
0.175
0.175
0.165
0.162
0.178
0.177
0.166
0.177
0.163
0.163
0.171
0.175
0.176
0.168
0.170
0.173
0.168
0.174
0.173
0.174
0.161
0.176
0.179
0.170
0.172
0.169
0.184
0.189
0.170
0.171
0.137
0.159
0.163
0.180
0.171
0.171
0.176
0.180
0.168
0.172
0.170
0.169
0.164
0.161
0.175
0.170
0.176
0.177
0.177
0.177
0.172
0.169
0.166
0.164
0.130
0.204
0.164
0.203
0.201
0.174
0.169
0.166
0.172
0.171
0.137
0.164
0.173
0.177
0.173
0.165
0.170
0.184
0.186
0.204
0.174
0.151
0.165
0.166
0.176
0.170
0.201
0.199
0.198
0.201
0.176
0.156
0.185
0.190
0.196
0.182
0.173
0.169
0.170
0.186
0.172
0.173
0.172
0.174
0.158
0.175
0.178
0.203
0.199
0.201
0.178
0.167
0.162
0.169
0.179
0.154
0.158
0.169
0.175
0.174
0.163
0.171
0.154
0.201
0.200
0.173
0.167
0.162
0.167
0.171
0.176
0.172
0.162
0.187
0.186
0.173
0.168
0.172
0.159
0.158
0.170
0.175
0.173
0.172
0.176
0.172
0.171
0.169
0.207
0.193
0.163
0.165
0.173
0.154
0.204
0.183
0.170
0.182
0.171
0.189
0.166
0.164
0.168
0.169
0.168
0.170
0.175
0.172
0.174
0.159
0.170
0.173
0.193
0.164
0.199
0.174
0.170
0.169
0.171
0.203
0.172
0.170
0.168
0.168
0.158
0.165
0.173
0.174
0.159
0.170
0.176
0.171
0.173
0.167
0.170
0.166
0.168
0.169
0.168
0.177
0.170
0.171
0.168
0.162
0.169
0.169
0.166
0.166
0.182
0.174
0.176
0.171
0.166
0.175
0.214
0.122
0.196
0.189
0.190
0.200
0.170
0.172
0.170
0.178
0.173
0.174
0.164
0.169
0.141
0.156
0.169
0.171
0.162
0.174
0.175
0.173
0.171
0.170
0.170
0.170
0.159
0.191
0.200
0.200
0.199
0.174
0.154
0.204
0.200
0.199
0.166
0.167
0.163
0.170
0.183
0.175
0.171
0.171
0.174
0.177
0.175
0.176
0.138
0.163
0.159
0.171
0.174
0.172
0.174
0.172
0.166
0.169
0.197
0.143
0.195
0.130
0.161
0.130
0.202
0.197
0.174
0.179
0.172
0.176
0.169
0.162
0.170
0.172
0.169
0.172
0.171
0.171
0.173
0.172
0.194
0.177
0.123
0.161
0.158
0.170
0.171
0.177
0.171
0.171
0.175
0.171
0.177
0.140
0.158
0.168
0.171
0.170
0.171
0.175
0.186
0.170
0.166
0.177
0.176
0.161
0.163
0.169
0.167
0.176
0.172
0.170
0.165
0.170
0.169
0.170
0.136
0.162
0.199
0.125
0.160
0.176
0.172
0.173
0.175
0.165
0.172
0.177
0.168
0.159
0.169
0.174
0.171
0.128
0.173
0.181
0.171
0.172
0.173
0.162
0.160
0.173
0.171
0.167
0.173
0.170
0.170
0.175
0.169
0.172
0.162
0.177
0.173
0.176
0.166
0.169
0.123
0.200
0.204
0.197
0.204
0.156
0.164
0.161
0.168
0.165
0.173
0.174
0.189
0.175
0.178
0.170
0.172
0.164
0.165
0.174
0.130
0.176
0.181
0.186
0.192
0.173
0.177
0.179
0.165
0.158
0.170
0.154
0.199
0.204
0.199
0.172
0.176
0.173
0.159
0.136
0.161
0.163
0.170
0.200
0.171
0.175
0.173
0.163
0.171
0.178
0.173
0.163
0.167
0.173
0.167
0.176
0.171
0.195
0.204
0.201
0.170
0.169
0.152
0.195
0.200
0.171
0.171
0.171
0.176
0.167
0.172
0.173
0.172
0.138
0.160
0.171
0.168
0.176
0.169
0.176
0.172
0.172
0.174
0.162
0.170
0.164
0.160
0.170
0.201
0.198
0.175
0.180
0.174
0.162
0.201
0.178
0.159
0.165
0.175
0.167
0.175
0.174
0.172
0.179
0.176
0.175
0.170
0.135
0.168
0.179
0.170
0.169
0.173
0.192
0.176
0.173
0.167
0.171
0.151
0.170
0.166
0.215
0.126
0.174
0.154
0.174
0.168
0.169
0.171
0.172
0.162
0.167
0.172
0.169
0.169
0.170
0.171
0.168
0.182
0.188
0.173
0.140
0.166
0.167
0.169
0.172
0.174
0.176
0.164
0.170
0.172
0.204
0.194
0.193
0.182
0.125
0.167
0.174
0.170
0.177
0.170
0.175
0.174
0.171
0.164
0.164
0.179
0.168
0.169
0.186
0.171
0.173
0.172
0.172
0.168
0.163
0.166
0.172
0.173
0.167
0.128
0.199
0.204
0.198
0.199
0.171
0.166
0.201
0.198
0.202
0.175
0.171
0.180
0.185
0.208
0.169
0.172
0.171
0.168
0.198
0.169
0.158
0.174
0.168
0.181
0.175
0.172
0.203
0.161
0.161
0.167
0.178
0.176
0.171
0.170
0.166
0.174
0.155
0.205
0.198
0.163
0.165
0.171
0.171
0.173
0.170
0.165
0.169
0.174
0.169
0.168
0.153
0.168
0.159
0.169
0.172
0.175
0.173
0.192
0.176
0.171
0.177
0.139
0.197
0.196
0.170
0.175
0.167
0.156
0.202
0.169
0.128
0.172
0.173
0.153
0.169
0.171
0.169
0.176
0.173
0.171
0.173
0.188
0.170
0.174
0.152
0.166
0.170
0.164
0.175
0.178
0.178
0.188
0.196
0.198
0.171
0.171
0.164
0.169
0.159
0.172
0.169
0.170
0.181
0.170
0.169
0.170
0.166
0.160
0.161
0.176
0.172
0.172
0.180
0.169
0.173
0.169
0.185
0.183
0.152
0.161
0.164
0.171
0.195
0.173
0.175
0.168
0.200
0.173
0.164
0.129
0.201
0.169
0.200
0.201
0.176
0.170
0.182
0.125
0.175
0.171
0.166
0.164
0.194
0.187
0.179
0.162
0.170
0.199
0.190
0.175
0.164
0.175
0.131
0.171
0.170
0.195
0.211
0.198
0.199
0.170
0.156
0.202
0.200
0.169
0.162
0.166
0.172
0.175
0.169
0.178
0.176
0.206
0.198
0.204
0.163
0.167
0.159
0.169
0.169
0.171
0.173
0.184
0.184
0.171
0.172
0.125
0.198
0.161
0.172
0.172
0.172
0.157
0.201
0.200
0.170
0.173
0.198
0.191
0.192
0.162
0.184
0.177
0.174
0.208
0.172
0.172
0.168
0.169
0.177
0.161
0.166
0.173
0.178
0.197
0.175
0.174
0.149
0.177
0.199
0.174
0.134
0.166
0.156
0.200
0.128
0.170
0.167
0.169
0.175
0.171
0.174
0.137
0.168
0.164
0.174
0.176
0.171
0.201
0.174
0.170
0.176
0.167
0.134
0.191
0.168
0.174
0.177
0.168
0.160
0.169
0.175
0.169
0.172
0.166
0.168
0.165
0.169
0.204
0.200
0.174
0.169
0.168
0.199
0.200
0.172
0.136
0.174
0.202
0.200
0.176
0.177
0.175
0.189
0.228
0.203
0.170
0.168
0.159
0.184
0.186
0.198
0.170
0.169
0.171
0.124
0.176
0.199
0.183
0.192
0.163
0.173
0.167
0.168
0.173
0.175
0.166
0.167
0.169
0.175
0.134
0.166
0.170
0.168
0.167
0.177
0.174
0.181
0.178
0.180
0.165
0.157
0.158
0.169
0.169
0.170
0.163
0.198
0.198
0.183
0.170
0.172
0.205
0.161
0.210
0.168
0.172
0.167
0.163
0.174
0.170
0.173
0.175
0.171
0.158
0.164
0.175
0.170
0.174
0.170
0.177
0.171
0.203
0.200
0.170
0.135
0.164
0.154
0.198
0.200
0.170
0.171
0.174
0.180
0.170
0.168
0.176
0.164
0.161
0.173
0.175
0.177
0.175
0.200
0.170
0.175
0.170
0.171
0.161
0.160
0.129
0.170
0.184
0.200
0.202
0.174
0.175
0.176
0.161
0.193
0.163
0.163
0.167
0.172
0.172
0.174
0.171
0.175
0.174
0.167
0.175
0.169
0.160
0.177
0.176
0.173
0.162
0.172
0.170
0.171
0.175
0.170
0.161
0.162
0.180
0.170
0.178
0.170
0.171
0.157
0.175
0.175
0.170
0.163
0.161
0.164
0.167
0.155
0.178
0.173
0.176
0.182
0.170
0.176
0.171
0.162
0.162
0.171
0.172
0.165
0.172
0.167
0.176
0.191
0.171
0.182
0.161
0.164
0.169
0.173
0.124
0.207
0.198
0.199
0.204
0.172
0.169
0.148
0.163
0.180
0.168
0.178
0.172
0.168
0.181
0.175
0.170
0.171
0.152
0.158
0.165
0.173
0.167
0.171
0.198
0.165
0.200
0.198
0.200
0.163
0.161
0.154
0.200
0.200
0.204
0.171
0.172
0.208
0.180
0.174
0.170
0.139
0.162
0.168
0.203
0.171
0.172
0.180
0.190
0.168
0.170
0.174
0.133
0.161
0.197
0.175
0.167
0.183
0.175
0.174
0.170
0.176
0.154
0.175
0.192
0.167
0.168
0.169
0.172
0.170
0.172
0.194
0.170
0.172
0.167
0.125
0.163
0.178
0.159
0.163
0.171
0.174
0.175
0.168
0.167
0.177
0.133
0.165
0.203
0.206
0.173
0.166
0.171
0.154
0.195
0.176
0.167
0.198
0.164
0.169
0.171
0.180
0.187
0.176
0.170
0.175
0.166
0.175
0.161
0.166
0.170
0.167
0.175
0.176
0.169
0.172
0.178
0.179
0.174
0.202
0.135
0.164
0.178
0.176
0.153
0.172
0.164
0.183
0.181
0.204
0.174
0.171
0.162
0.162
0.169
0.173
0.162
0.175
0.165
0.161
0.175
0.171
0.170
0.168
0.166
0.170
0.174
0.168
0.165
0.167
0.175
0.171
0.167
0.159
0.167
0.126
0.171
0.181
0.167
0.169
0.175
0.175
0.170
0.168
0.171
0.154
0.168
0.162
0.172
0.162
0.174
0.169
0.170
0.188
0.166
0.171
0.172
0.161
0.161
0.169
0.170
0.197
0.203
0.200
0.211
0.172
0.161
0.205
0.200
0.158
0.161
0.176
0.173
0.172
0.174
0.178
0.198
0.160
0.195
0.196
0.168
0.171
0.173
0.168
0.170
0.170
0.172
0.211
0.181
0.210
0.160
0.168
0.170
0.199
0.168
0.173
0.179
0.123
0.201
0.201
0.174
0.177
0.169
0.161
0.175
0.176
0.170
0.172
0.167
0.183
0.170
0.174
0.176
0.165
0.160
0.162
0.171
0.171
0.169
0.185
0.172
0.125
0.164
0.179
0.161
0.164
0.160
0.170
0.152
0.192
0.164
0.168
0.189
0.180
0.170
0.171
0.167
0.169
0.169
0.166
0.162
0.175
0.171
0.126
0.122
0.175
0.170
0.136
0.166
0.170
0.170
0.175
0.168
0.160
0.206
0.174
0.167
0.168
0.159
0.152
0.163
0.173
0.168
0.168
0.129
0.178
0.168
0.169
0.159
0.173
0.168
0.173
0.167
0.178
0.171
0.171
0.202
0.207
0.198
0.169
0.170
0.161
0.165
0.172
0.169
0.172
0.203
0.206
0.189
0.173
0.124
0.177
0.136
0.161
0.165
0.171
0.170
0.170
0.173
0.174
0.173
0.170
0.166
0.178
0.177
0.163
0.173
0.169
0.166
0.169
0.164
0.172
0.173
0.167
0.182
0.161
0.168
0.167
0.165
0.176
0.175
0.165
0.198
0.198
0.204
0.170
0.170
0.160
0.163
0.168
0.170
0.177
0.160
0.173
0.191
0.177
0.183
0.173
0.159
0.168
0.170
0.177
0.160
0.152
0.208
0.177
0.170
0.165
0.167
0.197
0.126
0.172
0.156
0.200
0.205
0.175
0.178
0.168
0.175
0.172
0.149
0.164
0.171
0.173
0.171
0.172
0.128
0.171
0.171
0.173
0.178
0.167
0.135
0.164
0.174
0.179
0.170
0.172
0.205
0.206
0.176
0.175
0.134
0.153
0.197
0.171
0.171
0.168
0.177
0.176
0.171
0.169
0.170
0.174
0.141
0.167
0.173
0.169
0.179
0.169
0.171
0.174
0.188
0.169
0.169
0.149
0.164
0.159
0.165
0.183
0.171
0.201
0.165
0.168
0.155
0.129
0.172
0.186
0.168
0.168
0.170
0.171
0.170
0.183
0.167
0.169
0.172
0.172
0.163
0.163
0.175
0.174
0.172
0.167
0.167
0.172
0.176
0.161
0.186
0.164
0.166
0.164
0.164
0.168
0.168
0.126
0.199
0.195
0.207
0.166
0.169
0.163
0.164
0.172
0.162
0.161
0.170
0.168
0.181
0.183
0.174
0.175
0.167
0.176
0.178
0.166
0.173
0.169
0.139
0.171
0.173
0.204
0.198
0.192
0.194
0.127
0.161
0.206
0.198
0.167
0.173
0.171
0.171
0.174
0.148
0.162
0.179
0.167
0.169
0.171
0.170
0.173
0.178
0.201
0.176
0.170
0.173
0.197
0.203
0.171
0.170
0.173
0.174
0.178
0.129
0.170
0.171
0.158
0.199
0.167
0.173
0.172
0.168
0.176
0.166
0.173
0.162
0.174
0.158
0.166
0.162
0.175
0.175
0.168
0.163
0.172
0.168
0.169
0.175
0.172
0.163
0.166
0.173
0.193
0.202
0.172
0.167
0.174
0.123
0.167
0.170
0.161
0.162
0.181
0.167
0.170
0.175
0.176
0.177
0.192
0.174
0.170
0.139
0.169
0.169
0.172
0.170
0.166
0.177
0.176
0.170
0.176
0.172
0.143
0.158
0.166
0.170
0.173
0.175
0.129
0.171
0.169
0.167
0.181
0.180
0.161
0.166
0.165
0.167
0.170
0.170
0.134
0.168
0.170
0.175
0.174
0.162
0.164
0.160
0.174
0.170
0.178
0.174
0.181
0.166
0.175
0.170
0.169
0.165
0.170
0.123
0.205
0.204
0.205
0.207
0.171
0.173
0.169
0.167
0.166
0.162
0.188
0.173
0.170
0.172
0.174
0.171
0.175
0.200
0.204
0.133
0.168
0.173
0.168
0.172
0.171
0.201
0.206
0.198
0.198
0.175
0.159
0.201
0.204
0.199
0.170
0.161
0.173
0.167
0.173
0.176
0.176
0.159
0.164
0.161
0.172
0.172
0.178
0.171
0.171
0.171
0.169
0.168
0.198
0.164
0.163
0.174
0.200
0.209
0.201
0.174
0.169
0.156
0.201
0.198
0.148
0.159
0.164
0.167
0.169
0.170
0.171
0.171
0.172
0.173
0.171
0.183
0.159
0.162
0.168
0.170
0.162
0.169
0.173
0.182
0.170
0.170
0.169
0.140
0.159
0.174
0.173
0.175
0.159
0.200
0.176
0.175
0.159
0.170
0.163
0.161
0.162
0.170
0.171
0.173
0.180
0.167
0.170
0.172
0.168
0.174
0.164
0.160
0.173
0.169
0.169
0.167
0.172
0.169
