0.179
0.177
0.178
0.192
0.154
0.154
0.139
0.150
0.156
0.159
0.197
0.149
0.162
0.157
0.154
0.113
0.156
0.154
0.163
0.161
0.148
0.156
0.150
0.154
0.167
0.146
0.146
0.161
0.164
0.148
0.163
0.153
0.152
0.156
0.152
0.079
0.161
0.151
0.147
0.158
0.156
0.159
0.164
0.145
0.155
0.162
0.155
0.118
0.159
0.156
0.156
0.156
0.151
0.154
0.159
0.156
0.126
0.157
0.155
0.161
0.159
0.144
0.155
0.156
0.154
0.126
0.158
0.156
0.154
0.156
0.147
0.156
0.162
0.156
0.162
0.124
0.156
0.109
0.164
0.146
0.160
0.158
0.155
0.151
0.159
0.159
0.155
0.159
0.150
0.154
0.159
0.154
0.155
0.156
0.149
0.158
0.161
0.150
0.157
0.161
0.147
0.150
0.154
0.157
0.113
0.157
0.151
0.153
0.164
0.150
0.158
0.150
0.153
0.154
0.165
0.166
0.157
0.158
0.155
0.154
0.165
0.184
0.160
0.155
0.150
0.153
0.164
0.143
0.158
0.151
0.154
0.156
0.160
0.148
0.146
0.154
0.160
0.154
0.158
0.107
0.153
0.161
0.122
0.162
0.158
0.146
0.158
0.118
0.114
0.150
0.162
0.125
0.154
0.158
0.161
0.151
0.151
0.172
0.157
0.156
0.135
0.162
0.116
0.151
0.157
0.148
0.154
0.155
0.162
0.140
0.156
0.158
0.159
0.169
0.152
0.155
0.159
0.161
0.156
0.176
0.160
0.160
0.155
0.151
0.158
0.156
0.159
0.150
0.158
0.159
0.152
0.151
0.150
0.153
0.164
0.200
0.160
0.164
0.155
0.139
0.157
0.114
0.154
0.159
0.164
0.160
0.149
0.166
0.155
0.161
0.151
0.144
0.163
0.149
0.158
0.145
0.157
0.161
0.155
0.149
0.114
0.153
0.159
0.151
0.146
0.169
0.154
0.164
0.150
0.159
0.154
0.161
0.155
0.151
0.160
0.146
0.154
0.121
0.160
0.153
0.159
0.154
0.149
0.159
0.161
0.152
0.122
0.155
0.154
0.164
0.167
0.147
0.160
0.165
0.160
0.128
0.155
0.145
0.158
0.150
0.154
0.156
0.159
0.106
0.128
0.153
0.159
0.163
0.160
0.109
0.166
0.150
0.155
0.114
0.156
0.157
0.158
0.153
0.154
0.159
0.152
0.152
0.159
0.154
0.158
0.157
0.170
0.145
0.163
0.156
0.156
0.154
0.156
0.112
0.159
0.158
0.113
0.167
0.156
0.164
0.159
0.172
0.155
0.162
0.160
0.144
0.158
0.162
0.155
0.160
0.153
0.153
0.162
0.152
0.149
0.159
0.146
0.154
0.157
0.148
0.155
0.160
0.155
0.150
0.159
0.108
0.155
0.163
0.146
0.155
0.167
0.157
0.146
0.157
0.156
0.161
0.159
0.152
0.155
0.115
0.148
0.151
0.161
0.158
0.157
0.158
0.147
0.153
0.163
0.150
0.120
0.157
0.153
0.153
0.158
0.146
0.156
0.114
0.155
0.144
0.151
0.158
0.158
0.162
0.146
0.152
0.161
0.156
0.127
0.162
0.157
0.156
0.163
0.178
0.157
0.157
0.154
0.145
0.162
0.159
0.154
0.157
0.152
0.156
0.176
0.158
0.156
0.110
0.155
0.113
0.164
0.144
0.155
0.161
0.160
0.150
0.150
0.144
0.154
0.153
0.155
0.155
0.163
0.154
0.155
0.151
0.160
0.153
0.158
0.143
0.155
0.162
0.159
0.157
0.150
0.154
0.154
0.159
0.148
0.155
0.163
0.154
0.159
0.147
0.157
0.154
0.157
0.148
0.155
0.164
0.160
0.148
0.150
0.150
0.155
0.157
0.144
0.157
0.162
0.155
0.160
0.151
0.157
0.159
0.164
0.128
0.160
0.156
0.162
0.106
0.154
0.155
0.149
0.158
0.117
0.152
0.152
0.146
0.160
0.156
0.154
0.158
0.164
0.142
0.164
0.163
0.154
0.153
0.152
0.150
0.165
0.162
0.144
0.161
0.164
0.153
0.162
0.152
0.154
0.154
0.162
0.143
0.163
0.158
0.156
0.155
0.151
0.156
0.154
0.156
0.155
0.155
0.165
0.153
0.162
0.150
0.159
0.153
0.159
0.151
0.147
0.155
0.154
0.151
0.155
0.151
0.156
0.166
0.154
0.148
0.160
0.109
0.159
0.149
0.154
0.143
0.118
0.149
0.147
0.160
0.156
0.161
0.151
0.152
0.159
0.160
0.155
0.148
0.163
0.152
0.162
0.150
0.155
0.152
0.163
0.152
0.154
0.164
0.158
0.156
0.155
0.143
0.154
0.158
0.155
0.146
0.167
0.156
0.154
0.127
0.160
0.154
0.161
0.159
0.147
0.167
0.161
0.154
0.125
0.158
0.160
0.162
0.156
0.148
0.161
0.159
0.155
0.122
0.155
0.152
0.159
0.159
0.148
0.113
0.160
0.153
0.160
0.151
0.155
0.154
0.154
0.146
0.166
0.155
0.155
0.154
0.154
0.156
0.159
0.152
0.154
0.160
0.161
0.149
0.159
0.151
0.159
0.154
0.158
0.149
0.158
0.151
0.155
0.154
0.151
0.152
0.162
0.151
0.153
0.160
0.154
0.151
0.159
0.150
0.156
0.172
0.155
0.147
0.164
0.152
0.159
0.156
0.148
0.160
0.168
0.153
0.153
0.156
0.161
0.154
0.165
0.143
0.155
0.159
0.159
0.108
0.159
0.156
0.162
0.157
0.155
0.157
0.166
0.157
0.150
0.160
0.155
0.154
0.159
0.147
0.154
0.158
0.157
0.114
0.167
0.159
0.158
0.155
0.147
0.154
0.167
0.152
0.127
0.162
0.155
0.111
0.164
0.147
0.152
0.155
0.153
0.115
0.161
0.156
0.157
0.164
0.147
0.153
0.158
0.159
0.155
0.163
0.162
0.146
0.158
0.148
0.155
0.162
0.161
0.151
0.159
0.152
0.163
0.154
0.146
0.152
0.157
0.110
0.154
0.146
0.159
0.152
0.159
0.152
0.155
0.161
0.149
0.161
0.117
0.147
0.112
0.156
0.147
0.154
0.163
0.154
0.155
0.147
0.159
0.151
0.158
0.150
0.158
0.112
0.155
0.150
0.149
0.151
0.159
0.157
0.146
0.155
0.161
0.154
0.160
0.144
0.154
0.158
0.158
0.149
0.159
0.157
0.162
0.159
0.153
0.155
0.158
0.156
0.145
0.154
0.163
0.151
0.160
0.153
0.156
0.148
0.150
0.122
0.164
0.112
0.159
0.157
0.150
0.155
0.154
0.160
0.121
0.151
0.151
0.151
0.152
0.153
0.156
0.155
0.161
0.116
0.158
0.156
0.157
0.158
0.153
0.152
0.151
0.148
0.158
0.155
0.151
0.156
0.155
0.151
0.154
0.152
0.151
0.162
0.160
0.165
0.154
0.149
0.154
0.150
0.154
0.158
0.159
0.147
0.162
0.158
0.160
0.149
0.160
0.152
0.160
0.151
0.151
0.156
0.154
0.150
0.152
0.143
0.155
0.159
0.162
0.106
0.168
0.151
0.154
0.147
0.159
0.167
0.161
0.152
0.152
0.154
0.154
0.152
0.128
0.152
0.155
0.156
0.155
0.145
0.159
0.157
0.111
0.146
0.159
0.154
0.158
0.159
0.148
0.154
0.159
0.170
0.121
0.158
0.154
0.154
0.155
0.146
0.157
0.149
0.146
0.117
0.153
0.156
0.163
0.166
0.148
0.156
0.159
0.153
0.123
0.156
0.157
0.155
0.168
0.152
0.163
0.158
0.159
0.130
0.154
0.157
0.159
0.105
0.147
0.158
0.116
0.149
0.158
0.156
0.158
0.157
0.152
0.146
0.166
0.155
0.157
0.154
0.161
0.152
0.121
0.163
0.153
0.158
0.155
0.158
0.158
0.146
0.154
0.113
0.155
0.143
0.163
0.153
0.154
0.156
0.149
0.153
0.160
0.151
0.147
0.155
0.155
0.151
0.158
0.147
0.159
0.159
0.154
0.145
0.158
0.152
0.161
0.161
0.147
0.155
0.162
0.161
0.146
0.154
0.158
0.157
0.159
0.154
0.157
0.113
0.194
0.144
0.162
0.154
0.155
0.156
0.148
0.151
0.160
0.155
0.121
0.155
0.160
0.155
0.165
0.147
0.163
0.155
0.156
0.117
0.163
0.163
0.154
0.157
0.151
0.158
0.163
0.164
0.126
0.161
0.155
0.159
0.163
0.155
0.157
0.163
0.155
0.128
0.158
0.152
0.165
0.157
0.146
0.153
0.164
0.183
0.157
0.158
0.155
0.155
0.161
0.152
0.166
0.155
0.154
0.157
0.151
0.150
0.166
0.162
0.146
0.111
0.164
0.156
0.157
0.146
0.155
0.156
0.156
0.144
0.158
0.160
0.154
0.158
0.151
0.161
0.158
0.155
0.147
0.159
0.160
0.149
0.162
0.151
0.155
0.159
0.163
0.143
0.157
0.162
0.158
0.154
0.148
0.153
0.163
0.147
0.120
0.161
0.156
0.159
0.161
0.155
0.155
0.155
0.157
0.114
0.157
0.153
0.158
0.154
0.154
0.155
0.156
0.156
0.120
0.155
0.157
0.152
0.164
0.171
0.156
0.161
0.162
0.105
0.157
0.157
0.155
0.154
0.146
0.151
0.155
0.161
0.126
0.159
0.155
0.155
0.157
0.182
0.172
0.172
0.147
0.147
0.160
0.161
0.151
0.156
0.153
0.147
0.152
0.152
0.145
0.161
0.150
0.151
0.146
0.144
0.123
0.154
0.109
0.151
0.122
0.153
0.155
0.161
0.152
0.153
0.158
0.155
0.159
0.146
0.154
0.158
0.159
0.126
0.155
0.160
0.156
0.151
0.168
0.154
0.156
0.172
0.146
0.150
0.158
0.109
0.158
0.149
0.155
0.158
0.157
0.146
0.154
0.155
0.155
0.155
0.151
0.151
0.155
0.158
0.151
0.155
0.162
0.151
0.155
0.149
0.158
0.151
0.159
0.143
0.157
0.148
0.082
0.164
0.150
0.152
0.150
0.158
0.146
0.151
0.158
0.151
0.161
0.149
0.162
0.151
0.157
0.134
0.154
0.165
0.153
0.152
0.154
0.152
0.154
0.161
0.133
0.152
0.163
0.166
0.154
0.173
0.193
0.151
0.159
0.149
0.163
0.111
0.153
0.159
0.150
0.159
0.158
0.160
0.154
0.158
0.163
0.154
0.162
0.144
0.147
0.162
0.151
0.151
0.154
0.153
0.148
0.163
0.148
0.153
0.160
0.156
0.158
0.152
0.159
0.153
0.156
0.144
0.157
0.183
0.156
0.156
0.159
0.157
0.154
0.162
0.151
0.151
0.157
0.157
0.156
0.149
0.158
0.162
0.158
0.150
0.161
0.154
0.156
0.154
0.148
0.155
0.124
0.158
0.121
0.151
0.162
0.156
0.159
0.110
0.160
0.110
0.157
0.146
0.156
0.155
0.162
0.152
0.149
0.151
0.156
0.154
0.148
0.153
0.155
0.156
0.163
0.145
0.163
0.150
0.156
0.159
0.157
0.114
0.168
0.158
0.153
0.160
0.160
0.155
0.137
0.157
0.162
0.155
0.159
0.146
0.163
0.154
0.157
0.164
0.154
0.154
0.158
0.151
0.150
0.155
0.157
0.157
0.160
0.168
0.156
0.156
0.147
0.144
0.149
0.154
0.155
0.161
0.148
0.157
0.160
0.142
0.150
0.154
0.155
0.156
0.159
0.154
0.157
0.155
0.154
0.148
0.159
0.155
0.151
0.132
0.147
0.154
0.151
0.158
0.150
0.156
0.155
0.155
0.156
0.143
0.158
0.153
0.159
0.150
0.166
0.160
0.162
0.159
0.152
0.156
0.162
0.157
0.124
0.149
0.159
0.153
0.158
0.143
0.157
0.156
0.156
0.117
0.161
0.191
0.157
0.147
0.146
0.157
0.156
0.159
0.131
0.154
0.160
0.160
0.158
0.150
0.162
0.108
0.164
0.119
0.156
0.154
0.160
0.159
0.151
0.157
0.156
0.154
0.141
0.163
0.154
0.148
0.162
0.150
0.156
0.166
0.159
0.164
0.159
0.153
0.164
0.157
0.152
0.153
0.158
0.151
0.161
0.149
0.156
0.155
0.159
0.146
0.159
0.157
0.155
0.171
0.150
0.155
0.160
0.159
0.148
0.161
0.162
0.153
0.156
0.152
0.154
0.161
0.156
0.151
0.158
0.157
0.164
0.155
0.150
0.163
0.156
0.158
0.146
0.107
0.161
0.149
0.157
0.158
0.164
0.155
0.156
0.151
0.160
0.155
0.152
0.154
0.153
0.155
0.156
0.113
0.121
0.154
0.161
0.157
0.155
0.146
0.154
0.157
0.159
0.118
0.158
0.154
0.152
0.163
0.153
0.156
0.163
0.153
0.143
0.156
0.159
0.193
0.161
0.152
0.155
0.158
0.157
0.113
0.161
0.153
0.155
0.148
0.157
0.155
0.156
0.155
0.153
0.154
0.157
0.151
0.155
0.151
0.155
0.162
0.158
0.105
0.156
0.159
0.159
0.152
0.149
0.159
0.161
0.157
0.160
0.156
0.158
0.157
0.157
0.156
0.154
0.160
0.160
0.153
0.154
0.162
0.154
0.160
0.155
0.153
0.159
0.155
0.158
0.146
0.082
0.151
0.154
0.151
0.159
0.144
0.160
0.112
0.158
0.155
0.155
0.155
0.153
0.154
0.148
0.159
0.159
0.149
0.157
0.158
0.155
0.150
0.156
0.148
0.157
0.152
0.154
0.154
0.158
0.160
0.120
0.156
0.157
0.107
0.159
0.146
0.158
0.154
0.158
0.134
0.157
0.157
0.158
0.160
0.155
0.158
0.154
0.147
0.113
0.150
0.160
0.155
0.161
0.152
0.161
0.159
0.155
0.122
0.157
0.156
0.162
0.153
0.149
0.162
0.160
0.153
0.138
0.155
0.160
0.153
0.111
0.174
0.187
0.187
0.162
0.158
0.147
0.155
0.161
0.155
0.157
0.161
0.159
0.151
0.160
0.154
0.164
0.157
0.155
0.144
0.158
0.159
0.151
0.153
0.148
0.113
0.157
0.153
0.154
0.161
0.156
0.154
0.157
0.144
0.155
0.158
0.114
0.145
0.162
0.155
0.160
0.157
0.148
0.154
0.157
0.151
0.153
0.159
0.159
0.157
0.157
0.148
0.159
0.159
0.154
0.115
0.160
0.156
0.158
0.157
0.149
0.152
0.155
0.158
0.120
0.154
0.155
0.155
0.157
0.144
0.157
0.162
0.156
0.123
0.162
0.149
0.156
0.154
0.151
0.164
0.159
0.155
0.121
0.153
0.157
0.156
0.157
0.108
0.160
0.153
0.160
0.128
0.116
0.158
0.121
0.160
0.148
0.157
0.160
0.152
0.157
0.153
0.157
0.157
0.157
0.146
0.160
0.189
0.161
0.151
0.161
0.146
0.156
0.155
0.153
0.156
0.157
0.151
0.156
0.154
0.167
0.152
0.158
0.152
0.156
0.157
0.154
0.159
0.154
0.155
0.162
0.150
0.148
0.162
0.162
0.154
0.156
0.145
0.160
0.156
0.157
0.148
0.161
0.158
0.160
0.155
0.153
0.154
0.162
0.110
0.182
0.159
0.163
0.157
0.157
0.143
0.152
0.156
0.152
0.148
0.157
0.150
0.154
0.159
0.154
0.156
0.162
0.154
0.150
0.175
0.157
0.158
0.158
0.145
0.160
0.154
0.159
0.129
0.117
0.153
0.157
0.154
0.155
0.161
0.158
0.153
0.150
0.157
0.161
0.157
0.153
0.154
0.160
0.151
0.158
0.135
0.161
0.155
0.157
0.150
0.149
0.150
0.155
0.158
0.160
0.151
0.161
0.151
0.161
0.177
0.156
0.108
0.162
0.157
0.157
0.158
0.160
0.143
0.149
0.155
0.155
0.158
0.160
0.143
0.160
0.155
0.159
0.148
0.161
0.155
0.158
0.156
0.145
0.156
0.148
0.152
0.161
0.174
0.172
0.150
0.163
0.164
0.157
0.153
0.153
0.145
0.156
0.149
0.158
0.153
0.148
0.157
0.164
0.143
0.150
0.154
0.155
0.158
0.158
0.155
0.150
0.155
0.160
0.124
0.155
0.157
0.164
0.151
0.154
0.165
0.156
0.155
0.124
0.108
0.158
0.158
0.156
0.145
0.164
0.153
0.164
0.121
0.153
0.153
0.163
0.146
0.153
0.167
0.158
0.152
0.123
0.152
0.155
0.163
0.158
0.143
0.164
0.111
0.154
0.133
0.112
0.158
0.161
0.148
0.136
0.159
0.158
0.156
0.161
0.157
0.154
0.164
0.155
0.150
0.159
0.152
0.158
0.165
0.154
0.152
0.156
0.143
0.153
0.160
0.156
0.157
0.158
0.149
0.164
0.163
0.156
0.144
0.163
0.157
0.155
0.111
0.159
0.152
0.160
0.186
0.147
0.111
0.154
0.160
0.163
0.144
0.159
0.181
0.163
0.146
0.164
0.155
0.165
0.158
0.149
0.159
0.161
0.154
0.149
0.158
0.164
0.154
0.159
0.143
0.156
0.158
0.155
0.146
0.160
0.152
0.154
0.149
0.150
0.152
0.162
0.153
0.148
0.161
0.158
0.152
0.154
0.145
0.155
0.158
0.154
0.117
0.155
0.158
0.159
0.156
0.153
0.154
0.163
0.158
0.153
0.174
0.157
0.109
