0.217
0.209
0.198
0.173
0.176
0.167
0.164
0.168
0.173
0.140
0.173
0.164
0.169
0.179
0.163
0.169
0.195
0.172
0.185
0.165
0.171
0.175
0.167
0.169
0.175
0.172
0.170
0.171
0.199
0.175
0.174
0.170
0.163
0.176
0.168
0.175
0.172
0.174
0.202
0.176
0.170
0.160
0.177
0.175
0.168
0.178
0.164
0.173
0.172
0.176
0.163
0.176
0.173
0.125
0.176
0.168
0.167
0.177
0.170
0.134
0.174
0.174
0.171
0.170
0.167
0.176
0.179
0.171
0.137
0.171
0.172
0.172
0.174
0.168
0.167
0.170
0.174
0.167
0.159
0.174
0.179
0.177
0.165
0.175
0.172
0.179
0.173
0.173
0.172
0.175
0.175
0.162
0.171
0.177
0.173
0.174
0.172
0.172
0.201
0.173
0.162
0.172
0.176
0.173
0.159
0.170
0.174
0.171
0.180
0.163
0.173
0.174
0.169
0.163
0.164
0.128
0.162
0.172
0.162
0.168
0.171
0.168
0.179
0.164
0.173
0.175
0.172
0.161
0.171
0.174
0.170
0.169
0.165
0.176
0.199
0.177
0.158
0.174
0.176
0.205
0.176
0.168
0.171
0.170
0.171
0.129
0.170
0.178
0.170
0.166
0.167
0.168
0.171
0.169
0.162
0.170
0.171
0.181
0.186
0.175
0.172
0.176
0.170
0.136
0.173
0.170
0.176
0.173
0.162
0.170
0.176
0.175
0.135
0.178
0.168
0.174
0.175
0.130
0.173
0.125
0.171
0.177
0.170
0.174
0.163
0.169
0.166
0.172
0.174
0.171
0.171
0.170
0.173
0.169
0.134
0.164
0.178
0.175
0.174
0.171
0.173
0.164
0.185
0.130
0.162
0.170
0.168
0.173
0.174
0.163
0.170
0.169
0.158
0.166
0.168
0.173
0.170
0.173
0.196
0.172
0.180
0.173
0.161
0.171
0.188
0.162
0.175
0.163
0.184
0.171
0.167
0.164
0.172
0.172
0.170
0.170
0.165
0.179
0.165
0.123
0.168
0.173
0.175
0.172
0.170
0.172
0.171
0.166
0.172
0.163
0.170
0.176
0.178
0.170
0.166
0.171
0.170
0.171
0.192
0.176
0.201
0.172
0.178
0.168
0.177
0.172
0.188
0.154
0.172
0.163
0.176
0.170
0.164
0.174
0.175
0.175
0.137
0.170
0.167
0.175
0.190
0.162
0.173
0.162
0.204
0.141
0.171
0.174
0.165
0.170
0.166
0.181
0.176
0.171
0.180
0.168
0.172
0.175
0.177
0.162
0.172
0.128
0.167
0.172
0.174
0.171
0.171
0.170
0.170
0.176
0.167
0.177
0.129
0.162
0.175
0.178
0.167
0.167
0.173
0.172
0.180
0.175
0.163
0.182
0.177
0.173
0.163
0.170
0.166
0.169
0.171
0.167
0.166
0.174
0.170
0.168
0.171
0.171
0.169
0.172
0.161
0.169
0.175
0.169
0.192
0.184
0.168
0.169
0.187
0.166
0.173
0.171
0.177
0.164
0.168
0.175
0.174
0.173
0.162
0.171
0.173
0.170
0.161
0.128
0.178
0.165
0.176
0.168
0.171
0.173
0.172
0.133
0.169
0.174
0.173
0.170
0.165
0.174
0.172
0.169
0.137
0.176
0.181
0.170
0.174
0.164
0.177
0.172
0.181
0.171
0.176
0.167
0.170
0.176
0.160
0.174
0.171
0.169
0.171
0.175
0.170
0.169
0.170
0.167
0.176
0.175
0.171
0.135
0.198
0.170
0.170
0.175
0.167
0.170
0.178
0.173
0.171
0.182
0.170
0.170
0.177
0.163
0.169
0.169
0.174
0.120
0.162
0.171
0.167
0.170
0.161
0.175
0.173
0.172
0.175
0.173
0.174
0.170
0.174
0.161
0.179
0.178
0.172
0.174
0.198
0.175
0.176
0.171
0.169
0.170
0.174
0.174
0.172
0.168
0.179
0.160
0.189
0.138
0.170
0.172
0.171
0.174
0.166
0.166
0.175
0.171
0.168
0.169
0.169
0.172
0.196
0.170
0.171
0.172
0.174
0.138
0.170
0.170
0.169
0.170
0.169
0.174
0.174
0.172
0.135
0.172
0.172
0.127
0.159
0.164
0.171
0.170
0.175
0.139
0.169
0.170
0.175
0.178
0.167
0.169
0.168
0.176
0.170
0.170
0.172
0.175
0.165
0.172
0.167
0.173
0.181
0.132
0.173
0.171
0.174
0.175
0.169
0.171
0.170
0.170
0.175
0.170
0.179
0.169
0.175
0.167
0.167
0.171
0.177
0.175
0.166
0.400
0.166
0.168
0.166
0.168
0.169
0.170
0.173
0.164
0.172
0.170
0.176
0.168
0.191
0.175
0.128
0.162
0.158
0.128
0.165
0.171
0.165
0.169
0.173
0.171
0.175
0.167
0.177
0.168
0.169
0.162
0.169
0.175
0.168
0.161
0.179
0.169
0.169
0.172
0.166
0.182
0.170
0.171
0.169
0.161
0.170
0.172
0.161
0.136
0.169
0.170
0.174
0.176
0.162
0.168
0.165
0.170
0.141
0.173
0.169
0.173
0.200
0.165
0.200
0.170
0.170
0.134
0.176
0.167
0.173
0.166
0.164
0.178
0.169
0.172
0.138
0.174
0.166
0.176
0.176
0.124
0.176
0.171
0.178
0.169
0.170
0.172
0.181
0.170
0.159
0.171
0.169
0.125
0.178
0.170
0.178
0.172
0.173
0.162
0.202
0.178
0.171
0.177
0.174
0.170
0.177
0.172
0.168
0.174
0.205
0.163
0.169
0.162
0.176
0.181
0.198
0.160
0.172
0.169
0.169
0.204
0.193
0.173
0.172
0.167
0.191
0.178
0.173
0.172
0.161
0.162
0.167
0.179
0.168
0.162
0.171
0.162
0.173
0.171
0.162
0.166
0.171
0.128
0.165
0.180
0.162
0.175
0.170
0.171
0.182
0.173
0.182
0.142
0.173
0.169
0.164
0.170
0.162
0.171
0.186
0.176
0.164
0.183
0.171
0.172
0.164
0.164
0.176
0.172
0.169
0.142
0.174
0.170
0.168
0.175
0.161
0.171
0.182
0.162
0.154
0.168
0.173
0.176
0.188
0.161
0.171
0.177
0.202
0.174
0.169
0.175
0.169
0.170
0.162
0.170
0.171
0.172
0.169
0.171
0.162
0.167
0.166
0.165
0.172
0.125
0.174
0.174
0.169
0.169
0.174
0.130
0.162
0.172
0.173
0.171
0.173
0.162
0.169
0.178
0.176
0.164
0.164
0.179
0.196
0.180
0.165
0.179
0.169
0.179
0.181
0.178
0.168
0.175
0.174
0.163
0.173
0.170
0.172
0.161
0.177
0.171
0.167
0.175
0.161
0.169
0.166
0.125
0.174
0.167
0.199
0.170
0.173
0.167
0.169
0.176
0.171
0.137
0.171
0.175
0.174
0.169
0.164
0.171
0.168
0.170
0.137
0.127
0.170
0.167
0.176
0.161
0.168
0.176
0.167
0.134
0.172
0.173
0.171
0.175
0.166
0.170
0.175
0.173
0.132
0.171
0.174
0.174
0.181
0.170
0.171
0.172
0.206
0.176
0.175
0.171
0.167
0.173
0.162
0.184
0.172
0.174
0.175
0.165
0.175
0.161
0.173
0.163
0.172
0.168
0.173
0.173
0.203
0.176
0.166
0.178
0.166
0.167
0.169
0.170
0.168
0.164
0.169
0.175
0.168
0.161
0.177
0.170
0.170
0.126
0.166
0.175
0.175
0.135
0.160
0.165
0.174
0.163
0.167
0.165
0.169
0.173
0.177
0.164
0.188
0.175
0.169
0.169
0.176
0.174
0.170
0.181
0.162
0.168
0.176
0.175
0.174
0.173
0.127
0.175
0.175
0.137
0.174
0.178
0.172
0.167
0.163
0.170
0.174
0.176
0.150
0.175
0.205
0.169
0.162
0.168
0.167
0.173
0.178
0.135
0.171
0.168
0.174
0.175
0.163
0.170
0.168
0.174
0.131
0.170
0.168
0.147
0.200
0.165
0.169
0.170
0.177
0.124
0.168
0.171
0.174
0.173
0.165
0.169
0.173
0.169
0.163
0.175
0.181
0.170
0.165
0.172
0.168
0.184
0.170
0.137
0.175
0.180
0.135
0.171
0.168
0.167
0.173
0.172
0.178
0.173
0.166
0.172
0.171
0.162
0.130
0.172
0.172
0.171
0.169
0.169
0.198
0.173
0.196
0.171
0.175
0.177
0.166
0.166
0.172
0.171
0.170
0.134
0.170
0.170
0.175
0.170
0.164
0.126
0.176
0.163
0.165
0.170
0.168
0.182
0.173
0.169
0.169
0.171
0.170
0.136
0.177
0.170
0.171
0.170
0.163
0.172
0.199
0.174
0.168
0.175
0.176
0.173
0.173
0.159
0.175
0.173
0.175
0.158
0.169
0.167
0.174
0.172
0.162
0.174
0.170
0.169
0.134
0.168
0.172
0.176
0.169
0.164
0.202
0.171
0.174
0.179
0.174
0.164
0.172
0.170
0.171
0.171
0.176
0.167
0.178
0.170
0.174
0.170
0.167
0.131
0.177
0.167
0.175
0.172
0.170
0.169
0.174
0.170
0.161
0.175
0.175
0.127
0.177
0.164
0.179
0.176
0.170
0.160
0.172
0.178
0.167
0.168
0.178
0.170
0.173
0.173
0.190
0.171
0.176
0.177
0.189
0.163
0.171
0.171
0.171
0.167
0.172
0.177
0.185
0.171
0.163
0.176
0.169
0.169
0.195
0.173
0.162
0.174
0.163
0.166
0.176
0.172
0.170
0.134
0.180
0.170
0.176
0.176
0.166
0.174
0.170
0.122
0.134
0.171
0.173
0.170
0.175
0.162
0.171
0.171
0.172
0.137
0.170
0.167
0.172
0.169
0.159
0.172
0.176
0.163
0.134
0.169
0.167
0.190
0.169
0.170
0.205
0.177
0.166
0.137
0.174
0.161
0.169
0.174
0.161
0.172
0.173
0.158
0.177
0.171
0.174
0.179
0.170
0.167
0.174
0.172
0.202
0.176
0.178
0.172
0.171
0.170
0.159
0.170
0.123
0.181
0.150
0.161
0.174
0.171
0.169
0.159
0.167
0.125
0.172
0.173
0.160
0.170
0.166
0.173
0.162
0.172
0.175
0.162
0.171
0.165
0.130
0.168
0.169
0.167
0.196
0.163
0.178
0.172
0.166
0.163
0.176
0.175
0.164
0.172
0.177
0.171
0.169
0.174
0.170
0.175
0.171
0.139
0.176
0.170
0.168
0.174
0.167
0.170
0.195
0.178
0.162
0.172
0.203
0.166
0.181
0.163
0.176
0.164
0.175
0.140
0.172
0.167
0.163
0.170
0.180
0.175
0.172
0.172
0.151
0.129
0.175
0.175
0.175
0.163
0.175
0.173
0.171
0.157
0.175
0.175
0.167
0.176
0.164
0.174
0.171
0.171
0.175
0.173
0.170
0.172
0.169
0.171
0.173
0.168
0.170
0.168
0.173
0.179
0.172
0.178
0.162
0.168
0.173
0.170
0.167
0.168
0.166
0.170
0.182
0.160
0.172
0.173
0.169
0.171
0.202
0.174
0.169
0.174
0.166
0.171
0.173
0.170
0.158
0.167
0.162
0.173
0.173
0.166
0.171
0.171
0.173
0.127
0.169
0.167
0.179
0.172
0.165
0.170
0.193
0.174
0.170
0.173
0.175
0.170
0.176
0.168
0.174
0.171
0.177
0.170
0.160
0.168
0.171
0.177
0.169
0.171
0.177
0.169
0.170
0.169
0.170
0.171
0.171
0.139
0.172
0.171
0.169
0.168
0.163
0.174
0.158
0.127
0.166
0.167
0.200
0.170
0.175
0.170
0.172
0.171
0.129
0.164
0.176
0.183
0.175
0.172
0.165
0.171
0.170
0.161
0.173
0.172
0.175
0.127
0.129
0.171
0.161
0.166
0.173
0.170
0.171
0.172
0.171
0.173
0.168
0.173
0.164
0.177
0.160
0.162
0.171
0.170
0.198
0.165
0.178
0.170
0.179
0.162
0.206
0.175
0.175
0.174
0.160
0.178
0.170
0.172
0.175
0.163
0.159
0.172
0.168
0.161
0.172
0.174
0.176
0.171
0.163
0.170
0.200
0.170
0.175
0.178
0.162
0.174
0.130
0.166
0.159
0.172
0.177
0.126
0.170
0.175
0.171
0.170
0.167
0.127
0.172
0.178
0.147
0.176
0.169
0.167
0.175
0.169
0.171
0.174
0.186
0.130
0.172
0.176
0.170
0.183
0.160
0.172
0.163
0.173
0.133
0.178
0.174
0.174
0.172
0.161
0.170
0.172
0.170
0.169
0.173
0.172
0.170
0.171
0.166
0.169
0.174
0.168
0.170
0.177
0.172
0.174
0.173
0.161
0.194
0.175
0.169
0.170
0.174
0.159
0.171
0.172
0.162
0.168
0.176
0.173
0.174
0.165
0.171
0.172
0.172
0.124
0.175
0.176
0.172
0.169
0.164
0.169
0.170
0.175
0.167
0.171
0.173
0.171
0.162
0.177
0.170
0.168
0.174
0.168
0.171
0.180
0.167
0.180
0.172
0.165
0.180
0.174
0.168
0.169
0.171
0.169
0.170
0.176
0.171
0.170
0.171
0.161
0.174
0.178
0.173
0.170
0.166
0.174
0.202
0.175
0.167
0.175
0.176
0.171
0.171
0.168
0.169
0.172
0.167
0.163
0.177
0.172
0.127
0.166
0.170
0.174
0.164
0.160
0.138
0.170
0.170
0.170
0.172
0.164
0.173
0.179
0.170
0.170
0.178
0.169
0.173
0.172
0.164
0.161
0.171
0.171
0.192
0.175
0.169
0.170
0.176
0.165
0.170
0.172
0.171
0.176
0.173
0.173
0.166
0.172
0.165
0.169
0.173
0.176
0.175
0.164
0.175
0.176
0.166
0.160
0.171
0.173
0.206
0.170
0.163
0.175
0.176
0.171
0.161
0.175
0.171
0.175
0.170
0.163
0.176
0.168
0.175
0.173
0.171
0.130
0.170
0.161
0.161
0.172
0.175
0.179
0.168
0.170
0.170
0.170
0.167
0.174
0.170
0.175
0.174
0.168
0.171
0.172
0.175
0.170
0.161
0.176
0.131
0.176
0.174
0.175
0.173
0.167
0.175
0.170
0.170
0.166
0.177
0.135
0.173
0.171
0.178
0.170
0.177
0.174
0.174
0.172
0.197
0.178
0.176
0.170
0.175
0.165
0.175
0.175
0.170
0.155
0.171
0.171
0.160
0.166
0.161
0.172
0.175
0.173
0.175
0.124
0.174
0.174
0.174
0.166
0.174
0.168
0.172
0.166
0.169
0.174
0.175
0.177
0.164
0.173
0.167
0.177
0.169
0.168
0.159
0.172
0.170
0.169
0.172
0.171
0.173
0.173
0.172
0.176
0.201
0.174
0.173
0.171
0.177
0.173
0.174
0.163
0.170
0.175
0.167
0.165
0.172
0.166
0.208
0.169
0.160
0.162
0.168
0.170
0.170
0.174
0.164
0.171
0.169
0.161
0.176
0.173
0.171
0.168
0.171
0.168
0.173
0.124
0.164
0.172
0.171
0.170
0.138
0.177
0.170
0.167
0.170
0.162
0.169
0.163
0.179
0.161
0.169
0.175
0.169
0.171
0.191
0.176
0.183
0.169
0.165
0.173
0.171
0.171
0.177
0.167
0.177
0.177
0.187
0.166
0.170
0.164
0.172
0.174
0.166
0.172
0.170
0.171
0.171
0.177
0.172
0.171
0.207
0.163
0.177
0.170
0.167
0.173
0.176
0.175
0.173
0.169
0.168
0.169
0.170
0.177
0.172
0.164
0.182
0.126
0.168
0.156
0.168
0.174
0.172
0.172
0.162
0.132
0.175
0.174
0.167
0.171
0.171
0.172
0.176
0.163
0.162
0.171
0.168
0.165
0.170
0.178
0.167
0.174
0.159
0.164
0.169
0.174
0.165
0.165
0.176
0.171
0.171
0.172
0.174
0.172
0.176
0.142
0.174
0.170
0.178
0.176
0.161
0.178
0.207
0.174
0.134
0.176
0.176
0.169
0.171
0.162
0.170
0.176
0.166
0.155
0.178
0.174
0.173
0.180
0.161
0.125
0.172
0.171
0.152
0.170
0.169
0.176
0.170
0.162
0.167
0.177
0.175
0.133
0.187
0.171
0.173
0.173
0.163
0.129
0.172
0.173
0.158
0.179
0.174
0.175
0.176
0.169
0.168
0.174
0.178
0.175
0.184
0.179
0.173
0.182
0.168
0.168
0.169
0.170
0.171
0.165
0.170
0.175
0.171
0.172
0.200
0.174
0.173
0.171
0.164
0.170
0.169
0.170
0.160
0.173
0.171
0.171
0.172
0.164
0.172
0.172
0.177
0.125
0.210
0.178
0.169
0.173
0.162
0.163
0.170
0.173
0.159
0.175
0.169
0.171
0.175
0.169
0.178
0.180
0.128
0.161
0.210
0.192
0.169
0.175
0.166
0.162
0.168
0.164
0.168
0.174
0.163
0.168
0.175
0.169
0.172
0.174
0.177
0.134
0.172
0.173
0.167
0.169
0.182
0.174
0.169
0.177
0.192
0.176
0.173
0.177
0.183
0.167
0.169
0.175
0.170
0.130
0.190
0.172
0.175
0.171
0.163
0.170
0.175
0.130
0.144
0.170
0.177
0.174
0.168
0.164
0.171
0.170
0.166
0.162
0.180
0.165
0.179
0.174
0.194
0.173
0.160
0.167
0.171
0.171
0.169
0.170
0.168
0.161
