0.215
0.174
0.190
0.187
0.160
0.171
0.196
0.162
0.153
0.157
0.144
0.150
0.191
0.152
0.147
0.162
0.155
0.155
0.164
0.146
0.107
0.160
0.157
0.145
0.188
0.154
0.153
0.159
0.147
0.159
0.159
0.157
0.120
0.158
0.155
0.149
0.160
0.145
0.157
0.164
0.152
0.150
0.160
0.154
0.158
0.158
0.149
0.153
0.116
0.156
0.117
0.156
0.158
0.164
0.158
0.145
0.158
0.152
0.127
0.155
0.162
0.160
0.153
0.159
0.146
0.154
0.162
0.154
0.158
0.158
0.155
0.155
0.161
0.150
0.158
0.159
0.156
0.155
0.154
0.154
0.148
0.163
0.117
0.157
0.156
0.154
0.156
0.152
0.156
0.116
0.160
0.150
0.156
0.157
0.156
0.164
0.148
0.155
0.154
0.156
0.149
0.117
0.158
0.155
0.157
0.153
0.152
0.156
0.157
0.147
0.164
0.159
0.155
0.159
0.153
0.158
0.157
0.156
0.145
0.161
0.161
0.154
0.153
0.153
0.151
0.147
0.162
0.119
0.155
0.165
0.168
0.160
0.147
0.151
0.157
0.156
0.128
0.155
0.158
0.152
0.158
0.152
0.159
0.168
0.112
0.123
0.154
0.161
0.161
0.155
0.153
0.154
0.155
0.162
0.131
0.160
0.154
0.146
0.156
0.149
0.159
0.161
0.146
0.158
0.179
0.166
0.156
0.161
0.158
0.152
0.157
0.158
0.146
0.156
0.162
0.154
0.156
0.148
0.163
0.157
0.155
0.161
0.148
0.155
0.161
0.162
0.153
0.374
0.156
0.160
0.157
0.150
0.158
0.160
0.157
0.146
0.176
0.156
0.162
0.154
0.151
0.158
0.144
0.159
0.148
0.153
0.113
0.155
0.151
0.150
0.157
0.112
0.145
0.147
0.149
0.160
0.156
0.154
0.146
0.156
0.159
0.157
0.126
0.157
0.157
0.162
0.155
0.147
0.167
0.160
0.155
0.147
0.153
0.156
0.163
0.155
0.149
0.159
0.189
0.157
0.125
0.155
0.159
0.155
0.158
0.155
0.157
0.156
0.145
0.144
0.156
0.155
0.157
0.156
0.148
0.162
0.157
0.160
0.135
0.154
0.161
0.148
0.158
0.148
0.161
0.154
0.150
0.163
0.107
0.154
0.157
0.146
0.149
0.158
0.154
0.155
0.159
0.114
0.159
0.158
0.155
0.144
0.157
0.157
0.184
0.163
0.151
0.159
0.159
0.154
0.146
0.157
0.153
0.156
0.159
0.155
0.154
0.158
0.152
0.151
0.161
0.156
0.141
0.156
0.147
0.153
0.158
0.154
0.149
0.160
0.156
0.159
0.163
0.146
0.157
0.166
0.161
0.147
0.156
0.153
0.157
0.163
0.149
0.155
0.161
0.154
0.124
0.159
0.155
0.159
0.112
0.147
0.159
0.162
0.174
0.145
0.163
0.154
0.161
0.158
0.145
0.158
0.160
0.155
0.147
0.193
0.161
0.159
0.188
0.146
0.155
0.159
0.157
0.123
0.116
0.162
0.155
0.163
0.147
0.153
0.164
0.160
0.118
0.158
0.192
0.160
0.163
0.146
0.159
0.164
0.158
0.153
0.162
0.153
0.158
0.157
0.147
0.154
0.155
0.156
0.154
0.153
0.151
0.157
0.164
0.148
0.162
0.159
0.154
0.155
0.151
0.154
0.111
0.164
0.153
0.154
0.159
0.160
0.156
0.152
0.110
0.153
0.156
0.146
0.165
0.159
0.160
0.160
0.149
0.152
0.152
0.161
0.147
0.159
0.155
0.157
0.154
0.150
0.153
0.154
0.115
0.137
0.158
0.160
0.156
0.154
0.156
0.150
0.159
0.159
0.118
0.142
0.162
0.155
0.155
0.147
0.151
0.156
0.133
0.147
0.159
0.160
0.189
0.157
0.150
0.159
0.156
0.161
0.129
0.160
0.158
0.157
0.158
0.153
0.110
0.163
0.161
0.155
0.155
0.157
0.154
0.159
0.150
0.154
0.181
0.156
0.160
0.160
0.155
0.157
0.149
0.154
0.151
0.154
0.187
0.154
0.154
0.155
0.150
0.159
0.152
0.155
0.162
0.149
0.152
0.152
0.162
0.154
0.160
0.147
0.154
0.162
0.190
0.150
0.156
0.160
0.155
0.158
0.156
0.153
0.157
0.171
0.158
0.149
0.161
0.147
0.164
0.148
0.154
0.155
0.173
0.194
0.150
0.156
0.160
0.162
0.114
0.158
0.161
0.160
0.155
0.148
0.158
0.157
0.190
0.123
0.159
0.150
0.152
0.168
0.149
0.158
0.155
0.156
0.141
0.151
0.157
0.155
0.156
0.148
0.186
0.153
0.160
0.118
0.152
0.155
0.155
0.165
0.145
0.160
0.153
0.160
0.135
0.152
0.160
0.156
0.177
0.153
0.158
0.154
0.157
0.160
0.155
0.155
0.156
0.158
0.150
0.154
0.154
0.176
0.123
0.159
0.177
0.150
0.162
0.148
0.154
0.155
0.116
0.150
0.147
0.159
0.160
0.155
0.155
0.161
0.152
0.157
0.155
0.150
0.159
0.159
0.151
0.148
0.157
0.154
0.155
0.155
0.147
0.156
0.158
0.154
0.144
0.161
0.155
0.154
0.156
0.147
0.152
0.159
0.157
0.155
0.194
0.191
0.155
0.155
0.149
0.153
0.146
0.160
0.125
0.156
0.164
0.154
0.162
0.156
0.152
0.156
0.159
0.123
0.163
0.165
0.155
0.161
0.149
0.160
0.162
0.156
0.119
0.157
0.111
0.154
0.158
0.152
0.160
0.155
0.156
0.112
0.157
0.158
0.151
0.157
0.153
0.160
0.110
0.161
0.155
0.157
0.160
0.159
0.160
0.159
0.134
0.159
0.156
0.155
0.157
0.160
0.154
0.160
0.151
0.154
0.158
0.156
0.159
0.156
0.157
0.157
0.163
0.151
0.152
0.155
0.154
0.153
0.152
0.154
0.154
0.156
0.159
0.160
0.157
0.155
0.152
0.148
0.155
0.154
0.155
0.148
0.152
0.157
0.158
0.110
0.111
0.161
0.117
0.161
0.144
0.149
0.159
0.156
0.161
0.155
0.154
0.159
0.159
0.152
0.143
0.159
0.189
0.155
0.115
0.158
0.151
0.156
0.125
0.162
0.163
0.153
0.148
0.145
0.177
0.154
0.185
0.129
0.148
0.158
0.157
0.153
0.155
0.156
0.156
0.162
0.167
0.153
0.178
0.160
0.153
0.154
0.152
0.159
0.158
0.155
0.160
0.161
0.156
0.154
0.149
0.156
0.154
0.154
0.152
0.158
0.153
0.155
0.108
0.153
0.157
0.155
0.162
0.114
0.153
0.156
0.157
0.153
0.121
0.154
0.162
0.154
0.130
0.161
0.190
0.162
0.156
0.148
0.161
0.154
0.154
0.158
0.150
0.156
0.153
0.149
0.158
0.113
0.158
0.159
0.169
0.146
0.154
0.156
0.156
0.148
0.155
0.155
0.152
0.144
0.151
0.160
0.157
0.154
0.148
0.157
0.154
0.156
0.156
0.147
0.154
0.162
0.152
0.148
0.154
0.159
0.153
0.156
0.154
0.161
0.115
0.154
0.122
0.160
0.160
0.156
0.156
0.151
0.159
0.153
0.159
0.118
0.160
0.153
0.156
0.159
0.160
0.157
0.187
0.159
0.129
0.165
0.153
0.155
0.153
0.146
0.162
0.156
0.151
0.161
0.189
0.161
0.146
0.159
0.149
0.156
0.161
0.154
0.112
0.155
0.157
0.158
0.174
0.150
0.157
0.153
0.153
0.160
0.156
0.156
0.158
0.157
0.150
0.159
0.158
0.153
0.153
0.153
0.157
0.157
0.160
0.157
0.108
0.156
0.154
0.156
0.187
0.157
0.157
0.158
0.152
0.158
0.152
0.157
0.161
0.152
0.154
0.153
0.159
0.145
0.153
0.160
0.154
0.161
0.153
0.158
0.113
0.160
0.147
0.155
0.156
0.158
0.158
0.163
0.169
0.128
0.160
0.152
0.197
0.190
0.165
0.158
0.157
0.159
0.155
0.147
0.125
0.163
0.158
0.153
0.165
0.146
0.155
0.161
0.155
0.117
0.169
0.154
0.153
0.161
0.154
0.154
0.155
0.157
0.109
0.161
0.161
0.153
0.164
0.147
0.152
0.157
0.160
0.154
0.157
0.157
0.154
0.151
0.151
0.154
0.158
0.146
0.157
0.144
0.145
0.149
0.158
0.145
0.157
0.160
0.148
0.155
0.157
0.161
0.153
0.149
0.143
0.153
0.163
0.157
0.155
0.151
0.152
0.154
0.159
0.146
0.151
0.166
0.151
0.156
0.152
0.191
0.161
0.160
0.152
0.158
0.172
0.153
0.154
0.150
0.152
0.163
0.161
0.124
0.155
0.159
0.107
0.159
0.158
0.153
0.160
0.159
0.117
0.154
0.151
0.154
0.155
0.150
0.152
0.155
0.159
0.120
0.158
0.160
0.193
0.158
0.151
0.153
0.151
0.156
0.139
0.158
0.158
0.153
0.155
0.152
0.152
0.154
0.157
0.128
0.154
0.162
0.155
0.152
0.156
0.158
0.157
0.157
0.152
0.154
0.156
0.160
0.150
0.155
0.156
0.162
0.163
0.158
0.158
0.165
0.177
0.159
0.151
0.155
0.155
0.158
0.154
0.158
0.112
0.160
0.155
0.151
0.154
0.157
0.157
0.156
0.148
0.157
0.160
0.159
0.117
0.154
0.143
0.157
0.155
0.145
0.160
0.153
0.158
0.163
0.161
0.172
0.158
0.154
0.190
0.158
0.153
0.154
0.117
0.151
0.155
0.115
0.157
0.149
0.155
0.155
0.157
0.150
0.159
0.153
0.155
0.158
0.147
0.162
0.153
0.154
0.120
0.150
0.163
0.158
0.152
0.150
0.162
0.157
0.154
0.124
0.159
0.153
0.161
0.153
0.106
0.155
0.112
0.154
0.131
0.155
0.154
0.157
0.156
0.151
0.172
0.152
0.163
0.144
0.155
0.153
0.155
0.154
0.148
0.148
0.151
0.156
0.153
0.158
0.153
0.164
0.156
0.149
0.167
0.157
0.156
0.156
0.158
0.165
0.157
0.152
0.146
0.164
0.150
0.156
0.158
0.151
0.163
0.157
0.107
0.146
0.156
0.153
0.152
0.166
0.147
0.160
0.157
0.154
0.145
0.161
0.152
0.157
0.155
0.146
0.164
0.153
0.109
0.152
0.147
0.158
0.159
0.153
0.150
0.162
0.158
0.158
0.160
0.154
0.161
0.158
0.157
0.149
0.161
0.155
0.161
0.154
0.158
0.155
0.155
0.159
0.153
0.159
0.153
0.153
0.119
0.158
0.151
0.156
0.156
0.146
0.158
0.162
0.153
0.121
0.155
0.159
0.166
0.191
0.147
0.159
0.156
0.159
0.156
0.152
0.152
0.163
0.157
0.146
0.159
0.157
0.161
0.159
0.154
0.149
0.187
0.141
0.190
0.164
0.138
0.151
0.193
0.156
0.181
0.161
0.155
0.145
0.162
0.150
0.183
0.221
0.157
0.154
0.172
0.162
0.179
0.157
0.152
0.154
0.158
0.145
0.159
0.163
0.156
0.154
0.191
0.158
0.161
0.158
0.155
0.155
0.189
0.158
0.150
0.158
0.156
0.154
0.151
0.150
0.155
0.156
0.164
0.146
0.162
0.159
0.155
0.160
0.148
0.161
0.159
0.154
0.116
0.157
0.152
0.154
0.162
0.150
0.183
0.190
0.184
0.147
0.116
0.155
0.185
0.161
0.146
0.152
0.157
0.153
0.132
0.116
0.163
0.154
0.159
0.154
0.156
0.159
0.151
0.125
0.158
0.156
0.155
0.161
0.146
0.162
0.148
0.154
0.135
0.161
0.152
0.156
0.158
0.150
0.155
0.164
0.153
0.156
0.157
0.154
0.159
0.161
0.148
0.145
0.154
0.146
0.154
0.150
0.158
0.154
0.155
0.151
0.159
0.158
0.160
0.162
0.154
0.159
0.158
0.155
0.153
0.155
0.163
0.153
0.112
0.153
0.156
0.154
0.191
0.149
0.160
0.164
0.153
0.154
0.151
0.157
0.153
0.150
0.148
0.156
0.163
0.155
0.160
0.150
0.154
0.159
0.157
0.117
0.153
0.163
0.155
0.154
0.149
0.153
0.155
0.160
0.150
0.153
0.177
0.159
0.154
0.150
0.159
0.159
0.153
0.119
0.153
0.115
0.152
0.159
0.149
0.154
0.152
0.157
0.117
0.160
0.156
0.161
0.156
0.152
0.156
0.156
0.162
0.128
0.157
0.157
0.111
0.153
0.151
0.158
0.156
0.158
0.178
0.153
0.155
0.163
0.155
0.149
0.152
0.157
0.148
0.161
0.110
0.153
0.156
0.159
0.147
0.154
0.156
0.146
0.158
0.150
0.153
0.154
0.159
0.150
0.155
0.157
0.153
0.159
0.162
0.161
0.153
0.162
0.176
0.154
0.163
0.158
0.153
0.155
0.151
0.158
0.156
0.147
0.160
0.151
0.156
0.168
0.148
0.157
0.154
0.157
0.153
0.162
0.155
0.153
0.156
0.156
0.111
0.160
0.166
0.144
0.153
0.171
0.144
0.155
0.145
0.155
0.154
0.158
0.123
0.156
0.153
0.158
0.154
0.146
0.161
0.160
0.155
0.125
0.154
0.159
0.161
0.160
0.143
0.157
0.111
0.159
0.122
0.160
0.153
0.157
0.156
0.152
0.157
0.156
0.157
0.152
0.157
0.156
0.158
0.155
0.146
0.154
0.145
0.158
0.158
0.155
0.160
0.155
0.155
0.147
0.156
0.156
0.154
0.160
0.156
0.156
0.155
0.160
0.109
0.155
0.156
0.155
0.157
0.147
0.156
0.161
0.157
0.150
0.163
0.156
0.152
0.159
0.149
0.161
0.154
0.155
0.144
0.161
0.157
0.152
0.153
0.149
0.155
0.155
0.165
0.148
0.156
0.157
0.152
0.156
0.151
0.146
0.172
0.159
0.152
0.155
0.156
0.157
0.153
0.150
0.161
0.114
0.158
0.141
0.156
0.155
0.154
0.161
0.152
0.162
0.154
0.155
0.120
0.156
0.162
0.154
0.196
0.153
0.151
0.160
0.113
0.119
0.157
0.164
0.154
0.160
0.149
0.160
0.153
0.162
0.109
0.155
0.155
0.154
0.155
0.157
0.147
0.155
0.158
0.153
0.156
0.157
0.155
0.161
0.148
0.154
0.158
0.115
0.172
0.159
0.163
0.156
0.156
0.148
0.162
0.147
0.157
0.168
0.157
0.159
0.155
0.168
0.153
0.153
0.184
0.156
0.158
0.156
0.157
0.158
0.156
0.148
0.155
0.153
0.158
0.159
0.153
0.159
0.161
0.143
0.154
0.157
0.110
0.156
0.154
0.155
0.157
0.157
0.165
0.153
0.111
0.156
0.157
0.113
0.145
0.161
0.160
0.161
0.153
0.155
0.153
0.161
0.154
0.151
0.166
0.157
0.156
0.147
0.158
0.160
0.154
0.158
0.153
0.162
0.160
0.160
0.149
0.160
0.156
0.144
0.161
0.153
0.163
0.154
0.154
0.155
0.155
0.147
0.188
0.153
0.151
0.156
0.151
0.159
0.135
0.153
0.154
0.153
0.162
0.149
0.159
0.155
0.154
0.148
0.109
0.156
0.156
0.159
0.154
0.157
0.161
0.155
0.159
0.159
0.154
0.152
0.144
0.147
0.156
0.155
0.159
0.156
0.145
0.156
0.160
0.157
0.148
0.161
0.151
0.154
0.154
0.145
0.154
0.161
0.154
0.144
0.161
0.158
0.165
0.155
0.146
0.153
0.153
0.159
0.150
0.156
0.162
0.147
0.157
0.147
0.157
0.159
0.182
0.150
0.155
0.146
0.156
0.160
0.153
0.164
0.158
0.159
0.120
0.156
0.152
0.159
0.109
0.153
0.157
0.157
0.154
0.122
0.158
0.155
0.162
0.155
0.158
0.153
0.157
0.154
0.150
0.168
0.156
0.161
0.187
0.146
0.158
0.161
0.109
0.132
0.156
0.153
0.158
0.158
0.145
0.155
0.162
0.146
0.154
0.157
0.159
0.155
0.146
0.146
0.160
0.114
0.156
0.155
0.159
0.158
0.156
0.168
0.152
0.152
0.157
0.153
0.150
0.155
0.159
0.148
0.151
0.149
0.159
0.114
0.154
0.156
0.149
0.168
0.110
0.156
0.149
0.159
0.155
0.155
0.111
0.150
0.153
0.162
0.156
0.151
0.157
0.156
0.154
0.162
0.149
0.154
0.172
0.165
0.150
0.156
0.161
0.160
0.153
0.154
0.160
0.156
0.177
0.150
0.157
0.160
0.153
0.155
0.150
0.154
0.161
0.148
0.143
0.155
0.157
0.154
0.147
0.149
0.157
0.162
0.155
0.115
0.142
0.161
0.171
0.114
0.155
0.159
0.159
0.155
0.148
0.157
0.161
0.154
0.149
0.149
0.110
0.155
0.156
0.124
0.158
0.161
0.148
0.160
0.154
0.159
0.153
0.161
0.139
0.159
0.161
0.155
0.156
0.147
0.160
0.156
0.146
0.155
0.160
0.155
0.155
0.156
0.148
0.157
0.155
0.157
0.153
0.151
0.159
0.153
0.155
0.154
0.170
0.157
0.188
0.157
0.152
0.157
0.154
0.162
0.149
0.154
0.156
0.167
0.159
0.152
0.164
0.154
0.158
0.158
0.154
0.156
0.164
0.157
