0.175
0.196
0.198
0.167
0.205
0.171
0.165
0.170
0.136
0.175
0.169
0.162
0.171
0.171
0.163
0.148
0.188
0.176
0.173
0.174
0.165
0.172
0.169
0.169
0.171
0.171
0.172
0.174
0.170
0.162
0.172
0.172
0.173
0.178
0.201
0.173
0.163
0.175
0.161
0.175
0.170
0.171
0.174
0.161
0.169
0.176
0.173
0.167
0.191
0.176
0.170
0.127
0.160
0.170
0.168
0.163
0.167
0.176
0.171
0.153
0.158
0.191
0.197
0.172
0.168
0.161
0.174
0.169
0.160
0.179
0.177
0.175
0.180
0.128
0.181
0.177
0.203
0.179
0.205
0.167
0.166
0.175
0.179
0.136
0.171
0.174
0.167
0.172
0.164
0.174
0.173
0.172
0.162
0.177
0.167
0.169
0.173
0.167
0.167
0.175
0.166
0.136
0.170
0.169
0.166
0.175
0.166
0.170
0.171
0.170
0.139
0.178
0.172
0.126
0.168
0.162
0.174
0.176
0.170
0.127
0.170
0.175
0.171
0.171
0.162
0.176
0.172
0.168
0.169
0.174
0.174
0.175
0.179
0.168
0.175
0.171
0.167
0.136
0.177
0.176
0.207
0.172
0.168
0.169
0.163
0.170
0.171
0.171
0.168
0.161
0.180
0.166
0.179
0.175
0.168
0.177
0.168
0.173
0.172
0.177
0.163
0.166
0.200
0.169
0.176
0.165
0.173
0.174
0.171
0.163
0.174
0.181
0.166
0.170
0.200
0.126
0.166
0.175
0.139
0.172
0.172
0.176
0.171
0.174
0.170
0.173
0.173
0.163
0.206
0.173
0.175
0.175
0.133
0.169
0.170
0.171
0.161
0.178
0.171
0.176
0.170
0.165
0.169
0.169
0.170
0.155
0.173
0.171
0.175
0.162
0.163
0.174
0.174
0.174
0.138
0.175
0.174
0.170
0.200
0.164
0.171
0.173
0.173
0.161
0.170
0.172
0.177
0.177
0.163
0.176
0.169
0.176
0.175
0.169
0.174
0.173
0.174
0.134
0.159
0.169
0.169
0.176
0.167
0.174
0.167
0.170
0.164
0.128
0.169
0.177
0.175
0.162
0.174
0.170
0.170
0.170
0.171
0.162
0.168
0.172
0.172
0.177
0.195
0.179
0.161
0.171
0.170
0.171
0.171
0.165
0.170
0.170
0.180
0.167
0.183
0.169
0.160
0.125
0.166
0.163
0.171
0.176
0.168
0.175
0.171
0.171
0.167
0.167
0.200
0.172
0.171
0.169
0.172
0.171
0.176
0.170
0.162
0.178
0.170
0.124
0.146
0.170
0.166
0.173
0.170
0.162
0.172
0.171
0.160
0.142
0.167
0.163
0.174
0.170
0.161
0.176
0.168
0.168
0.163
0.171
0.170
0.175
0.167
0.161
0.174
0.180
0.169
0.164
0.168
0.171
0.174
0.174
0.167
0.176
0.165
0.169
0.172
0.169
0.166
0.180
0.171
0.162
0.210
0.170
0.169
0.173
0.174
0.169
0.169
0.170
0.166
0.178
0.171
0.173
0.171
0.166
0.171
0.171
0.170
0.162
0.179
0.123
0.173
0.171
0.161
0.172
0.169
0.175
0.167
0.171
0.174
0.174
0.171
0.163
0.171
0.172
0.170
0.161
0.170
0.173
0.174
0.176
0.162
0.171
0.174
0.163
0.157
0.176
0.175
0.171
0.172
0.162
0.174
0.171
0.173
0.137
0.223
0.172
0.170
0.172
0.162
0.170
0.172
0.174
0.141
0.176
0.176
0.174
0.164
0.163
0.168
0.173
0.179
0.140
0.183
0.170
0.166
0.171
0.174
0.176
0.161
0.172
0.137
0.126
0.197
0.172
0.177
0.167
0.122
0.170
0.167
0.137
0.207
0.172
0.166
0.171
0.170
0.173
0.175
0.168
0.134
0.172
0.171
0.176
0.172
0.166
0.181
0.162
0.174
0.153
0.173
0.172
0.176
0.173
0.172
0.170
0.195
0.172
0.174
0.196
0.171
0.173
0.164
0.165
0.169
0.172
0.165
0.172
0.163
0.173
0.164
0.165
0.167
0.174
0.167
0.179
0.165
0.162
0.169
0.171
0.167
0.168
0.201
0.173
0.172
0.127
0.162
0.178
0.169
0.169
0.159
0.176
0.166
0.170
0.168
0.165
0.168
0.174
0.174
0.137
0.174
0.170
0.168
0.177
0.167
0.178
0.176
0.172
0.165
0.175
0.168
0.173
0.170
0.167
0.176
0.170
0.165
0.158
0.205
0.165
0.169
0.171
0.163
0.177
0.166
0.174
0.123
0.167
0.171
0.170
0.172
0.166
0.182
0.169
0.168
0.157
0.172
0.171
0.166
0.171
0.158
0.188
0.177
0.168
0.171
0.174
0.167
0.123
0.176
0.162
0.167
0.176
0.164
0.169
0.199
0.171
0.198
0.170
0.163
0.169
0.169
0.175
0.171
0.176
0.167
0.170
0.169
0.160
0.187
0.175
0.167
0.173
0.164
0.170
0.167
0.171
0.166
0.174
0.172
0.172
0.170
0.167
0.169
0.162
0.168
0.167
0.173
0.177
0.172
0.175
0.164
0.170
0.176
0.171
0.154
0.176
0.169
0.164
0.178
0.165
0.173
0.169
0.172
0.139
0.207
0.171
0.174
0.173
0.164
0.126
0.166
0.173
0.133
0.131
0.169
0.170
0.175
0.172
0.175
0.174
0.173
0.140
0.172
0.171
0.173
0.168
0.169
0.167
0.172
0.168
0.163
0.187
0.173
0.170
0.171
0.169
0.205
0.175
0.200
0.165
0.169
0.173
0.171
0.188
0.161
0.169
0.167
0.169
0.171
0.159
0.183
0.163
0.173
0.165
0.181
0.173
0.173
0.169
0.164
0.175
0.168
0.161
0.163
0.171
0.171
0.167
0.167
0.163
0.186
0.177
0.169
0.133
0.166
0.171
0.174
0.174
0.161
0.176
0.163
0.162
0.160
0.181
0.177
0.173
0.166
0.168
0.160
0.174
0.167
0.167
0.171
0.168
0.179
0.170
0.180
0.171
0.168
0.172
0.163
0.179
0.170
0.172
0.167
0.168
0.177
0.174
0.170
0.136
0.166
0.170
0.177
0.172
0.161
0.173
0.178
0.175
0.154
0.169
0.169
0.174
0.168
0.161
0.175
0.170
0.174
0.162
0.169
0.169
0.163
0.178
0.164
0.170
0.169
0.122
0.192
0.172
0.205
0.177
0.167
0.171
0.186
0.170
0.175
0.132
0.171
0.174
0.171
0.163
0.163
0.127
0.171
0.169
0.178
0.176
0.170
0.169
0.185
0.181
0.173
0.170
0.167
0.140
0.173
0.174
0.175
0.175
0.161
0.173
0.174
0.170
0.200
0.166
0.158
0.175
0.168
0.162
0.172
0.171
0.174
0.171
0.164
0.333
0.201
0.174
0.158
0.175
0.173
0.167
0.206
0.158
0.175
0.171
0.173
0.174
0.168
0.129
0.165
0.171
0.166
0.181
0.177
0.130
0.201
0.176
0.167
0.172
0.175
0.162
0.168
0.172
0.177
0.155
0.171
0.176
0.178
0.176
0.160
0.171
0.170
0.169
0.166
0.172
0.202
0.169
0.169
0.170
0.169
0.177
0.203
0.156
0.175
0.173
0.170
0.172
0.167
0.173
0.167
0.170
0.187
0.172
0.173
0.172
0.169
0.168
0.167
0.174
0.199
0.169
0.211
0.169
0.208
0.172
0.163
0.173
0.169
0.176
0.169
0.127
0.167
0.169
0.167
0.168
0.171
0.172
0.167
0.175
0.189
0.169
0.169
0.174
0.165
0.171
0.168
0.173
0.172
0.177
0.165
0.173
0.173
0.167
0.183
0.173
0.167
0.180
0.169
0.170
0.199
0.172
0.159
0.174
0.180
0.169
0.169
0.164
0.181
0.169
0.168
0.135
0.166
0.171
0.171
0.163
0.161
0.171
0.162
0.170
0.135
0.169
0.174
0.171
0.191
0.172
0.166
0.163
0.175
0.162
0.174
0.173
0.173
0.125
0.165
0.173
0.166
0.175
0.131
0.174
0.170
0.172
0.177
0.164
0.178
0.170
0.172
0.170
0.206
0.172
0.171
0.175
0.161
0.171
0.169
0.171
0.136
0.131
0.172
0.170
0.167
0.165
0.166
0.171
0.171
0.174
0.171
0.178
0.164
0.163
0.164
0.173
0.165
0.177
0.171
0.162
0.178
0.169
0.171
0.169
0.170
0.175
0.174
0.173
0.158
0.174
0.167
0.171
0.163
0.170
0.170
0.171
0.176
0.172
0.180
0.122
0.168
0.169
0.175
0.172
0.171
0.169
0.162
0.171
0.171
0.170
0.163
0.169
0.176
0.178
0.126
0.169
0.167
0.176
0.168
0.169
0.165
0.174
0.172
0.175
0.168
0.176
0.175
0.173
0.162
0.168
0.189
0.174
0.167
0.170
0.190
0.173
0.174
0.166
0.172
0.171
0.178
0.169
0.157
0.144
0.168
0.183
0.141
0.170
0.179
0.171
0.171
0.180
0.166
0.167
0.204
0.172
0.175
0.174
0.169
0.172
0.164
0.126
0.174
0.161
0.168
0.175
0.172
0.173
0.156
0.166
0.163
0.179
0.169
0.173
0.167
0.175
0.171
0.174
0.164
0.177
0.167
0.169
0.152
0.405
0.127
0.173
0.174
0.164
0.168
0.175
0.173
0.172
0.169
0.175
0.178
0.168
0.162
0.176
0.168
0.172
0.177
0.171
0.187
0.171
0.175
0.161
0.172
0.176
0.171
0.171
0.166
0.168
0.169
0.173
0.164
0.176
0.177
0.169
0.177
0.166
0.182
0.172
0.170
0.124
0.171
0.175
0.187
0.171
0.160
0.173
0.170
0.172
0.133
0.171
0.171
0.176
0.206
0.161
0.166
0.172
0.172
0.166
0.131
0.172
0.174
0.187
0.205
0.171
0.200
0.177
0.150
0.173
0.162
0.169
0.170
0.168
0.175
0.176
0.169
0.175
0.171
0.175
0.203
0.162
0.160
0.169
0.170
0.175
0.190
0.171
0.176
0.171
0.166
0.162
0.170
0.176
0.173
0.170
0.163
0.169
0.177
0.173
0.164
0.169
0.194
0.126
0.171
0.165
0.176
0.170
0.176
0.168
0.173
0.177
0.167
0.174
0.164
0.167
0.169
0.176
0.127
0.175
0.171
0.174
0.196
0.170
0.168
0.175
0.190
0.163
0.172
0.179
0.167
0.172
0.167
0.170
0.176
0.174
0.162
0.175
0.179
0.171
0.161
0.165
0.172
0.175
0.168
0.162
0.178
0.172
0.173
0.176
0.160
0.169
0.170
0.180
0.163
0.171
0.186
0.169
0.167
0.164
0.187
0.170
0.170
0.137
0.169
0.127
0.179
0.174
0.161
0.171
0.172
0.163
0.155
0.170
0.188
0.169
0.169
0.166
0.171
0.176
0.165
0.171
0.170
0.172
0.165
0.173
0.170
0.172
0.170
0.171
0.169
0.171
0.189
0.171
0.173
0.165
0.169
0.172
0.177
0.368
0.165
0.171
0.125
0.173
0.164
0.164
0.183
0.171
0.161
0.163
0.178
0.174
0.170
0.168
0.171
0.176
0.173
0.175
0.174
0.179
0.172
0.169
0.161
0.169
0.170
0.176
0.174
0.125
0.127
0.169
0.168
0.163
0.176
0.176
0.173
0.170
0.164
0.172
0.174
0.173
0.168
0.171
0.174
0.161
0.174
0.166
0.182
0.169
0.172
0.139
0.174
0.162
0.172
0.172
0.163
0.171
0.170
0.169
0.170
0.170
0.190
0.173
0.162
0.168
0.203
0.174
0.166
0.144
0.174
0.169
0.174
0.170
0.162
0.169
0.189
0.172
0.169
0.172
0.166
0.176
0.174
0.166
0.176
0.170
0.173
0.172
0.172
0.172
0.176
0.125
0.163
0.174
0.174
0.178
0.164
0.170
0.172
0.175
0.176
0.167
0.171
0.169
0.168
0.175
0.176
0.170
0.173
0.171
0.167
0.173
0.167
0.175
0.150
0.161
0.173
0.171
0.170
0.164
0.169
0.161
0.169
0.172
0.160
0.171
0.169
0.171
0.159
0.169
0.176
0.173
0.168
0.168
0.173
0.159
0.124
0.172
0.166
0.170
0.176
0.162
0.167
0.172
0.169
0.175
0.163
0.171
0.167
0.171
0.172
0.167
0.212
0.123
0.166
0.136
0.170
0.170
0.177
0.169
0.163
0.174
0.171
0.180
0.141
0.173
0.177
0.171
0.166
0.162
0.175
0.170
0.177
0.171
0.170
0.167
0.176
0.172
0.198
0.179
0.176
0.176
0.175
0.177
0.175
0.170
0.161
0.162
0.173
0.178
0.174
0.177
0.169
0.172
0.175
0.169
0.159
0.173
0.169
0.175
0.175
0.169
0.167
0.169
0.171
0.171
0.177
0.176
0.170
0.170
0.161
0.175
0.177
0.168
0.197
0.128
0.166
0.170
0.214
0.161
0.171
0.175
0.174
0.161
0.171
0.172
0.166
0.179
0.163
0.169
0.176
0.166
0.166
0.170
0.165
0.169
0.179
0.173
0.171
0.178
0.173
0.169
0.207
0.165
0.171
0.176
0.162
0.176
0.200
0.170
0.137
0.173
0.162
0.171
0.130
0.168
0.202
0.175
0.169
0.137
0.176
0.175
0.181
0.170
0.164
0.176
0.171
0.164
0.138
0.173
0.182
0.169
0.171
0.161
0.170
0.172
0.167
0.124
0.172
0.177
0.173
0.178
0.162
0.176
0.168
0.179
0.173
0.181
0.162
0.174
0.172
0.162
0.169
0.180
0.172
0.171
0.176
0.175
0.167
0.181
0.160
0.173
0.205
0.169
0.167
0.168
0.168
0.176
0.168
0.166
0.175
0.174
0.171
0.170
0.164
0.169
0.174
0.172
0.162
0.172
0.160
0.170
0.167
0.166
0.167
0.176
0.206
0.162
0.169
0.178
0.170
0.175
0.163
0.175
0.176
0.175
0.163
0.172
0.168
0.126
0.163
0.171
0.169
0.173
0.172
0.134
0.169
0.174
0.170
0.176
0.168
0.177
0.172
0.170
0.167
0.171
0.161
0.169
0.172
0.164
0.175
0.169
0.179
0.139
0.174
0.173
0.203
0.176
0.160
0.174
0.179
0.177
0.162
0.174
0.175
0.169
0.170
0.167
0.168
0.178
0.169
0.163
0.175
0.171
0.168
0.163
0.171
0.172
0.182
0.175
0.166
0.176
0.176
0.176
0.170
0.163
0.169
0.169
0.178
0.176
0.168
0.126
0.175
0.169
0.168
0.169
0.183
0.173
0.167
0.163
0.168
0.170
0.166
0.174
0.171
0.170
0.171
0.170
0.170
0.174
0.168
0.169
0.167
0.176
0.187
0.180
0.203
0.169
0.174
0.175
0.174
0.166
0.173
0.170
0.173
0.175
0.159
0.179
0.174
0.169
0.170
0.177
0.172
0.180
0.169
0.166
0.161
0.179
0.190
0.163
0.170
0.171
0.168
0.178
0.161
0.162
0.168
0.170
0.139
0.170
0.170
0.172
0.171
0.123
0.172
0.177
0.201
0.150
0.167
0.172
0.169
0.171
0.166
0.163
0.167
0.172
0.205
0.169
0.164
0.177
0.169
0.163
0.181
0.184
0.166
0.168
0.222
0.168
0.175
0.127
0.167
0.176
0.204
0.173
0.134
0.176
0.169
0.170
0.171
0.161
0.170
0.168
0.171
0.173
0.166
0.178
0.190
0.168
0.166
0.128
0.161
0.183
0.172
0.166
0.171
0.171
0.169
0.162
0.171
0.168
0.168
0.170
0.159
0.177
0.173
0.124
0.164
0.172
0.129
0.168
0.174
0.164
0.172
0.181
0.160
0.164
0.174
0.174
0.205
0.175
0.163
0.171
0.186
0.164
0.158
0.177
0.171
0.170
0.172
0.174
0.171
0.179
0.167
0.135
0.172
0.169
0.167
0.171
0.161
0.173
0.170
0.172
0.151
0.175
0.159
0.171
0.168
0.163
0.171
0.171
0.171
0.163
0.170
0.175
0.168
0.175
0.162
0.170
0.188
0.172
0.141
0.177
0.167
0.170
0.170
0.163
0.176
0.132
0.176
0.166
0.201
0.170
0.194
0.174
0.168
0.175
0.168
0.176
0.170
0.173
0.173
0.174
0.168
0.161
0.171
0.169
0.166
0.170
0.188
0.176
0.189
0.162
0.161
0.175
0.184
0.171
0.172
0.129
0.173
0.174
0.176
0.162
0.170
0.176
0.201
0.172
0.169
0.169
0.174
0.171
0.162
0.178
0.173
0.170
0.160
0.177
0.170
0.180
0.170
0.136
0.170
0.173
0.170
0.178
0.167
0.171
0.170
0.172
0.155
0.123
0.167
0.169
0.167
0.166
0.165
0.170
0.165
0.132
0.169
0.177
0.128
0.173
0.168
0.176
0.172
0.170
0.162
0.181
0.173
0.125
0.172
0.168
0.177
0.170
0.176
0.171
0.200
0.172
0.170
0.162
0.168
0.171
0.190
0.166
0.151
0.172
0.172
0.175
0.173
0.165
0.168
0.177
0.169
0.177
0.170
0.174
0.178
0.174
0.161
0.172
0.172
0.171
0.180
0.172
0.173
0.176
0.169
0.163
0.162
0.172
0.173
0.125
0.162
0.171
0.178
0.170
0.165
0.169
0.167
0.175
0.167
0.162
0.171
0.177
0.172
0.169
0.168
0.129
0.173
0.152
0.170
0.177
0.178
0.177
0.161
0.177
0.197
0.175
