0.214
0.189
0.185
0.156
0.155
0.159
0.161
0.146
0.155
0.165
0.149
0.156
0.116
0.159
0.158
0.154
0.157
0.147
0.165
0.122
0.160
0.162
0.157
0.156
0.159
0.155
0.150
0.161
0.138
0.155
0.159
0.152
0.159
0.160
0.161
0.152
0.167
0.154
0.158
0.155
0.164
0.159
0.164
0.109
0.157
0.154
0.158
0.153
0.159
0.159
0.159
0.149
0.161
0.150
0.158
0.161
0.158
0.160
0.162
0.153
0.150
0.154
0.150
0.151
0.167
0.161
0.157
0.157
0.159
0.152
0.168
0.122
0.158
0.156
0.114
0.157
0.116
0.155
0.152
0.154
0.125
0.152
0.162
0.158
0.162
0.157
0.163
0.150
0.157
0.147
0.156
0.161
0.157
0.156
0.157
0.156
0.156
0.161
0.153
0.161
0.157
0.157
0.158
0.154
0.156
0.111
0.157
0.158
0.161
0.168
0.165
0.160
0.149
0.155
0.150
0.155
0.156
0.154
0.159
0.156
0.156
0.150
0.159
0.132
0.154
0.158
0.162
0.150
0.159
0.157
0.147
0.155
0.120
0.159
0.158
0.162
0.109
0.158
0.160
0.160
0.155
0.156
0.190
0.159
0.157
0.159
0.159
0.171
0.152
0.158
0.154
0.157
0.155
0.163
0.158
0.150
0.156
0.151
0.154
0.158
0.158
0.159
0.143
0.157
0.154
0.157
0.145
0.114
0.154
0.159
0.155
0.158
0.148
0.159
0.158
0.153
0.154
0.163
0.161
0.158
0.158
0.162
0.112
0.158
0.135
0.158
0.149
0.161
0.160
0.160
0.159
0.152
0.159
0.151
0.155
0.156
0.157
0.157
0.110
0.115
0.150
0.155
0.114
0.162
0.157
0.156
0.157
0.153
0.161
0.147
0.157
0.149
0.156
0.156
0.156
0.161
0.152
0.156
0.122
0.163
0.158
0.156
0.161
0.162
0.158
0.147
0.149
0.136
0.162
0.112
0.152
0.151
0.157
0.161
0.152
0.165
0.133
0.157
0.157
0.154
0.155
0.162
0.162
0.149
0.156
0.143
0.161
0.157
0.156
0.156
0.156
0.155
0.149
0.132
0.159
0.161
0.156
0.155
0.158
0.153
0.112
0.153
0.157
0.153
0.157
0.156
0.157
0.155
0.150
0.161
0.148
0.156
0.156
0.159
0.157
0.158
0.161
0.148
0.158
0.151
0.157
0.158
0.160
0.156
0.159
0.156
0.149
0.157
0.131
0.149
0.158
0.112
0.156
0.160
0.160
0.153
0.157
0.155
0.148
0.157
0.163
0.161
0.157
0.156
0.151
0.156
0.157
0.162
0.161
0.127
0.156
0.148
0.158
0.155
0.157
0.156
0.157
0.162
0.156
0.159
0.149
0.157
0.114
0.157
0.160
0.156
0.156
0.159
0.161
0.150
0.161
0.127
0.158
0.158
0.158
0.161
0.162
0.161
0.148
0.161
0.126
0.156
0.157
0.156
0.163
0.156
0.155
0.147
0.158
0.120
0.157
0.158
0.156
0.111
0.157
0.158
0.154
0.160
0.157
0.157
0.161
0.161
0.157
0.149
0.159
0.152
0.158
0.161
0.155
0.159
0.162
0.161
0.154
0.190
0.158
0.155
0.161
0.159
0.157
0.156
0.161
0.150
0.156
0.126
0.113
0.161
0.158
0.156
0.162
0.155
0.152
0.155
0.115
0.161
0.163
0.161
0.164
0.157
0.160
0.148
0.156
0.132
0.166
0.156
0.150
0.154
0.157
0.156
0.149
0.160
0.148
0.163
0.158
0.157
0.159
0.114
0.166
0.154
0.160
0.155
0.155
0.161
0.156
0.158
0.155
0.160
0.153
0.164
0.158
0.160
0.156
0.162
0.165
0.153
0.157
0.147
0.156
0.156
0.162
0.152
0.158
0.156
0.149
0.156
0.122
0.163
0.113
0.157
0.124
0.157
0.152
0.150
0.162
0.153
0.156
0.147
0.156
0.157
0.157
0.156
0.153
0.160
0.157
0.157
0.154
0.156
0.156
0.148
0.156
0.149
0.158
0.158
0.157
0.158
0.162
0.156
0.150
0.117
0.157
0.160
0.161
0.161
0.161
0.161
0.159
0.154
0.161
0.149
0.161
0.161
0.162
0.163
0.164
0.153
0.155
0.160
0.125
0.158
0.157
0.156
0.157
0.157
0.158
0.154
0.165
0.149
0.156
0.159
0.118
0.156
0.161
0.159
0.152
0.160
0.149
0.164
0.167
0.168
0.157
0.149
0.156
0.151
0.149
0.155
0.157
0.161
0.162
0.156
0.155
0.167
0.146
0.162
0.160
0.161
0.169
0.154
0.149
0.152
0.156
0.109
0.165
0.157
0.162
0.161
0.162
0.156
0.154
0.158
0.125
0.153
0.121
0.156
0.158
0.154
0.163
0.150
0.158
0.152
0.159
0.158
0.162
0.154
0.164
0.159
0.151
0.157
0.158
0.153
0.158
0.159
0.113
0.150
0.161
0.148
0.160
0.158
0.150
0.151
0.158
0.157
0.156
0.154
0.150
0.165
0.158
0.163
0.157
0.153
0.163
0.146
0.162
0.112
0.156
0.156
0.157
0.161
0.156
0.156
0.148
0.156
0.152
0.111
0.160
0.156
0.161
0.157
0.163
0.148
0.158
0.144
0.159
0.158
0.155
0.156
0.160
0.157
0.153
0.164
0.156
0.159
0.160
0.157
0.162
0.148
0.156
0.149
0.156
0.159
0.188
0.162
0.156
0.160
0.112
0.156
0.149
0.164
0.162
0.162
0.157
0.162
0.154
0.149
0.155
0.148
0.158
0.161
0.161
0.156
0.152
0.157
0.151
0.159
0.128
0.158
0.160
0.158
0.162
0.158
0.159
0.154
0.162
0.121
0.161
0.113
0.158
0.166
0.154
0.157
0.182
0.157
0.158
0.161
0.163
0.158
0.161
0.157
0.155
0.149
0.156
0.151
0.162
0.161
0.156
0.161
0.148
0.166
0.153
0.157
0.160
0.162
0.156
0.155
0.156
0.153
0.114
0.122
0.155
0.156
0.115
0.156
0.155
0.149
0.113
0.159
0.123
0.157
0.160
0.160
0.158
0.159
0.195
0.148
0.157
0.122
0.164
0.162
0.156
0.156
0.111
0.161
0.146
0.159
0.161
0.154
0.107
0.112
0.160
0.157
0.192
0.150
0.157
0.161
0.156
0.160
0.160
0.160
0.150
0.162
0.153
0.159
0.117
0.156
0.155
0.160
0.158
0.156
0.148
0.152
0.161
0.168
0.157
0.157
0.157
0.158
0.156
0.146
0.113
0.158
0.148
0.160
0.167
0.160
0.156
0.149
0.157
0.152
0.156
0.158
0.158
0.115
0.165
0.157
0.152
0.156
0.163
0.148
0.157
0.163
0.163
0.149
0.166
0.152
0.155
0.160
0.164
0.157
0.160
0.113
0.147
0.156
0.148
0.156
0.156
0.161
0.158
0.158
0.157
0.148
0.161
0.122
0.156
0.164
0.160
0.157
0.161
0.164
0.148
0.160
0.120
0.157
0.162
0.162
0.157
0.159
0.162
0.150
0.156
0.123
0.111
0.158
0.158
0.156
0.159
0.165
0.151
0.156
0.165
0.161
0.159
0.158
0.164
0.149
0.134
0.149
0.160
0.162
0.158
0.157
0.161
0.157
0.150
0.158
0.149
0.159
0.161
0.156
0.161
0.158
0.157
0.113
0.157
0.122
0.155
0.168
0.161
0.156
0.163
0.157
0.152
0.160
0.125
0.162
0.159
0.156
0.158
0.167
0.111
0.148
0.156
0.132
0.145
0.157
0.157
0.157
0.157
0.164
0.149
0.157
0.165
0.157
0.111
0.162
0.165
0.153
0.155
0.116
0.155
0.161
0.160
0.157
0.160
0.159
0.151
0.157
0.147
0.118
0.154
0.157
0.152
0.157
0.159
0.154
0.158
0.118
0.157
0.158
0.159
0.162
0.157
0.158
0.153
0.112
0.120
0.156
0.116
0.159
0.161
0.157
0.160
0.151
0.163
0.123
0.156
0.156
0.157
0.151
0.161
0.161
0.149
0.158
0.156
0.159
0.158
0.159
0.152
0.151
0.157
0.153
0.157
0.163
0.158
0.160
0.111
0.162
0.153
0.156
0.155
0.157
0.149
0.163
0.160
0.156
0.155
0.152
0.157
0.127
0.114
0.161
0.156
0.157
0.156
0.157
0.150
0.160
0.123
0.157
0.160
0.156
0.160
0.156
0.149
0.152
0.204
0.113
0.154
0.164
0.154
0.165
0.157
0.165
0.152
0.163
0.154
0.162
0.155
0.116
0.154
0.155
0.155
0.170
0.152
0.144
0.163
0.158
0.156
0.168
0.151
0.167
0.149
0.159
0.161
0.164
0.154
0.160
0.110
0.150
0.154
0.149
0.159
0.158
0.154
0.158
0.160
0.158
0.151
0.158
0.116
0.159
0.160
0.159
0.153
0.164
0.165
0.150
0.160
0.123
0.162
0.161
0.154
0.162
0.154
0.160
0.183
0.159
0.155
0.113
0.154
0.117
0.154
0.150
0.155
0.154
0.154
0.158
0.158
0.161
0.142
0.160
0.151
0.158
0.146
0.161
0.159
0.152
0.145
0.158
0.155
0.150
0.161
0.149
0.159
0.158
0.158
0.157
0.148
0.150
0.109
0.162
0.150
0.161
0.154
0.159
0.162
0.157
0.145
0.156
0.156
0.142
0.159
0.158
0.159
0.156
0.160
0.155
0.152
0.154
0.162
0.154
0.163
0.155
0.163
0.147
0.164
0.151
0.158
0.154
0.158
0.112
0.155
0.156
0.154
0.149
0.151
0.153
0.163
0.155
0.162
0.155
0.158
0.150
0.179
0.180
0.157
0.159
0.151
0.155
0.163
0.156
0.152
0.158
0.149
0.159
0.162
0.156
0.161
0.155
0.159
0.154
0.116
0.142
0.158
0.154
0.157
0.162
0.157
0.160
0.150
0.154
0.168
0.154
0.169
0.163
0.162
0.147
0.163
0.151
0.160
0.157
0.160
0.146
0.159
0.159
0.155
0.154
0.150
0.153
0.158
0.160
0.157
0.110
0.162
0.147
0.161
0.145
0.159
0.154
0.168
0.158
0.165
0.160
0.159
0.160
0.124
0.155
0.156
0.193
0.162
0.159
0.161
0.150
0.157
0.136
0.158
0.157
0.164
0.140
0.172
0.154
0.156
0.163
0.114
0.156
0.163
0.159
0.150
0.151
0.159
0.147
0.160
0.157
0.158
0.112
0.163
0.154
0.153
0.153
0.151
0.160
0.157
0.156
0.161
0.157
0.160
0.153
0.165
0.146
0.157
0.158
0.165
0.154
0.159
0.109
0.148
0.153
0.135
0.156
0.163
0.156
0.170
0.158
0.163
0.150
0.158
0.151
0.156
0.156
0.158
0.159
0.156
0.158
0.148
0.161
0.161
0.157
0.160
0.155
0.155
0.157
0.150
0.159
0.162
0.158
0.112
0.166
0.150
0.161
0.153
0.158
0.148
0.166
0.158
0.165
0.161
0.156
0.159
0.156
0.155
0.147
0.156
0.156
0.112
0.157
0.156
0.156
0.150
0.162
0.121
0.153
0.156
0.157
0.156
0.156
0.161
0.112
0.158
0.122
0.160
0.161
0.157
0.161
0.163
0.162
0.150
0.164
0.148
0.162
0.164
0.155
0.156
0.155
0.157
0.155
0.157
0.161
0.162
0.157
0.159
0.157
0.150
0.159
0.149
0.157
0.161
0.155
0.112
0.156
0.157
0.149
0.160
0.154
0.164
0.161
0.158
0.158
0.155
0.163
0.151
0.165
0.126
0.160
0.191
0.157
0.163
0.157
0.157
0.150
0.160
0.137
0.162
0.153
0.160
0.156
0.158
0.156
0.149
0.111
0.156
0.156
0.162
0.156
0.168
0.158
0.156
0.150
0.149
0.161
0.158
0.162
0.161
0.155
0.148
0.156
0.148
0.156
0.156
0.160
0.157
0.157
0.156
0.148
0.169
0.150
0.156
0.151
0.155
0.155
0.111
0.162
0.153
0.159
0.122
0.156
0.165
0.157
0.158
0.156
0.160
0.151
0.157
0.131
0.157
0.159
0.157
0.157
0.161
0.156
0.153
0.160
0.124
0.159
0.157
0.157
0.149
0.157
0.158
0.155
0.165
0.114
0.157
0.167
0.157
0.156
0.149
0.157
0.149
0.159
0.157
0.155
0.147
0.157
0.161
0.147
0.161
0.123
0.156
0.123
0.156
0.160
0.157
0.157
0.153
0.149
0.149
0.157
0.161
0.161
0.190
0.158
0.110
0.149
0.173
0.145
0.158
0.158
0.163
0.159
0.164
0.159
0.150
0.155
0.162
0.157
0.164
0.155
0.159
0.161
0.151
0.146
0.159
0.156
0.157
0.148
0.164
0.164
0.150
0.160
0.150
0.154
0.163
0.112
0.165
0.178
0.149
0.146
0.166
0.156
0.161
0.153
0.150
0.160
0.159
0.154
0.154
0.164
0.150
0.155
0.159
0.154
0.158
0.157
0.160
0.153
0.159
0.138
0.163
0.154
0.169
0.154
0.158
0.164
0.116
0.155
0.169
0.155
0.158
0.155
0.159
0.149
0.165
0.147
0.163
0.154
0.163
0.158
0.158
0.160
0.154
0.158
0.151
0.155
0.159
0.155
0.161
0.154
0.158
0.157
0.159
0.151
0.163
0.153
0.155
0.111
0.153
0.155
0.155
0.160
0.150
0.150
0.158
0.156
0.159
0.154
0.163
0.113
0.168
0.148
0.163
0.156
0.162
0.155
0.157
0.159
0.150
0.160
0.159
0.154
0.158
0.160
0.162
0.147
0.158
0.147
0.115
0.159
0.159
0.162
0.168
0.155
0.161
0.162
0.157
0.160
0.167
0.154
0.158
0.155
0.159
0.149
0.164
0.117
0.163
0.160
0.162
0.154
0.166
0.146
0.156
0.157
0.129
0.155
0.158
0.166
0.158
0.108
0.160
0.148
0.162
0.120
0.158
0.159
0.159
0.163
0.160
0.165
0.153
0.160
0.159
0.156
0.164
0.155
0.163
0.150
0.166
0.146
0.159
0.153
0.164
0.154
0.158
0.160
0.158
0.163
0.155
0.153
0.114
0.159
0.158
0.158
0.151
0.147
0.162
0.151
0.164
0.155
0.167
0.153
0.164
0.162
0.155
0.153
0.124
0.154
0.155
0.158
0.157
0.154
0.151
0.155
0.164
0.124
0.162
0.155
0.157
0.155
0.165
0.110
0.155
0.160
0.156
0.159
0.166
0.159
0.160
0.156
0.158
0.113
0.158
0.159
0.160
0.159
0.161
0.155
0.150
0.154
0.150
0.154
0.160
0.164
0.157
0.155
0.169
0.147
0.158
0.163
0.158
0.165
0.114
0.155
0.165
0.161
0.150
0.159
0.152
0.155
0.169
0.154
0.157
0.154
0.159
0.151
0.158
0.130
0.157
0.155
0.127
0.154
0.161
0.154
0.155
0.146
0.162
0.149
0.159
0.154
0.160
0.160
0.158
0.111
0.160
0.145
0.163
0.159
0.158
0.154
0.152
0.189
0.150
0.159
0.158
0.156
0.157
0.157
0.162
0.154
0.160
0.142
0.163
0.148
0.164
0.156
0.159
0.162
0.155
0.157
0.121
0.154
0.157
0.161
0.115
0.159
0.171
0.147
0.158
0.138
0.158
0.155
0.164
0.160
0.157
0.151
0.150
0.154
0.159
0.154
0.165
0.158
0.164
0.152
0.158
0.147
0.164
0.153
0.162
0.155
0.158
0.155
0.151
0.159
0.159
0.110
0.159
0.155
0.117
0.159
0.159
0.148
0.150
0.148
0.159
0.157
0.159
0.153
0.162
0.156
0.163
0.158
0.123
0.159
0.157
0.161
0.161
0.156
0.157
0.148
0.160
0.118
0.165
0.155
0.163
0.155
0.114
0.155
0.150
0.153
0.159
0.158
0.161
0.158
0.165
0.154
0.165
0.151
0.158
0.158
0.160
0.160
0.157
0.154
0.156
0.154
0.151
0.158
0.167
0.150
0.158
0.156
0.163
0.151
0.158
0.151
0.157
0.110
0.158
0.161
0.160
0.154
0.154
0.161
0.126
0.162
0.164
0.156
0.160
0.156
0.157
0.156
0.158
0.131
0.159
0.155
0.158
0.155
0.165
0.154
0.154
0.161
0.145
0.157
0.162
0.163
0.158
0.150
0.115
0.151
0.158
0.157
0.163
0.158
0.161
0.161
0.149
0.155
0.148
0.164
0.157
0.156
0.158
0.161
0.130
0.149
0.123
0.120
0.159
0.158
0.156
0.161
0.161
0.156
0.149
0.165
0.152
0.158
0.159
0.113
0.118
0.117
0.164
0.148
0.156
0.151
0.157
0.149
0.156
0.162
0.158
0.155
0.149
0.115
0.135
0.157
0.158
0.159
0.161
0.149
0.163
0.148
0.165
0.156
0.158
0.154
0.158
0.160
0.154
0.148
0.114
0.158
0.157
0.159
0.162
0.156
0.156
0.148
0.156
0.157
0.156
0.157
0.159
0.157
0.164
0.157
0.148
0.157
0.173
0.155
0.156
0.155
0.149
0.157
0.155
0.150
0.162
0.126
0.155
0.160
0.154
0.111
0.161
0.160
0.155
0.165
0.156
0.155
0.163
0.155
0.158
0.157
0.156
0.147
0.148
0.162
0.162
0.162
0.157
0.153
0.149
0.158
0.148
0.165
0.164
0.156
0.154
0.157
0.162
0.150
0.162
0.152
0.113
0.161
0.156
0.161
