0.216
0.157
0.152
0.156
0.156
0.176
0.159
0.184
0.160
0.154
0.146
0.155
0.148
0.151
0.154
0.154
0.156
0.161
0.159
0.122
0.155
0.154
0.174
0.156
0.163
0.153
0.111
0.148
0.159
0.150
0.164
0.152
0.155
0.151
0.159
0.142
0.158
0.162
0.156
0.162
0.164
0.159
0.147
0.144
0.162
0.154
0.151
0.151
0.158
0.151
0.145
0.154
0.159
0.151
0.107
0.154
0.191
0.174
0.146
0.142
0.195
0.152
0.151
0.155
0.165
0.146
0.152
0.162
0.158
0.150
0.150
0.153
0.147
0.143
0.154
0.156
0.155
0.155
0.152
0.109
0.149
0.152
0.156
0.155
0.164
0.154
0.154
0.147
0.156
0.155
0.170
0.151
0.156
0.157
0.117
0.148
0.157
0.144
0.156
0.156
0.155
0.152
0.141
0.143
0.158
0.159
0.155
0.153
0.163
0.152
0.143
0.159
0.156
0.154
0.157
0.152
0.111
0.116
0.154
0.156
0.168
0.151
0.108
0.155
0.164
0.146
0.159
0.153
0.159
0.157
0.143
0.158
0.154
0.148
0.157
0.161
0.156
0.151
0.154
0.156
0.147
0.156
0.152
0.156
0.164
0.156
0.161
0.157
0.152
0.150
0.143
0.153
0.159
0.156
0.157
0.144
0.152
0.151
0.152
0.150
0.161
0.153
0.153
0.143
0.164
0.151
0.159
0.150
0.159
0.157
0.147
0.146
0.155
0.156
0.157
0.153
0.155
0.150
0.108
0.149
0.178
0.156
0.149
0.151
0.164
0.154
0.146
0.151
0.158
0.154
0.149
0.158
0.145
0.131
0.097
0.142
0.159
0.164
0.153
0.155
0.123
0.150
0.199
0.154
0.116
0.150
0.161
0.152
0.150
0.158
0.150
0.154
0.160
0.108
0.145
0.141
0.158
0.151
0.152
0.159
0.160
0.159
0.162
0.143
0.162
0.157
0.151
0.153
0.159
0.152
0.119
0.145
0.159
0.150
0.161
0.155
0.164
0.159
0.152
0.156
0.110
0.153
0.143
0.155
0.170
0.154
0.146
0.162
0.157
0.156
0.156
0.152
0.113
0.144
0.147
0.150
0.147
0.143
0.152
0.157
0.157
0.147
0.152
0.156
0.163
0.157
0.151
0.150
0.154
0.150
0.153
0.156
0.151
0.151
0.153
0.156
0.151
0.157
0.155
0.146
0.152
0.154
0.151
0.144
0.155
0.151
0.152
0.154
0.158
0.146
0.152
0.145
0.158
0.152
0.213
0.142
0.158
0.157
0.124
0.115
0.154
0.153
0.105
0.155
0.164
0.158
0.144
0.155
0.167
0.153
0.152
0.153
0.156
0.116
0.152
0.150
0.163
0.152
0.157
0.156
0.159
0.108
0.161
0.153
0.165
0.152
0.157
0.156
0.122
0.143
0.159
0.153
0.169
0.157
0.152
0.158
0.147
0.152
0.156
0.154
0.161
0.157
0.158
0.114
0.155
0.152
0.158
0.154
0.151
0.151
0.188
0.146
0.161
0.150
0.152
0.156
0.156
0.155
0.153
0.147
0.159
0.153
0.157
0.149
0.126
0.150
0.148
0.144
0.158
0.160
0.150
0.154
0.158
0.150
0.150
0.151
0.164
0.152
0.157
0.152
0.160
0.148
0.144
0.154
0.168
0.153
0.158
0.158
0.164
0.146
0.152
0.155
0.155
0.152
0.191
0.150
0.146
0.148
0.158
0.157
0.166
0.150
0.156
0.156
0.154
0.151
0.152
0.150
0.116
0.150
0.150
0.118
0.147
0.150
0.156
0.151
0.158
0.158
0.156
0.145
0.150
0.160
0.148
0.149
0.172
0.153
0.108
0.151
0.157
0.157
0.151
0.154
0.114
0.151
0.149
0.158
0.155
0.151
0.150
0.142
0.156
0.122
0.145
0.151
0.160
0.155
0.153
0.151
0.157
0.146
0.150
0.151
0.158
0.151
0.157
0.152
0.160
0.148
0.151
0.166
0.156
0.155
0.149
0.153
0.161
0.143
0.152
0.152
0.158
0.154
0.168
0.154
0.150
0.152
0.157
0.142
0.155
0.150
0.146
0.144
0.156
0.153
0.161
0.153
0.171
0.158
0.153
0.143
0.120
0.150
0.164
0.157
0.155
0.156
0.126
0.142
0.159
0.144
0.152
0.150
0.161
0.158
0.148
0.150
0.164
0.156
0.156
0.147
0.162
0.133
0.147
0.154
0.161
0.147
0.158
0.160
0.155
0.148
0.159
0.177
0.172
0.154
0.153
0.151
0.135
0.149
0.159
0.163
0.159
0.152
0.158
0.161
0.152
0.152
0.157
0.151
0.172
0.167
0.154
0.119
0.148
0.153
0.144
0.151
0.166
0.152
0.154
0.145
0.157
0.154
0.105
0.152
0.156
0.151
0.134
0.154
0.159
0.174
0.152
0.150
0.158
0.155
0.142
0.143
0.174
0.155
0.182
0.141
0.148
0.159
0.142
0.158
0.113
0.153
0.114
0.154
0.183
0.173
0.160
0.182
0.186
0.156
0.189
0.151
0.159
0.147
0.157
0.138
0.152
0.150
0.149
0.153
0.113
0.143
0.081
0.152
0.158
0.151
0.156
0.156
0.147
0.154
0.155
0.153
0.159
0.153
0.152
0.146
0.150
0.155
0.155
0.153
0.111
0.154
0.154
0.155
0.158
0.150
0.152
0.157
0.155
0.157
0.115
0.143
0.163
0.151
0.157
0.154
0.159
0.155
0.147
0.153
0.161
0.152
0.159
0.151
0.157
0.125
0.147
0.153
0.156
0.163
0.156
0.151
0.163
0.144
0.155
0.155
0.165
0.152
0.154
0.153
0.125
0.143
0.157
0.151
0.161
0.156
0.154
0.150
0.149
0.147
0.146
0.176
0.157
0.161
0.156
0.139
0.159
0.151
0.150
0.159
0.164
0.151
0.112
0.144
0.148
0.151
0.154
0.155
0.163
0.147
0.157
0.149
0.163
0.177
0.149
0.150
0.160
0.151
0.144
0.142
0.150
0.155
0.172
0.157
0.193
0.173
0.159
0.151
0.164
0.154
0.152
0.151
0.160
0.147
0.182
0.187
0.160
0.153
0.171
0.158
0.177
0.145
0.153
0.150
0.154
0.194
0.148
0.151
0.128
0.146
0.154
0.156
0.158
0.153
0.151
0.156
0.154
0.152
0.157
0.157
0.159
0.153
0.161
0.147
0.127
0.159
0.158
0.151
0.151
0.158
0.153
0.144
0.158
0.159
0.188
0.183
0.168
0.156
0.134
0.152
0.158
0.152
0.154
0.194
0.157
0.166
0.144
0.151
0.161
0.153
0.154
0.153
0.160
0.145
0.147
0.154
0.159
0.153
0.109
0.158
0.181
0.143
0.149
0.158
0.156
0.151
0.153
0.148
0.123
0.161
0.159
0.151
0.160
0.153
0.159
0.151
0.150
0.110
0.153
0.157
0.155
0.152
0.107
0.150
0.153
0.158
0.108
0.150
0.166
0.157
0.159
0.146
0.157
0.157
0.181
0.176
0.156
0.151
0.151
0.137
0.150
0.155
0.166
0.151
0.156
0.159
0.148
0.149
0.112
0.154
0.160
0.152
0.158
0.154
0.145
0.159
0.159
0.165
0.160
0.154
0.164
0.149
0.146
0.158
0.157
0.158
0.112
0.152
0.167
0.179
0.157
0.154
0.157
0.154
0.177
0.184
0.156
0.155
0.164
0.153
0.156
0.157
0.159
0.150
0.149
0.150
0.154
0.162
0.111
0.157
0.162
0.121
0.151
0.157
0.154
0.108
0.165
0.153
0.161
0.147
0.154
0.151
0.153
0.160
0.187
0.182
0.153
0.144
0.181
0.146
0.159
0.152
0.157
0.150
0.145
0.151
0.164
0.160
0.154
0.154
0.158
0.124
0.156
0.151
0.159
0.170
0.161
0.159
0.161
0.150
0.144
0.152
0.159
0.151
0.154
0.157
0.158
0.145
0.157
0.159
0.182
0.155
0.154
0.150
0.184
0.183
0.156
0.159
0.166
0.155
0.107
0.164
0.162
0.154
0.190
0.183
0.159
0.155
0.154
0.146
0.191
0.145
0.158
0.154
0.192
0.181
0.153
0.150
0.157
0.153
0.156
0.150
0.162
0.155
0.134
0.142
0.165
0.150
0.189
0.153
0.156
0.155
0.152
0.157
0.166
0.161
0.154
0.149
0.164
0.121
0.155
0.158
0.159
0.157
0.153
0.152
0.164
0.147
0.153
0.154
0.173
0.156
0.153
0.151
0.141
0.143
0.159
0.147
0.187
0.156
0.156
0.150
0.124
0.191
0.182
0.187
0.161
0.153
0.153
0.159
0.156
0.155
0.125
0.167
0.158
0.150
0.158
0.152
0.154
0.154
0.153
0.156
0.158
0.163
0.159
0.144
0.158
0.151
0.151
0.154
0.160
0.156
0.146
0.154
0.189
0.186
0.159
0.159
0.147
0.157
0.148
0.151
0.168
0.150
0.155
0.151
0.158
0.105
0.148
0.155
0.159
0.156
0.161
0.128
0.147
0.141
0.153
0.150
0.157
0.159
0.161
0.154
0.132
0.142
0.109
0.151
0.162
0.151
0.151
0.154
0.157
0.150
0.149
0.156
0.157
0.158
0.158
0.150
0.147
0.153
0.155
0.156
0.159
0.154
0.146
0.149
0.158
0.161
0.151
0.156
0.165
0.157
0.124
0.148
0.150
0.152
0.153
0.152
0.152
0.155
0.149
0.152
0.161
0.154
0.155
0.144
0.161
0.155
0.149
0.159
0.157
0.153
0.079
0.155
0.158
0.143
0.146
0.151
0.154
0.159
0.156
0.157
0.160
0.141
0.153
0.155
0.114
0.158
0.142
0.145
0.156
0.143
0.127
0.155
0.160
0.161
0.165
0.167
0.157
0.154
0.156
0.151
0.138
0.152
0.156
0.143
0.152
0.159
0.150
0.154
0.114
0.150
0.160
0.147
0.161
0.152
0.162
0.152
0.156
0.153
0.119
0.144
0.150
0.151
0.156
0.150
0.158
0.152
0.147
0.150
0.150
0.155
0.157
0.152
0.156
0.128
0.150
0.158
0.160
0.158
0.162
0.152
0.163
0.146
0.150
0.151
0.159
0.151
0.106
0.157
0.139
0.147
0.161
0.155
0.155
0.159
0.154
0.144
0.149
0.154
0.154
0.151
0.151
0.149
0.150
0.146
0.149
0.154
0.155
0.159
0.159
0.151
0.101
0.145
0.149
0.143
0.152
0.154
0.156
0.163
0.153
0.148
0.161
0.158
0.153
0.151
0.158
0.151
0.142
0.150
0.155
0.151
0.157
0.109
0.158
0.151
0.145
0.157
0.159
0.163
0.155
0.159
0.116
0.147
0.145
0.157
0.158
0.165
0.156
0.149
0.122
0.144
0.153
0.151
0.167
0.160
0.155
0.161
0.124
0.147
0.154
0.156
0.168
0.151
0.152
0.155
0.150
0.158
0.156
0.158
0.158
0.153
0.154
0.118
0.150
0.157
0.157
0.141
0.148
0.157
0.153
0.143
0.159
0.157
0.109
0.151
0.157
0.157
0.144
0.146
0.155
0.150
0.155
0.154
0.121
0.152
0.146
0.150
0.156
0.152
0.157
0.150
0.159
0.136
0.151
0.156
0.159
0.151
0.155
0.142
0.113
0.144
0.108
0.152
0.157
0.152
0.159
0.150
0.158
0.150
0.160
0.150
0.162
0.154
0.152
0.151
0.148
0.154
0.160
0.154
0.160
0.151
0.151
0.156
0.151
0.155
0.152
0.152
0.164
0.154
0.155
0.130
0.166
0.155
0.146
0.152
0.161
0.154
0.167
0.153
0.156
0.153
0.146
0.146
0.158
0.152
0.147
0.152
0.156
0.154
0.156
0.153
0.157
0.154
0.148
0.156
0.162
0.157
0.152
0.160
0.154
0.128
0.152
0.153
0.113
0.151
0.159
0.150
0.160
0.151
0.151
0.148
0.156
0.153
0.150
0.152
0.123
0.108
0.150
0.155
0.175
0.152
0.157
0.155
0.151
0.151
0.158
0.152
0.161
0.153
0.153
0.117
0.156
0.153
0.153
0.157
0.156
0.151
0.149
0.151
0.160
0.154
0.113
0.157
0.145
0.158
0.159
0.146
0.157
0.158
0.148
0.154
0.159
0.154
0.142
0.151
0.159
0.177
0.120
0.158
0.154
0.151
0.154
0.156
0.157
0.151
0.114
0.163
0.148
0.146
0.142
0.154
0.157
0.152
0.154
0.153
0.156
0.146
0.162
0.161
0.164
0.156
0.152
0.151
0.144
0.148
0.153
0.159
0.158
0.156
0.151
0.156
0.153
0.149
0.157
0.169
0.157
0.157
0.151
0.145
0.150
0.150
0.160
0.161
0.153
0.156
0.150
0.144
0.162
0.153
0.196
0.154
0.157
0.158
0.124
0.144
0.157
0.153
0.164
0.154
0.147
0.150
0.149
0.160
0.162
0.187
0.163
0.153
0.111
0.137
0.143
0.134
0.152
0.114
0.151
0.152
0.160
0.147
0.151
0.160
0.183
0.155
0.109
0.161
0.126
0.145
0.158
0.156
0.156
0.153
0.153
0.153
0.152
0.158
0.152
0.158
0.157
0.151
0.151
0.159
0.149
0.156
0.112
0.157
0.158
0.150
0.153
0.144
0.151
0.152
0.150
0.153
0.161
0.155
0.149
0.145
0.162
0.150
0.151
0.154
0.154
0.150
0.118
0.147
0.161
0.154
0.157
0.155
0.162
0.153
0.106
0.159
0.153
0.153
0.153
0.162
0.156
0.148
0.142
0.154
0.153
0.151
0.158
0.155
0.171
0.148
0.162
0.154
0.162
0.158
0.152
0.152
0.120
0.143
0.154
0.123
0.165
0.154
0.152
0.114
0.152
0.149
0.155
0.162
0.169
0.109
0.160
0.147
0.151
0.159
0.150
0.153
0.162
0.158
0.150
0.147
0.157
0.153
0.191
0.148
0.152
0.150
0.110
0.144
0.153
0.155
0.156
0.158
0.154
0.160
0.144
0.156
0.114
0.153
0.151
0.156
0.150
0.155
0.144
0.155
0.160
0.156
0.157
0.153
0.158
0.144
0.149
0.153
0.156
0.156
0.151
0.152
0.165
0.153
0.155
0.158
0.156
0.151
0.151
0.160
0.149
0.142
0.158
0.165
0.159
0.152
0.153
0.158
0.145
0.154
0.153
0.153
0.161
0.154
0.153
0.149
0.153
0.152
0.155
0.155
0.155
0.150
0.166
0.147
0.154
0.150
0.154
0.157
0.374
0.152
0.120
0.148
0.170
0.287
0.106
0.157
0.156
0.157
0.385
0.161
0.181
0.151
0.160
0.155
0.197
0.178
0.148
0.158
0.157
0.153
0.154
0.153
0.160
0.148
0.181
0.180
0.156
0.142
0.162
0.154
0.138
0.143
0.111
0.154
0.164
0.184
0.156
0.158
0.148
0.145
0.158
0.155
0.160
0.159
0.153
0.128
0.149
0.157
0.170
0.154
0.154
0.152
0.160
0.145
0.156
0.151
0.153
0.163
0.195
0.153
0.153
0.145
0.163
0.187
0.150
0.159
0.120
0.157
0.155
0.115
0.157
0.151
0.158
0.202
0.167
0.149
0.145
0.155
0.159
0.159
0.154
0.153
0.161
0.149
0.138
0.153
0.156
0.144
0.151
0.161
0.156
0.153
0.155
0.160
0.161
0.171
0.153
0.154
0.148
0.145
0.157
0.152
0.165
0.158
0.154
0.169
0.147
0.153
0.156
0.154
0.159
0.160
0.160
0.122
0.146
0.154
0.158
0.158
0.150
0.157
0.113
0.144
0.165
0.160
0.164
0.159
0.160
0.153
0.109
0.152
0.156
0.150
0.168
0.159
0.158
0.171
0.149
0.152
0.157
0.158
0.154
0.153
0.167
0.117
0.145
0.160
0.157
0.175
0.192
0.156
0.155
0.142
0.167
0.155
0.156
0.152
0.108
0.153
0.159
0.148
0.150
0.152
0.165
0.150
0.162
0.153
0.147
0.142
0.140
0.156
0.154
0.162
0.155
0.161
0.145
0.159
0.153
0.184
0.161
0.159
0.153
0.150
0.156
0.156
0.153
0.158
0.155
0.155
0.151
0.149
0.111
0.148
0.157
0.153
0.158
0.144
0.151
0.144
0.154
0.154
0.111
0.153
0.164
0.153
0.148
0.157
0.162
0.154
0.168
0.156
0.160
0.148
0.146
0.145
0.156
0.151
0.152
0.157
0.155
0.149
0.162
0.146
0.159
0.186
0.186
0.184
0.119
0.142
0.150
0.156
0.168
0.151
0.110
0.152
0.146
0.152
0.156
0.156
0.112
0.152
0.157
0.120
0.155
0.157
0.154
0.159
0.155
0.151
0.155
0.153
0.158
0.155
0.116
0.155
0.154
0.163
0.139
0.147
0.153
0.156
0.156
0.153
0.164
0.151
0.149
0.158
0.162
0.153
0.164
0.147
0.146
0.150
0.148
0.152
0.157
0.154
0.152
0.155
0.158
0.150
0.147
0.159
0.160
0.152
0.158
0.152
0.156
0.143
0.153
0.155
0.167
0.144
0.157
0.155
0.145
0.143
0.157
0.154
0.158
0.154
0.149
0.152
0.153
0.157
0.153
0.153
0.156
0.153
0.150
0.147
0.149
0.184
0.159
0.157
0.110
0.177
0.161
0.147
0.157
0.153
0.156
0.159
0.159
0.153
0.115
0.152
0.161
0.153
0.155
0.156
0.159
0.157
0.111
0.158
0.154
0.150
0.153
0.157
