0.176
0.151
0.148
0.159
0.159
0.159
0.160
0.163
0.153
0.159
0.159
0.155
0.157
0.148
0.157
0.157
0.153
0.156
0.162
0.157
0.157
0.153
0.121
0.146
0.154
0.161
0.157
0.153
0.163
0.153
0.165
0.156
0.161
0.153
0.118
0.152
0.153
0.156
0.157
0.158
0.162
0.155
0.157
0.156
0.153
0.159
0.150
0.144
0.170
0.153
0.162
0.147
0.188
0.185
0.191
0.148
0.160
0.147
0.147
0.161
0.163
0.155
0.152
0.152
0.156
0.156
0.160
0.155
0.117
0.147
0.149
0.165
0.153
0.151
0.158
0.162
0.152
0.155
0.158
0.153
0.145
0.148
0.158
0.157
0.156
0.156
0.152
0.154
0.153
0.162
0.163
0.148
0.176
0.186
0.188
0.157
0.158
0.149
0.158
0.153
0.157
0.155
0.141
0.153
0.183
0.156
0.163
0.184
0.194
0.189
0.161
0.160
0.147
0.147
0.159
0.150
0.155
0.154
0.157
0.153
0.167
0.157
0.152
0.153
0.154
0.145
0.144
0.186
0.184
0.185
0.157
0.157
0.194
0.183
0.189
0.158
0.150
0.146
0.166
0.187
0.162
0.146
0.163
0.159
0.158
0.161
0.145
0.125
0.147
0.189
0.168
0.159
0.153
0.155
0.149
0.159
0.166
0.162
0.160
0.145
0.153
0.161
0.162
0.153
0.163
0.159
0.158
0.157
0.160
0.114
0.122
0.149
0.183
0.157
0.189
0.158
0.183
0.184
0.188
0.189
0.161
0.118
0.144
0.151
0.177
0.148
0.161
0.159
0.158
0.188
0.156
0.158
0.157
0.146
0.181
0.160
0.156
0.158
0.164
0.154
0.157
0.157
0.152
0.152
0.119
0.153
0.157
0.149
0.153
0.154
0.160
0.161
0.184
0.183
0.188
0.142
0.154
0.153
0.162
0.184
0.163
0.187
0.194
0.185
0.188
0.156
0.156
0.148
0.156
0.187
0.163
0.153
0.155
0.158
0.189
0.162
0.156
0.155
0.145
0.184
0.163
0.159
0.156
0.144
0.184
0.158
0.163
0.154
0.161
0.177
0.149
0.160
0.186
0.187
0.193
0.158
0.162
0.157
0.165
0.154
0.138
0.147
0.145
0.161
0.163
0.158
0.158
0.163
0.185
0.189
0.163
0.166
0.177
0.148
0.160
0.166
0.162
0.189
0.159
0.155
0.167
0.159
0.158
0.126
0.179
0.157
0.155
0.108
0.159
0.185
0.161
0.158
0.184
0.188
0.181
0.155
0.146
0.156
0.158
0.189
0.168
0.159
0.156
0.156
0.184
0.124
0.181
0.188
0.192
0.184
0.160
0.155
0.157
0.159
0.191
0.162
0.108
0.145
0.151
0.189
0.156
0.152
0.154
0.146
0.157
0.157
0.156
0.154
0.129
0.145
0.152
0.160
0.190
0.189
0.183
0.157
0.157
0.156
0.145
0.186
0.148
0.148
0.163
0.158
0.187
0.157
0.152
0.156
0.158
0.152
0.156
0.149
0.145
0.156
0.189
0.158
0.160
0.154
0.151
0.153
0.163
0.154
0.117
0.146
0.189
0.110
0.167
0.159
0.153
0.183
0.157
0.155
0.187
0.148
0.179
0.149
0.157
0.157
0.162
0.159
0.162
0.156
0.158
0.153
0.161
0.156
0.153
0.157
0.153
0.162
0.159
0.156
0.157
0.153
0.158
0.164
0.158
0.152
0.157
0.153
0.159
0.155
0.157
0.158
0.184
0.162
0.153
0.152
0.157
0.194
0.161
0.156
0.185
0.188
0.186
0.157
0.154
0.158
0.158
0.180
0.159
0.155
0.153
0.161
0.169
0.166
0.193
0.185
0.159
0.191
0.151
0.176
0.189
0.192
0.183
0.157
0.155
0.163
0.163
0.173
0.158
0.118
0.144
0.151
0.161
0.158
0.158
0.183
0.158
0.159
0.161
0.157
0.149
0.188
0.189
0.157
0.157
0.153
0.152
0.153
0.158
0.154
0.158
0.126
0.175
0.152
0.187
0.188
0.189
0.183
0.156
0.158
0.183
0.156
0.193
0.156
0.176
0.185
0.185
0.184
0.161
0.155
0.157
0.160
0.158
0.156
0.159
0.156
0.151
0.162
0.161
0.160
0.190
0.154
0.182
0.159
0.173
0.145
0.181
0.182
0.163
0.155
0.158
0.153
0.187
0.157
0.154
0.153
0.156
0.123
0.152
0.155
0.160
0.162
0.156
0.158
0.162
0.155
0.152
0.158
0.128
0.147
0.160
0.161
0.186
0.148
0.157
0.158
0.169
0.184
0.159
0.142
0.177
0.182
0.188
0.161
0.157
0.156
0.154
0.152
0.163
0.153
0.153
0.145
0.149
0.160
0.163
0.161
0.163
0.186
0.157
0.185
0.191
0.154
0.137
0.151
0.187
0.186
0.188
0.187
0.164
0.156
0.151
0.157
0.156
0.157
0.150
0.146
0.155
0.162
0.122
0.162
0.184
0.178
0.185
0.165
0.158
0.112
0.145
0.157
0.158
0.155
0.159
0.160
0.154
0.162
0.158
0.163
0.121
0.153
0.156
0.155
0.157
0.154
0.166
0.158
0.152
0.143
0.155
0.154
0.156
0.161
0.159
0.156
0.158
0.159
0.160
0.153
0.163
0.152
0.156
0.153
0.179
0.186
0.186
0.160
0.163
0.176
0.161
0.195
0.157
0.157
0.120
0.150
0.144
0.157
0.156
0.152
0.157
0.145
0.159
0.156
0.146
0.126
0.156
0.150
0.158
0.161
0.156
0.112
0.160
0.158
0.158
0.155
0.153
0.152
0.152
0.153
0.165
0.165
0.163
0.158
0.195
0.189
0.187
0.162
0.144
0.145
0.162
0.156
0.160
0.154
0.158
0.158
0.158
0.157
0.158
0.123
0.147
0.146
0.157
0.147
0.159
0.161
0.153
0.156
0.156
0.157
0.150
0.149
0.150
0.154
0.155
0.153
0.156
0.157
0.161
0.152
0.159
0.158
0.151
0.147
0.183
0.184
0.184
0.155
0.161
0.161
0.155
0.145
0.154
0.120
0.154
0.150
0.155
0.158
0.156
0.172
0.188
0.202
0.157
0.154
0.164
0.147
0.152
0.162
0.160
0.163
0.152
0.153
0.117
0.158
0.153
0.160
0.149
0.149
0.156
0.166
0.162
0.163
0.161
0.155
0.192
0.189
0.187
0.123
0.146
0.158
0.156
0.162
0.157
0.157
0.154
0.160
0.152
0.154
0.133
0.148
0.145
0.156
0.160
0.158
0.175
0.154
0.176
0.157
0.160
0.133
0.145
0.146
0.157
0.153
0.157
0.152
0.152
0.162
0.154
0.151
0.157
0.143
0.148
0.156
0.143
0.183
0.188
0.158
0.154
0.157
0.158
0.153
0.136
0.145
0.145
0.156
0.157
0.157
0.160
0.152
0.145
0.163
0.155
0.160
0.150
0.146
0.157
0.157
0.158
0.160
0.157
0.158
0.157
0.159
0.160
0.145
0.155
0.156
0.161
0.153
0.113
0.160
0.162
0.169
0.186
0.190
0.180
0.154
0.154
0.156
0.152
0.154
0.156
0.161
0.159
0.153
0.159
0.155
0.146
0.148
0.157
0.113
0.163
0.154
0.159
0.168
0.157
0.161
0.154
0.146
0.145
0.153
0.159
0.156
0.155
0.170
0.157
0.163
0.156
0.154
0.142
0.155
0.148
0.158
0.195
0.185
0.185
0.163
0.147
0.146
0.157
0.159
0.150
0.153
0.157
0.157
0.157
0.160
0.155
0.160
0.154
0.159
0.160
0.152
0.147
0.154
0.160
0.162
0.158
0.158
0.155
0.157
0.156
0.160
0.120
0.149
0.159
0.159
0.153
0.149
0.167
0.167
0.158
0.155
0.182
0.178
0.179
0.155
0.155
0.155
0.153
0.152
0.161
0.154
0.153
0.155
0.159
0.151
0.156
0.146
0.158
0.153
0.162
0.158
0.164
0.157
0.161
0.157
0.136
0.150
0.158
0.161
0.148
0.161
0.159
0.159
0.182
0.156
0.155
0.113
0.148
0.157
0.167
0.160
0.185
0.190
0.190
0.157
0.157
0.158
0.154
0.146
0.149
0.154
0.157
0.158
0.158
0.157
0.158
0.159
0.156
0.153
0.154
0.148
0.155
0.161
0.165
0.159
0.155
0.155
0.156
0.159
0.165
0.134
0.145
0.153
0.171
0.158
0.171
0.155
0.146
0.156
0.157
0.162
0.175
0.182
0.185
0.161
0.160
0.167
0.158
0.152
0.159
0.153
0.111
0.156
0.149
0.148
0.161
0.171
0.158
0.161
0.167
0.190
0.172
0.152
0.156
0.124
0.150
0.159
0.157
0.159
0.155
0.159
0.163
0.156
0.160
0.157
0.118
0.177
0.193
0.184
0.154
0.154
0.185
0.186
0.189
0.164
0.156
0.164
0.145
0.144
0.161
0.156
0.163
0.152
0.154
0.156
0.156
0.158
0.154
0.124
0.153
0.160
0.160
0.148
0.165
0.161
0.153
0.156
0.156
0.157
0.152
0.146
0.146
0.165
0.162
0.157
0.158
0.157
0.155
0.157
0.160
0.143
0.180
0.184
0.186
0.153
0.161
0.163
0.148
0.183
0.160
0.160
0.118
0.146
0.145
0.157
0.158
0.157
0.169
0.156
0.156
0.154
0.153
0.158
0.153
0.155
0.146
0.158
0.154
0.159
0.159
0.149
0.162
0.165
0.147
0.156
0.151
0.144
0.153
0.158
0.161
0.161
0.188
0.188
0.188
0.161
0.125
0.145
0.149
0.152
0.156
0.156
0.178
0.154
0.180
0.160
0.146
0.158
0.128
0.145
0.151
0.156
0.154
0.160
0.152
0.156
0.113
0.156
0.153
0.154
0.150
0.146
0.158
0.155
0.156
0.162
0.154
0.155
0.160
0.154
0.157
0.160
0.181
0.183
0.147
0.162
0.153
0.154
0.152
0.157
0.161
0.155
0.133
0.147
0.153
0.162
0.161
0.175
0.155
0.170
0.155
0.157
0.156
0.118
0.161
0.149
0.160
0.152
0.165
0.188
0.160
0.185
0.184
0.159
0.151
0.149
0.177
0.183
0.185
0.184
0.118
0.156
0.187
0.182
0.184
0.156
0.154
0.150
0.156
0.154
0.158
0.155
0.161
0.156
0.184
0.157
0.185
0.174
0.149
0.185
0.155
0.150
0.185
0.150
0.191
0.157
0.185
0.184
0.117
0.174
0.165
0.184
0.186
0.161
0.184
0.164
0.187
0.145
0.146
0.173
0.150
0.155
0.208
0.154
0.186
0.158
0.185
0.184
0.162
0.153
0.115
0.145
0.151
0.156
0.189
0.158
0.184
0.184
0.184
0.176
0.166
0.146
0.154
0.150
0.184
0.158
0.187
0.186
0.161
0.188
0.158
0.185
0.188
0.148
0.176
0.158
0.161
0.153
0.163
0.154
0.155
0.162
0.183
0.187
0.195
0.127
0.148
0.157
0.158
0.144
0.159
0.153
0.153
0.155
0.153
0.156
0.139
0.144
0.153
0.157
0.154
0.153
0.171
0.153
0.195
0.166
0.153
0.155
0.153
0.111
0.156
0.156
0.159
0.161
0.180
0.157
0.156
0.153
0.162
0.148
0.154
0.155
0.177
0.185
0.189
0.156
0.156
0.158
0.161
0.157
0.118
0.146
0.149
0.154
0.149
0.151
0.152
0.178
0.177
0.187
0.158
0.154
0.177
0.183
0.187
0.159
0.161
0.148
0.153
0.155
0.166
0.159
0.158
0.121
0.148
0.158
0.161
0.157
0.155
0.163
0.158
0.160
0.195
0.185
0.181
0.159
0.112
0.150
0.166
0.157
0.158
0.154
0.150
0.149
0.157
0.159
0.155
0.149
0.152
0.153
0.159
0.158
0.159
0.155
0.157
0.158
0.158
0.154
0.145
0.110
0.157
0.158
0.167
0.154
0.155
0.158
0.159
0.162
0.130
0.150
0.150
0.156
0.187
0.185
0.193
0.151
0.153
0.152
0.145
0.135
0.152
0.151
0.155
0.156
0.158
0.166
0.159
0.154
0.153
0.152
0.157
0.145
0.157
0.167
0.153
0.157
0.146
0.162
0.158
0.157
0.158
0.161
0.119
0.145
0.157
0.156
0.155
0.167
0.154
0.158
0.163
0.158
0.185
0.183
0.177
0.149
0.156
0.151
0.160
0.157
0.157
0.155
0.164
0.148
0.151
0.148
0.149
0.163
0.160
0.199
0.117
0.112
0.155
0.159
0.162
0.149
0.144
0.146
0.152
0.158
0.159
0.155
0.158
0.156
0.157
0.162
0.156
0.123
0.151
0.160
0.163
0.148
0.192
0.189
0.187
0.158
0.157
0.153
0.158
0.145
0.162
0.156
0.161
0.155
0.158
0.157
0.157
0.156
0.154
0.154
0.152
0.147
0.154
0.159
0.152
0.166
0.161
0.153
0.154
0.153
0.163
0.135
0.149
0.146
0.152
0.156
0.155
0.155
0.158
0.107
0.157
0.155
0.148
0.181
0.187
0.162
0.156
0.155
0.167
0.174
0.160
0.151
0.154
0.155
0.145
0.150
0.162
0.159
0.162
0.177
0.156
0.161
0.160
0.157
0.144
0.122
0.152
0.154
0.162
0.153
0.149
0.154
0.158
0.154
0.176
0.157
0.136
0.145
0.147
0.155
0.161
0.156
0.185
0.186
0.183
0.157
0.158
0.153
0.152
0.144
0.162
0.154
0.160
0.154
0.153
0.154
0.154
0.162
0.164
0.149
0.148
0.157
0.152
0.156
0.164
0.164
0.156
0.153
0.154
0.161
0.124
0.155
0.145
0.155
0.155
0.159
0.158
0.171
0.155
0.149
0.158
0.119
0.185
0.190
0.177
0.164
0.158
0.176
0.169
0.160
0.149
0.155
0.165
0.146
0.149
0.160
0.161
0.159
0.155
0.157
0.162
0.159
0.152
0.155
0.143
0.148
0.155
0.155
0.156
0.154
0.156
0.121
0.163
0.157
0.153
0.140
0.149
0.148
0.159
0.158
0.156
0.164
0.188
0.184
0.191
0.155
0.157
0.148
0.193
0.184
0.162
0.153
0.153
0.155
0.155
0.156
0.159
0.153
0.117
0.147
0.157
0.160
0.177
0.158
0.173
0.157
0.160
0.149
0.159
0.153
0.142
0.146
0.153
0.155
0.156
0.163
0.157
0.154
0.148
0.157
0.161
0.147
0.180
0.189
0.184
0.157
0.156
0.151
0.158
0.162
0.154
0.158
0.153
0.149
0.152
0.157
0.155
0.155
0.158
0.160
0.156
0.152
0.159
0.118
0.160
0.155
0.152
0.118
0.156
0.153
0.166
0.152
0.151
0.153
0.157
0.147
0.151
0.154
0.159
0.150
0.156
0.160
0.146
0.184
0.192
0.157
0.145
0.144
0.156
0.156
0.157
0.153
0.164
0.171
0.177
0.162
0.155
0.116
0.149
0.149
0.162
0.155
0.155
0.120
0.157
0.158
0.162
0.152
0.153
0.111
0.155
0.165
0.163
0.147
0.175
0.157
0.154
0.158
0.162
0.152
0.149
0.152
0.188
0.184
0.193
0.162
0.153
0.153
0.153
0.161
0.161
0.115
0.144
0.148
0.152
0.162
0.161
0.162
0.158
0.153
0.155
0.154
0.180
0.175
0.185
0.162
0.155
0.158
0.156
0.183
0.161
0.155
0.158
0.157
0.150
0.152
0.159
0.155
0.155
0.163
0.163
0.156
0.185
0.185
0.182
0.122
0.152
0.153
0.163
0.145
0.156
0.152
0.157
0.154
0.154
0.156
0.137
0.149
0.150
0.150
0.163
0.153
0.169
0.147
0.181
0.161
0.162
0.154
0.149
0.146
0.162
0.113
0.159
0.160
0.154
0.157
0.159
0.157
0.158
0.121
0.150
0.156
0.190
0.187
0.185
0.157
0.158
0.151
0.157
0.163
0.120
0.145
0.145
0.155
0.155
0.161
0.152
0.157
0.156
0.153
0.166
0.161
0.145
0.149
0.156
0.157
0.157
0.153
0.159
0.153
0.160
0.153
0.146
0.146
0.153
0.161
0.160
0.155
0.162
0.154
0.162
0.156
0.144
0.185
0.180
0.149
0.145
0.158
0.158
0.158
0.161
0.159
0.150
0.154
0.152
0.151
0.159
0.145
0.156
0.147
0.158
0.159
0.159
0.161
0.158
0.151
0.160
0.154
0.149
0.160
0.161
0.155
0.157
0.146
0.159
0.161
0.153
0.153
0.122
0.145
0.168
0.155
0.189
0.192
0.184
0.157
0.157
0.152
0.157
0.144
0.157
0.152
0.158
0.156
0.151
0.156
0.161
0.152
0.159
0.155
0.154
0.153
0.165
0.189
0.179
0.157
0.155
0.156
0.166
0.153
0.160
0.153
0.144
0.146
0.159
0.157
0.156
0.153
0.158
0.146
0.159
0.118
0.370
0.176
0.177
0.155
0.162
0.165
0.158
0.155
0.156
0.155
0.160
0.158
0.155
0.155
0.149
0.379
0.155
0.156
0.158
0.154
0.318
0.155
0.162
0.157
0.122
0.309
0.158
0.154
0.157
0.153
0.158
0.188
0.182
0.161
0.161
0.154
0.184
0.183
0.161
0.161
0.146
0.185
0.187
0.156
0.152
0.159
0.151
0.175
0.151
0.157
0.148
0.183
0.191
0.162
0.158
0.155
0.145
0.141
0.149
0.153
0.160
0.187
0.185
0.156
0.159
0.155
0.181
0.188
