0.398
0.202
0.243
0.249
0.218
0.245
0.245
0.201
0.238
0.247
0.222
0.217
0.250
0.239
0.252
0.224
0.222
0.228
0.262
0.224
0.206
0.211
0.212
0.222
0.228
0.225
0.213
0.214
0.212
0.244
0.222
0.210
0.205
0.216
0.214
0.223
0.216
0.212
0.197
0.243
0.221
0.214
0.208
0.236
0.247
0.223
0.243
0.223
0.218
0.214
0.221
0.253
0.242
0.223
0.227
0.174
0.215
0.222
0.223
0.225
0.226
0.222
0.235
0.223
0.219
0.207
0.209
0.218
0.214
0.173
0.223
0.222
0.255
0.218
0.238
0.226
0.175
0.243
0.247
0.217
0.220
0.222
0.247
0.216
0.174
0.170
0.220
0.239
0.236
0.245
0.225
0.221
0.248
0.244
0.214
0.213
0.220
0.248
0.242
0.220
0.169
0.220
0.252
0.244
0.229
0.213
0.223
0.229
0.220
0.243
0.179
0.205
0.217
0.213
0.219
0.222
0.223
0.224
0.220
0.247
0.223
0.207
0.239
0.244
0.244
0.227
0.215
0.221
0.221
0.247
0.221
0.215
0.232
0.241
0.239
0.214
0.246
0.217
0.244
0.247
0.220
0.213
0.249
0.252
0.200
0.206
0.214
0.233
0.213
0.220
0.225
0.217
0.237
0.246
0.248
0.180
0.208
0.220
0.230
0.222
0.222
0.219
0.175
0.223
0.247
0.224
0.179
0.243
0.246
0.249
0.174
0.234
0.213
0.233
0.219
0.223
0.247
0.226
0.220
0.245
0.222
0.212
0.228
0.210
0.213
0.221
0.178
0.212
0.261
0.176
0.205
0.211
0.233
0.195
0.243
0.247
0.227
0.218
0.249
0.248
0.184
0.239
0.217
0.252
0.246
0.214
0.214
0.211
0.227
0.217
0.218
0.237
0.176
0.207
0.213
0.221
0.244
0.242
0.217
0.247
0.207
0.225
0.245
0.223
0.197
0.228
0.212
0.228
0.216
0.246
0.217
0.214
0.213
0.243
0.181
0.208
0.209
0.230
0.225
0.229
0.219
0.245
0.247
0.244
0.245
0.213
0.208
0.232
0.226
0.225
0.225
0.212
0.214
0.223
0.211
0.173
0.210
0.211
0.207
0.220
0.213
0.244
0.248
0.248
0.252
0.224
0.214
0.214
0.165
0.239
0.211
0.214
0.237
0.235
0.254
0.224
0.224
0.212
0.244
0.179
0.205
0.216
0.231
0.242
0.250
0.213
0.193
0.242
0.252
0.247
0.228
0.239
0.237
0.238
0.251
0.224
0.223
0.230
0.216
0.214
0.216
0.213
0.205
0.240
0.245
0.218
0.226
0.216
0.238
0.213
0.224
0.247
0.246
0.246
0.241
0.206
0.216
0.195
0.245
0.248
0.224
0.228
0.245
0.236
0.226
0.208
0.206
0.173
0.215
0.225
0.216
0.213
0.205
0.224
0.231
0.214
0.182
0.210
0.213
0.235
0.225
0.224
0.224
0.226
0.215
0.212
0.188
0.199
0.177
0.232
0.221
0.213
0.209
0.249
0.252
0.215
0.244
0.251
0.214
0.240
0.209
0.225
0.214
0.226
0.220
0.213
0.225
0.246
0.256
0.250
0.182
0.226
0.228
0.227
0.223
0.214
0.224
0.208
0.215
0.193
0.224
0.186
0.204
0.217
0.214
0.224
0.225
0.211
0.222
0.255
0.213
0.214
0.216
0.207
0.212
0.212
0.217
0.202
0.231
0.233
0.224
0.224
0.252
0.249
0.257
0.246
0.213
0.213
0.215
0.215
0.169
0.243
0.243
0.246
0.242
0.210
0.216
0.209
0.227
0.222
0.227
0.224
0.215
0.222
0.241
0.224
0.224
0.217
0.243
0.244
0.224
0.219
0.227
0.213
0.215
0.214
0.218
0.213
0.242
0.234
0.215
0.173
0.229
0.233
0.254
0.213
0.245
0.251
0.250
0.244
0.208
0.226
0.230
0.225
0.249
0.223
0.216
0.233
0.179
0.236
0.206
0.214
0.216
0.243
0.255
0.218
0.220
0.248
0.245
0.190
0.215
0.200
0.172
0.235
0.247
0.228
0.248
0.203
0.218
0.220
0.225
0.256
0.228
0.188
0.215
0.223
0.234
0.215
0.223
0.213
0.226
0.223
0.246
0.227
0.240
0.208
0.250
0.265
0.252
0.214
0.223
0.212
0.216
0.199
0.246
0.214
0.205
0.207
0.255
0.241
0.225
0.224
0.192
0.224
0.198
0.225
0.223
0.185
0.209
0.232
0.226
0.223
0.242
0.230
0.213
0.223
0.213
0.243
0.221
0.245
0.206
0.240
0.224
0.214
0.173
0.224
0.224
0.248
0.215
0.207
0.208
0.208
0.216
0.229
0.212
0.221
0.219
0.249
0.213
0.247
0.220
0.241
0.241
0.247
0.246
0.216
0.228
0.251
0.170
0.225
0.217
0.227
0.176
0.206
0.226
0.170
0.218
0.236
0.212
0.216
0.177
0.235
0.247
0.227
0.240
0.211
0.219
0.215
0.230
0.263
0.224
0.224
0.250
0.240
0.247
0.206
0.210
0.238
0.233
0.248
0.226
0.209
0.212
0.225
0.246
0.212
0.196
0.246
0.248
0.243
0.216
0.248
0.249
0.234
0.248
0.224
0.262
0.181
0.203
0.250
0.223
0.219
0.240
0.196
0.230
0.222
0.220
0.252
0.213
0.240
0.207
0.227
0.215
0.136
0.212
0.214
0.211
0.175
0.135
0.242
0.185
0.209
0.249
0.168
0.201
0.213
0.251
0.227
0.219
0.251
0.217
0.181
0.209
0.206
0.237
0.217
0.224
0.231
0.217
0.209
0.225
0.250
0.215
0.224
0.218
0.212
0.238
0.214
0.195
0.246
0.215
0.225
0.215
0.243
0.241
0.210
0.215
0.213
0.224
0.234
0.216
0.215
0.223
0.176
0.227
0.184
0.206
0.212
0.226
0.224
0.215
0.255
0.241
0.200
0.245
0.214
0.222
0.215
0.225
0.211
0.220
0.236
0.250
0.216
0.252
0.252
0.224
0.230
0.210
0.222
0.225
0.246
0.245
0.219
0.238
0.217
0.224
0.243
0.245
0.181
0.216
0.214
0.217
0.229
0.224
0.216
0.214
0.220
0.232
0.208
0.175
0.203
0.206
0.225
0.213
0.215
0.228
0.216
0.250
0.175
0.228
0.226
0.209
0.205
0.255
0.224
0.224
0.221
0.231
0.224
0.214
0.213
0.243
0.243
0.239
0.225
0.214
0.217
0.233
0.215
0.211
0.168
0.244
0.245
0.246
0.208
0.247
0.239
0.244
0.250
0.222
0.215
0.248
0.247
0.243
0.213
0.210
0.208
0.256
0.238
0.215
0.177
0.242
0.246
0.250
0.224
0.217
0.209
0.213
0.227
0.224
0.215
0.169
0.247
0.243
0.215
0.206
0.245
0.241
0.236
0.207
0.213
0.224
0.234
0.182
0.206
0.210
0.224
0.249
0.243
0.207
0.207
0.225
0.227
0.226
0.224
0.213
0.224
0.219
0.248
0.225
0.207
0.205
0.174
0.236
0.216
0.223
0.217
0.242
0.250
0.212
0.257
0.184
0.225
0.219
0.213
0.215
0.216
0.217
0.215
0.169
0.230
0.215
0.208
0.227
0.206
0.223
0.239
0.215
0.239
0.247
0.213
0.236
0.211
0.197
0.206
0.215
0.210
0.216
0.247
0.213
0.214
0.221
0.215
0.215
0.214
0.178
0.205
0.228
0.218
0.214
0.240
0.240
0.213
0.261
0.227
0.214
0.193
0.208
0.215
0.221
0.209
0.211
0.230
0.210
0.166
0.226
0.253
0.243
0.208
0.212
0.246
0.221
0.249
0.249
0.214
0.224
0.228
0.235
0.239
0.181
0.209
0.215
0.214
0.229
0.204
0.219
0.238
0.215
0.215
0.221
0.175
0.212
0.223
0.212
0.213
0.177
0.207
0.205
0.250
0.220
0.244
0.218
0.240
0.247
0.223
0.217
0.233
0.235
0.247
0.218
0.216
0.242
0.247
0.241
0.173
0.215
0.250
0.243
0.244
0.225
0.228
0.232
0.214
0.234
0.179
0.217
0.195
0.246
0.247
0.224
0.213
0.215
0.245
0.245
0.223
0.214
0.225
0.201
0.224
0.217
0.215
0.227
0.251
0.249
0.225
0.223
0.227
0.231
0.215
0.224
0.236
0.214
0.217
0.215
0.207
0.225
0.221
0.195
0.237
0.204
0.216
0.220
0.244
0.244
0.224
0.219
0.212
0.247
0.247
0.224
0.210
0.203
0.215
0.225
0.224
0.220
0.249
0.212
0.219
0.222
0.255
0.240
0.210
0.248
0.222
0.213
0.216
0.219
0.172
0.223
0.214
0.244
0.206
0.207
0.215
0.251
0.246
0.244
0.247
0.217
0.225
0.242
0.243
0.248
0.214
0.242
0.244
0.240
0.238
0.211
0.227
0.213
0.226
0.227
0.223
0.215
0.209
0.233
0.217
0.169
0.223
0.232
0.221
0.215
0.227
0.222
0.238
0.242
0.243
0.213
0.220
0.218
0.227
0.224
0.224
0.225
0.250
0.202
0.236
0.205
0.226
0.215
0.215
0.226
0.206
0.227
0.242
0.244
0.248
0.211
0.202
0.245
0.235
0.242
0.215
0.247
0.253
0.243
0.241
0.224
0.208
0.205
0.235
0.229
0.215
0.214
0.214
0.213
0.215
0.198
0.207
0.243
0.245
0.249
0.222
0.227
0.216
0.203
0.214
0.225
0.212
0.171
0.217
0.218
0.212
0.177
0.243
0.250
0.246
0.220
0.214
0.218
0.242
0.210
0.216
0.206
0.251
0.254
0.249
0.223
0.207
0.252
0.207
0.214
0.226
0.182
0.212
0.217
0.214
0.221
0.221
0.217
0.197
0.248
0.213
0.260
0.208
0.239
0.249
0.182
0.206
0.219
0.227
0.205
0.222
0.213
0.246
0.254
0.244
0.207
0.222
0.224
0.233
0.220
0.223
0.216
0.225
0.228
0.254
0.201
0.213
0.214
0.218
0.193
0.221
0.214
0.220
0.216
0.245
0.171
0.183
0.226
0.208
0.216
0.213
0.223
0.228
0.217
0.220
0.217
0.217
0.240
0.237
0.243
0.215
0.222
0.229
0.234
0.223
0.211
0.221
0.236
0.244
0.200
0.175
0.215
0.237
0.222
0.213
0.213
0.248
0.243
0.213
0.200
0.199
0.205
0.210
0.256
0.253
0.215
0.231
0.223
0.238
0.241
0.223
0.222
0.216
0.251
0.252
0.222
0.228
0.218
0.224
0.208
0.237
0.176
0.236
0.214
0.241
0.218
0.248
0.242
0.238
0.201
0.223
0.216
0.233
0.249
0.200
0.204
0.219
0.203
0.244
0.246
0.223
0.207
0.250
0.236
0.245
0.201
0.209
0.206
0.214
0.222
0.225
0.209
0.195
0.243
0.246
0.224
0.180
0.209
0.241
0.247
0.210
0.214
0.201
0.213
0.222
0.223
0.222
0.244
0.209
0.241
0.235
0.223
0.212
0.208
0.230
0.214
0.226
0.213
0.227
0.179
0.207
0.216
0.218
0.175
0.207
0.181
0.214
0.216
0.249
0.245
0.226
0.214
0.169
0.228
0.228
0.207
0.253
0.242
0.225
0.220
0.207
0.253
0.243
0.211
0.224
0.223
0.214
0.217
0.216
0.218
0.222
0.205
0.244
0.204
0.194
0.209
0.212
0.223
0.210
0.247
0.225
0.223
0.213
0.243
0.256
0.211
0.206
0.214
0.224
0.230
0.220
0.243
0.244
0.210
0.226
0.219
0.191
0.207
0.250
0.223
0.223
0.236
0.259
0.264
0.229
0.168
0.244
0.233
0.235
0.252
0.213
0.216
0.216
0.228
0.202
0.222
0.226
0.215
0.206
0.234
0.207
0.224
0.242
0.243
0.243
0.219
0.221
0.205
0.224
0.250
0.172
0.200
0.230
0.217
0.220
0.217
0.175
0.231
0.231
0.223
0.215
0.241
0.234
0.242
0.247
0.217
0.226
0.223
0.231
0.225
0.223
0.229
0.180
0.210
0.216
0.226
0.216
0.238
0.248
0.243
0.227
0.212
0.243
0.248
0.234
0.206
0.211
0.191
0.241
0.243
0.222
0.217
0.243
0.249
0.251
0.179
0.211
0.214
0.214
0.211
0.223
0.235
0.201
0.213
0.215
0.223
0.179
0.203
0.203
0.214
0.171
0.214
0.216
0.216
0.215
0.212
0.214
0.177
0.199
0.242
0.222
0.222
0.213
0.245
0.243
0.222
0.226
0.227
0.258
0.242
0.208
0.236
0.213
0.244
0.246
0.205
0.236
0.213
0.245
0.223
0.181
0.227
0.221
0.217
0.222
0.222
0.227
0.218
0.213
0.176
0.223
0.208
0.248
0.178
0.248
0.221
0.258
0.252
0.251
0.256
0.226
0.224
0.246
0.244
0.242
0.219
0.251
0.244
0.243
0.244
0.213
0.216
0.248
0.245
0.209
0.249
0.234
0.208
0.232
0.211
0.171
0.249
0.250
0.253
0.204
0.204
0.212
0.206
0.215
0.222
0.222
0.224
0.218
0.233
0.221
0.221
0.224
0.204
0.244
0.248
0.221
0.216
0.229
0.232
0.258
0.220
0.216
0.247
0.243
0.240
0.211
0.197
0.241
0.213
0.249
0.218
0.243
0.241
0.243
0.251
0.207
0.212
0.225
0.217
0.227
0.221
0.175
0.214
0.242
0.248
0.220
0.207
0.249
0.252
0.249
0.222
0.232
0.251
0.252
0.242
0.222
0.208
0.169
0.219
0.244
0.222
0.211
0.203
0.246
0.243
0.204
0.222
0.222
0.202
0.214
0.222
0.222
0.252
0.216
0.217
0.220
0.216
0.236
0.224
0.245
0.211
0.170
0.232
0.226
0.242
0.222
0.219
0.214
0.194
0.222
0.181
0.240
0.172
0.250
0.246
0.222
0.204
0.212
0.214
0.215
0.222
0.259
0.197
0.235
0.216
0.212
0.223
0.227
0.228
0.218
0.224
0.221
0.241
0.185
0.215
0.206
0.213
0.214
0.209
0.168
0.224
0.223
0.222
0.215
0.223
0.211
0.170
0.250
0.249
0.228
0.225
0.224
0.234
0.212
0.205
0.212
0.243
0.240
0.245
0.251
0.214
0.216
0.261
0.227
0.233
0.223
0.250
0.180
0.210
0.202
0.176
0.223
0.223
0.222
0.216
0.214
0.236
0.247
0.221
0.241
0.223
0.225
0.248
0.245
0.247
0.222
0.223
0.244
0.245
0.248
0.176
0.205
0.213
0.229
0.250
0.225
0.248
0.250
0.223
0.249
0.213
0.201
0.239
0.247
0.243
0.226
0.244
0.248
0.243
0.242
0.204
0.212
0.248
0.236
0.236
0.216
0.219
0.247
0.245
0.249
0.222
0.215
0.218
0.246
0.235
0.209
0.216
0.223
0.222
0.244
0.222
0.222
0.194
0.240
0.261
0.180
0.206
0.256
0.249
0.243
0.222
0.210
0.213
0.236
0.224
0.230
0.221
0.211
0.207
0.216
0.225
0.213
0.217
0.226
0.225
0.220
0.226
0.237
0.215
0.224
0.222
0.223
0.209
0.173
0.221
0.223
0.215
0.217
0.244
0.237
0.170
0.221
0.221
0.216
0.213
0.214
0.223
0.228
0.217
0.219
0.197
0.208
0.201
0.226
0.237
0.221
0.216
0.228
0.217
0.221
0.221
0.221
0.241
0.206
0.198
0.225
0.219
0.243
0.219
0.247
0.215
0.220
0.254
0.240
0.215
0.222
0.218
0.223
0.234
0.223
0.244
0.216
0.222
0.221
0.194
0.206
0.246
0.251
0.245
0.211
0.213
0.220
0.205
0.215
0.213
0.168
0.240
0.241
0.248
0.211
0.223
0.228
0.223
0.251
0.245
0.221
0.229
0.201
0.210
0.246
0.224
0.221
0.226
0.253
0.249
0.223
0.225
0.241
0.213
0.213
0.206
0.229
0.213
0.232
0.220
0.212
0.173
0.223
0.223
0.246
0.209
0.245
0.244
0.249
0.244
0.219
0.260
0.220
0.220
0.221
0.221
0.211
0.216
0.237
0.235
0.223
0.219
0.241
0.248
0.246
0.172
0.208
0.194
0.250
0.248
0.218
0.171
0.196
0.244
0.244
0.216
0.214
0.241
0.237
0.244
0.210
0.211
0.219
0.222
0.231
0.223
0.246
0.246
0.223
0.246
0.205
0.206
0.213
0.221
0.232
0.213
0.237
0.229
0.217
0.223
0.224
0.214
0.211
0.206
0.245
0.221
0.221
0.218
0.246
0.248
0.216
0.224
0.177
0.206
0.212
0.222
0.224
0.212
0.225
0.201
0.209
0.222
0.234
0.221
0.223
0.208
0.222
0.222
0.221
0.214
0.242
0.205
0.234
0.208
0.174
0.207
0.210
0.226
0.214
0.251
0.220
0.221
0.219
0.227
0.222
0.219
0.193
0.207
0.229
0.235
0.221
0.243
0.243
0.247
0.243
0.214
0.211
0.208
0.243
0.213
0.257
0.222
0.224
0.226
0.216
0.172
0.253
0.247
0.235
0.208
0.204
0.224
0.221
0.221
0.241
0.224
0.224
0.218
0.258
0.213
0.176
0.205
0.218
0.248
0.245
0.242
0.217
0.225
0.258
0.223
0.208
0.190
0.207
0.237
0.244
0.483
0.195
0.250
0.244
0.247
0.486
0.244
0.209
0.241
0.234
