0.207
0.203
0.198
0.207
0.206
0.203
0.190
0.200
0.196
0.169
0.168
0.155
0.199
0.197
0.124
0.169
0.222
0.197
0.200
0.170
0.169
0.200
0.202
0.197
0.171
0.159
0.123
0.163
0.182
0.167
0.175
0.164
0.169
0.170
0.167
0.173
0.174
0.163
0.164
0.167
0.167
0.173
0.169
0.143
0.172
0.171
0.163
0.177
0.192
0.160
0.172
0.127
0.201
0.196
0.170
0.167
0.170
0.136
0.166
0.140
0.162
0.163
0.172
0.165
0.167
0.163
0.168
0.174
0.156
0.172
0.170
0.160
0.163
0.171
0.168
0.168
0.167
0.168
0.203
0.168
0.169
0.172
0.160
0.189
0.173
0.177
0.119
0.186
0.123
0.169
0.166
0.170
0.162
0.149
0.166
0.167
0.183
0.184
0.166
0.168
0.200
0.202
0.203
0.166
0.171
0.159
0.159
0.184
0.128
0.173
0.168
0.197
0.201
0.164
0.174
0.173
0.160
0.160
0.174
0.123
0.173
0.164
0.166
0.190
0.172
0.167
0.215
0.156
0.166
0.172
0.171
0.200
0.168
0.182
0.172
0.167
0.171
0.166
0.167
0.159
0.165
0.168
0.185
0.207
0.162
0.197
0.344
0.197
0.206
0.174
0.123
0.157
0.181
0.179
0.180
0.166
0.166
0.168
0.167
0.167
0.164
0.163
0.198
0.201
0.168
0.173
0.394
0.174
0.174
0.169
0.167
0.184
0.192
0.194
0.166
0.175
0.169
0.195
0.196
0.173
0.124
0.303
0.158
0.165
0.160
0.169
0.171
0.200
0.202
0.168
0.169
0.170
0.199
0.199
0.172
0.131
0.167
0.200
0.199
0.173
0.166
0.343
0.214
0.196
0.172
0.158
0.347
0.199
0.199
0.170
0.175
0.167
0.151
0.197
0.170
0.167
0.171
0.184
0.189
0.165
0.171
0.172
0.197
0.196
0.167
0.175
0.172
0.168
0.179
0.161
0.161
0.170
0.125
0.176
0.170
0.165
0.170
0.167
0.201
0.169
0.144
0.162
0.166
0.119
0.167
0.168
0.211
0.175
0.124
0.168
0.164
0.211
0.164
0.164
0.167
0.196
0.196
0.196
0.164
0.170
0.170
0.206
0.168
0.159
0.163
0.197
0.192
0.191
0.165
0.172
0.160
0.182
0.165
0.165
0.120
0.162
0.177
0.166
0.168
0.167
0.178
0.173
0.143
0.123
0.168
0.158
0.197
0.200
0.203
0.168
0.172
0.165
0.164
0.174
0.175
0.196
0.160
0.190
0.192
0.171
0.201
0.201
0.201
0.197
0.168
0.136
0.171
0.164
0.130
0.164
0.168
0.166
0.166
0.165
0.161
0.172
0.195
0.203
0.201
0.151
0.166
0.162
0.173
0.176
0.172
0.168
0.172
0.168
0.168
0.161
0.145
0.156
0.190
0.205
0.174
0.163
0.125
0.167
0.165
0.171
0.169
0.165
0.160
0.161
0.174
0.187
0.168
0.167
0.176
0.168
0.167
0.166
0.181
0.133
0.171
0.160
0.168
0.193
0.197
0.173
0.206
0.175
0.196
0.170
0.164
0.160
0.162
0.129
0.172
0.179
0.172
0.169
0.169
0.176
0.172
0.169
0.136
0.162
0.167
0.167
0.171
0.164
0.161
0.170
0.170
0.172
0.165
0.159
0.205
0.171
0.172
0.158
0.169
0.195
0.168
0.174
0.175
0.169
0.120
0.168
0.196
0.200
0.200
0.199
0.170
0.181
0.171
0.124
0.176
0.174
0.165
0.163
0.168
0.165
0.172
0.170
0.170
0.164
0.168
0.171
0.162
0.135
0.156
0.172
0.172
0.206
0.199
0.202
0.196
0.123
0.168
0.165
0.141
0.161
0.160
0.168
0.166
0.168
0.183
0.168
0.171
0.198
0.197
0.157
0.160
0.161
0.166
0.186
0.182
0.127
0.200
0.195
0.202
0.201
0.173
0.195
0.190
0.196
0.199
0.157
0.122
0.174
0.164
0.164
0.180
0.172
0.181
0.184
0.201
0.157
0.164
0.169
0.148
0.180
0.173
0.167
0.148
0.134
0.193
0.165
0.195
0.164
0.197
0.200
0.167
0.170
0.206
0.200
0.189
0.138
0.160
0.119
0.168
0.158
0.174
0.171
0.178
0.166
0.173
0.177
0.134
0.162
0.161
0.164
0.169
0.171
0.167
0.166
0.177
0.166
0.166
0.170
0.164
0.161
0.168
0.174
0.178
0.197
0.199
0.167
0.174
0.165
0.126
0.162
0.168
0.169
0.138
0.166
0.170
0.168
0.178
0.165
0.169
0.159
0.136
0.160
0.201
0.170
0.207
0.168
0.170
0.173
0.182
0.194
0.167
0.172
0.163
0.169
0.198
0.171
0.172
0.166
0.167
0.120
0.177
0.171
0.172
0.159
0.163
0.167
0.166
0.169
0.174
0.181
0.170
0.197
0.197
0.198
0.156
0.162
0.167
0.166
0.165
0.168
0.173
0.202
0.208
0.197
0.167
0.146
0.168
0.163
0.175
0.181
0.121
0.169
0.171
0.165
0.167
0.164
0.166
0.158
0.165
0.170
0.170
0.169
0.169
0.175
0.165
0.173
0.166
0.165
0.160
0.160
0.167
0.172
0.166
0.167
0.171
0.167
0.196
0.196
0.198
0.188
0.164
0.121
0.172
0.190
0.193
0.172
0.168
0.158
0.157
0.168
0.176
0.163
0.160
0.170
0.178
0.172
0.172
0.165
0.170
0.176
0.174
0.162
0.163
0.189
0.200
0.161
0.168
0.202
0.202
0.193
0.165
0.169
0.122
0.158
0.162
0.169
0.164
0.164
0.166
0.172
0.169
0.173
0.167
0.173
0.189
0.158
0.164
0.164
0.167
0.162
0.167
0.166
0.129
0.193
0.201
0.175
0.166
0.163
0.205
0.196
0.165
0.167
0.166
0.124
0.170
0.168
0.173
0.129
0.159
0.173
0.173
0.171
0.170
0.163
0.176
0.167
0.175
0.167
0.145
0.165
0.161
0.165
0.183
0.165
0.183
0.168
0.164
0.170
0.172
0.162
0.159
0.160
0.167
0.185
0.122
0.169
0.172
0.172
0.165
0.171
0.174
0.140
0.157
0.168
0.154
0.175
0.168
0.177
0.181
0.164
0.167
0.166
0.142
0.160
0.181
0.181
0.175
0.169
0.165
0.160
0.161
0.171
0.195
0.184
0.189
0.120
0.172
0.171
0.183
0.183
0.173
0.168
0.165
0.172
0.181
0.166
0.163
0.167
0.171
0.186
0.170
0.168
0.174
0.164
0.165
0.168
0.185
0.190
0.200
0.206
0.171
0.200
0.196
0.196
0.204
0.169
0.120
0.169
0.160
0.162
0.176
0.164
0.164
0.157
0.180
0.177
0.174
0.196
0.168
0.188
0.163
0.168
0.172
0.171
0.172
0.175
0.169
0.170
0.174
0.185
0.133
0.159
0.166
0.197
0.199
0.165
0.169
0.121
0.172
0.170
0.169
0.169
0.159
0.159
0.166
0.174
0.167
0.126
0.168
0.168
0.168
0.167
0.160
0.165
0.162
0.170
0.168
0.165
0.218
0.204
0.169
0.169
0.167
0.186
0.195
0.164
0.170
0.167
0.121
0.182
0.169
0.167
0.170
0.191
0.197
0.163
0.164
0.165
0.168
0.199
0.174
0.159
0.164
0.174
0.168
0.168
0.168
0.159
0.176
0.197
0.166
0.168
0.168
0.168
0.196
0.174
0.173
0.165
0.163
0.121
0.177
0.171
0.178
0.175
0.216
0.168
0.169
0.166
0.170
0.129
0.161
0.163
0.173
0.172
0.163
0.166
0.169
0.169
0.166
0.175
0.174
0.180
0.162
0.166
0.168
0.170
0.196
0.202
0.188
0.199
0.122
0.173
0.157
0.160
0.165
0.167
0.169
0.166
0.190
0.168
0.168
0.165
0.173
0.132
0.182
0.172
0.168
0.182
0.184
0.172
0.170
0.196
0.195
0.196
0.162
0.162
0.197
0.200
0.200
0.198
0.168
0.128
0.167
0.165
0.165
0.167
0.161
0.188
0.151
0.197
0.167
0.168
0.174
0.197
0.197
0.169
0.172
0.129
0.160
0.165
0.166
0.170
0.186
0.197
0.198
0.126
0.165
0.203
0.191
0.190
0.161
0.168
0.119
0.158
0.162
0.172
0.169
0.165
0.172
0.168
0.160
0.160
0.176
0.165
0.178
0.176
0.170
0.171
0.167
0.165
0.173
0.135
0.129
0.177
0.167
0.167
0.175
0.172
0.200
0.195
0.172
0.168
0.136
0.120
0.161
0.168
0.173
0.171
0.168
0.165
0.168
0.163
0.173
0.172
0.158
0.169
0.168
0.122
0.174
0.186
0.161
0.177
0.167
0.166
0.200
0.164
0.167
0.167
0.167
0.202
0.170
0.168
0.170
0.168
0.119
0.170
0.140
0.162
0.157
0.173
0.172
0.197
0.202
0.189
0.198
0.175
0.169
0.165
0.164
0.175
0.178
0.165
0.174
0.166
0.173
0.170
0.167
0.169
0.164
0.160
0.162
0.196
0.172
0.197
0.201
0.122
0.173
0.175
0.179
0.164
0.129
0.163
0.170
0.186
0.183
0.172
0.177
0.168
0.170
0.173
0.167
0.168
0.166
0.169
0.170
0.161
0.162
0.168
0.158
0.177
0.171
0.208
0.176
0.191
0.188
0.168
0.128
0.171
0.167
0.207
0.169
0.167
0.168
0.165
0.128
0.165
0.176
0.194
0.203
0.199
0.168
0.167
0.167
0.165
0.177
0.157
0.163
0.194
0.202
0.200
0.176
0.167
0.206
0.202
0.205
0.169
0.162
0.122
0.165
0.193
0.161
0.183
0.192
0.170
0.177
0.174
0.167
0.170
0.166
0.157
0.169
0.190
0.168
0.168
0.170
0.168
0.169
0.167
0.197
0.191
0.166
0.172
0.175
0.197
0.196
0.168
0.173
0.169
0.133
0.165
0.169
0.165
0.161
0.169
0.174
0.174
0.166
0.173
0.168
0.170
0.167
0.164
0.157
0.163
0.169
0.168
0.165
0.165
0.169
0.159
0.169
0.171
0.168
0.164
0.188
0.168
0.184
0.179
0.162
0.116
0.171
0.165
0.177
0.166
0.165
0.160
0.161
0.159
0.162
0.186
0.169
0.197
0.191
0.203
0.169
0.170
0.164
0.170
0.169
0.169
0.169
0.196
0.198
0.196
0.165
0.166
0.174
0.137
0.163
0.165
0.124
0.155
0.176
0.185
0.179
0.168
0.166
0.165
0.173
0.161
0.159
0.168
0.173
0.176
0.126
0.171
0.169
0.165
0.165
0.166
0.167
0.189
0.198
0.197
0.196
0.168
0.199
0.201
0.198
0.198
0.173
0.122
0.159
0.168
0.167
0.174
0.173
0.186
0.187
0.179
0.169
0.171
0.189
0.196
0.202
0.173
0.169
0.167
0.173
0.166
0.166
0.169
0.171
0.175
0.157
0.162
0.170
0.169
0.196
0.199
0.175
0.162
0.121
0.167
0.168
0.166
0.159
0.167
0.169
0.161
0.177
0.169
0.168
0.173
0.177
0.167
0.132
0.156
0.162
0.166
0.129
0.172
0.168
0.197
0.198
0.172
0.170
0.127
0.194
0.197
0.167
0.172
0.190
0.121
0.167
0.168
0.173
0.166
0.178
0.178
0.160
0.170
0.165
0.164
0.176
0.168
0.198
0.202
0.169
0.215
0.158
0.168
0.168
0.169
0.202
0.167
0.162
0.166
0.168
0.204
0.170
0.173
0.163
0.160
0.121
0.172
0.169
0.182
0.185
0.124
0.123
0.169
0.165
0.160
0.167
0.170
0.168
0.184
0.183
0.183
0.169
0.172
0.186
0.183
0.128
0.171
0.170
0.171
0.181
0.174
0.172
0.203
0.191
0.200
0.202
0.122
0.159
0.160
0.174
0.165
0.168
0.167
0.165
0.174
0.188
0.172
0.169
0.160
0.160
0.172
0.172
0.172
0.165
0.166
0.168
0.164
0.209
0.201
0.195
0.198
0.168
0.198
0.198
0.200
0.200
0.170
0.123
0.172
0.178
0.134
0.122
0.168
0.156
0.201
0.206
0.170
0.175
0.165
0.168
0.166
0.175
0.163
0.162
0.167
0.181
0.167
0.180
0.177
0.197
0.198
0.176
0.168
0.198
0.192
0.203
0.168
0.184
0.118
0.180
0.174
0.171
0.174
0.167
0.158
0.159
0.165
0.168
0.177
0.173
0.182
0.171
0.170
0.172
0.165
0.171
0.159
0.160
0.169
0.170
0.165
0.173
0.173
0.174
0.198
0.196
0.175
0.158
0.159
0.130
0.164
0.168
0.174
0.164
0.176
0.180
0.173
0.164
0.132
0.157
0.169
0.179
0.164
0.190
0.167
0.139
0.167
0.162
0.167
0.148
0.186
0.167
0.167
0.167
0.170
0.199
0.166
0.170
0.165
0.169
0.152
0.161
0.172
0.203
0.172
0.172
0.172
0.159
0.182
0.123
0.166
0.175
0.133
0.158
0.165
0.172
0.169
0.171
0.167
0.165
0.172
0.180
0.168
0.146
0.162
0.175
0.172
0.200
0.166
0.167
0.202
0.122
0.170
0.165
0.161
0.164
0.173
0.166
0.168
0.182
0.122
0.182
0.169
0.173
0.184
0.191
0.162
0.170
0.187
0.171
0.174
0.166
0.176
0.167
0.166
0.164
0.172
0.189
0.191
0.201
0.197
0.174
0.124
0.165
0.180
0.172
0.168
0.169
0.167
0.159
0.160
0.174
0.171
0.169
0.197
0.195
0.176
0.174
0.168
0.165
0.159
0.125
0.167
0.199
0.197
0.197
0.169
0.168
0.198
0.201
0.201
0.136
0.157
0.122
0.174
0.162
0.174
0.175
0.167
0.166
0.175
0.170
0.167
0.164
0.164
0.193
0.168
0.190
0.167
0.171
0.165
0.170
0.171
0.148
0.186
0.192
0.171
0.164
0.167
0.198
0.194
0.171
0.205
0.165
0.125
0.150
0.167
0.168
0.125
0.162
0.165
0.174
0.172
0.166
0.163
0.170
0.175
0.158
0.157
0.166
0.171
0.169
0.172
0.171
0.169
0.173
0.160
0.167
0.169
0.176
0.196
0.168
0.169
0.170
0.170
0.121
0.161
0.167
0.165
0.155
0.158
0.173
0.168
0.165
0.155
0.168
0.175
0.176
0.165
0.167
0.133
0.160
0.158
0.169
0.164
0.168
0.170
0.185
0.168
0.183
0.169
0.143
0.192
0.195
0.198
0.182
0.126
0.168
0.165
0.176
0.175
0.169
0.168
0.177
0.160
0.166
0.168
0.169
0.165
0.171
0.169
0.172
0.170
0.176
0.136
0.163
0.173
0.197
0.194
0.203
0.196
0.172
0.198
0.204
0.197
0.162
0.160
0.124
0.160
0.167
0.173
0.173
0.171
0.165
0.166
0.169
0.168
0.167
0.193
0.203
0.168
0.169
0.170
0.199
0.187
0.164
0.173
0.164
0.139
0.168
0.124
0.173
0.172
0.196
0.201
0.201
0.169
0.178
0.118
0.168
0.161
0.167
0.172
0.170
0.170
0.170
0.168
0.171
0.163
0.159
0.136
0.163
0.161
0.169
0.170
0.176
0.171
0.187
0.169
0.201
0.203
0.161
0.131
0.158
0.170
0.171
0.203
0.187
0.169
0.120
0.168
0.176
0.165
0.150
0.132
0.157
0.171
0.170
0.165
0.166
0.173
0.168
0.195
0.198
0.131
0.193
0.160
0.169
0.165
0.169
0.167
0.167
0.164
0.167
0.168
0.197
0.160
0.158
0.168
0.164
0.121
0.169
0.172
0.166
0.175
0.189
0.159
0.151
0.164
0.171
0.168
0.174
0.166
0.170
0.191
0.173
0.168
0.157
0.170
0.159
0.157
0.178
0.168
0.165
0.183
0.174
0.169
0.168
0.165
0.171
0.155
0.125
0.170
0.174
0.198
0.181
0.168
0.169
0.165
0.157
0.202
0.133
0.163
0.162
0.167
0.166
0.167
0.172
0.165
0.168
0.171
0.171
0.162
0.193
0.191
0.208
0.170
0.203
0.201
0.201
0.192
0.162
0.126
0.166
0.164
0.161
0.173
0.180
0.194
0.196
0.204
0.167
0.179
0.183
0.158
0.131
0.160
0.169
0.168
0.192
0.168
0.173
0.169
0.171
0.195
0.160
0.169
0.160
0.196
0.198
0.199
0.180
0.171
0.120
0.170
0.173
0.166
0.175
0.163
0.166
0.166
0.164
0.172
0.171
0.171
0.165
0.169
0.169
0.168
0.170
0.161
0.173
0.173
0.164
0.173
0.183
0.178
0.169
0.172
0.168
0.159
0.162
0.159
0.175
0.124
0.184
0.174
0.169
0.165
0.173
0.169
0.171
0.158
0.166
0.171
0.165
0.174
0.166
0.158
0.169
0.167
0.168
0.175
0.122
0.164
0.164
0.167
0.173
0.185
0.167
0.165
0.169
0.175
0.166
0.140
0.119
0.162
0.167
0.159
0.172
0.165
0.169
0.156
0.170
0.173
0.160
0.164
0.196
0.197
0.197
0.161
0.202
0.157
0.161
0.173
0.168
0.163
0.189
0.190
0.197
0.168
0.171
0.188
0.183
0.212
0.207
0.124
0.138
0.186
0.195
0.198
0.170
0.163
0.170
0.164
0.183
0.170
0.183
0.174
0.166
0.159
0.159
0.170
0.169
0.169
0.164
0.173
