0.217
0.204
0.206
0.204
0.211
0.172
0.162
0.131
0.162
0.163
0.169
0.206
0.161
0.172
0.208
0.203
0.202
0.339
0.171
0.158
0.207
0.201
0.279
0.176
0.174
0.175
0.171
0.446
0.175
0.167
0.165
0.189
0.426
0.178
0.174
0.207
0.173
0.196
0.177
0.174
0.148
0.167
0.372
0.174
0.172
0.180
0.173
0.391
0.173
0.172
0.159
0.169
0.114
0.176
0.181
0.183
0.169
0.319
0.173
0.173
0.179
0.169
0.303
0.172
0.166
0.176
0.173
0.275
0.177
0.177
0.172
0.175
0.259
0.180
0.141
0.160
0.172
0.189
0.175
0.171
0.177
0.157
0.129
0.172
0.174
0.137
0.197
0.130
0.172
0.180
0.161
0.175
0.123
0.173
0.130
0.172
0.176
0.101
0.173
0.177
0.171
0.174
0.100
0.165
0.178
0.174
0.176
0.164
0.140
0.168
0.191
0.179
0.153
0.178
0.166
0.176
0.173
0.101
0.179
0.175
0.167
0.180
0.198
0.173
0.173
0.182
0.174
0.192
0.177
0.197
0.185
0.197
0.195
0.176
0.175
0.175
0.175
0.098
0.183
0.172
0.147
0.176
0.166
0.125
0.203
0.200
0.168
0.194
0.172
0.175
0.174
0.173
0.138
0.135
0.165
0.175
0.178
0.203
0.177
0.182
0.169
0.169
0.173
0.165
0.165
0.169
0.171
0.179
0.177
0.181
0.177
0.171
0.181
0.175
0.162
0.205
0.194
0.197
0.172
0.176
0.177
0.171
0.162
0.173
0.180
0.176
0.196
0.127
0.166
0.176
0.211
0.175
0.193
0.173
0.175
0.171
0.173
0.193
0.138
0.177
0.199
0.203
0.199
0.170
0.175
0.126
0.200
0.202
0.179
0.175
0.133
0.164
0.179
0.181
0.171
0.172
0.170
0.170
0.178
0.173
0.171
0.168
0.166
0.173
0.175
0.172
0.179
0.164
0.181
0.174
0.168
0.177
0.162
0.172
0.167
0.169
0.157
0.176
0.173
0.173
0.171
0.167
0.172
0.177
0.165
0.173
0.174
0.162
0.172
0.178
0.168
0.175
0.168
0.131
0.179
0.134
0.162
0.171
0.173
0.172
0.173
0.169
0.170
0.180
0.175
0.174
0.164
0.122
0.165
0.175
0.170
0.169
0.170
0.175
0.171
0.163
0.162
0.169
0.169
0.169
0.186
0.177
0.171
0.178
0.175
0.170
0.171
0.177
0.171
0.191
0.165
0.211
0.215
0.173
0.176
0.176
0.172
0.175
0.127
0.206
0.197
0.196
0.174
0.171
0.177
0.174
0.175
0.170
0.177
0.174
0.168
0.178
0.166
0.164
0.166
0.172
0.174
0.175
0.174
0.134
0.173
0.167
0.178
0.162
0.168
0.178
0.185
0.167
0.176
0.157
0.207
0.193
0.168
0.174
0.138
0.166
0.192
0.161
0.173
0.134
0.127
0.176
0.173
0.171
0.175
0.169
0.164
0.172
0.174
0.174
0.202
0.201
0.170
0.183
0.173
0.181
0.186
0.172
0.164
0.174
0.156
0.213
0.169
0.176
0.173
0.171
0.201
0.214
0.136
0.166
0.175
0.171
0.177
0.172
0.180
0.169
0.185
0.176
0.172
0.153
0.161
0.162
0.175
0.134
0.176
0.176
0.196
0.193
0.165
0.180
0.167
0.154
0.164
0.175
0.179
0.176
0.131
0.175
0.180
0.172
0.172
0.204
0.163
0.164
0.171
0.189
0.171
0.176
0.172
0.173
0.176
0.176
0.175
0.141
0.162
0.167
0.168
0.174
0.174
0.173
0.174
0.174
0.124
0.172
0.171
0.166
0.168
0.171
0.172
0.173
0.173
0.178
0.162
0.172
0.176
0.127
0.169
0.170
0.176
0.172
0.169
0.169
0.169
0.178
0.176
0.172
0.175
0.157
0.169
0.170
0.164
0.186
0.168
0.127
0.204
0.201
0.204
0.164
0.179
0.165
0.184
0.168
0.167
0.177
0.172
0.169
0.171
0.173
0.175
0.175
0.201
0.167
0.169
0.177
0.178
0.168
0.174
0.174
0.186
0.208
0.202
0.194
0.170
0.175
0.155
0.202
0.203
0.169
0.176
0.174
0.169
0.126
0.149
0.166
0.166
0.193
0.188
0.174
0.171
0.172
0.197
0.201
0.192
0.182
0.166
0.169
0.205
0.161
0.128
0.168
0.178
0.169
0.173
0.171
0.172
0.159
0.201
0.202
0.168
0.174
0.174
0.178
0.171
0.181
0.177
0.174
0.146
0.167
0.164
0.171
0.168
0.181
0.173
0.174
0.172
0.177
0.173
0.174
0.166
0.166
0.168
0.174
0.178
0.178
0.172
0.180
0.155
0.173
0.174
0.132
0.168
0.173
0.174
0.177
0.171
0.170
0.172
0.171
0.173
0.171
0.138
0.163
0.168
0.178
0.176
0.176
0.174
0.169
0.172
0.175
0.172
0.320
0.159
0.174
0.181
0.173
0.264
0.124
0.177
0.165
0.186
0.371
0.168
0.170
0.169
0.194
0.408
0.170
0.179
0.172
0.169
0.368
0.168
0.177
0.169
0.162
0.321
0.173
0.175
0.173
0.174
0.325
0.167
0.176
0.179
0.178
0.401
0.166
0.127
0.206
0.196
0.179
0.166
0.174
0.172
0.173
0.139
0.194
0.163
0.169
0.170
0.175
0.167
0.173
0.175
0.172
0.180
0.171
0.136
0.167
0.170
0.177
0.168
0.170
0.176
0.176
0.172
0.173
0.178
0.155
0.201
0.181
0.204
0.173
0.176
0.170
0.174
0.175
0.179
0.173
0.177
0.165
0.160
0.178
0.182
0.175
0.175
0.201
0.171
0.173
0.205
0.204
0.199
0.164
0.183
0.175
0.205
0.200
0.172
0.177
0.157
0.208
0.204
0.154
0.166
0.169
0.203
0.184
0.175
0.175
0.172
0.183
0.169
0.175
0.175
0.163
0.198
0.175
0.174
0.178
0.162
0.200
0.183
0.172
0.176
0.169
0.166
0.164
0.175
0.187
0.175
0.159
0.200
0.177
0.172
0.173
0.188
0.140
0.164
0.176
0.188
0.178
0.190
0.174
0.182
0.173
0.164
0.170
0.179
0.166
0.166
0.174
0.178
0.164
0.164
0.173
0.173
0.184
0.176
0.171
0.160
0.170
0.157
0.173
0.173
0.170
0.173
0.166
0.178
0.174
0.180
0.139
0.171
0.179
0.177
0.172
0.188
0.172
0.181
0.202
0.203
0.202
0.192
0.171
0.163
0.189
0.169
0.170
0.172
0.203
0.194
0.198
0.187
0.127
0.161
0.174
0.190
0.208
0.171
0.176
0.176
0.172
0.221
0.176
0.177
0.135
0.164
0.208
0.179
0.172
0.173
0.172
0.181
0.177
0.176
0.174
0.143
0.162
0.162
0.178
0.163
0.169
0.179
0.172
0.154
0.199
0.205
0.172
0.166
0.154
0.211
0.200
0.209
0.174
0.189
0.175
0.201
0.191
0.178
0.172
0.169
0.188
0.174
0.178
0.176
0.176
0.174
0.169
0.173
0.172
0.150
0.164
0.178
0.130
0.174
0.158
0.203
0.201
0.175
0.169
0.175
0.175
0.173
0.164
0.195
0.161
0.169
0.181
0.168
0.173
0.162
0.177
0.173
0.166
0.166
0.171
0.176
0.174
0.172
0.171
0.177
0.214
0.205
0.175
0.152
0.163
0.155
0.200
0.173
0.202
0.201
0.161
0.201
0.179
0.179
0.176
0.165
0.164
0.175
0.172
0.169
0.174
0.169
0.180
0.175
0.184
0.182
0.160
0.165
0.178
0.182
0.159
0.199
0.173
0.178
0.160
0.174
0.156
0.146
0.164
0.206
0.127
0.182
0.172
0.170
0.147
0.169
0.181
0.174
0.161
0.161
0.164
0.163
0.173
0.207
0.194
0.204
0.200
0.172
0.172
0.194
0.195
0.163
0.176
0.174
0.173
0.190
0.173
0.126
0.202
0.193
0.201
0.194
0.171
0.177
0.216
0.178
0.206
0.175
0.172
0.164
0.172
0.171
0.140
0.166
0.129
0.204
0.215
0.174
0.171
0.173
0.201
0.200
0.171
0.169
0.198
0.201
0.207
0.171
0.158
0.200
0.199
0.202
0.170
0.174
0.176
0.161
0.170
0.176
0.172
0.171
0.162
0.177
0.171
0.184
0.178
0.198
0.193
0.166
0.173
0.190
0.195
0.210
0.174
0.169
0.178
0.174
0.170
0.177
0.173
0.154
0.205
0.202
0.173
0.174
0.172
0.175
0.172
0.174
0.168
0.164
0.169
0.178
0.177
0.179
0.172
0.172
0.172
0.176
0.176
0.183
0.170
0.162
0.172
0.187
0.174
0.176
0.166
0.179
0.174
0.172
0.157
0.197
0.173
0.164
0.214
0.171
0.183
0.174
0.173
0.127
0.173
0.180
0.177
0.166
0.163
0.177
0.181
0.173
0.177
0.170
0.174
0.170
0.177
0.164
0.169
0.181
0.178
0.175
0.176
0.169
0.148
0.125
0.172
0.172
0.165
0.149
0.167
0.167
0.172
0.170
0.173
0.162
0.172
0.175
0.165
0.169
0.170
0.166
0.171
0.174
0.186
0.189
0.172
0.212
0.172
0.171
0.169
0.179
0.172
0.158
0.178
0.177
0.129
0.203
0.202
0.201
0.202
0.178
0.178
0.141
0.167
0.169
0.173
0.183
0.174
0.173
0.174
0.172
0.177
0.175
0.171
0.170
0.166
0.171
0.168
0.180
0.179
0.167
0.175
0.208
0.199
0.185
0.166
0.151
0.200
0.202
0.203
0.177
0.175
0.177
0.168
0.169
0.175
0.139
0.164
0.175
0.210
0.177
0.176
0.171
0.172
0.206
0.173
0.178
0.165
0.196
0.205
0.171
0.172
0.198
0.205
0.202
0.177
0.173
0.156
0.174
0.194
0.171
0.172
0.178
0.170
0.180
0.174
0.174
0.171
0.178
0.175
0.146
0.164
0.174
0.173
0.182
0.172
0.177
0.158
0.178
0.172
0.173
0.143
0.159
0.174
0.178
0.175
0.182
0.172
0.156
0.201
0.173
0.173
0.168
0.167
0.176
0.172
0.168
0.168
0.169
0.169
0.180
0.170
0.184
0.171
0.171
0.166
0.172
0.191
0.197
0.184
0.177
0.172
0.171
0.169
0.175
0.146
0.164
0.161
0.185
0.155
0.174
0.172
0.162
0.169
0.172
0.178
0.182
0.165
0.160
0.186
0.174
0.177
0.160
0.172
0.180
0.175
0.205
0.197
0.195
0.195
0.177
0.171
0.091
0.170
0.171
0.173
0.203
0.141
0.201
0.170
0.128
0.173
0.152
0.182
0.167
0.170
0.173
0.170
0.170
0.178
0.172
0.163
0.194
0.173
0.178
0.175
0.172
0.169
0.177
0.168
0.171
0.174
0.167
0.164
0.210
0.177
0.165
0.203
0.169
0.179
0.166
0.127
0.200
0.192
0.193
0.173
0.181
0.169
0.171
0.170
0.174
0.177
0.176
0.169
0.167
0.163
0.168
0.171
0.175
0.200
0.172
0.181
0.201
0.205
0.195
0.169
0.164
0.178
0.179
0.182
0.175
0.177
0.155
0.203
0.201
0.176
0.176
0.165
0.166
0.208
0.171
0.169
0.176
0.182
0.183
0.176
0.173
0.164
0.147
0.167
0.165
0.177
0.187
0.171
0.184
0.172
0.194
0.171
0.200
0.172
0.171
0.201
0.173
0.158
0.206
0.181
0.210
0.206
0.202
0.207
0.175
0.171
0.164
0.181
0.176
0.174
0.172
0.175
0.176
0.169
0.171
0.172
0.135
0.132
0.170
0.176
0.174
0.181
0.172
0.178
0.177
0.173
0.169
0.148
0.096
0.164
0.178
0.189
0.187
0.191
0.173
0.169
0.172
0.127
0.178
0.139
0.168
0.187
0.166
0.201
0.174
0.201
0.201
0.183
0.203
0.177
0.139
0.162
0.172
0.167
0.176
0.173
0.174
0.174
0.168
0.126
0.174
0.173
0.162
0.173
0.174
0.173
0.174
0.173
0.177
0.172
0.171
0.166
0.168
0.171
0.163
0.171
0.190
0.183
0.188
0.174
0.170
0.164
0.174
0.183
0.164
0.193
0.199
0.204
0.209
0.165
0.159
0.205
0.201
0.201
0.171
0.160
0.136
0.169
0.178
0.174
0.166
0.170
0.166
0.178
0.172
0.179
0.173
0.198
0.197
0.170
0.181
0.201
0.200
0.211
0.171
0.168
0.182
0.178
0.161
0.167
0.174
0.125
0.199
0.200
0.178
0.170
0.175
0.176
0.161
0.139
0.161
0.164
0.178
0.206
0.175
0.170
0.176
0.173
0.174
0.181
0.171
0.169
0.164
0.188
0.174
0.163
0.172
0.177
0.172
0.183
0.171
0.177
0.154
0.196
0.172
0.168
0.177
0.170
0.175
0.165
0.172
0.168
0.167
0.131
0.172
0.172
0.169
0.183
0.181
0.177
0.170
0.172
0.173
0.169
0.174
0.166
0.164
0.171
0.199
0.173
0.173
0.176
0.170
0.155
0.166
0.172
0.163
0.165
0.172
0.173
0.175
0.173
0.187
0.175
0.173
0.171
0.169
0.141
0.165
0.182
0.200
0.209
0.201
0.205
0.174
0.171
0.170
0.176
0.169
0.170
0.168
0.189
0.178
0.172
0.128
0.171
0.171
0.168
0.175
0.171
0.170
0.169
0.172
0.207
0.176
0.177
0.169
0.170
0.202
0.171
0.178
0.162
0.166
0.173
0.178
0.177
0.176
0.174
0.174
0.176
0.182
0.169
0.145
0.175
0.173
0.157
0.206
0.169
0.206
0.173
0.192
0.204
0.201
0.168
0.172
0.195
0.205
0.206
0.201
0.180
0.181
0.171
0.136
0.169
0.166
0.168
0.190
0.200
0.200
0.172
0.166
0.203
0.201
0.201
0.172
0.172
0.162
0.194
0.207
0.173
0.170
0.192
0.180
0.189
0.173
0.177
0.180
0.171
0.167
0.164
0.170
0.171
0.179
0.177
0.174
0.163
0.164
0.171
0.161
0.163
0.169
0.168
0.177
0.179
0.174
0.127
0.169
0.158
0.153
0.173
0.163
0.130
0.167
0.176
0.180
0.172
0.169
0.172
0.171
0.173
0.175
0.178
0.163
0.163
0.174
0.190
0.188
0.170
0.159
0.171
0.162
0.178
0.169
0.164
0.165
0.190
0.185
0.174
0.127
0.172
0.173
0.175
0.172
0.171
0.165
0.162
0.182
0.178
0.191
0.168
0.173
0.169
0.170
0.169
0.178
0.166
0.194
0.205
0.200
0.177
0.176
0.170
0.172
0.163
0.178
0.207
0.191
0.192
0.161
0.127
0.170
0.173
0.136
0.208
0.175
0.173
0.219
0.178
0.170
0.164
0.168
0.172
0.183
0.177
0.175
0.172
0.174
0.170
0.179
0.144
0.173
0.161
0.178
0.172
0.176
0.181
0.171
0.171
0.175
0.172
0.155
0.194
0.198
0.193
0.178
0.177
0.169
0.168
0.175
0.183
0.178
0.176
0.169
0.165
0.179
0.176
0.159
0.176
0.209
0.173
0.176
0.203
0.193
0.193
0.166
0.161
0.184
0.176
0.204
0.173
0.177
0.155
0.207
0.202
0.172
0.168
0.167
0.174
0.185
0.177
0.170
0.174
0.176
0.169
0.175
0.173
0.169
0.166
0.176
0.172
0.171
0.181
0.178
0.177
0.173
0.169
0.178
0.218
0.192
0.174
0.171
0.127
0.158
0.209
0.165
0.129
0.173
0.202
0.198
0.164
0.168
0.174
0.179
0.207
0.174
0.172
0.165
0.130
0.169
0.176
0.166
0.166
0.174
0.184
0.172
0.169
0.128
0.167
0.176
0.178
0.172
0.136
0.173
0.127
0.171
0.176
0.175
0.169
0.178
0.177
0.168
0.180
0.149
0.161
0.166
0.177
0.189
0.177
0.183
0.180
0.201
0.202
0.192
0.178
0.170
0.164
0.216
0.183
0.144
0.173
0.167
0.180
0.172
0.170
0.126
0.155
0.165
0.169
0.175
0.177
0.171
0.176
0.174
0.173
0.178
0.176
0.140
0.164
0.180
0.171
0.175
0.176
0.178
0.173
0.170
0.182
0.174
0.165
0.193
0.174
0.201
0.200
0.206
0.203
0.171
0.157
0.200
0.192
0.207
0.135
0.167
0.172
0.174
0.207
0.177
0.166
0.165
0.168
0.176
0.176
0.152
0.162
0.176
0.168
0.172
0.165
0.179
0.174
0.180
0.176
0.126
0.174
0.163
0.170
0.172
0.175
0.156
0.200
0.203
0.173
0.176
0.171
0.181
0.163
0.171
0.171
0.176
0.169
0.189
0.172
0.175
0.173
0.176
0.174
0.139
0.167
0.176
0.182
0.208
0.181
0.171
0.167
0.181
0.182
0.173
0.144
0.172
0.156
0.203
0.177
0.171
0.179
0.171
0.175
0.174
0.171
0.171
0.165
0.162
0.170
0.157
0.167
0.167
0.173
0.177
0.177
0.177
0.172
0.140
0.167
0.169
0.171
0.180
0.168
0.171
0.179
0.174
0.181
0.157
0.147
0.167
0.165
0.177
0.176
0.179
0.171
0.170
0.168
0.173
0.171
0.177
0.162
0.160
0.172
0.174
0.178
0.202
0.209
0.184
0.203
0.184
0.176
0.163
0.160
0.180
0.177
