0.291
0.203
0.171
0.170
0.178
0.168
0.172
0.162
0.179
0.172
0.174
0.172
0.176
0.177
0.171
0.171
0.164
0.171
0.165
0.176
0.180
0.173
0.180
0.165
0.178
0.153
0.181
0.179
0.178
0.172
0.177
0.128
0.178
0.176
0.168
0.172
0.174
0.173
0.177
0.176
0.173
0.168
0.174
0.172
0.179
0.184
0.173
0.172
0.175
0.176
0.170
0.178
0.179
0.182
0.174
0.176
0.182
0.169
0.168
0.164
0.178
0.169
0.173
0.131
0.175
0.177
0.171
0.140
0.170
0.176
0.179
0.164
0.174
0.172
0.179
0.170
0.175
0.138
0.172
0.171
0.179
0.172
0.181
0.172
0.166
0.173
0.166
0.178
0.172
0.178
0.177
0.174
0.173
0.164
0.178
0.175
0.169
0.175
0.175
0.171
0.173
0.174
0.132
0.173
0.165
0.172
0.173
0.173
0.176
0.164
0.166
0.163
0.174
0.175
0.178
0.174
0.175
0.168
0.134
0.172
0.171
0.173
0.177
0.178
0.178
0.178
0.178
0.166
0.180
0.141
0.179
0.150
0.175
0.182
0.173
0.172
0.166
0.182
0.178
0.171
0.174
0.129
0.133
0.182
0.175
0.165
0.161
0.172
0.174
0.173
0.174
0.175
0.181
0.174
0.172
0.178
0.175
0.173
0.173
0.175
0.173
0.171
0.173
0.170
0.182
0.174
0.178
0.172
0.173
0.175
0.170
0.173
0.170
0.171
0.172
0.174
0.167
0.172
0.164
0.168
0.179
0.137
0.183
0.177
0.174
0.171
0.173
0.177
0.172
0.175
0.138
0.177
0.174
0.173
0.177
0.176
0.173
0.167
0.169
0.164
0.182
0.174
0.173
0.165
0.174
0.175
0.168
0.173
0.174
0.176
0.173
0.173
0.175
0.173
0.173
0.168
0.181
0.182
0.173
0.167
0.178
0.162
0.169
0.171
0.166
0.173
0.178
0.173
0.174
0.172
0.170
0.172
0.174
0.165
0.166
0.177
0.175
0.174
0.175
0.172
0.169
0.131
0.139
0.170
0.175
0.176
0.179
0.179
0.173
0.176
0.184
0.129
0.171
0.173
0.174
0.171
0.175
0.171
0.165
0.176
0.178
0.177
0.176
0.172
0.178
0.168
0.177
0.165
0.176
0.177
0.174
0.172
0.174
0.180
0.170
0.182
0.165
0.176
0.172
0.171
0.174
0.178
0.170
0.164
0.174
0.135
0.178
0.178
0.166
0.171
0.174
0.181
0.171
0.174
0.140
0.177
0.177
0.171
0.177
0.175
0.174
0.163
0.175
0.163
0.174
0.178
0.185
0.171
0.173
0.175
0.173
0.173
0.176
0.177
0.175
0.171
0.175
0.164
0.182
0.167
0.173
0.180
0.176
0.186
0.180
0.177
0.167
0.177
0.161
0.176
0.181
0.181
0.178
0.173
0.179
0.132
0.127
0.167
0.132
0.173
0.174
0.170
0.132
0.177
0.168
0.170
0.137
0.172
0.174
0.174
0.184
0.171
0.178
0.163
0.170
0.151
0.173
0.172
0.173
0.177
0.173
0.130
0.166
0.172
0.172
0.130
0.180
0.177
0.182
0.163
0.175
0.165
0.172
0.163
0.175
0.171
0.177
0.165
0.172
0.176
0.176
0.171
0.175
0.173
0.179
0.171
0.182
0.131
0.170
0.169
0.174
0.175
0.176
0.141
0.180
0.172
0.166
0.178
0.166
0.175
0.168
0.172
0.175
0.174
0.355
0.167
0.174
0.153
0.173
0.176
0.176
0.173
0.174
0.174
0.165
0.176
0.174
0.174
0.173
0.171
0.174
0.172
0.179
0.168
0.178
0.173
0.177
0.169
0.173
0.166
0.177
0.174
0.173
0.171
0.176
0.130
0.175
0.172
0.172
0.165
0.163
0.164
0.175
0.172
0.173
0.173
0.179
0.165
0.167
0.176
0.141
0.176
0.173
0.181
0.181
0.173
0.178
0.163
0.133
0.137
0.174
0.179
0.178
0.170
0.174
0.173
0.166
0.128
0.172
0.174
0.170
0.176
0.177
0.174
0.183
0.164
0.174
0.137
0.180
0.179
0.177
0.172
0.165
0.176
0.169
0.174
0.173
0.131
0.174
0.170
0.178
0.173
0.176
0.165
0.187
0.188
0.174
0.204
0.172
0.172
0.172
0.170
0.140
0.187
0.174
0.177
0.172
0.185
0.175
0.169
0.174
0.159
0.164
0.175
0.171
0.178
0.182
0.177
0.177
0.175
0.174
0.174
0.175
0.175
0.177
0.166
0.177
0.170
0.172
0.176
0.176
0.173
0.177
0.179
0.165
0.133
0.167
0.173
0.169
0.183
0.173
0.177
0.172
0.166
0.172
0.155
0.171
0.179
0.170
0.174
0.171
0.189
0.170
0.173
0.173
0.205
0.171
0.178
0.170
0.132
0.177
0.173
0.178
0.157
0.172
0.175
0.172
0.172
0.171
0.183
0.165
0.175
0.174
0.177
0.177
0.174
0.172
0.166
0.179
0.167
0.177
0.180
0.175
0.174
0.172
0.176
0.167
0.178
0.169
0.174
0.171
0.173
0.171
0.176
0.176
0.173
0.175
0.165
0.172
0.179
0.171
0.176
0.175
0.174
0.172
0.180
0.138
0.179
0.172
0.176
0.181
0.175
0.174
0.168
0.177
0.376
0.175
0.175
0.172
0.174
0.181
0.179
0.168
0.171
0.177
0.175
0.181
0.179
0.184
0.167
0.173
0.171
0.175
0.391
0.209
0.175
0.175
0.167
0.167
0.179
0.166
0.172
0.173
0.176
0.165
0.175
0.172
0.178
0.182
0.137
0.167
0.176
0.175
0.176
0.170
0.177
0.158
0.172
0.142
0.177
0.173
0.164
0.180
0.392
0.182
0.168
0.173
0.144
0.177
0.171
0.184
0.178
0.178
0.176
0.171
0.179
0.176
0.176
0.178
0.176
0.182
0.169
0.171
0.175
0.175
0.178
0.170
0.177
0.175
0.173
0.165
0.167
0.172
0.180
0.174
0.175
0.169
0.173
0.173
0.167
0.178
0.168
0.171
0.173
0.173
0.182
0.178
0.175
0.168
0.180
0.152
0.174
0.178
0.178
0.176
0.176
0.178
0.174
0.179
0.150
0.171
0.174
0.173
0.175
0.178
0.173
0.167
0.179
0.176
0.172
0.174
0.212
0.177
0.171
0.184
0.167
0.169
0.175
0.178
0.176
0.180
0.174
0.170
0.176
0.164
0.174
0.174
0.177
0.173
0.176
0.177
0.170
0.172
0.169
0.181
0.177
0.172
0.174
0.171
0.176
0.165
0.184
0.135
0.179
0.178
0.176
0.173
0.176
0.172
0.168
0.173
0.172
0.172
0.173
0.178
0.178
0.169
0.179
0.163
0.173
0.181
0.173
0.176
0.178
0.176
0.164
0.178
0.167
0.175
0.171
0.173
0.184
0.177
0.178
0.165
0.175
0.169
0.177
0.173
0.175
0.179
0.177
0.171
0.169
0.173
0.169
0.176
0.173
0.172
0.178
0.172
0.180
0.169
0.175
0.135
0.178
0.172
0.178
0.172
0.178
0.177
0.169
0.173
0.156
0.176
0.174
0.172
0.174
0.172
0.172
0.163
0.172
0.171
0.400
0.174
0.172
0.182
0.171
0.174
0.169
0.171
0.171
0.169
0.176
0.179
0.179
0.165
0.170
0.164
0.170
0.172
0.174
0.177
0.174
0.175
0.171
0.177
0.164
0.171
0.174
0.177
0.174
0.179
0.181
0.170
0.180
0.143
0.181
0.173
0.177
0.176
0.177
0.172
0.166
0.178
0.149
0.184
0.175
0.177
0.177
0.173
0.170
0.164
0.172
0.171
0.172
0.173
0.175
0.172
0.175
0.172
0.172
0.171
0.182
0.177
0.175
0.172
0.172
0.166
0.174
0.134
0.179
0.171
0.182
0.181
0.177
0.173
0.171
0.173
0.166
0.174
0.176
0.175
0.174
0.172
0.169
0.168
0.180
0.155
0.177
0.168
0.179
0.175
0.173
0.173
0.164
0.180
0.157
0.176
0.181
0.176
0.167
0.175
0.174
0.165
0.176
0.177
0.179
0.176
0.174
0.176
0.157
0.173
0.173
0.172
0.173
0.172
0.181
0.182
0.177
0.131
0.162
0.165
0.180
0.175
0.175
0.171
0.175
0.173
0.170
0.170
0.166
0.176
0.178
0.178
0.179
0.172
0.184
0.163
0.173
0.145
0.180
0.180
0.175
0.175
0.178
0.171
0.166
0.172
0.142
0.179
0.173
0.172
0.165
0.172
0.174
0.167
0.173
0.147
0.174
0.172
0.175
0.179
0.169
0.171
0.156
0.172
0.157
0.175
0.117
0.169
0.157
0.162
0.174
0.155
0.186
0.180
0.177
0.156
0.175
0.178
0.171
0.173
0.166
0.171
0.180
0.176
0.181
0.176
0.178
0.169
0.174
0.141
0.176
0.177
0.177
0.173
0.177
0.174
0.164
0.175
0.162
0.173
0.177
0.175
0.176
0.173
0.174
0.170
0.178
0.186
0.173
0.172
0.177
0.147
0.165
0.179
0.172
0.179
0.159
0.178
0.173
0.173
0.177
0.165
0.180
0.131
0.174
0.172
0.180
0.177
0.179
0.171
0.168
0.176
0.173
0.176
0.176
0.174
0.180
0.171
0.179
0.165
0.165
0.141
0.174
0.177
0.184
0.179
0.173
0.171
0.167
0.174
0.144
0.178
0.175
0.174
0.178
0.171
0.168
0.166
0.191
0.171
0.182
0.171
0.177
0.175
0.194
0.165
0.170
0.172
0.178
0.172
0.176
0.171
0.182
0.168
0.173
0.168
0.176
0.179
0.179
0.177
0.175
0.176
0.182
0.172
0.140
0.172
0.177
0.177
0.176
0.173
0.179
0.164
0.179
0.137
0.173
0.174
0.189
0.173
0.174
0.169
0.166
0.172
0.146
0.176
0.174
0.173
0.172
0.171
0.177
0.164
0.166
0.164
0.179
0.174
0.177
0.177
0.168
0.171
0.165
0.177
0.173
0.172
0.173
0.171
0.174
0.164
0.179
0.168
0.176
0.132
0.176
0.172
0.179
0.175
0.169
0.172
0.130
0.175
0.175
0.178
0.178
0.173
0.175
0.180
0.176
0.145
0.177
0.167
0.189
0.179
0.165
0.168
0.166
0.132
0.141
0.173
0.174
0.173
0.397
0.180
0.174
0.161
0.178
0.171
0.180
0.172
0.180
0.161
0.174
0.173
0.167
0.164
0.381
0.180
0.174
0.176
0.176
0.164
0.174
0.169
0.174
0.171
0.185
0.168
0.129
0.184
0.170
0.175
0.171
0.178
0.416
0.142
0.174
0.127
0.173
0.164
0.178
0.138
0.173
0.174
0.172
0.175
0.179
0.164
0.169
0.171
0.171
0.172
0.173
0.175
0.177
0.171
0.167
0.164
0.176
0.172
0.180
0.174
0.166
0.171
0.173
0.172
0.170
0.172
0.183
0.168
0.180
0.178
0.176
0.165
0.173
0.164
0.179
0.173
0.172
0.178
0.184
0.203
0.172
0.172
0.167
0.178
0.178
0.176
0.177
0.135
0.175
0.169
0.176
0.166
0.175
0.173
0.174
0.173
0.182
0.177
0.166
0.171
0.142
0.173
0.176
0.176
0.167
0.178
0.172
0.174
0.170
0.173
0.170
0.166
0.172
0.172
0.179
0.178
0.169
0.175
0.173
0.174
0.173
0.175
0.169
0.166
0.172
0.172
0.178
0.179
0.173
0.170
0.176
0.178
0.165
0.172
0.139
0.177
0.175
0.167
0.175
0.174
0.169
0.174
0.173
0.146
0.175
0.177
0.174
0.174
0.172
0.174
0.182
0.175
0.138
0.174
0.174
0.174
0.164
0.173
0.175
0.166
0.173
0.173
0.171
0.177
0.185
0.133
0.176
0.176
0.182
0.179
0.175
0.175
0.164
0.173
0.172
0.169
0.172
0.168
0.172
0.174
0.173
0.177
0.172
0.176
0.170
0.173
0.170
0.179
0.134
0.183
0.165
0.174
0.174
0.171
0.176
0.177
0.207
0.170
0.176
0.173
0.177
0.179
0.171
0.177
0.135
0.174
0.175
0.173
0.174
0.178
0.175
0.171
0.178
0.166
0.176
0.171
0.174
0.164
0.175
0.172
0.169
0.172
0.181
0.171
0.180
0.183
0.176
0.165
0.174
0.168
0.181
0.166
0.179
0.174
0.174
0.188
0.169
0.172
0.165
0.174
0.173
0.171
0.174
0.172
0.174
0.167
0.178
0.163
0.177
0.176
0.175
0.179
0.179
0.170
0.166
0.172
0.136
0.180
0.173
0.175
0.174
0.177
0.178
0.164
0.181
0.131
0.175
0.172
0.174
0.175
0.175
0.171
0.170
0.173
0.178
0.171
0.177
0.173
0.173
0.176
0.183
0.164
0.180
0.172
0.171
0.177
0.173
0.177
0.174
0.177
0.167
0.173
0.164
0.182
0.171
0.175
0.176
0.165
0.174
0.130
0.177
0.172
0.166
0.174
0.177
0.176
0.165
0.172
0.141
0.174
0.175
0.173
0.173
0.172
0.180
0.168
0.172
0.171
0.174
0.172
0.168
0.175
0.175
0.170
0.165
0.178
0.172
0.172
0.181
0.173
0.176
0.175
0.172
0.170
0.172
0.175
0.172
0.172
0.177
0.175
0.165
0.177
0.169
0.177
0.166
0.174
0.173
0.174
0.173
0.167
0.168
0.139
0.173
0.175
0.173
0.170
0.184
0.166
0.167
0.172
0.153
0.168
0.173
0.173
0.181
0.172
0.178
0.167
0.180
0.170
0.180
0.177
0.176
0.176
0.174
0.171
0.169
0.171
0.176
0.171
0.173
0.173
0.177
0.176
0.181
0.168
0.177
0.172
0.173
0.176
0.168
0.174
0.171
0.174
0.165
0.174
0.166
0.171
0.174
0.172
0.172
0.170
0.175
0.169
0.177
0.180
0.164
0.178
0.174
0.175
0.168
0.169
0.153
0.150
0.182
0.173
0.394
0.172
0.172
0.169
0.174
0.164
0.172
0.175
0.175
0.176
0.177
0.172
0.177
0.172
0.177
0.172
0.180
0.171
0.390
0.164
0.395
0.138
0.176
0.173
0.133
0.163
0.179
0.172
0.168
0.171
0.173
0.395
0.385
0.175
0.182
0.182
0.174
0.168
0.167
0.162
0.173
0.173
0.181
0.130
0.175
0.172
0.170
0.160
0.139
0.173
0.173
0.171
0.175
0.174
0.175
0.164
0.133
0.150
0.172
0.173
0.177
0.178
0.177
0.350
0.166
0.168
0.177
0.184
0.178
0.177
0.174
0.167
0.184
0.167
0.165
0.176
0.180
0.174
0.178
0.171
0.165
0.177
0.171
0.173
0.140
0.171
0.177
0.171
0.174
0.168
0.177
0.141
0.168
0.170
0.401
0.171
0.177
0.179
0.166
0.163
0.144
0.164
0.172
0.174
0.177
0.178
0.172
0.169
0.175
0.152
0.168
0.186
0.174
0.172
0.192
0.181
0.165
0.178
0.175
0.172
0.180
0.133
0.173
0.218
0.177
0.169
0.166
0.171
0.175
0.172
0.174
0.174
0.168
0.175
0.168
0.180
0.166
0.172
0.179
0.171
0.178
0.165
0.174
0.129
0.182
0.172
0.179
0.171
0.174
0.172
0.171
0.172
0.138
0.177
0.176
0.178
0.181
0.177
0.175
0.178
0.174
0.147
0.174
0.173
0.178
0.175
0.177
0.172
0.170
0.171
0.175
0.459
0.172
0.436
0.180
0.173
0.448
0.483
0.479
0.418
0.416
0.419
0.389
0.359
0.329
0.308
0.106
0.101
0.229
0.189
0.160
0.136
0.111
0.101
0.105
0.101
0.105
0.103
0.104
0.105
0.107
0.103
0.137
0.138
0.171
0.169
0.165
0.163
0.171
0.168
0.166
0.165
0.167
0.134
0.167
0.168
0.170
0.172
0.178
0.164
0.166
0.173
0.173
0.172
0.173
0.164
0.175
0.168
0.176
0.175
0.185
0.176
0.177
0.174
0.173
0.172
0.174
0.177
0.169
0.174
0.179
0.173
0.174
0.173
0.173
0.179
0.179
0.171
0.178
0.174
0.175
0.178
0.176
0.172
0.170
0.173
0.138
0.172
0.176
0.173
0.179
0.176
0.179
0.165
0.182
0.138
0.173
0.172
0.175
0.172
0.181
0.164
0.166
0.168
0.174
0.177
0.175
0.171
0.174
0.173
0.177
0.168
0.173
0.173
0.180
0.182
0.175
0.171
0.171
0.176
0.168
0.173
0.174
0.171
0.174
0.173
0.174
0.166
0.177
0.163
0.175
0.175
0.173
0.176
0.177
0.173
0.165
0.181
0.166
0.177
0.178
0.172
0.178
0.177
0.175
0.165
0.166
0.139
0.182
0.173
0.171
0.178
0.174
0.164
0.168
0.177
0.144
0.174
0.176
0.163
0.178
0.175
0.179
0.169
0.133
0.178
0.190
0.172
0.178
0.175
0.172
0.176
0.171
0.176
0.204
0.179
0.179
0.179
0.173
0.169
0.181
0.166
0.165
0.180
0.174
0.177
0.174
0.174
0.164
0.171
0.128
0.174
0.173
0.173
0.173
0.175
0.179
0.165
0.176
0.139
0.178
0.178
0.177
0.172
0.172
0.174
0.169
0.174
0.152
0.172
0.173
0.171
0.176
0.177
0.174
0.165
0.173
0.173
0.181
0.173
0.174
0.175
0.166
