0.211
0.195
0.202
0.207
0.132
0.165
0.176
0.165
0.166
0.175
0.131
0.165
0.178
0.173
0.173
0.178
0.178
0.170
0.177
0.200
0.170
0.169
0.162
0.176
0.177
0.161
0.181
0.172
0.172
0.165
0.179
0.178
0.179
0.177
0.172
0.177
0.180
0.169
0.162
0.177
0.170
0.172
0.166
0.164
0.171
0.167
0.177
0.138
0.181
0.177
0.173
0.176
0.165
0.176
0.179
0.175
0.176
0.179
0.173
0.173
0.174
0.166
0.178
0.176
0.169
0.172
0.130
0.169
0.175
0.183
0.165
0.172
0.174
0.170
0.178
0.177
0.177
0.176
0.164
0.108
0.177
0.179
0.180
0.171
0.174
0.170
0.165
0.164
0.168
0.180
0.174
0.169
0.178
0.167
0.173
0.174
0.174
0.161
0.186
0.172
0.181
0.171
0.166
0.170
0.183
0.174
0.167
0.173
0.176
0.172
0.179
0.171
0.173
0.177
0.174
0.167
0.181
0.183
0.171
0.172
0.172
0.169
0.173
0.177
0.172
0.176
0.174
0.180
0.130
0.166
0.172
0.173
0.173
0.139
0.174
0.177
0.176
0.177
0.171
0.200
0.177
0.175
0.141
0.172
0.178
0.174
0.165
0.208
0.180
0.167
0.184
0.188
0.177
0.185
0.179
0.177
0.167
0.171
0.164
0.171
0.163
0.172
0.175
0.177
0.172
0.166
0.171
0.172
0.177
0.192
0.171
0.192
0.173
0.170
0.167
0.176
0.180
0.173
0.175
0.177
0.175
0.173
0.176
0.166
0.172
0.181
0.175
0.164
0.179
0.191
0.129
0.178
0.167
0.170
0.173
0.176
0.172
0.171
0.133
0.178
0.179
0.168
0.175
0.174
0.177
0.177
0.165
0.173
0.176
0.172
0.172
0.171
0.175
0.179
0.173
0.181
0.179
0.169
0.169
0.166
0.173
0.194
0.173
0.177
0.165
0.187
0.172
0.181
0.172
0.171
0.177
0.174
0.161
0.165
0.182
0.177
0.131
0.142
0.176
0.192
0.178
0.177
0.130
0.181
0.172
0.169
0.141
0.176
0.183
0.177
0.173
0.165
0.130
0.174
0.172
0.146
0.172
0.173
0.175
0.131
0.172
0.174
0.176
0.183
0.131
0.177
0.176
0.170
0.178
0.168
0.180
0.171
0.179
0.134
0.166
0.175
0.174
0.173
0.168
0.171
0.177
0.172
0.180
0.172
0.172
0.179
0.178
0.170
0.184
0.172
0.186
0.175
0.170
0.192
0.171
0.166
0.168
0.171
0.169
0.174
0.175
0.168
0.172
0.179
0.169
0.169
0.134
0.177
0.176
0.179
0.163
0.171
0.177
0.170
0.167
0.178
0.170
0.172
0.178
0.164
0.179
0.174
0.172
0.169
0.175
0.169
0.177
0.176
0.131
0.172
0.174
0.177
0.164
0.175
0.166
0.168
0.181
0.169
0.185
0.171
0.174
0.137
0.173
0.190
0.185
0.173
0.167
0.173
0.181
0.169
0.140
0.173
0.177
0.172
0.180
0.168
0.172
0.175
0.173
0.154
0.174
0.173
0.173
0.176
0.165
0.171
0.165
0.174
0.150
0.180
0.176
0.177
0.175
0.170
0.171
0.176
0.130
0.178
0.178
0.170
0.179
0.173
0.172
0.135
0.172
0.199
0.177
0.176
0.173
0.180
0.181
0.169
0.173
0.174
0.174
0.135
0.181
0.174
0.134
0.176
0.177
0.174
0.175
0.177
0.171
0.166
0.178
0.178
0.176
0.162
0.129
0.166
0.171
0.174
0.173
0.172
0.174
0.174
0.163
0.201
0.175
0.171
0.172
0.165
0.177
0.168
0.178
0.165
0.172
0.203
0.174
0.182
0.166
0.170
0.175
0.146
0.202
0.198
0.125
0.169
0.178
0.166
0.171
0.173
0.172
0.164
0.173
0.180
0.183
0.172
0.169
0.177
0.178
0.168
0.137
0.175
0.165
0.200
0.178
0.183
0.174
0.179
0.174
0.171
0.176
0.172
0.171
0.178
0.163
0.180
0.179
0.174
0.147
0.178
0.172
0.171
0.180
0.167
0.175
0.177
0.171
0.173
0.174
0.164
0.172
0.182
0.167
0.179
0.167
0.177
0.173
0.178
0.184
0.164
0.175
0.170
0.170
0.187
0.172
0.173
0.137
0.165
0.172
0.178
0.165
0.172
0.181
0.176
0.173
0.168
0.176
0.176
0.182
0.167
0.172
0.175
0.176
0.173
0.179
0.175
0.175
0.170
0.175
0.181
0.180
0.192
0.179
0.177
0.174
0.170
0.175
0.162
0.179
0.173
0.175
0.177
0.174
0.165
0.172
0.174
0.162
0.177
0.173
0.174
0.177
0.165
0.172
0.172
0.181
0.137
0.174
0.178
0.176
0.165
0.171
0.177
0.174
0.173
0.156
0.174
0.174
0.181
0.130
0.133
0.177
0.184
0.174
0.164
0.173
0.173
0.174
0.168
0.166
0.172
0.170
0.175
0.138
0.174
0.175
0.182
0.172
0.177
0.177
0.174
0.179
0.178
0.133
0.174
0.166
0.171
0.169
0.183
0.176
0.199
0.173
0.180
0.175
0.177
0.174
0.164
0.172
0.222
0.175
0.172
0.174
0.176
0.164
0.174
0.166
0.172
0.177
0.154
0.176
0.210
0.172
0.174
0.179
0.165
0.173
0.171
0.173
0.174
0.146
0.173
0.129
0.168
0.164
0.172
0.175
0.176
0.131
0.183
0.132
0.174
0.180
0.140
0.172
0.171
0.173
0.172
0.169
0.164
0.174
0.173
0.170
0.178
0.172
0.178
0.172
0.170
0.178
0.201
0.173
0.141
0.175
0.183
0.172
0.170
0.171
0.170
0.172
0.177
0.136
0.177
0.176
0.178
0.172
0.177
0.174
0.187
0.184
0.151
0.173
0.197
0.175
0.172
0.166
0.172
0.175
0.173
0.134
0.172
0.179
0.169
0.181
0.167
0.127
0.201
0.173
0.164
0.179
0.179
0.173
0.175
0.168
0.131
0.178
0.174
0.172
0.174
0.173
0.176
0.178
0.173
0.180
0.172
0.180
0.172
0.178
0.174
0.170
0.175
0.168
0.172
0.179
0.178
0.173
0.164
0.180
0.171
0.173
0.163
0.172
0.170
0.178
0.163
0.167
0.165
0.175
0.171
0.170
0.172
0.172
0.177
0.171
0.164
0.173
0.169
0.176
0.166
0.174
0.178
0.173
0.171
0.169
0.173
0.172
0.174
0.129
0.171
0.175
0.173
0.173
0.164
0.176
0.171
0.176
0.139
0.177
0.175
0.170
0.175
0.165
0.177
0.175
0.169
0.170
0.201
0.178
0.149
0.182
0.177
0.175
0.169
0.178
0.164
0.179
0.168
0.178
0.168
0.164
0.174
0.180
0.173
0.138
0.174
0.164
0.179
0.171
0.166
0.174
0.179
0.173
0.158
0.175
0.176
0.179
0.172
0.168
0.174
0.172
0.180
0.174
0.173
0.169
0.172
0.172
0.171
0.179
0.171
0.130
0.172
0.180
0.172
0.166
0.172
0.164
0.181
0.176
0.172
0.184
0.168
0.175
0.178
0.171
0.164
0.171
0.127
0.175
0.184
0.174
0.176
0.170
0.179
0.165
0.173
0.172
0.166
0.181
0.165
0.166
0.181
0.176
0.169
0.174
0.172
0.171
0.178
0.165
0.172
0.174
0.176
0.164
0.174
0.175
0.170
0.179
0.164
0.178
0.173
0.172
0.169
0.167
0.171
0.171
0.172
0.163
0.172
0.183
0.172
0.142
0.178
0.129
0.163
0.176
0.170
0.174
0.168
0.180
0.140
0.174
0.173
0.186
0.178
0.164
0.175
0.173
0.171
0.137
0.181
0.172
0.177
0.179
0.168
0.169
0.174
0.173
0.162
0.174
0.182
0.175
0.166
0.168
0.174
0.164
0.164
0.178
0.167
0.165
0.174
0.180
0.162
0.179
0.180
0.181
0.171
0.170
0.172
0.175
0.175
0.169
0.174
0.176
0.170
0.178
0.169
0.181
0.179
0.172
0.162
0.172
0.175
0.171
0.173
0.127
0.178
0.176
0.176
0.166
0.178
0.165
0.127
0.178
0.164
0.173
0.171
0.172
0.169
0.176
0.166
0.180
0.174
0.168
0.173
0.181
0.173
0.171
0.178
0.177
0.176
0.178
0.163
0.165
0.179
0.175
0.165
0.133
0.168
0.174
0.171
0.165
0.172
0.175
0.167
0.136
0.177
0.173
0.174
0.173
0.162
0.172
0.191
0.175
0.146
0.173
0.173
0.172
0.175
0.166
0.172
0.174
0.200
0.168
0.137
0.172
0.167
0.132
0.166
0.173
0.171
0.170
0.149
0.174
0.211
0.173
0.174
0.164
0.168
0.178
0.169
0.178
0.174
0.173
0.170
0.178
0.165
0.177
0.196
0.176
0.176
0.180
0.172
0.173
0.179
0.170
0.169
0.176
0.172
0.177
0.168
0.178
0.176
0.175
0.164
0.170
0.191
0.175
0.175
0.171
0.171
0.178
0.180
0.170
0.172
0.173
0.172
0.175
0.168
0.164
0.199
0.177
0.164
0.172
0.179
0.166
0.175
0.166
0.173
0.128
0.132
0.172
0.175
0.174
0.174
0.132
0.166
0.178
0.173
0.178
0.185
0.175
0.170
0.177
0.176
0.168
0.180
0.172
0.170
0.170
0.169
0.184
0.170
0.178
0.166
0.175
0.202
0.180
0.149
0.173
0.174
0.172
0.176
0.166
0.172
0.174
0.182
0.159
0.167
0.174
0.169
0.173
0.166
0.178
0.171
0.177
0.147
0.173
0.178
0.174
0.174
0.167
0.172
0.180
0.176
0.172
0.171
0.174
0.173
0.172
0.169
0.126
0.171
0.174
0.174
0.171
0.171
0.167
0.172
0.168
0.169
0.178
0.173
0.171
0.172
0.173
0.170
0.172
0.167
0.177
0.174
0.136
0.168
0.175
0.179
0.179
0.176
0.165
0.174
0.172
0.170
0.176
0.172
0.178
0.197
0.178
0.180
0.172
0.173
0.167
0.172
0.164
0.185
0.177
0.172
0.170
0.170
0.171
0.172
0.173
0.161
0.178
0.190
0.171
0.137
0.173
0.173
0.173
0.182
0.169
0.173
0.171
0.189
0.131
0.171
0.172
0.177
0.173
0.164
0.174
0.129
0.177
0.141
0.172
0.172
0.174
0.168
0.167
0.173
0.130
0.172
0.164
0.156
0.098
0.199
0.174
0.180
0.175
0.170
0.176
0.135
0.174
0.174
0.181
0.173
0.170
0.175
0.169
0.164
0.173
0.180
0.169
0.171
0.178
0.168
0.178
0.161
0.173
0.172
0.176
0.170
0.131
0.181
0.165
0.177
0.176
0.173
0.173
0.165
0.172
0.178
0.175
0.168
0.173
0.177
0.127
0.176
0.165
0.174
0.178
0.188
0.169
0.181
0.172
0.169
0.179
0.163
0.163
0.168
0.172
0.161
0.173
0.180
0.165
0.174
0.165
0.177
0.178
0.177
0.167
0.174
0.179
0.172
0.175
0.162
0.177
0.188
0.173
0.173
0.178
0.174
0.173
0.188
0.172
0.170
0.175
0.172
0.163
0.173
0.172
0.177
0.173
0.167
0.172
0.188
0.165
0.131
0.178
0.170
0.174
0.186
0.164
0.181
0.173
0.173
0.137
0.180
0.126
0.171
0.178
0.165
0.404
0.172
0.169
0.139
0.176
0.167
0.172
0.168
0.173
0.175
0.180
0.172
0.177
0.179
0.177
0.178
0.182
0.161
0.182
0.174
0.172
0.139
0.179
0.175
0.171
0.173
0.168
0.174
0.138
0.168
0.178
0.175
0.176
0.187
0.175
0.165
0.177
0.180
0.177
0.166
0.165
0.177
0.169
0.175
0.168
0.171
0.173
0.169
0.172
0.165
0.178
0.182
0.175
0.164
0.176
0.182
0.172
0.172
0.132
0.171
0.381
0.174
0.169
0.172
0.175
0.175
0.170
0.171
0.177
0.176
0.179
0.180
0.179
0.173
0.172
0.171
0.169
0.171
0.171
0.197
0.134
0.177
0.173
0.178
0.164
0.167
0.173
0.182
0.168
0.141
0.177
0.175
0.177
0.175
0.166
0.203
0.171
0.172
0.164
0.173
0.173
0.175
0.175
0.170
0.171
0.172
0.177
0.133
0.188
0.175
0.174
0.171
0.166
0.171
0.176
0.180
0.172
0.174
0.183
0.169
0.127
0.163
0.175
0.175
0.174
0.193
0.172
0.174
0.172
0.172
0.168
0.164
0.177
0.175
0.173
0.177
0.173
0.162
0.172
0.167
0.173
0.167
0.181
0.162
0.155
0.172
0.171
0.187
0.172
0.172
0.172
0.177
0.177
0.173
0.179
0.177
0.171
0.166
0.171
0.173
0.180
0.176
0.165
0.172
0.172
0.172
0.165
0.176
0.171
0.174
0.171
0.166
0.174
0.193
0.178
0.171
0.172
0.172
0.174
0.176
0.165
0.166
0.127
0.173
0.141
0.172
0.179
0.164
0.175
0.166
0.177
0.173
0.173
0.170
0.172
0.128
0.179
0.173
0.163
0.181
0.172
0.198
0.144
0.172
0.177
0.171
0.172
0.163
0.179
0.176
0.164
0.139
0.178
0.174
0.181
0.178
0.167
0.170
0.176
0.171
0.147
0.195
0.178
0.194
0.171
0.163
0.178
0.172
0.173
0.173
0.180
0.177
0.181
0.174
0.164
0.177
0.175
0.174
0.179
0.178
0.175
0.175
0.172
0.169
0.131
0.172
0.177
0.174
0.163
0.177
0.178
0.173
0.165
0.175
0.172
0.170
0.177
0.163
0.178
0.182
0.177
0.167
0.179
0.176
0.173
0.152
0.164
0.180
0.179
0.201
0.169
0.172
0.177
0.172
0.181
0.167
0.176
0.174
0.176
0.173
0.170
0.176
0.173
0.171
0.164
0.179
0.171
0.162
0.162
0.172
0.173
0.177
0.174
0.167
0.172
0.176
0.172
0.135
0.173
0.178
0.171
0.170
0.173
0.177
0.165
0.172
0.127
0.171
0.172
0.185
0.177
0.183
0.173
0.169
0.177
0.134
0.175
0.178
0.172
0.170
0.355
0.413
0.174
0.182
0.172
0.138
0.366
0.343
0.182
0.163
0.173
0.172
0.420
0.164
0.179
0.172
0.177
0.181
0.170
0.171
0.132
0.169
0.164
0.172
0.166
0.170
0.185
0.163
0.176
0.192
0.178
0.169
0.176
0.175
0.177
0.167
0.168
0.173
0.176
0.174
0.185
0.169
0.170
0.163
0.183
0.161
0.169
0.176
0.124
0.173
0.167
0.171
0.180
0.175
0.171
0.170
0.173
0.177
0.172
0.171
0.174
0.174
0.172
0.165
0.172
0.181
0.172
0.163
0.171
0.173
0.176
0.176
0.163
0.171
0.173
0.175
0.172
0.171
0.171
0.172
0.167
0.138
0.179
0.179
0.171
0.170
0.171
0.176
0.173
0.173
0.141
0.176
0.174
0.190
0.172
0.166
0.175
0.206
0.174
0.138
0.172
0.179
0.176
0.175
0.165
0.173
0.176
0.173
0.148
0.170
0.132
0.192
0.171
0.170
0.176
0.171
0.174
0.175
0.179
0.179
0.163
0.173
0.172
0.172
0.484
0.473
0.484
0.479
0.482
0.433
0.215
0.185
0.454
0.161
0.176
0.158
0.401
0.379
0.383
0.349
0.337
0.340
0.326
0.310
0.304
0.265
0.228
0.246
0.227
0.208
0.217
0.137
0.162
0.142
0.135
0.119
0.107
0.099
0.103
0.100
0.102
0.103
0.103
0.101
0.103
0.104
0.100
0.103
0.103
0.101
0.102
0.101
0.103
0.111
0.131
0.138
0.105
0.138
0.161
0.165
0.157
0.162
0.166
0.164
0.163
0.169
0.165
0.164
0.165
0.170
0.164
0.171
0.171
0.161
0.172
0.162
0.175
0.207
0.166
0.169
0.171
0.168
0.175
0.137
0.172
0.166
0.168
0.167
0.175
0.173
0.168
0.162
0.138
0.174
0.149
0.173
0.182
0.176
0.165
0.176
0.171
0.174
0.176
0.173
0.174
0.172
0.179
0.174
0.177
0.184
0.177
0.180
0.173
0.178
0.126
0.169
0.175
0.176
0.171
0.178
0.180
0.173
0.181
0.176
0.165
0.176
0.171
0.177
0.180
0.178
0.172
0.175
0.172
0.167
0.178
0.169
0.177
0.158
0.178
0.172
0.179
0.178
0.164
0.175
0.179
0.191
0.176
0.173
0.175
0.187
0.163
0.167
0.174
0.173
0.172
0.173
0.172
0.177
0.174
0.179
0.164
0.187
0.175
0.169
0.174
0.162
0.171
0.179
0.175
0.169
0.179
0.165
0.172
0.178
0.169
0.172
0.131
0.173
0.139
0.173
0.173
0.177
0.178
0.169
0.170
0.175
0.166
0.128
0.174
0.173
0.178
0.173
0.165
0.172
0.183
0.161
0.163
0.170
0.164
0.134
0.174
0.162
0.172
0.175
0.177
0.171
0.176
0.170
0.128
0.175
0.169
0.176
0.174
0.171
0.177
0.184
0.176
0.172
0.167
0.166
0.174
0.173
0.176
0.178
0.179
0.177
0.180
0.173
0.170
0.173
0.170
0.194
0.178
0.171
0.174
0.176
0.179
0.165
0.128
0.178
0.176
0.173
0.167
0.173
0.173
0.180
0.166
0.172
0.177
0.176
