0.232
0.184
0.200
0.137
0.155
0.164
0.170
0.160
0.164
0.158
0.159
0.158
0.160
0.158
0.166
0.193
0.163
0.157
0.163
0.147
0.165
0.159
0.166
0.154
0.161
0.159
0.159
0.161
0.156
0.157
0.154
0.156
0.155
0.162
0.161
0.156
0.161
0.150
0.167
0.159
0.122
0.167
0.166
0.163
0.155
0.163
0.130
0.158
0.161
0.150
0.166
0.163
0.163
0.151
0.137
0.130
0.165
0.162
0.162
0.158
0.161
0.168
0.153
0.157
0.161
0.157
0.159
0.158
0.167
0.157
0.162
0.157
0.164
0.168
0.164
0.159
0.164
0.163
0.154
0.158
0.155
0.159
0.162
0.158
0.164
0.160
0.154
0.159
0.164
0.150
0.163
0.158
0.163
0.163
0.165
0.161
0.154
0.160
0.154
0.151
0.170
0.174
0.162
0.171
0.162
0.162
0.166
0.123
0.163
0.171
0.168
0.160
0.161
0.167
0.164
0.162
0.166
0.167
0.163
0.162
0.163
0.163
0.171
0.150
0.167
0.164
0.166
0.187
0.161
0.167
0.162
0.158
0.153
0.167
0.170
0.168
0.166
0.168
0.168
0.153
0.161
0.134
0.172
0.151
0.156
0.158
0.166
0.156
0.155
0.157
0.153
0.165
0.167
0.170
0.170
0.163
0.166
0.151
0.166
0.120
0.163
0.159
0.168
0.167
0.163
0.162
0.122
0.167
0.157
0.157
0.161
0.157
0.163
0.162
0.159
0.148
0.165
0.162
0.169
0.166
0.165
0.159
0.154
0.158
0.154
0.158
0.162
0.166
0.163
0.158
0.162
0.151
0.162
0.151
0.166
0.163
0.164
0.160
0.167
0.158
0.156
0.157
0.133
0.150
0.163
0.159
0.170
0.164
0.164
0.151
0.164
0.126
0.163
0.166
0.160
0.161
0.169
0.162
0.151
0.149
0.147
0.148
0.157
0.162
0.160
0.160
0.161
0.153
0.160
0.160
0.165
0.168
0.160
0.165
0.161
0.162
0.151
0.160
0.160
0.160
0.160
0.162
0.162
0.163
0.165
0.151
0.163
0.170
0.159
0.165
0.167
0.161
0.159
0.169
0.154
0.166
0.160
0.158
0.163
0.161
0.169
0.157
0.160
0.153
0.152
0.162
0.159
0.160
0.159
0.160
0.157
0.172
0.124
0.152
0.160
0.160
0.160
0.167
0.152
0.155
0.160
0.160
0.165
0.160
0.162
0.166
0.164
0.160
0.152
0.164
0.161
0.151
0.160
0.165
0.159
0.152
0.162
0.153
0.162
0.161
0.160
0.163
0.161
0.160
0.157
0.153
0.151
0.165
0.168
0.164
0.173
0.161
0.166
0.156
0.151
0.125
0.166
0.159
0.164
0.159
0.161
0.162
0.164
0.152
0.160
0.164
0.165
0.166
0.161
0.160
0.161
0.152
0.161
0.144
0.166
0.160
0.154
0.165
0.162
0.161
0.152
0.159
0.163
0.164
0.166
0.158
0.167
0.152
0.171
0.149
0.163
0.155
0.164
0.151
0.168
0.158
0.160
0.149
0.159
0.159
0.165
0.163
0.163
0.161
0.154
0.151
0.167
0.151
0.161
0.158
0.167
0.160
0.163
0.160
0.163
0.163
0.125
0.157
0.167
0.117
0.162
0.158
0.162
0.151
0.166
0.135
0.166
0.159
0.162
0.157
0.167
0.160
0.161
0.162
0.154
0.117
0.162
0.159
0.161
0.156
0.162
0.156
0.168
0.158
0.153
0.156
0.160
0.112
0.154
0.163
0.160
0.151
0.165
0.159
0.163
0.160
0.167
0.152
0.169
0.123
0.164
0.159
0.163
0.158
0.161
0.168
0.155
0.166
0.142
0.162
0.158
0.163
0.162
0.162
0.158
0.154
0.162
0.130
0.164
0.165
0.162
0.165
0.155
0.164
0.160
0.164
0.120
0.164
0.170
0.160
0.157
0.151
0.162
0.156
0.168
0.151
0.165
0.158
0.167
0.167
0.160
0.162
0.154
0.176
0.165
0.165
0.161
0.165
0.161
0.131
0.168
0.142
0.161
0.160
0.164
0.169
0.160
0.165
0.152
0.156
0.130
0.159
0.164
0.160
0.166
0.159
0.164
0.152
0.167
0.164
0.164
0.161
0.160
0.166
0.166
0.165
0.156
0.160
0.160
0.161
0.163
0.161
0.152
0.156
0.164
0.161
0.164
0.165
0.160
0.159
0.160
0.159
0.154
0.162
0.154
0.158
0.170
0.161
0.162
0.165
0.163
0.151
0.167
0.150
0.168
0.164
0.164
0.159
0.166
0.162
0.154
0.149
0.131
0.166
0.160
0.162
0.162
0.164
0.167
0.154
0.169
0.150
0.165
0.158
0.163
0.160
0.163
0.151
0.157
0.163
0.155
0.158
0.166
0.158
0.162
0.155
0.163
0.152
0.161
0.166
0.161
0.161
0.149
0.165
0.157
0.161
0.153
0.160
0.169
0.170
0.160
0.167
0.164
0.161
0.160
0.153
0.159
0.166
0.153
0.161
0.165
0.160
0.153
0.160
0.133
0.153
0.165
0.160
0.160
0.163
0.165
0.157
0.173
0.154
0.118
0.167
0.199
0.165
0.164
0.162
0.158
0.119
0.164
0.158
0.120
0.166
0.161
0.165
0.165
0.151
0.156
0.161
0.159
0.163
0.151
0.160
0.152
0.160
0.152
0.160
0.157
0.163
0.160
0.162
0.163
0.152
0.165
0.152
0.160
0.160
0.163
0.117
0.165
0.162
0.085
0.160
0.123
0.161
0.161
0.160
0.164
0.160
0.161
0.153
0.156
0.146
0.165
0.163
0.161
0.162
0.162
0.166
0.152
0.162
0.159
0.165
0.196
0.166
0.164
0.155
0.161
0.154
0.160
0.160
0.160
0.165
0.164
0.161
0.163
0.160
0.156
0.161
0.167
0.160
0.165
0.168
0.157
0.151
0.162
0.153
0.166
0.159
0.162
0.158
0.163
0.164
0.157
0.161
0.150
0.159
0.167
0.159
0.168
0.165
0.161
0.152
0.162
0.121
0.163
0.164
0.164
0.170
0.170
0.159
0.167
0.165
0.136
0.167
0.172
0.157
0.162
0.160
0.166
0.152
0.160
0.163
0.160
0.163
0.165
0.161
0.153
0.159
0.158
0.157
0.160
0.392
0.326
0.398
0.281
0.160
0.164
0.152
0.161
0.162
0.161
0.159
0.163
0.160
0.165
0.165
0.137
0.161
0.168
0.166
0.163
0.160
0.163
0.156
0.150
0.127
0.161
0.162
0.161
0.165
0.163
0.162
0.166
0.164
0.135
0.159
0.165
0.164
0.161
0.164
0.167
0.151
0.159
0.159
0.161
0.160
0.165
0.158
0.152
0.164
0.154
0.161
0.126
0.162
0.163
0.161
0.162
0.150
0.166
0.154
0.161
0.165
0.171
0.162
0.166
0.166
0.153
0.164
0.128
0.160
0.160
0.162
0.160
0.160
0.165
0.153
0.166
0.139
0.162
0.160
0.161
0.166
0.160
0.163
0.155
0.161
0.166
0.159
0.160
0.161
0.120
0.166
0.162
0.171
0.159
0.169
0.121
0.160
0.166
0.167
0.152
0.159
0.153
0.163
0.157
0.158
0.161
0.161
0.167
0.152
0.160
0.159
0.160
0.161
0.155
0.164
0.163
0.162
0.153
0.166
0.152
0.166
0.164
0.162
0.166
0.158
0.161
0.154
0.165
0.152
0.163
0.162
0.152
0.163
0.160
0.164
0.150
0.166
0.118
0.160
0.171
0.161
0.165
0.160
0.166
0.153
0.165
0.158
0.158
0.163
0.165
0.161
0.154
0.161
0.152
0.165
0.162
0.166
0.167
0.165
0.161
0.157
0.165
0.163
0.162
0.160
0.166
0.160
0.161
0.159
0.152
0.160
0.157
0.169
0.167
0.161
0.153
0.165
0.157
0.149
0.161
0.144
0.160
0.166
0.161
0.161
0.164
0.160
0.160
0.163
0.144
0.163
0.160
0.162
0.160
0.164
0.162
0.158
0.162
0.166
0.162
0.169
0.165
0.160
0.165
0.161
0.154
0.160
0.162
0.162
0.158
0.160
0.152
0.154
0.161
0.157
0.161
0.160
0.167
0.160
0.167
0.201
0.154
0.184
0.156
0.161
0.152
0.160
0.160
0.160
0.143
0.152
0.162
0.156
0.168
0.161
0.165
0.160
0.161
0.169
0.153
0.149
0.132
0.164
0.163
0.155
0.166
0.166
0.161
0.158
0.165
0.135
0.159
0.157
0.160
0.164
0.161
0.167
0.155
0.160
0.160
0.163
0.165
0.165
0.167
0.152
0.161
0.158
0.163
0.166
0.161
0.152
0.170
0.162
0.152
0.160
0.153
0.160
0.163
0.160
0.160
0.160
0.165
0.156
0.158
0.153
0.120
0.158
0.170
0.160
0.163
0.159
0.162
0.151
0.128
0.159
0.162
0.160
0.160
0.167
0.167
0.151
0.162
0.156
0.162
0.159
0.162
0.159
0.164
0.164
0.157
0.160
0.169
0.159
0.162
0.158
0.169
0.152
0.166
0.159
0.164
0.158
0.163
0.164
0.162
0.160
0.160
0.158
0.162
0.164
0.170
0.167
0.167
0.158
0.163
0.155
0.163
0.124
0.158
0.162
0.154
0.156
0.181
0.181
0.169
0.175
0.126
0.158
0.164
0.162
0.167
0.159
0.158
0.159
0.168
0.139
0.163
0.163
0.169
0.157
0.167
0.160
0.158
0.158
0.162
0.117
0.162
0.158
0.168
0.164
0.160
0.155
0.162
0.157
0.158
0.159
0.166
0.159
0.168
0.168
0.155
0.162
0.168
0.162
0.162
0.162
0.168
0.154
0.162
0.129
0.167
0.158
0.162
0.167
0.168
0.162
0.158
0.159
0.127
0.163
0.162
0.164
0.162
0.163
0.168
0.194
0.162
0.138
0.161
0.163
0.168
0.162
0.167
0.159
0.156
0.163
0.162
0.163
0.165
0.162
0.163
0.164
0.163
0.155
0.163
0.164
0.155
0.160
0.167
0.159
0.155
0.157
0.158
0.166
0.165
0.158
0.166
0.164
0.168
0.155
0.166
0.156
0.162
0.163
0.162
0.159
0.119
0.159
0.160
0.164
0.135
0.159
0.162
0.160
0.161
0.164
0.165
0.151
0.152
0.129
0.156
0.158
0.163
0.161
0.166
0.149
0.155
0.156
0.162
0.171
0.134
0.157
0.161
0.154
0.159
0.152
0.165
0.156
0.159
0.155
0.158
0.161
0.163
0.166
0.152
0.155
0.159
0.149
0.152
0.151
0.153
0.113
0.113
0.113
0.140
0.159
0.122
0.163
0.166
0.159
0.155
0.162
0.126
0.167
0.163
0.165
0.121
0.161
0.163
0.151
0.168
0.132
0.173
0.159
0.162
0.160
0.163
0.155
0.154
0.165
0.160
0.169
0.171
0.162
0.165
0.162
0.166
0.151
0.166
0.152
0.164
0.158
0.164
0.166
0.155
0.161
0.154
0.157
0.161
0.158
0.161
0.159
0.162
0.158
0.167
0.155
0.164
0.154
0.163
0.159
0.169
0.166
0.160
0.164
0.143
0.159
0.168
0.159
0.165
0.159
0.164
0.156
0.154
0.135
0.172
0.164
0.163
0.159
0.162
0.159
0.162
0.162
0.161
0.160
0.167
0.165
0.168
0.158
0.165
0.151
0.162
0.157
0.165
0.157
0.163
0.156
0.155
0.163
0.154
0.159
0.184
0.197
0.168
0.165
0.164
0.151
0.162
0.153
0.168
0.159
0.163
0.162
0.169
0.160
0.155
0.151
0.129
0.159
0.172
0.157
0.162
0.161
0.167
0.159
0.165
0.134
0.119
0.159
0.157
0.157
0.161
0.159
0.158
0.170
0.163
0.160
0.169
0.160
0.169
0.165
0.166
0.153
0.167
0.159
0.166
0.166
0.158
0.159
0.155
0.161
0.154
0.164
0.137
0.168
0.157
0.174
0.163
0.155
0.116
0.124
0.161
0.165
0.160
0.165
0.167
0.160
0.157
0.156
0.157
0.152
0.160
0.159
0.160
0.162
0.164
0.159
0.150
0.129
0.160
0.162
0.159
0.170
0.165
0.163
0.150
0.152
0.163
0.155
0.160
0.162
0.159
0.161
0.160
0.155
0.165
0.163
0.159
0.120
0.161
0.168
0.152
0.160
0.154
0.166
0.159
0.162
0.163
0.166
0.159
0.158
0.168
0.157
0.159
0.173
0.159
0.162
0.113
0.154
0.151
0.168
0.156
0.155
0.160
0.166
0.161
0.162
0.164
0.168
0.159
0.164
0.160
0.167
0.159
0.160
0.164
0.170
0.152
0.168
0.163
0.165
0.161
0.164
0.158
0.167
0.158
0.155
0.157
0.159
0.160
0.169
0.163
0.155
0.152
0.161
0.149
0.160
0.163
0.162
0.119
0.166
0.170
0.157
0.161
0.157
0.161
0.164
0.159
0.161
0.164
0.162
0.158
0.162
0.152
0.160
0.166
0.162
0.160
0.165
0.158
0.153
0.167
0.118
0.160
0.162
0.159
0.160
0.165
0.166
0.159
0.165
0.167
0.160
0.169
0.161
0.163
0.161
0.151
0.155
0.161
0.161
0.162
0.161
0.164
0.167
0.160
0.161
0.153
0.171
0.152
0.158
0.169
0.161
0.166
0.154
0.165
0.162
0.157
0.155
0.165
0.161
0.160
0.160
0.158
0.160
0.151
0.164
0.162
0.160
0.162
0.164
0.170
0.157
0.166
0.130
0.160
0.160
0.160
0.160
0.161
0.159
0.160
0.160
0.164
0.160
0.165
0.161
0.165
0.161
0.162
0.154
0.167
0.166
0.159
0.160
0.167
0.166
0.164
0.153
0.155
0.163
0.168
0.161
0.160
0.157
0.170
0.152
0.166
0.152
0.159
0.159
0.169
0.158
0.160
0.164
0.161
0.169
0.154
0.166
0.159
0.151
0.159
0.161
0.159
0.160
0.161
0.124
0.169
0.117
0.166
0.167
0.165
0.164
0.167
0.157
0.160
0.164
0.160
0.162
0.158
0.162
0.159
0.156
0.151
0.167
0.178
0.164
0.162
0.170
0.159
0.162
0.151
0.163
0.160
0.160
0.158
0.163
0.169
0.159
0.163
0.154
0.163
0.153
0.158
0.164
0.164
0.168
0.116
0.164
0.150
0.162
0.164
0.163
0.159
0.160
0.158
0.155
0.158
0.136
0.160
0.162
0.160
0.164
0.164
0.164
0.157
0.172
0.159
0.163
0.160
0.167
0.159
0.167
0.119
0.165
0.159
0.166
0.199
0.163
0.161
0.161
0.158
0.177
0.152
0.164
0.160
0.162
0.159
0.163
0.162
0.155
0.166
0.153
0.159
0.167
0.164
0.153
0.164
0.162
0.154
0.160
0.152
0.159
0.161
0.195
0.170
0.160
0.164
0.157
0.165
0.125
0.168
0.163
0.169
0.164
0.162
0.162
0.160
0.162
0.118
0.166
0.163
0.165
0.165
0.158
0.116
0.153
0.162
0.159
0.160
0.161
0.152
0.160
0.160
0.161
0.157
0.159
0.162
0.160
0.160
0.164
0.156
0.152
0.161
0.152
0.167
0.165
0.156
0.169
0.160
0.157
0.155
0.159
0.166
0.164
0.168
0.163
0.166
0.162
0.166
0.150
0.168
0.126
0.166
0.160
0.162
0.164
0.166
0.164
0.157
0.158
0.143
0.165
0.154
0.159
0.167
0.157
0.164
0.148
0.167
0.165
0.168
0.161
0.164
0.161
0.164
0.163
0.154
0.165
0.167
0.158
0.161
0.164
0.167
0.159
0.166
0.154
0.172
0.164
0.163
0.158
0.165
0.123
0.154
0.166
0.153
0.154
0.162
0.150
0.158
0.166
0.163
0.117
0.168
0.150
0.164
0.159
0.165
0.158
0.162
0.150
0.162
0.157
0.157
0.158
0.170
0.159
0.163
0.165
0.170
0.151
0.160
0.091
0.161
0.165
0.160
0.161
0.157
0.166
0.158
0.158
0.153
0.166
0.165
0.160
0.163
0.161
0.164
0.152
0.160
0.166
0.164
0.160
0.160
0.152
0.153
0.160
0.119
0.162
0.161
0.161
0.160
0.158
0.167
0.154
0.166
0.138
0.164
0.165
0.160
0.165
0.118
0.165
0.152
0.159
0.123
0.160
0.161
0.152
0.163
0.159
0.153
0.157
0.162
0.162
0.158
0.165
0.160
0.160
0.160
0.119
0.153
0.161
0.165
0.161
0.163
0.165
0.160
0.153
0.159
0.156
0.163
0.163
0.153
0.160
0.160
0.163
0.191
0.161
0.154
0.167
0.159
0.151
0.119
0.165
0.166
0.153
0.169
0.152
0.159
0.157
0.164
0.171
0.161
0.160
0.157
0.168
0.141
0.160
0.166
0.165
0.165
0.160
0.157
0.153
0.167
0.120
0.160
0.161
0.158
0.160
0.161
0.120
0.152
0.158
0.164
0.164
0.164
0.164
0.159
0.156
0.162
0.155
0.162
0.163
0.166
0.161
0.166
0.160
0.156
0.167
0.134
0.161
0.166
0.166
0.157
0.168
0.162
0.153
0.166
0.131
0.158
0.163
0.167
0.122
0.165
0.160
0.155
0.163
0.128
0.159
0.162
0.163
0.160
0.160
0.173
0.155
0.170
0.152
0.163
0.159
0.164
0.164
0.168
0.159
0.161
0.158
0.168
0.157
0.178
0.194
0.159
0.154
0.162
0.156
0.166
0.166
