0.206
0.183
0.155
0.178
0.175
0.184
0.178
0.183
0.181
0.181
0.185
0.183
0.190
0.184
0.177
0.193
0.188
0.181
0.187
0.185
0.157
0.139
0.149
0.146
0.156
0.164
0.156
0.158
0.147
0.152
0.162
0.156
0.157
0.152
0.148
0.161
0.158
0.155
0.155
0.152
0.161
0.148
0.151
0.153
0.146
0.158
0.154
0.150
0.154
0.148
0.156
0.153
0.150
0.157
0.164
0.120
0.132
0.156
0.155
0.152
0.176
0.152
0.148
0.152
0.186
0.166
0.174
0.144
0.159
0.130
0.156
0.147
0.160
0.151
0.152
0.158
0.160
0.154
0.147
0.143
0.155
0.154
0.154
0.162
0.146
0.162
0.162
0.151
0.156
0.116
0.158
0.145
0.153
0.155
0.145
0.154
0.157
0.154
0.157
0.155
0.155
0.151
0.151
0.154
0.156
0.147
0.156
0.152
0.163
0.150
0.157
0.145
0.144
0.144
0.155
0.153
0.159
0.161
0.155
0.152
0.166
0.184
0.185
0.175
0.179
0.155
0.163
0.153
0.154
0.149
0.156
0.158
0.155
0.147
0.076
0.148
0.149
0.151
0.159
0.150
0.162
0.159
0.153
0.155
0.159
0.155
0.144
0.147
0.162
0.155
0.158
0.150
0.159
0.157
0.156
0.156
0.157
0.114
0.149
0.151
0.160
0.152
0.158
0.158
0.153
0.160
0.146
0.157
0.122
0.147
0.152
0.153
0.153
0.151
0.162
0.157
0.158
0.160
0.160
0.163
0.153
0.182
0.153
0.151
0.151
0.164
0.158
0.152
0.158
0.159
0.165
0.147
0.147
0.142
0.152
0.159
0.154
0.156
0.156
0.158
0.159
0.155
0.128
0.144
0.148
0.160
0.156
0.151
0.150
0.156
0.163
0.154
0.172
0.152
0.154
0.151
0.159
0.150
0.160
0.151
0.151
0.156
0.183
0.188
0.149
0.152
0.143
0.149
0.156
0.195
0.158
0.161
0.156
0.164
0.175
0.159
0.117
0.147
0.152
0.155
0.164
0.158
0.151
0.160
0.180
0.161
0.159
0.154
0.144
0.146
0.159
0.154
0.154
0.158
0.152
0.159
0.157
0.151
0.158
0.145
0.155
0.155
0.150
0.154
0.160
0.157
0.148
0.150
0.156
0.182
0.126
0.148
0.183
0.189
0.182
0.155
0.158
0.153
0.152
0.152
0.123
0.118
0.147
0.151
0.152
0.154
0.173
0.197
0.153
0.202
0.156
0.144
0.151
0.146
0.148
0.157
0.159
0.154
0.154
0.157
0.159
0.154
0.154
0.158
0.144
0.145
0.164
0.156
0.151
0.151
0.155
0.153
0.158
0.155
0.171
0.146
0.148
0.147
0.161
0.158
0.154
0.153
0.158
0.155
0.162
0.161
0.157
0.147
0.143
0.151
0.168
0.153
0.109
0.157
0.152
0.160
0.156
0.154
0.143
0.144
0.157
0.159
0.160
0.158
0.155
0.165
0.158
0.156
0.170
0.125
0.148
0.151
0.154
0.156
0.161
0.159
0.154
0.151
0.165
0.151
0.115
0.145
0.153
0.157
0.170
0.161
0.158
0.107
0.154
0.151
0.156
0.150
0.151
0.148
0.153
0.160
0.110
0.158
0.160
0.153
0.147
0.152
0.151
0.112
0.147
0.163
0.152
0.150
0.148
0.158
0.167
0.154
0.152
0.144
0.124
0.146
0.151
0.152
0.156
0.152
0.159
0.157
0.154
0.150
0.142
0.156
0.144
0.144
0.155
0.154
0.156
0.154
0.156
0.153
0.156
0.153
0.152
0.142
0.145
0.172
0.159
0.164
0.159
0.151
0.153
0.155
0.156
0.156
0.121
0.153
0.147
0.156
0.158
0.168
0.143
0.154
0.149
0.163
0.160
0.151
0.149
0.145
0.152
0.154
0.144
0.154
0.159
0.150
0.155
0.157
0.155
0.144
0.149
0.151
0.151
0.156
0.158
0.156
0.152
0.153
0.158
0.158
0.119
0.144
0.146
0.153
0.157
0.156
0.159
0.153
0.116
0.155
0.151
0.151
0.156
0.147
0.156
0.152
0.151
0.153
0.164
0.159
0.151
0.150
0.160
0.147
0.153
0.150
0.151
0.157
0.159
0.160
0.134
0.153
0.172
0.160
0.118
0.144
0.139
0.153
0.159
0.152
0.154
0.151
0.146
0.147
0.156
0.142
0.149
0.143
0.163
0.154
0.467
0.154
0.143
0.157
0.156
0.456
0.157
0.161
0.151
0.159
0.419
0.157
0.150
0.158
0.151
0.410
0.155
0.172
0.153
0.148
0.387
0.151
0.156
0.154
0.151
0.348
0.147
0.158
0.159
0.163
0.332
0.145
0.158
0.153
0.163
0.334
0.162
0.156
0.155
0.151
0.299
0.152
0.143
0.157
0.154
0.281
0.161
0.152
0.162
0.153
0.229
0.159
0.148
0.147
0.157
0.195
0.158
0.151
0.158
0.154
0.152
0.153
0.155
0.120
0.150
0.147
0.152
0.118
0.154
0.157
0.109
0.155
0.155
0.154
0.153
0.080
0.149
0.158
0.159
0.159
0.080
0.151
0.157
0.158
0.154
0.080
0.143
0.141
0.160
0.149
0.080
0.152
0.154
0.154
0.160
0.080
0.163
0.115
0.152
0.144
0.080
0.153
0.152
0.155
0.144
0.079
0.156
0.152
0.162
0.148
0.081
0.151
0.159
0.148
0.158
0.081
0.160
0.174
0.162
0.179
0.177
0.175
0.182
0.164
0.157
0.096
0.153
0.156
0.166
0.158
0.117
0.135
0.144
0.154
0.152
0.120
0.153
0.155
0.154
0.153
0.143
0.148
0.126
0.146
0.149
0.154
0.158
0.155
0.158
0.157
0.144
0.163
0.151
0.158
0.150
0.145
0.155
0.188
0.160
0.146
0.149
0.154
0.151
0.153
0.156
0.148
0.147
0.153
0.156
0.162
0.143
0.158
0.155
0.159
0.162
0.143
0.119
0.161
0.151
0.155
0.148
0.154
0.156
0.158
0.079
0.152
0.152
0.152
0.147
0.150
0.157
0.150
0.156
0.158
0.153
0.147
0.152
0.169
0.155
0.147
0.144
0.158
0.158
0.155
0.154
0.155
0.153
0.173
0.157
0.151
0.151
0.151
0.160
0.161
0.155
0.148
0.143
0.148
0.147
0.155
0.178
0.151
0.152
0.145
0.157
0.149
0.154
0.155
0.160
0.153
0.155
0.159
0.153
0.151
0.151
0.152
0.153
0.159
0.157
0.151
0.151
0.155
0.151
0.162
0.146
0.152
0.148
0.154
0.155
0.159
0.162
0.159
0.154
0.153
0.164
0.157
0.145
0.148
0.157
0.151
0.156
0.153
0.152
0.159
0.150
0.158
0.143
0.144
0.157
0.151
0.111
0.151
0.154
0.149
0.159
0.151
0.158
0.156
0.118
0.145
0.160
0.154
0.154
0.144
0.153
0.152
0.155
0.157
0.156
0.125
0.153
0.150
0.153
0.160
0.153
0.157
0.153
0.153
0.156
0.159
0.148
0.146
0.145
0.156
0.159
0.158
0.155
0.157
0.155
0.155
0.165
0.158
0.147
0.148
0.157
0.154
0.152
0.154
0.154
0.152
0.150
0.154
0.152
0.120
0.147
0.155
0.157
0.153
0.152
0.144
0.150
0.152
0.156
0.153
0.153
0.148
0.147
0.151
0.154
0.159
0.152
0.153
0.151
0.155
0.151
0.157
0.143
0.148
0.158
0.155
0.156
0.155
0.152
0.159
0.154
0.158
0.152
0.122
0.152
0.143
0.150
0.155
0.149
0.156
0.159
0.176
0.156
0.150
0.145
0.151
0.148
0.152
0.151
0.154
0.152
0.152
0.156
0.152
0.154
0.128
0.148
0.146
0.152
0.159
0.155
0.152
0.151
0.160
0.158
0.151
0.152
0.128
0.146
0.159
0.153
0.152
0.152
0.151
0.155
0.157
0.154
0.153
0.127
0.151
0.152
0.161
0.154
0.157
0.154
0.156
0.153
0.158
0.153
0.156
0.150
0.147
0.152
0.153
0.158
0.154
0.145
0.158
0.154
0.159
0.197
0.144
0.145
0.156
0.154
0.155
0.155
0.148
0.158
0.160
0.156
0.157
0.121
0.143
0.146
0.153
0.151
0.143
0.157
0.155
0.153
0.152
0.150
0.154
0.149
0.143
0.149
0.150
0.151
0.157
0.156
0.151
0.148
0.154
0.155
0.148
0.148
0.152
0.150
0.159
0.152
0.156
0.153
0.144
0.156
0.151
0.120
0.145
0.146
0.155
0.156
0.153
0.151
0.153
0.163
0.151
0.157
0.151
0.138
0.140
0.157
0.145
0.155
0.155
0.155
0.161
0.187
0.155
0.151
0.147
0.174
0.186
0.176
0.184
0.161
0.142
0.156
0.157
0.153
0.156
0.131
0.145
0.156
0.155
0.162
0.152
0.151
0.160
0.183
0.157
0.159
0.127
0.150
0.150
0.160
0.154
0.157
0.154
0.151
0.157
0.153
0.175
0.162
0.167
0.149
0.152
0.151
0.159
0.177
0.159
0.153
0.157
0.168
0.161
0.142
0.147
0.151
0.157
0.152
0.161
0.158
0.152
0.159
0.172
0.155
0.118
0.148
0.150
0.140
0.152
0.145
0.153
0.156
0.077
0.158
0.153
0.175
0.146
0.156
0.155
0.153
0.151
0.153
0.157
0.157
0.154
0.151
0.150
0.147
0.154
0.158
0.155
0.157
0.156
0.163
0.160
0.152
0.155
0.158
0.121
0.148
0.149
0.158
0.157
0.156
0.154
0.151
0.157
0.180
0.160
0.161
0.140
0.149
0.152
0.157
0.151
0.151
0.157
0.157
0.154
0.157
0.153
0.143
0.149
0.156
0.154
0.159
0.153
0.156
0.154
0.151
0.173
0.154
0.177
0.147
0.146
0.152
0.163
0.158
0.155
0.152
0.158
0.154
0.171
0.156
0.144
0.150
0.153
0.158
0.159
0.153
0.151
0.151
0.161
0.150
0.153
0.145
0.148
0.152
0.154
0.152
0.149
0.115
0.152
0.156
0.151
0.157
0.146
0.145
0.154
0.153
0.152
0.148
0.153
0.156
0.146
0.149
0.151
0.126
0.149
0.151
0.156
0.154
0.160
0.158
0.155
0.159
0.152
0.148
0.154
0.142
0.146
0.153
0.156
0.156
0.157
0.153
0.161
0.153
0.155
0.154
0.115
0.148
0.155
0.156
0.156
0.151
0.154
0.172
0.159
0.154
0.154
0.164
0.181
0.147
0.153
0.157
0.147
0.150
0.154
0.156
0.160
0.155
0.172
0.152
0.149
0.157
0.155
0.154
0.154
0.164
0.182
0.181
0.175
0.161
0.143
0.143
0.156
0.174
0.157
0.153
0.174
0.152
0.145
0.155
0.153
0.118
0.145
0.144
0.156
0.151
0.152
0.155
0.160
0.166
0.159
0.151
0.154
0.147
0.147
0.156
0.154
0.155
0.154
0.161
0.156
0.151
0.144
0.171
0.152
0.145
0.151
0.154
0.158
0.160
0.153
0.159
0.148
0.159
0.160
0.118
0.146
0.159
0.159
0.110
0.154
0.113
0.160
0.152
0.155
0.108
0.129
0.145
0.149
0.158
0.154
0.153
0.155
0.169
0.167
0.157
0.151
0.144
0.155
0.146
0.152
0.153
0.156
0.156
0.147
0.154
0.160
0.151
0.110
0.148
0.144
0.157
0.158
0.159
0.148
0.157
0.155
0.159
0.154
0.161
0.124
0.145
0.155
0.140
0.163
0.160
0.157
0.164
0.154
0.155
0.156
0.154
0.154
0.146
0.154
0.155
0.157
0.153
0.152
0.080
0.153
0.152
0.155
0.142
0.150
0.156
0.152
0.153
0.155
0.158
0.153
0.151
0.151
0.152
0.127
0.150
0.145
0.152
0.156
0.155
0.152
0.160
0.156
0.176
0.154
0.149
0.146
0.147
0.165
0.155
0.150
0.150
0.158
0.161
0.153
0.154
0.161
0.147
0.155
0.148
0.152
0.151
0.150
0.154
0.157
0.160
0.160
0.153
0.176
0.150
0.154
0.157
0.150
0.157
0.153
0.152
0.153
0.158
0.151
0.147
0.148
0.158
0.153
0.152
0.165
0.150
0.159
0.154
0.186
0.161
0.160
0.145
0.143
0.158
0.156
0.155
0.156
0.151
0.151
0.159
0.155
0.154
0.137
0.144
0.159
0.152
0.153
0.141
0.151
0.154
0.151
0.156
0.155
0.124
0.150
0.146
0.154
0.153
0.177
0.159
0.146
0.147
0.151
0.153
0.156
0.150
0.147
0.158
0.156
0.154
0.157
0.110
0.154
0.174
0.160
0.151
0.138
0.145
0.149
0.159
0.166
0.153
0.153
0.176
0.154
0.159
0.149
0.126
0.171
0.158
0.154
0.151
0.151
0.151
0.157
0.153
0.158
0.180
0.156
0.145
0.146
0.154
0.153
0.155
0.155
0.151
0.147
0.152
0.158
0.154
0.142
0.148
0.156
0.156
0.155
0.154
0.154
0.162
0.155
0.158
0.160
0.121
0.145
0.176
0.158
0.155
0.152
0.147
0.153
0.156
0.154
0.148
0.148
0.152
0.160
0.145
0.160
0.153
0.192
0.114
0.159
0.187
0.194
0.153
0.149
0.144
0.153
0.157
0.161
0.161
0.155
0.155
0.152
0.105
0.158
0.121
0.145
0.163
0.151
0.156
0.164
0.153
0.151
0.151
0.155
0.150
0.133
0.149
0.146
0.154
0.162
0.151
0.154
0.146
0.154
0.155
0.155
0.152
0.154
0.149
0.154
0.141
0.158
0.177
0.162
0.154
0.151
0.150
0.162
0.121
0.147
0.157
0.155
0.148
0.146
0.154
0.156
0.146
0.157
0.156
0.118
0.147
0.152
0.154
0.154
0.154
0.153
0.146
0.160
0.156
0.153
0.158
0.151
0.166
0.162
0.154
0.165
0.154
0.184
0.155
0.183
0.190
0.145
0.179
0.155
0.151
0.155
0.156
0.156
0.160
0.160
0.154
0.158
0.152
0.138
0.144
0.147
0.153
0.155
0.159
0.158
0.152
0.160
0.149
0.152
0.153
0.145
0.144
0.151
0.155
0.109
0.155
0.150
0.152
0.155
0.156
0.161
0.146
0.144
0.154
0.151
0.151
0.152
0.154
0.154
0.159
0.157
0.152
0.121
0.154
0.148
0.163
0.153
0.155
0.158
0.157
0.154
0.150
0.155
0.155
0.145
0.151
0.156
0.151
0.165
0.156
0.153
0.162
0.167
0.160
0.156
0.144
0.151
0.152
0.156
0.158
0.159
0.163
0.153
0.168
0.154
0.168
0.168
0.144
0.157
0.151
0.155
0.154
0.154
0.154
0.160
0.171
0.160
0.117
0.149
0.144
0.154
0.165
0.160
0.160
0.152
0.152
0.157
0.153
0.160
0.148
0.145
0.156
0.152
0.159
0.159
0.153
0.152
0.147
0.155
0.153
0.116
0.149
0.152
0.157
0.157
0.156
0.156
0.155
0.155
0.152
0.162
0.120
0.151
0.146
0.160
0.144
0.155
0.174
0.159
0.151
0.143
0.155
0.159
0.153
0.145
0.152
0.154
0.151
0.158
0.158
0.153
0.153
0.151
0.156
0.151
0.116
0.151
0.159
0.159
0.156
0.154
0.158
0.153
0.154
0.158
0.126
0.147
0.150
0.161
0.158
0.159
0.153
0.157
0.156
0.153
0.162
0.151
0.146
0.151
0.154
0.151
0.155
0.158
0.155
0.165
0.154
0.143
0.186
0.145
0.146
0.158
0.156
0.150
0.157
0.158
0.157
0.152
0.163
0.160
0.121
0.145
0.152
0.158
0.158
0.154
0.154
0.151
0.152
0.149
0.155
0.155
0.150
0.153
0.160
0.156
0.154
0.115
0.158
0.154
0.155
0.155
0.156
0.144
0.152
0.159
0.154
0.153
0.113
0.158
0.152
0.155
0.157
0.155
0.126
0.143
0.152
0.157
0.151
0.157
0.155
0.153
0.154
0.152
0.154
0.133
0.149
0.144
0.151
0.154
0.153
0.146
0.143
0.145
0.156
0.151
0.149
0.147
0.149
0.153
0.150
0.154
0.151
0.154
0.157
0.153
0.142
0.153
0.145
0.150
0.158
0.110
0.160
0.156
0.147
0.117
0.165
0.156
0.151
0.120
0.160
0.146
0.159
0.154
0.160
0.153
0.152
0.156
0.157
0.155
0.157
0.142
0.143
0.152
0.166
0.158
0.145
0.159
0.151
0.156
0.156
0.161
0.131
0.148
0.159
0.156
0.152
0.153
0.144
0.153
0.156
0.169
0.154
0.138
0.152
0.142
0.149
0.146
0.157
0.153
0.156
0.150
0.152
0.159
0.162
0.143
0.147
0.161
0.152
0.158
0.154
0.166
0.155
0.150
0.160
0.153
0.153
0.147
0.155
0.156
0.114
0.153
0.161
0.109
0.113
0.153
0.152
0.133
0.145
0.159
0.151
0.157
0.143
0.154
0.155
0.163
0.154
0.157
0.122
0.148
0.150
0.153
0.155
0.150
0.145
0.145
0.153
0.159
0.151
0.154
0.149
0.145
0.156
0.156
0.154
0.152
0.154
0.154
0.157
0.153
0.153
0.152
0.149
0.158
0.157
0.146
0.156
0.152
0.151
0.157
0.149
0.156
0.139
0.143
0.160
0.154
0.153
0.154
0.151
0.154
0.160
0.154
0.153
0.157
