0.209
0.155
0.195
0.171
0.153
0.159
0.160
0.173
0.160
0.162
0.123
0.159
0.163
0.155
0.159
0.161
0.163
0.148
0.162
0.158
0.158
0.161
0.147
0.158
0.172
0.157
0.148
0.162
0.153
0.116
0.158
0.150
0.165
0.161
0.162
0.149
0.167
0.162
0.165
0.161
0.153
0.166
0.161
0.157
0.121
0.162
0.151
0.162
0.178
0.159
0.159
0.170
0.158
0.151
0.163
0.157
0.157
0.162
0.153
0.157
0.166
0.158
0.126
0.166
0.163
0.159
0.167
0.152
0.162
0.160
0.157
0.157
0.161
0.156
0.158
0.165
0.152
0.157
0.158
0.163
0.171
0.161
0.173
0.161
0.167
0.151
0.156
0.166
0.164
0.158
0.166
0.112
0.155
0.170
0.156
0.125
0.160
0.153
0.162
0.153
0.157
0.158
0.165
0.155
0.159
0.162
0.117
0.149
0.157
0.114
0.160
0.162
0.148
0.157
0.171
0.157
0.156
0.156
0.155
0.157
0.162
0.113
0.160
0.162
0.165
0.159
0.160
0.162
0.156
0.161
0.152
0.162
0.164
0.198
0.157
0.156
0.152
0.162
0.165
0.122
0.159
0.158
0.158
0.157
0.158
0.163
0.163
0.160
0.123
0.161
0.161
0.158
0.158
0.117
0.165
0.117
0.163
0.126
0.162
0.162
0.157
0.160
0.160
0.157
0.159
0.152
0.122
0.163
0.163
0.157
0.159
0.152
0.164
0.159
0.162
0.148
0.162
0.160
0.158
0.162
0.124
0.167
0.162
0.161
0.155
0.164
0.163
0.158
0.164
0.154
0.158
0.160
0.165
0.164
0.161
0.163
0.158
0.156
0.179
0.161
0.155
0.166
0.155
0.114
0.160
0.157
0.158
0.153
0.161
0.161
0.161
0.158
0.149
0.165
0.149
0.113
0.157
0.156
0.115
0.161
0.163
0.150
0.168
0.157
0.158
0.118
0.158
0.158
0.159
0.156
0.152
0.163
0.158
0.164
0.160
0.163
0.160
0.161
0.156
0.149
0.161
0.160
0.154
0.145
0.167
0.162
0.161
0.158
0.154
0.161
0.155
0.191
0.189
0.162
0.160
0.165
0.165
0.151
0.167
0.161
0.157
0.153
0.155
0.115
0.162
0.162
0.147
0.163
0.158
0.158
0.124
0.157
0.161
0.161
0.158
0.149
0.163
0.115
0.159
0.150
0.159
0.161
0.163
0.165
0.149
0.167
0.158
0.148
0.176
0.159
0.204
0.154
0.159
0.148
0.159
0.156
0.167
0.163
0.160
0.157
0.160
0.157
0.148
0.166
0.158
0.157
0.159
0.150
0.155
0.121
0.161
0.153
0.159
0.155
0.157
0.164
0.151
0.157
0.168
0.157
0.157
0.162
0.158
0.159
0.160
0.151
0.164
0.178
0.162
0.150
0.168
0.164
0.162
0.159
0.148
0.157
0.163
0.159
0.108
0.116
0.160
0.157
0.158
0.158
0.164
0.158
0.153
0.150
0.159
0.164
0.159
0.163
0.155
0.158
0.159
0.129
0.150
0.161
0.158
0.162
0.158
0.152
0.159
0.159
0.155
0.126
0.160
0.117
0.159
0.164
0.157
0.163
0.164
0.164
0.119
0.160
0.166
0.115
0.160
0.152
0.159
0.161
0.160
0.150
0.164
0.159
0.159
0.164
0.154
0.157
0.165
0.159
0.159
0.164
0.157
0.150
0.161
0.151
0.155
0.164
0.162
0.115
0.160
0.163
0.127
0.159
0.152
0.157
0.162
0.192
0.192
0.192
0.178
0.146
0.194
0.191
0.186
0.167
0.163
0.151
0.170
0.160
0.167
0.159
0.156
0.117
0.160
0.165
0.147
0.163
0.160
0.164
0.148
0.160
0.162
0.165
0.158
0.150
0.166
0.161
0.159
0.130
0.149
0.162
0.164
0.158
0.149
0.162
0.160
0.163
0.122
0.156
0.158
0.159
0.163
0.152
0.164
0.155
0.166
0.126
0.159
0.163
0.169
0.159
0.110
0.163
0.161
0.164
0.154
0.161
0.155
0.164
0.157
0.161
0.161
0.151
0.163
0.162
0.156
0.117
0.160
0.160
0.148
0.162
0.162
0.159
0.167
0.153
0.162
0.163
0.162
0.150
0.162
0.163
0.156
0.162
0.149
0.158
0.160
0.157
0.148
0.168
0.156
0.158
0.165
0.158
0.154
0.162
0.163
0.151
0.163
0.167
0.154
0.168
0.147
0.159
0.162
0.163
0.148
0.163
0.156
0.168
0.162
0.156
0.158
0.163
0.110
0.148
0.159
0.158
0.164
0.162
0.148
0.159
0.160
0.164
0.149
0.164
0.168
0.161
0.164
0.151
0.156
0.162
0.155
0.125
0.163
0.159
0.161
0.161
0.147
0.165
0.162
0.159
0.118
0.121
0.160
0.159
0.163
0.155
0.161
0.164
0.150
0.127
0.167
0.159
0.154
0.163
0.176
0.163
0.163
0.166
0.145
0.161
0.155
0.154
0.163
0.150
0.159
0.167
0.158
0.159
0.161
0.162
0.161
0.161
0.148
0.150
0.117
0.157
0.163
0.170
0.156
0.164
0.150
0.150
0.155
0.166
0.162
0.169
0.164
0.163
0.155
0.166
0.147
0.157
0.169
0.168
0.159
0.163
0.157
0.162
0.163
0.150
0.158
0.166
0.157
0.158
0.161
0.159
0.160
0.165
0.157
0.160
0.151
0.158
0.158
0.160
0.163
0.161
0.162
0.154
0.158
0.164
0.161
0.159
0.151
0.148
0.155
0.166
0.155
0.158
0.163
0.165
0.158
0.154
0.160
0.158
0.166
0.122
0.108
0.162
0.163
0.166
0.156
0.159
0.155
0.166
0.121
0.161
0.159
0.164
0.163
0.167
0.191
0.176
0.164
0.127
0.160
0.157
0.157
0.163
0.157
0.158
0.159
0.166
0.137
0.160
0.158
0.158
0.160
0.158
0.157
0.164
0.160
0.161
0.160
0.160
0.160
0.165
0.154
0.163
0.166
0.160
0.158
0.158
0.161
0.158
0.157
0.153
0.163
0.163
0.162
0.159
0.168
0.163
0.159
0.160
0.158
0.158
0.158
0.173
0.113
0.152
0.162
0.162
0.163
0.155
0.161
0.169
0.157
0.158
0.162
0.159
0.160
0.161
0.149
0.159
0.166
0.162
0.157
0.158
0.163
0.154
0.158
0.116
0.157
0.164
0.159
0.160
0.154
0.161
0.155
0.160
0.151
0.166
0.160
0.161
0.158
0.152
0.125
0.167
0.166
0.127
0.159
0.159
0.159
0.158
0.158
0.113
0.162
0.160
0.130
0.159
0.176
0.162
0.149
0.168
0.157
0.168
0.159
0.127
0.161
0.164
0.112
0.161
0.153
0.163
0.158
0.160
0.122
0.165
0.159
0.162
0.157
0.158
0.166
0.172
0.164
0.157
0.168
0.162
0.170
0.158
0.150
0.167
0.170
0.161
0.166
0.162
0.159
0.163
0.157
0.153
0.159
0.158
0.159
0.161
0.152
0.161
0.153
0.155
0.148
0.160
0.160
0.152
0.164
0.150
0.159
0.165
0.158
0.151
0.162
0.151
0.161
0.166
0.148
0.160
0.158
0.163
0.155
0.168
0.155
0.160
0.160
0.151
0.117
0.163
0.195
0.126
0.170
0.159
0.157
0.167
0.154
0.160
0.161
0.158
0.143
0.161
0.156
0.161
0.163
0.152
0.157
0.161
0.151
0.153
0.150
0.152
0.162
0.151
0.156
0.165
0.157
0.150
0.141
0.160
0.161
0.122
0.166
0.150
0.160
0.162
0.154
0.113
0.163
0.158
0.158
0.168
0.169
0.159
0.162
0.164
0.136
0.155
0.162
0.159
0.173
0.155
0.156
0.159
0.158
0.147
0.163
0.159
0.157
0.168
0.111
0.162
0.161
0.150
0.154
0.168
0.187
0.162
0.151
0.151
0.157
0.165
0.115
0.167
0.168
0.158
0.150
0.163
0.151
0.163
0.160
0.158
0.162
0.154
0.162
0.159
0.168
0.154
0.162
0.164
0.184
0.166
0.154
0.164
0.163
0.168
0.188
0.161
0.159
0.116
0.148
0.155
0.156
0.158
0.160
0.151
0.155
0.166
0.161
0.162
0.161
0.159
0.155
0.162
0.122
0.163
0.164
0.158
0.158
0.155
0.164
0.157
0.113
0.159
0.161
0.156
0.161
0.164
0.163
0.159
0.158
0.168
0.152
0.159
0.169
0.158
0.158
0.161
0.159
0.164
0.163
0.131
0.159
0.161
0.190
0.160
0.155
0.158
0.157
0.122
0.123
0.159
0.152
0.160
0.157
0.159
0.157
0.164
0.167
0.134
0.165
0.163
0.162
0.116
0.152
0.153
0.158
0.156
0.158
0.159
0.183
0.197
0.158
0.155
0.165
0.168
0.176
0.158
0.154
0.167
0.160
0.163
0.151
0.160
0.113
0.154
0.158
0.153
0.166
0.158
0.156
0.158
0.164
0.159
0.169
0.157
0.156
0.158
0.157
0.163
0.151
0.158
0.159
0.166
0.158
0.151
0.160
0.161
0.179
0.157
0.158
0.167
0.164
0.162
0.148
0.170
0.163
0.161
0.159
0.117
0.163
0.161
0.162
0.155
0.157
0.164
0.165
0.156
0.156
0.153
0.158
0.159
0.155
0.167
0.176
0.163
0.124
0.162
0.151
0.160
0.155
0.155
0.151
0.158
0.156
0.129
0.114
0.120
0.160
0.165
0.149
0.168
0.160
0.160
0.125
0.163
0.157
0.170
0.157
0.153
0.162
0.163
0.159
0.134
0.161
0.162
0.162
0.161
0.154
0.163
0.157
0.161
0.160
0.157
0.163
0.159
0.160
0.157
0.159
0.161
0.156
0.160
0.165
0.167
0.159
0.160
0.151
0.161
0.160
0.153
0.158
0.157
0.167
0.163
0.158
0.157
0.159
0.158
0.167
0.161
0.148
0.160
0.160
0.164
0.153
0.163
0.177
0.171
0.118
0.155
0.162
0.160
0.156
0.153
0.171
0.160
0.162
0.164
0.156
0.161
0.115
0.153
0.151
0.167
0.157
0.166
0.153
0.152
0.163
0.160
0.154
0.158
0.158
0.162
0.171
0.161
0.151
0.170
0.167
0.157
0.157
0.168
0.161
0.160
0.159
0.151
0.160
0.152
0.158
0.129
0.162
0.157
0.163
0.160
0.149
0.164
0.163
0.159
0.126
0.160
0.153
0.160
0.161
0.154
0.162
0.160
0.156
0.139
0.184
0.158
0.114
0.161
0.147
0.161
0.160
0.116
0.151
0.164
0.159
0.160
0.164
0.156
0.165
0.160
0.162
0.162
0.165
0.160
0.162
0.159
0.150
0.161
0.165
0.158
0.158
0.152
0.160
0.159
0.159
0.158
0.163
0.160
0.163
0.164
0.153
0.164
0.158
0.117
0.150
0.160
0.161
0.164
0.160
0.152
0.156
0.161
0.157
0.151
0.160
0.159
0.157
0.153
0.157
0.162
0.163
0.160
0.150
0.163
0.158
0.158
0.158
0.166
0.109
0.118
0.151
0.152
0.157
0.161
0.155
0.162
0.152
0.159
0.156
0.159
0.123
0.162
0.161
0.159
0.156
0.162
0.167
0.164
0.164
0.125
0.165
0.159
0.154
0.165
0.156
0.158
0.158
0.164
0.126
0.160
0.158
0.164
0.159
0.162
0.160
0.162
0.150
0.129
0.161
0.160
0.155
0.152
0.152
0.163
0.156
0.159
0.156
0.160
0.157
0.163
0.157
0.156
0.160
0.159
0.163
0.157
0.156
0.171
0.159
0.157
0.116
0.155
0.147
0.161
0.163
0.157
0.162
0.160
0.160
0.162
0.168
0.165
0.157
0.164
0.154
0.172
0.156
0.153
0.152
0.164
0.163
0.166
0.165
0.152
0.159
0.159
0.158
0.159
0.181
0.164
0.158
0.159
0.158
0.163
0.163
0.161
0.149
0.161
0.160
0.160
0.161
0.154
0.159
0.161
0.159
0.127
0.172
0.160
0.158
0.164
0.150
0.159
0.165
0.173
0.154
0.162
0.160
0.161
0.165
0.154
0.158
0.143
0.114
0.121
0.158
0.161
0.164
0.160
0.149
0.158
0.163
0.167
0.124
0.157
0.161
0.160
0.155
0.160
0.116
0.165
0.157
0.132
0.156
0.163
0.159
0.160
0.157
0.163
0.163
0.162
0.148
0.163
0.157
0.160
0.157
0.152
0.161
0.159
0.180
0.161
0.154
0.165
0.159
0.158
0.156
0.161
0.155
0.160
0.160
0.149
0.149
0.160
0.154
0.156
0.167
0.162
0.166
0.160
0.148
0.163
0.160
0.159
0.151
0.165
0.109
0.164
0.158
0.151
0.159
0.159
0.155
0.159
0.159
0.160
0.171
0.120
0.151
0.160
0.160
0.158
0.155
0.165
0.157
0.166
0.165
0.156
0.158
0.162
0.155
0.157
0.163
0.150
0.163
0.161
0.163
0.163
0.167
0.158
0.132
0.160
0.159
0.157
0.159
0.156
0.159
0.198
0.163
0.124
0.162
0.164
0.157
0.163
0.149
0.161
0.157
0.167
0.127
0.163
0.165
0.160
0.158
0.160
0.162
0.161
0.160
0.142
0.113
0.175
0.167
0.152
0.150
0.159
0.159
0.164
0.159
0.159
0.149
0.161
0.160
0.153
0.164
0.165
0.158
0.166
0.166
0.164
0.159
0.165
0.154
0.160
0.158
0.157
0.158
0.159
0.162
0.160
0.157
0.156
0.157
0.166
0.153
0.169
0.161
0.157
0.163
0.159
0.155
0.166
0.163
0.162
0.160
0.155
0.154
0.171
0.157
0.151
0.178
0.152
0.162
0.161
0.150
0.155
0.163
0.165
0.149
0.161
0.159
0.162
0.114
0.152
0.155
0.161
0.157
0.158
0.156
0.160
0.158
0.161
0.154
0.163
0.153
0.167
0.153
0.163
0.160
0.160
0.159
0.159
0.156
0.165
0.118
0.130
0.158
0.160
0.158
0.166
0.156
0.155
0.163
0.160
0.133
0.161
0.153
0.163
0.158
0.156
0.158
0.117
0.156
0.133
0.156
0.165
0.157
0.119
0.158
0.163
0.161
0.160
0.143
0.162
0.160
0.162
0.162
0.157
0.156
0.160
0.162
0.159
0.158
0.161
0.115
0.162
0.156
0.165
0.160
0.161
0.155
0.160
0.160
0.163
0.159
0.152
0.177
0.160
0.161
0.160
0.157
0.160
0.160
0.161
0.159
0.163
0.156
0.165
0.154
0.154
0.163
0.158
0.156
0.156
0.161
0.169
0.158
0.150
0.152
0.159
0.160
0.163
0.153
0.159
0.164
0.160
0.158
0.153
0.149
0.153
0.159
0.152
0.154
0.164
0.158
0.158
0.150
0.163
0.158
0.162
0.123
0.164
0.159
0.160
0.159
0.153
0.115
0.159
0.155
0.122
0.147
0.116
0.159
0.159
0.155
0.161
0.158
0.173
0.146
0.160
0.163
0.162
0.155
0.154
0.156
0.162
0.164
0.198
0.160
0.163
0.165
0.159
0.152
0.165
0.160
0.152
0.133
0.125
0.165
0.164
0.157
0.154
0.156
0.160
0.159
0.162
0.155
0.165
0.164
0.161
0.189
0.166
0.136
0.169
0.150
0.149
0.160
0.151
0.158
0.155
0.191
0.168
0.156
0.159
0.152
0.164
0.164
0.154
0.120
0.159
0.156
0.160
0.162
0.150
0.161
0.166
0.161
0.152
0.158
0.159
0.160
0.160
0.151
0.161
0.161
0.160
0.156
0.165
0.160
0.151
0.158
0.155
0.161
0.165
0.158
0.154
0.156
0.160
0.168
0.153
0.149
0.160
0.158
0.158
0.157
0.160
0.162
0.161
0.163
0.150
0.157
0.161
0.163
0.127
0.164
0.163
0.158
0.161
0.153
0.161
0.157
0.159
0.125
0.169
0.155
0.166
0.156
0.151
0.160
0.160
0.112
0.124
0.157
0.158
0.160
0.120
0.148
0.165
0.119
0.160
0.165
0.167
0.159
0.153
0.159
0.150
0.158
0.159
0.155
0.165
0.162
0.159
0.159
0.160
0.154
0.161
0.156
0.158
0.162
0.160
0.157
0.165
0.164
0.156
0.170
0.160
0.157
0.160
0.159
0.161
0.161
0.198
0.147
0.158
0.163
0.159
0.160
0.156
0.167
0.160
0.161
0.155
0.161
0.138
0.160
0.159
0.156
0.160
0.153
0.163
0.146
0.158
0.110
0.162
0.162
0.157
0.160
0.157
0.161
0.119
0.165
0.157
0.163
0.154
0.151
0.148
0.158
0.150
0.148
0.154
0.160
0.116
0.165
0.114
0.159
0.116
0.165
0.122
0.166
0.160
0.154
0.164
0.155
0.164
0.163
0.160
0.150
0.164
0.157
0.163
0.159
0.158
0.155
0.161
0.152
0.131
0.160
0.160
0.156
0.163
0.154
0.162
0.165
0.166
0.134
0.160
0.168
0.159
0.158
0.156
0.157
0.165
0.153
0.149
0.115
0.160
0.163
0.154
0.156
0.163
0.158
0.161
0.156
0.161
0.158
0.161
0.165
0.153
0.159
0.164
0.160
0.162
0.152
0.167
0.164
0.161
0.151
0.159
0.151
0.169
0.159
0.153
0.169
0.159
0.152
0.152
0.161
0.159
0.160
0.158
0.154
0.161
0.160
0.161
0.157
0.159
0.159
0.160
0.162
0.157
0.158
0.165
