0.184
0.191
0.151
0.205
0.167
0.157
0.165
0.170
0.176
0.173
0.168
0.172
0.178
0.166
0.165
0.206
0.167
0.171
0.169
0.160
0.171
0.170
0.169
0.143
0.169
0.172
0.169
0.166
0.161
0.168
0.169
0.171
0.148
0.168
0.170
0.167
0.172
0.160
0.170
0.161
0.169
0.132
0.171
0.173
0.172
0.166
0.165
0.168
0.169
0.163
0.143
0.174
0.169
0.169
0.170
0.162
0.123
0.168
0.167
0.142
0.181
0.172
0.173
0.167
0.167
0.168
0.177
0.168
0.167
0.169
0.165
0.167
0.168
0.165
0.157
0.121
0.169
0.142
0.168
0.206
0.165
0.167
0.166
0.173
0.165
0.169
0.173
0.156
0.171
0.161
0.169
0.160
0.176
0.172
0.174
0.165
0.168
0.171
0.167
0.204
0.159
0.164
0.169
0.173
0.166
0.162
0.171
0.173
0.175
0.160
0.168
0.168
0.168
0.166
0.164
0.171
0.173
0.169
0.124
0.160
0.171
0.165
0.170
0.166
0.173
0.169
0.170
0.167
0.154
0.123
0.173
0.165
0.165
0.172
0.171
0.185
0.163
0.172
0.169
0.167
0.172
0.159
0.167
0.188
0.173
0.131
0.176
0.168
0.168
0.172
0.162
0.168
0.175
0.154
0.148
0.174
0.168
0.169
0.170
0.162
0.173
0.173
0.178
0.160
0.176
0.168
0.171
0.169
0.162
0.170
0.176
0.170
0.168
0.168
0.167
0.165
0.171
0.159
0.169
0.161
0.124
0.172
0.168
0.171
0.173
0.170
0.163
0.174
0.167
0.171
0.176
0.160
0.174
0.174
0.168
0.165
0.175
0.167
0.173
0.168
0.168
0.166
0.169
0.172
0.158
0.175
0.168
0.175
0.172
0.161
0.160
0.170
0.135
0.164
0.173
0.166
0.168
0.175
0.160
0.175
0.173
0.170
0.134
0.173
0.174
0.173
0.164
0.161
0.169
0.171
0.160
0.132
0.167
0.167
0.169
0.167
0.162
0.167
0.172
0.173
0.160
0.165
0.125
0.172
0.169
0.163
0.172
0.170
0.176
0.135
0.174
0.165
0.170
0.160
0.165
0.175
0.167
0.175
0.175
0.176
0.172
0.171
0.169
0.161
0.171
0.172
0.173
0.167
0.171
0.168
0.171
0.167
0.160
0.169
0.173
0.169
0.173
0.168
0.169
0.176
0.171
0.164
0.169
0.167
0.169
0.178
0.161
0.167
0.171
0.164
0.160
0.171
0.171
0.167
0.171
0.159
0.166
0.201
0.164
0.168
0.159
0.167
0.168
0.168
0.123
0.174
0.170
0.172
0.159
0.161
0.160
0.172
0.174
0.162
0.169
0.172
0.169
0.159
0.173
0.164
0.202
0.173
0.167
0.165
0.174
0.169
0.138
0.175
0.167
0.173
0.170
0.173
0.172
0.171
0.173
0.130
0.178
0.168
0.173
0.172
0.168
0.165
0.172
0.171
0.149
0.174
0.168
0.165
0.176
0.178
0.170
0.169
0.153
0.142
0.178
0.166
0.168
0.173
0.161
0.163
0.178
0.168
0.168
0.162
0.170
0.167
0.124
0.159
0.167
0.170
0.170
0.174
0.174
0.170
0.168
0.175
0.165
0.167
0.172
0.168
0.167
0.170
0.168
0.171
0.173
0.163
0.167
0.170
0.168
0.178
0.162
0.169
0.168
0.172
0.162
0.165
0.175
0.162
0.174
0.161
0.173
0.168
0.177
0.163
0.169
0.175
0.168
0.169
0.164
0.166
0.167
0.173
0.162
0.173
0.168
0.176
0.169
0.161
0.167
0.164
0.169
0.160
0.169
0.159
0.168
0.169
0.161
0.168
0.123
0.171
0.137
0.167
0.175
0.172
0.172
0.161
0.176
0.167
0.170
0.140
0.176
0.171
0.160
0.171
0.166
0.175
0.171
0.170
0.164
0.168
0.171
0.186
0.168
0.163
0.168
0.167
0.170
0.166
0.172
0.169
0.168
0.177
0.166
0.169
0.174
0.176
0.171
0.163
0.165
0.157
0.168
0.165
0.168
0.165
0.173
0.167
0.174
0.161
0.163
0.168
0.162
0.167
0.172
0.175
0.168
0.171
0.170
0.157
0.169
0.164
0.123
0.168
0.172
0.170
0.165
0.172
0.168
0.181
0.171
0.171
0.168
0.160
0.174
0.176
0.176
0.164
0.167
0.174
0.169
0.176
0.169
0.167
0.160
0.167
0.167
0.166
0.161
0.168
0.168
0.168
0.172
0.168
0.172
0.171
0.168
0.147
0.175
0.168
0.171
0.175
0.161
0.172
0.161
0.165
0.140
0.167
0.169
0.175
0.169
0.160
0.171
0.173
0.161
0.136
0.169
0.176
0.168
0.169
0.162
0.167
0.173
0.173
0.125
0.167
0.166
0.161
0.173
0.161
0.169
0.171
0.171
0.174
0.166
0.175
0.172
0.161
0.163
0.169
0.166
0.167
0.139
0.166
0.168
0.171
0.169
0.167
0.170
0.169
0.167
0.172
0.162
0.173
0.163
0.168
0.160
0.163
0.174
0.165
0.171
0.160
0.173
0.170
0.170
0.162
0.171
0.169
0.166
0.169
0.160
0.165
0.170
0.171
0.162
0.169
0.188
0.171
0.170
0.159
0.169
0.173
0.176
0.131
0.173
0.173
0.123
0.176
0.159
0.209
0.178
0.197
0.161
0.162
0.170
0.169
0.178
0.164
0.167
0.202
0.168
0.165
0.170
0.171
0.162
0.167
0.167
0.168
0.171
0.171
0.141
0.166
0.171
0.131
0.173
0.184
0.155
0.087
0.166
0.125
0.126
0.174
0.185
0.169
0.162
0.161
0.167
0.172
0.145
0.168
0.177
0.189
0.168
0.158
0.173
0.211
0.171
0.165
0.168
0.167
0.168
0.168
0.164
0.173
0.168
0.157
0.121
0.168
0.130
0.174
0.173
0.173
0.173
0.167
0.175
0.172
0.165
0.172
0.174
0.168
0.161
0.173
0.167
0.168
0.173
0.176
0.132
0.169
0.173
0.165
0.167
0.165
0.173
0.175
0.164
0.176
0.169
0.173
0.167
0.169
0.181
0.174
0.176
0.163
0.169
0.167
0.172
0.137
0.171
0.172
0.170
0.167
0.160
0.163
0.175
0.171
0.136
0.169
0.171
0.166
0.171
0.162
0.174
0.164
0.169
0.137
0.167
0.168
0.171
0.171
0.123
0.169
0.167
0.166
0.144
0.168
0.167
0.173
0.167
0.159
0.171
0.125
0.180
0.163
0.171
0.167
0.170
0.195
0.169
0.171
0.168
0.179
0.201
0.172
0.167
0.169
0.172
0.159
0.177
0.170
0.173
0.166
0.125
0.171
0.174
0.173
0.164
0.175
0.168
0.173
0.169
0.158
0.162
0.174
0.170
0.157
0.174
0.172
0.168
0.176
0.160
0.168
0.188
0.172
0.159
0.175
0.173
0.177
0.174
0.160
0.167
0.175
0.122
0.174
0.168
0.160
0.168
0.174
0.170
0.168
0.172
0.156
0.162
0.169
0.178
0.174
0.170
0.169
0.166
0.187
0.168
0.160
0.168
0.165
0.173
0.163
0.163
0.172
0.172
0.172
0.134
0.175
0.176
0.170
0.171
0.165
0.174
0.170
0.170
0.134
0.172
0.168
0.166
0.167
0.161
0.171
0.169
0.166
0.153
0.169
0.173
0.171
0.170
0.162
0.170
0.174
0.168
0.147
0.170
0.164
0.169
0.175
0.162
0.172
0.125
0.164
0.153
0.193
0.170
0.165
0.168
0.162
0.167
0.176
0.172
0.174
0.169
0.167
0.167
0.125
0.161
0.163
0.175
0.184
0.154
0.198
0.178
0.154
0.165
0.156
0.176
0.173
0.160
0.168
0.127
0.163
0.168
0.173
0.168
0.169
0.169
0.172
0.169
0.167
0.169
0.167
0.169
0.156
0.170
0.190
0.176
0.168
0.165
0.165
0.172
0.171
0.161
0.170
0.173
0.179
0.168
0.163
0.168
0.159
0.169
0.132
0.124
0.175
0.176
0.172
0.165
0.122
0.166
0.173
0.132
0.168
0.169
0.194
0.167
0.165
0.184
0.195
0.173
0.129
0.169
0.178
0.174
0.176
0.166
0.167
0.168
0.169
0.124
0.168
0.171
0.171
0.166
0.162
0.171
0.174
0.178
0.148
0.167
0.174
0.172
0.166
0.166
0.170
0.169
0.182
0.168
0.169
0.169
0.167
0.167
0.162
0.175
0.169
0.175
0.170
0.167
0.182
0.171
0.172
0.166
0.167
0.168
0.162
0.125
0.160
0.173
0.173
0.167
0.166
0.169
0.169
0.177
0.169
0.165
0.180
0.168
0.176
0.162
0.168
0.172
0.173
0.169
0.170
0.176
0.167
0.169
0.166
0.171
0.170
0.175
0.169
0.160
0.169
0.170
0.173
0.387
0.174
0.177
0.171
0.170
0.164
0.170
0.167
0.169
0.130
0.172
0.165
0.174
0.168
0.165
0.173
0.172
0.168
0.136
0.169
0.164
0.170
0.169
0.163
0.174
0.167
0.169
0.159
0.168
0.164
0.123
0.165
0.166
0.170
0.167
0.170
0.150
0.171
0.167
0.169
0.168
0.160
0.170
0.172
0.172
0.194
0.173
0.164
0.134
0.180
0.159
0.164
0.175
0.174
0.171
0.166
0.168
0.168
0.167
0.159
0.170
0.168
0.168
0.169
0.163
0.167
0.173
0.170
0.163
0.170
0.168
0.168
0.169
0.162
0.167
0.174
0.168
0.201
0.169
0.170
0.174
0.169
0.160
0.167
0.168
0.166
0.160
0.174
0.167
0.169
0.172
0.171
0.123
0.170
0.169
0.159
0.175
0.168
0.169
0.173
0.159
0.170
0.168
0.166
0.164
0.169
0.180
0.183
0.174
0.161
0.171
0.183
0.172
0.161
0.175
0.170
0.169
0.179
0.166
0.167
0.169
0.168
0.135
0.171
0.173
0.165
0.168
0.162
0.167
0.170
0.174
0.136
0.170
0.174
0.171
0.176
0.162
0.168
0.171
0.164
0.171
0.175
0.167
0.171
0.171
0.160
0.183
0.168
0.168
0.169
0.172
0.167
0.168
0.170
0.120
0.176
0.168
0.174
0.173
0.170
0.173
0.160
0.176
0.156
0.175
0.176
0.126
0.167
0.170
0.198
0.176
0.179
0.162
0.173
0.169
0.169
0.148
0.199
0.171
0.167
0.183
0.157
0.172
0.166
0.167
0.173
0.164
0.171
0.170
0.176
0.165
0.167
0.176
0.175
0.172
0.160
0.167
0.170
0.175
0.169
0.168
0.167
0.173
0.175
0.168
0.172
0.167
0.159
0.164
0.169
0.169
0.162
0.169
0.158
0.168
0.169
0.125
0.133
0.172
0.176
0.166
0.165
0.164
0.167
0.169
0.161
0.135
0.172
0.175
0.175
0.159
0.174
0.178
0.164
0.174
0.157
0.173
0.171
0.171
0.208
0.163
0.173
0.167
0.166
0.174
0.171
0.169
0.169
0.167
0.162
0.169
0.164
0.173
0.164
0.167
0.166
0.167
0.167
0.167
0.167
0.168
0.173
0.167
0.183
0.170
0.164
0.174
0.168
0.172
0.207
0.176
0.168
0.162
0.176
0.168
0.165
0.163
0.184
0.123
0.106
0.170
0.160
0.174
0.173
0.168
0.165
0.168
0.169
0.165
0.163
0.160
0.169
0.166
0.170
0.165
0.169
0.167
0.169
0.169
0.177
0.170
0.175
0.170
0.159
0.168
0.164
0.174
0.164
0.166
0.159
0.166
0.121
0.135
0.168
0.172
0.170
0.170
0.164
0.178
0.163
0.160
0.160
0.170
0.165
0.168
0.172
0.160
0.161
0.171
0.174
0.134
0.166
0.168
0.161
0.169
0.167
0.171
0.174
0.167
0.147
0.122
0.169
0.170
0.175
0.164
0.166
0.168
0.184
0.170
0.167
0.170
0.129
0.170
0.168
0.169
0.202
0.170
0.133
0.165
0.128
0.174
0.199
0.160
0.167
0.172
0.160
0.176
0.168
0.126
0.162
0.172
0.163
0.167
0.170
0.161
0.172
0.160
0.165
0.169
0.166
0.161
0.169
0.176
0.173
0.169
0.172
0.167
0.173
0.168
0.164
0.171
0.173
0.168
0.163
0.165
0.173
0.173
0.166
0.168
0.166
0.168
0.167
0.125
0.158
0.126
0.175
0.167
0.160
0.171
0.168
0.160
0.166
0.160
0.175
0.170
0.174
0.164
0.204
0.170
0.164
0.183
0.162
0.175
0.166
0.170
0.164
0.171
0.188
0.168
0.175
0.164
0.174
0.175
0.174
0.141
0.168
0.173
0.160
0.164
0.157
0.163
0.174
0.176
0.164
0.176
0.175
0.167
0.173
0.159
0.167
0.175
0.172
0.169
0.180
0.172
0.171
0.169
0.165
0.167
0.168
0.160
0.168
0.166
0.173
0.125
0.172
0.159
0.171
0.170
0.173
0.174
0.160
0.126
0.170
0.171
0.160
0.169
0.176
0.160
0.131
0.164
0.164
0.173
0.170
0.165
0.168
0.171
0.173
0.168
0.167
0.177
0.168
0.170
0.166
0.177
0.210
0.171
0.172
0.166
0.161
0.170
0.171
0.165
0.172
0.167
0.172
0.167
0.170
0.160
0.171
0.173
0.128
0.168
0.169
0.174
0.214
0.165
0.179
0.177
0.169
0.138
0.171
0.170
0.168
0.169
0.202
0.122
0.165
0.171
0.130
0.167
0.170
0.167
0.178
0.161
0.171
0.168
0.169
0.142
0.169
0.178
0.167
0.170
0.158
0.162
0.177
0.171
0.134
0.169
0.204
0.172
0.168
0.161
0.169
0.169
0.170
0.170
0.172
0.171
0.177
0.170
0.166
0.171
0.172
0.171
0.167
0.165
0.169
0.169
0.165
0.164
0.172
0.167
0.169
0.168
0.158
0.174
0.169
0.168
0.166
0.168
0.168
0.170
0.168
0.163
0.166
0.164
0.165
0.139
0.190
0.168
0.172
0.168
0.161
0.161
0.167
0.172
0.162
0.171
0.171
0.176
0.169
0.165
0.176
0.179
0.166
0.147
0.174
0.175
0.167
0.160
0.156
0.171
0.167
0.174
0.136
0.172
0.166
0.170
0.167
0.163
0.171
0.170
0.167
0.162
0.167
0.178
0.169
0.170
0.161
0.166
0.169
0.175
0.138
0.172
0.174
0.173
0.163
0.160
0.166
0.168
0.174
0.153
0.165
0.170
0.175
0.174
0.165
0.174
0.170
0.122
0.173
0.167
0.123
0.174
0.172
0.161
0.175
0.128
0.173
0.170
0.167
0.173
0.172
0.168
0.190
0.171
0.169
0.177
0.145
0.175
0.169
0.174
0.169
0.165
0.170
0.167
0.171
0.140
0.170
0.172
0.170
0.126
0.163
0.171
0.168
0.174
0.177
0.159
0.165
0.169
0.172
0.164
0.175
0.168
0.167
0.173
0.162
0.173
0.167
0.175
0.169
0.170
0.167
0.173
0.174
0.159
0.175
0.173
0.203
0.169
0.169
0.124
0.172
0.169
0.159
0.175
0.168
0.172
0.162
0.146
0.166
0.169
0.162
0.165
0.173
0.160
0.202
0.167
0.169
0.168
0.179
0.168
0.165
0.170
0.171
0.166
0.150
0.170
0.164
0.172
0.169
0.166
0.174
0.168
0.168
0.169
0.172
0.166
0.172
0.167
0.157
0.172
0.174
0.166
0.167
0.174
0.208
0.168
0.164
0.160
0.165
0.168
0.165
0.175
0.162
0.124
0.166
0.161
0.160
0.169
0.168
0.176
0.167
0.123
0.168
0.172
0.122
0.163
0.177
0.168
0.169
0.169
0.163
0.170
0.173
0.170
0.157
0.168
0.169
0.172
0.167
0.176
0.167
0.169
0.175
0.165
0.169
0.167
0.160
0.174
0.158
0.170
0.169
0.168
0.155
0.169
0.169
0.171
0.175
0.165
0.160
0.169
0.163
0.131
0.175
0.176
0.166
0.170
0.157
0.172
0.174
0.171
0.136
0.169
0.174
0.171
0.164
0.173
0.187
0.176
0.165
0.158
0.201
0.169
0.164
0.124
0.199
0.167
0.159
0.169
0.135
0.131
0.161
0.173
0.156
0.165
0.157
0.170
0.122
0.168
0.129
0.172
0.118
0.182
0.122
0.172
0.199
0.162
0.164
0.169
0.172
0.168
0.174
0.163
0.175
0.170
0.169
0.167
0.161
0.169
0.168
0.172
0.174
0.173
0.167
0.168
0.172
0.166
0.171
0.180
0.171
0.163
0.173
0.172
0.164
0.173
0.161
0.167
0.168
0.173
0.164
0.172
0.175
0.169
0.165
0.171
0.165
0.122
0.164
0.161
0.178
0.170
0.164
0.165
0.160
0.173
0.174
0.168
0.156
0.172
0.172
0.173
0.196
0.170
0.172
0.167
0.175
0.165
0.168
0.168
0.206
0.168
0.161
0.172
0.164
0.176
0.131
0.170
0.167
0.170
0.172
0.162
0.164
0.178
0.175
0.138
0.168
0.170
0.168
0.168
0.165
0.175
0.170
0.163
0.148
0.168
0.162
0.168
0.166
0.169
0.200
0.167
0.168
0.172
0.167
0.174
0.167
0.172
0.161
0.123
0.128
0.174
0.175
0.174
0.167
0.159
0.171
0.163
0.173
0.174
0.169
0.173
0.164
0.169
0.163
0.170
0.156
0.169
0.177
0.171
0.120
