0.180
0.200
0.199
0.200
0.178
0.171
0.176
0.185
0.130
0.167
0.189
0.170
0.173
0.188
0.178
0.175
0.164
0.126
0.175
0.171
0.201
0.171
0.168
0.167
0.165
0.166
0.177
0.171
0.177
0.168
0.168
0.164
0.127
0.173
0.161
0.159
0.168
0.169
0.175
0.167
0.168
0.178
0.169
0.200
0.177
0.126
0.136
0.180
0.175
0.208
0.167
0.172
0.173
0.199
0.168
0.172
0.171
0.176
0.167
0.176
0.176
0.127
0.164
0.172
0.171
0.167
0.170
0.206
0.171
0.166
0.168
0.173
0.177
0.177
0.171
0.174
0.163
0.166
0.169
0.172
0.208
0.174
0.172
0.183
0.163
0.169
0.192
0.196
0.177
0.167
0.175
0.144
0.185
0.167
0.176
0.123
0.209
0.201
0.174
0.160
0.161
0.174
0.170
0.170
0.172
0.198
0.168
0.154
0.179
0.162
0.186
0.174
0.177
0.128
0.161
0.169
0.172
0.175
0.169
0.203
0.175
0.178
0.173
0.179
0.175
0.168
0.171
0.165
0.173
0.158
0.163
0.174
0.167
0.176
0.178
0.169
0.174
0.171
0.174
0.198
0.201
0.172
0.174
0.180
0.152
0.167
0.171
0.162
0.177
0.175
0.167
0.174
0.174
0.170
0.170
0.170
0.177
0.169
0.176
0.156
0.166
0.176
0.126
0.164
0.179
0.187
0.170
0.180
0.178
0.124
0.177
0.170
0.171
0.169
0.169
0.163
0.168
0.182
0.173
0.166
0.172
0.165
0.160
0.169
0.164
0.168
0.169
0.169
0.173
0.146
0.170
0.176
0.177
0.177
0.169
0.184
0.172
0.167
0.167
0.170
0.174
0.175
0.168
0.170
0.170
0.169
0.170
0.170
0.174
0.175
0.165
0.170
0.162
0.161
0.175
0.174
0.170
0.173
0.180
0.136
0.167
0.171
0.162
0.194
0.176
0.165
0.170
0.166
0.172
0.179
0.168
0.122
0.168
0.170
0.173
0.164
0.171
0.170
0.170
0.173
0.202
0.169
0.161
0.165
0.176
0.169
0.175
0.170
0.177
0.170
0.160
0.171
0.173
0.204
0.169
0.167
0.167
0.134
0.163
0.170
0.175
0.174
0.169
0.171
0.176
0.172
0.167
0.170
0.171
0.169
0.168
0.164
0.199
0.197
0.169
0.164
0.177
0.171
0.175
0.173
0.167
0.171
0.164
0.172
0.174
0.171
0.175
0.135
0.167
0.174
0.172
0.175
0.171
0.123
0.170
0.159
0.171
0.172
0.170
0.169
0.167
0.174
0.172
0.169
0.179
0.166
0.200
0.174
0.171
0.166
0.124
0.163
0.169
0.172
0.173
0.184
0.200
0.130
0.163
0.176
0.174
0.170
0.173
0.167
0.177
0.143
0.162
0.168
0.176
0.175
0.175
0.174
0.176
0.161
0.175
0.167
0.177
0.171
0.175
0.177
0.143
0.166
0.171
0.205
0.168
0.173
0.171
0.167
0.182
0.163
0.170
0.181
0.175
0.205
0.174
0.122
0.171
0.169
0.170
0.175
0.172
0.171
0.145
0.192
0.172
0.129
0.170
0.174
0.171
0.170
0.158
0.169
0.175
0.176
0.169
0.174
0.176
0.210
0.164
0.173
0.167
0.171
0.172
0.173
0.176
0.127
0.164
0.172
0.172
0.170
0.172
0.169
0.177
0.160
0.174
0.138
0.207
0.199
0.132
0.171
0.139
0.163
0.168
0.169
0.174
0.170
0.204
0.193
0.168
0.168
0.169
0.175
0.196
0.170
0.169
0.167
0.164
0.125
0.129
0.205
0.163
0.171
0.170
0.163
0.172
0.197
0.198
0.198
0.170
0.167
0.167
0.162
0.176
0.176
0.170
0.168
0.173
0.168
0.163
0.173
0.169
0.170
0.165
0.192
0.180
0.171
0.127
0.170
0.171
0.169
0.168
0.177
0.167
0.155
0.162
0.172
0.172
0.170
0.177
0.177
0.174
0.164
0.175
0.170
0.178
0.166
0.171
0.170
0.139
0.163
0.171
0.171
0.177
0.177
0.170
0.170
0.166
0.201
0.172
0.123
0.171
0.172
0.163
0.138
0.171
0.177
0.170
0.208
0.173
0.176
0.170
0.163
0.178
0.169
0.168
0.169
0.171
0.167
0.152
0.159
0.169
0.174
0.170
0.168
0.147
0.174
0.162
0.200
0.166
0.165
0.165
0.172
0.172
0.174
0.167
0.167
0.172
0.201
0.169
0.171
0.168
0.162
0.160
0.171
0.181
0.167
0.173
0.169
0.138
0.166
0.172
0.170
0.169
0.199
0.178
0.170
0.134
0.165
0.170
0.175
0.175
0.124
0.173
0.167
0.164
0.168
0.171
0.172
0.186
0.171
0.208
0.170
0.162
0.175
0.171
0.184
0.172
0.180
0.169
0.162
0.169
0.172
0.174
0.198
0.180
0.177
0.131
0.174
0.178
0.171
0.153
0.170
0.176
0.157
0.152
0.154
0.156
0.163
0.128
0.212
0.157
0.148
0.196
0.203
0.177
0.166
0.172
0.179
0.174
0.166
0.172
0.173
0.201
0.200
0.164
0.206
0.196
0.186
0.171
0.162
0.169
0.170
0.175
0.123
0.165
0.170
0.173
0.208
0.171
0.168
0.172
0.162
0.166
0.172
0.169
0.170
0.176
0.183
0.164
0.160
0.201
0.170
0.170
0.163
0.174
0.189
0.168
0.193
0.172
0.176
0.205
0.160
0.165
0.168
0.135
0.160
0.171
0.210
0.175
0.173
0.170
0.167
0.159
0.170
0.176
0.174
0.176
0.165
0.177
0.158
0.197
0.172
0.171
0.166
0.170
0.167
0.172
0.162
0.177
0.175
0.215
0.175
0.178
0.199
0.135
0.124
0.180
0.174
0.171
0.172
0.170
0.146
0.165
0.199
0.173
0.170
0.165
0.172
0.162
0.137
0.170
0.170
0.174
0.161
0.172
0.172
0.174
0.161
0.171
0.174
0.166
0.181
0.172
0.174
0.143
0.159
0.176
0.170
0.170
0.174
0.166
0.169
0.161
0.174
0.173
0.172
0.195
0.199
0.178
0.142
0.169
0.172
0.172
0.176
0.169
0.176
0.206
0.191
0.170
0.175
0.199
0.174
0.169
0.177
0.173
0.159
0.181
0.125
0.175
0.207
0.199
0.171
0.160
0.170
0.175
0.204
0.200
0.199
0.174
0.171
0.164
0.170
0.208
0.169
0.175
0.164
0.176
0.159
0.176
0.191
0.203
0.175
0.174
0.175
0.167
0.160
0.168
0.124
0.175
0.163
0.176
0.171
0.158
0.125
0.176
0.171
0.170
0.173
0.183
0.125
0.201
0.170
0.182
0.168
0.163
0.167
0.172
0.165
0.161
0.126
0.203
0.166
0.176
0.178
0.174
0.163
0.174
0.201
0.171
0.120
0.171
0.170
0.144
0.165
0.173
0.171
0.162
0.169
0.175
0.170
0.166
0.175
0.170
0.169
0.170
0.126
0.176
0.154
0.164
0.129
0.169
0.170
0.191
0.178
0.176
0.133
0.170
0.168
0.177
0.202
0.201
0.171
0.143
0.162
0.179
0.163
0.169
0.175
0.171
0.174
0.194
0.124
0.171
0.159
0.175
0.173
0.171
0.171
0.167
0.170
0.199
0.169
0.177
0.180
0.178
0.162
0.163
0.176
0.131
0.167
0.203
0.124
0.174
0.165
0.170
0.148
0.168
0.170
0.171
0.200
0.194
0.162
0.168
0.172
0.174
0.173
0.170
0.168
0.167
0.171
0.206
0.169
0.172
0.199
0.175
0.169
0.166
0.174
0.181
0.168
0.206
0.169
0.170
0.169
0.177
0.172
0.164
0.168
0.174
0.173
0.197
0.162
0.176
0.210
0.172
0.165
0.181
0.172
0.170
0.169
0.177
0.164
0.157
0.204
0.170
0.131
0.168
0.171
0.182
0.182
0.203
0.172
0.172
0.123
0.169
0.189
0.174
0.167
0.170
0.173
0.191
0.165
0.170
0.160
0.177
0.180
0.173
0.167
0.167
0.205
0.163
0.158
0.170
0.167
0.175
0.153
0.191
0.200
0.174
0.179
0.175
0.169
0.170
0.165
0.171
0.167
0.199
0.201
0.172
0.169
0.167
0.170
0.174
0.170
0.166
0.172
0.176
0.165
0.166
0.162
0.176
0.175
0.170
0.171
0.177
0.172
0.169
0.178
0.177
0.165
0.177
0.170
0.166
0.193
0.156
0.126
0.172
0.168
0.167
0.170
0.392
0.176
0.185
0.190
0.173
0.323
0.184
0.221
0.157
0.167
0.410
0.173
0.173
0.193
0.180
0.157
0.163
0.186
0.171
0.169
0.174
0.170
0.175
0.161
0.181
0.179
0.204
0.201
0.171
0.174
0.171
0.170
0.168
0.176
0.170
0.170
0.174
0.198
0.135
0.158
0.177
0.170
0.177
0.170
0.179
0.165
0.195
0.203
0.172
0.175
0.192
0.173
0.192
0.135
0.168
0.206
0.212
0.155
0.174
0.175
0.203
0.166
0.130
0.176
0.172
0.200
0.195
0.202
0.176
0.166
0.187
0.173
0.172
0.170
0.169
0.170
0.158
0.169
0.174
0.172
0.171
0.133
0.171
0.171
0.168
0.173
0.168
0.173
0.166
0.175
0.172
0.162
0.188
0.191
0.171
0.175
0.171
0.171
0.170
0.135
0.174
0.160
0.175
0.193
0.177
0.170
0.162
0.175
0.170
0.172
0.175
0.169
0.169
0.167
0.167
0.172
0.173
0.204
0.169
0.121
0.165
0.135
0.162
0.170
0.173
0.167
0.168
0.174
0.171
0.161
0.169
0.170
0.175
0.168
0.181
0.170
0.155
0.162
0.170
0.164
0.172
0.177
0.179
0.177
0.163
0.175
0.177
0.171
0.173
0.172
0.179
0.148
0.161
0.169
0.171
0.176
0.178
0.171
0.171
0.163
0.202
0.171
0.168
0.169
0.177
0.165
0.178
0.162
0.178
0.171
0.190
0.172
0.170
0.172
0.162
0.165
0.172
0.176
0.129
0.174
0.196
0.126
0.164
0.190
0.177
0.167
0.170
0.172
0.175
0.192
0.205
0.173
0.169
0.176
0.163
0.168
0.177
0.159
0.176
0.178
0.171
0.170
0.156
0.169
0.164
0.168
0.123
0.175
0.173
0.169
0.175
0.170
0.166
0.170
0.170
0.170
0.174
0.170
0.175
0.137
0.167
0.170
0.193
0.178
0.172
0.170
0.176
0.161
0.173
0.169
0.174
0.170
0.198
0.201
0.136
0.160
0.220
0.176
0.162
0.170
0.172
0.170
0.166
0.124
0.173
0.173
0.178
0.177
0.180
0.165
0.167
0.170
0.174
0.174
0.171
0.175
0.171
0.162
0.172
0.174
0.203
0.173
0.167
0.169
0.167
0.189
0.203
0.206
0.175
0.175
0.174
0.170
0.168
0.161
0.172
0.171
0.173
0.177
0.171
0.155
0.199
0.173
0.169
0.161
0.177
0.170
0.207
0.157
0.173
0.166
0.171
0.175
0.169
0.185
0.169
0.161
0.172
0.167
0.176
0.176
0.169
0.180
0.164
0.204
0.178
0.125
0.166
0.204
0.182
0.176
0.159
0.170
0.168
0.198
0.170
0.180
0.162
0.134
0.165
0.169
0.173
0.175
0.168
0.160
0.165
0.164
0.179
0.192
0.166
0.170
0.172
0.179
0.139
0.167
0.171
0.178
0.202
0.202
0.174
0.168
0.162
0.173
0.173
0.172
0.171
0.175
0.205
0.197
0.164
0.167
0.171
0.170
0.171
0.166
0.171
0.190
0.204
0.199
0.172
0.181
0.213
0.172
0.151
0.165
0.177
0.201
0.200
0.155
0.179
0.190
0.174
0.166
0.172
0.172
0.174
0.176
0.202
0.196
0.161
0.169
0.172
0.163
0.179
0.168
0.178
0.165
0.167
0.177
0.174
0.213
0.197
0.164
0.168
0.165
0.172
0.172
0.212
0.170
0.162
0.163
0.163
0.163
0.166
0.172
0.177
0.165
0.170
0.135
0.165
0.178
0.168
0.455
0.205
0.167
0.179
0.169
0.161
0.164
0.170
0.180
0.171
0.175
0.189
0.183
0.168
0.160
0.169
0.172
0.170
0.138
0.170
0.154
0.197
0.199
0.131
0.169
0.175
0.168
0.170
0.136
0.161
0.175
0.174
0.169
0.172
0.172
0.197
0.193
0.127
0.171
0.171
0.172
0.164
0.171
0.137
0.160
0.199
0.199
0.174
0.183
0.171
0.174
0.158
0.128
0.126
0.174
0.169
0.164
0.174
0.144
0.166
0.174
0.168
0.171
0.169
0.176
0.173
0.163
0.162
0.170
0.169
0.171
0.172
0.170
0.172
0.173
0.170
0.136
0.171
0.167
0.198
0.172
0.167
0.180
0.171
0.170
0.171
0.124
0.171
0.163
0.198
0.175
0.168
0.127
0.175
0.171
0.129
0.166
0.164
0.175
0.126
0.173
0.184
0.185
0.177
0.161
0.173
0.173
0.169
0.187
0.179
0.174
0.151
0.167
0.177
0.175
0.123
0.168
0.175
0.162
0.168
0.178
0.176
0.172
0.169
0.175
0.171
0.190
0.160
0.174
0.126
0.162
0.163
0.170
0.173
0.165
0.177
0.182
0.171
0.173
0.200
0.164
0.150
0.161
0.171
0.171
0.192
0.198
0.171
0.176
0.160
0.170
0.169
0.176
0.178
0.171
0.180
0.138
0.163
0.175
0.207
0.171
0.123
0.182
0.176
0.161
0.180
0.126
0.171
0.169
0.200
0.175
0.129
0.183
0.172
0.175
0.169
0.168
0.172
0.179
0.126
0.167
0.171
0.175
0.126
0.193
0.169
0.149
0.163
0.203
0.201
0.171
0.183
0.188
0.175
0.167
0.163
0.172
0.174
0.167
0.173
0.174
0.173
0.172
0.163
0.166
0.166
0.166
0.164
0.165
0.140
0.176
0.172
0.205
0.178
0.168
0.173
0.175
0.164
0.168
0.168
0.171
0.203
0.203
0.125
0.169
0.160
0.170
0.170
0.180
0.173
0.176
0.167
0.163
0.177
0.161
0.173
0.172
0.179
0.169
0.143
0.168
0.171
0.170
0.172
0.183
0.181
0.167
0.170
0.169
0.202
0.162
0.170
0.198
0.173
0.136
0.161
0.173
0.175
0.170
0.170
0.170
0.169
0.162
0.128
0.168
0.172
0.172
0.176
0.179
0.196
0.163
0.174
0.171
0.174
0.171
0.169
0.168
0.164
0.170
0.174
0.172
0.178
0.171
0.175
0.166
0.127
0.173
0.170
0.173
0.127
0.174
0.162
0.162
0.165
0.170
0.171
0.172
0.175
0.174
0.170
0.164
0.169
0.169
0.173
0.179
0.161
0.203
0.169
0.159
0.169
0.176
0.161
0.191
0.164
0.166
0.159
0.167
0.172
0.170
0.174
0.171
0.177
0.133
0.162
0.171
0.178
0.200
0.173
0.169
0.170
0.163
0.198
0.199
0.174
0.171
0.169
0.194
0.136
0.164
0.170
0.167
0.175
0.168
0.186
0.172
0.196
0.198
0.125
0.181
0.208
0.171
0.173
0.149
0.172
0.164
0.193
0.202
0.174
0.169
0.169
0.164
0.172
0.173
0.174
0.177
0.173
0.171
0.163
0.190
0.201
0.175
0.129
0.176
0.172
0.155
0.165
0.172
0.179
0.170
0.183
0.170
0.171
0.153
0.152
0.149
0.173
0.170
0.169
0.174
0.172
0.170
0.169
0.170
0.174
0.172
0.172
0.180
0.163
0.191
0.201
0.171
0.174
0.179
0.171
0.173
0.163
0.171
0.170
0.180
0.127
0.177
0.167
0.165
0.167
0.176
0.176
0.182
0.175
0.168
0.167
0.161
0.165
0.176
0.169
0.171
0.169
0.158
0.174
0.167
0.172
0.174
0.174
0.176
0.178
0.167
0.167
0.202
0.171
0.174
0.170
0.177
0.175
0.173
0.172
0.174
0.168
0.176
0.169
0.166
0.184
0.161
0.162
0.169
0.171
0.172
0.204
0.203
0.177
0.167
0.169
0.166
0.172
0.173
0.173
0.172
0.136
0.168
0.176
0.170
0.198
0.175
0.120
0.173
0.163
0.176
0.168
0.166
0.178
0.194
0.199
0.165
0.163
0.172
0.170
0.173
0.171
0.175
0.176
0.161
0.169
0.175
0.172
0.170
0.175
0.169
0.173
0.128
0.175
0.171
0.176
0.174
0.174
0.169
0.161
0.163
0.178
0.167
0.176
0.165
0.174
0.172
0.167
0.176
0.176
0.170
0.169
0.172
0.173
0.159
0.160
0.169
0.173
0.211
0.171
0.175
0.131
0.165
0.173
0.174
0.161
0.180
0.177
0.199
0.127
0.166
0.171
0.175
0.175
0.173
0.170
0.148
0.192
0.199
0.177
0.167
0.176
0.170
0.177
0.135
0.165
0.173
0.176
0.167
0.172
0.164
0.134
0.161
0.172
0.168
0.169
0.173
0.176
0.162
0.162
0.164
0.168
0.168
0.176
0.181
0.217
0.170
0.162
0.172
0.173
0.127
0.169
0.176
0.176
0.131
0.158
0.173
0.173
0.170
0.167
0.198
0.199
0.195
0.162
0.172
0.194
0.170
0.187
0.172
0.130
0.167
0.126
0.177
0.171
0.171
0.180
0.173
0.172
0.484
0.172
0.172
0.180
0.167
0.177
0.176
