0.233
0.199
0.191
0.190
0.197
0.166
0.168
0.150
0.183
0.164
0.163
0.157
0.173
0.201
0.162
0.165
0.158
0.164
0.130
0.156
0.161
0.152
0.164
0.161
0.168
0.157
0.162
0.170
0.162
0.118
0.167
0.156
0.159
0.173
0.167
0.174
0.167
0.168
0.179
0.165
0.162
0.163
0.158
0.163
0.171
0.164
0.164
0.167
0.184
0.166
0.160
0.158
0.125
0.156
0.163
0.168
0.153
0.161
0.167
0.154
0.170
0.161
0.160
0.124
0.162
0.157
0.165
0.160
0.165
0.161
0.161
0.173
0.171
0.169
0.168
0.154
0.161
0.163
0.165
0.164
0.170
0.163
0.161
0.159
0.167
0.166
0.151
0.160
0.140
0.163
0.166
0.160
0.172
0.175
0.163
0.167
0.167
0.152
0.155
0.159
0.164
0.163
0.164
0.178
0.168
0.161
0.183
0.165
0.211
0.161
0.154
0.168
0.162
0.165
0.166
0.169
0.160
0.161
0.161
0.155
0.158
0.160
0.166
0.160
0.162
0.164
0.163
0.160
0.186
0.165
0.169
0.125
0.156
0.166
0.163
0.161
0.151
0.159
0.171
0.161
0.156
0.165
0.160
0.119
0.158
0.166
0.164
0.165
0.161
0.162
0.166
0.161
0.154
0.168
0.159
0.157
0.164
0.159
0.159
0.169
0.163
0.168
0.174
0.175
0.163
0.129
0.156
0.166
0.169
0.163
0.161
0.165
0.163
0.167
0.168
0.194
0.133
0.157
0.166
0.167
0.166
0.190
0.162
0.214
0.165
0.166
0.165
0.158
0.183
0.156
0.161
0.160
0.164
0.159
0.162
0.165
0.176
0.155
0.168
0.155
0.157
0.162
0.166
0.162
0.166
0.163
0.164
0.163
0.206
0.147
0.128
0.158
0.164
0.194
0.166
0.152
0.168
0.167
0.172
0.163
0.165
0.163
0.158
0.158
0.163
0.164
0.169
0.159
0.211
0.155
0.160
0.164
0.164
0.126
0.167
0.164
0.162
0.166
0.160
0.163
0.167
0.164
0.166
0.178
0.137
0.160
0.158
0.159
0.165
0.168
0.163
0.167
0.172
0.154
0.161
0.164
0.157
0.153
0.163
0.162
0.167
0.161
0.162
0.177
0.168
0.166
0.163
0.154
0.151
0.163
0.170
0.151
0.162
0.183
0.167
0.165
0.164
0.162
0.128
0.162
0.163
0.160
0.169
0.164
0.162
0.164
0.179
0.160
0.186
0.164
0.152
0.155
0.165
0.163
0.173
0.168
0.185
0.160
0.160
0.163
0.165
0.152
0.152
0.173
0.165
0.156
0.163
0.164
0.179
0.166
0.162
0.163
0.129
0.153
0.163
0.166
0.162
0.166
0.164
0.168
0.160
0.164
0.165
0.158
0.160
0.159
0.160
0.164
0.165
0.164
0.166
0.152
0.169
0.159
0.167
0.155
0.150
0.162
0.181
0.167
0.118
0.160
0.164
0.164
0.161
0.155
0.152
0.158
0.183
0.124
0.152
0.160
0.171
0.169
0.163
0.163
0.161
0.153
0.152
0.156
0.166
0.160
0.164
0.159
0.159
0.154
0.180
0.164
0.191
0.160
0.153
0.165
0.169
0.165
0.167
0.163
0.178
0.167
0.168
0.163
0.152
0.154
0.163
0.159
0.166
0.162
0.173
0.159
0.159
0.172
0.164
0.133
0.151
0.161
0.166
0.168
0.158
0.163
0.175
0.167
0.163
0.164
0.142
0.151
0.155
0.160
0.167
0.165
0.173
0.164
0.160
0.179
0.117
0.183
0.163
0.154
0.166
0.165
0.166
0.149
0.172
0.200
0.191
0.192
0.168
0.162
0.157
0.161
0.167
0.164
0.164
0.159
0.167
0.171
0.163
0.166
0.135
0.152
0.156
0.163
0.169
0.164
0.169
0.154
0.166
0.163
0.159
0.161
0.156
0.160
0.166
0.161
0.181
0.167
0.162
0.162
0.161
0.165
0.164
0.131
0.155
0.164
0.196
0.191
0.158
0.163
0.177
0.161
0.180
0.171
0.128
0.152
0.152
0.161
0.166
0.161
0.154
0.156
0.160
0.166
0.168
0.162
0.152
0.152
0.164
0.163
0.168
0.164
0.164
0.168
0.163
0.162
0.169
0.158
0.155
0.116
0.165
0.151
0.172
0.168
0.163
0.160
0.168
0.171
0.162
0.160
0.170
0.166
0.163
0.173
0.125
0.177
0.183
0.161
0.166
0.164
0.156
0.156
0.161
0.164
0.165
0.163
0.170
0.163
0.162
0.170
0.161
0.153
0.156
0.163
0.167
0.163
0.162
0.164
0.157
0.168
0.162
0.173
0.153
0.156
0.165
0.165
0.161
0.161
0.166
0.166
0.204
0.162
0.157
0.154
0.183
0.192
0.194
0.188
0.166
0.117
0.161
0.119
0.182
0.165
0.164
0.159
0.154
0.166
0.168
0.179
0.166
0.163
0.174
0.156
0.173
0.162
0.150
0.157
0.166
0.164
0.183
0.169
0.174
0.168
0.166
0.166
0.164
0.154
0.155
0.161
0.157
0.166
0.158
0.159
0.163
0.113
0.165
0.160
0.171
0.163
0.155
0.164
0.156
0.165
0.168
0.150
0.165
0.176
0.162
0.161
0.160
0.153
0.174
0.162
0.162
0.162
0.171
0.174
0.155
0.164
0.160
0.138
0.162
0.159
0.166
0.164
0.171
0.164
0.172
0.164
0.161
0.161
0.163
0.161
0.163
0.171
0.161
0.191
0.170
0.163
0.180
0.166
0.175
0.162
0.161
0.157
0.170
0.168
0.165
0.163
0.159
0.153
0.177
0.164
0.161
0.128
0.156
0.158
0.172
0.164
0.160
0.167
0.165
0.162
0.169
0.160
0.141
0.150
0.154
0.162
0.175
0.165
0.132
0.166
0.161
0.180
0.163
0.176
0.160
0.153
0.166
0.184
0.170
0.163
0.167
0.186
0.164
0.161
0.167
0.155
0.153
0.165
0.160
0.164
0.171
0.162
0.166
0.175
0.163
0.155
0.129
0.158
0.152
0.168
0.155
0.153
0.166
0.178
0.164
0.168
0.161
0.166
0.162
0.161
0.162
0.164
0.162
0.181
0.165
0.162
0.163
0.159
0.167
0.153
0.159
0.159
0.162
0.159
0.162
0.161
0.167
0.156
0.166
0.161
0.132
0.155
0.161
0.166
0.158
0.174
0.162
0.164
0.169
0.159
0.165
0.160
0.150
0.157
0.171
0.162
0.163
0.159
0.156
0.161
0.186
0.164
0.176
0.161
0.156
0.162
0.162
0.160
0.159
0.163
0.169
0.203
0.182
0.168
0.130
0.160
0.166
0.166
0.163
0.166
0.162
0.161
0.161
0.180
0.170
0.155
0.153
0.157
0.165
0.165
0.167
0.160
0.164
0.186
0.162
0.168
0.174
0.157
0.176
0.165
0.161
0.166
0.169
0.156
0.167
0.164
0.174
0.162
0.168
0.153
0.165
0.160
0.160
0.159
0.165
0.163
0.172
0.185
0.172
0.135
0.162
0.159
0.153
0.156
0.166
0.162
0.155
0.153
0.159
0.163
0.160
0.157
0.160
0.173
0.167
0.162
0.166
0.153
0.174
0.170
0.163
0.159
0.156
0.156
0.171
0.163
0.162
0.161
0.172
0.167
0.164
0.161
0.153
0.142
0.120
0.152
0.164
0.161
0.161
0.163
0.162
0.159
0.167
0.182
0.161
0.153
0.154
0.166
0.172
0.166
0.165
0.164
0.155
0.178
0.172
0.169
0.157
0.156
0.166
0.164
0.163
0.167
0.162
0.164
0.163
0.161
0.163
0.128
0.154
0.163
0.166
0.159
0.119
0.160
0.153
0.161
0.162
0.175
0.147
0.159
0.161
0.160
0.164
0.164
0.166
0.155
0.166
0.162
0.171
0.161
0.164
0.151
0.166
0.161
0.163
0.165
0.164
0.165
0.170
0.161
0.168
0.157
0.163
0.167
0.167
0.160
0.159
0.163
0.165
0.163
0.163
0.160
0.139
0.152
0.158
0.161
0.162
0.164
0.166
0.164
0.166
0.179
0.165
0.168
0.154
0.158
0.170
0.161
0.165
0.164
0.162
0.166
0.167
0.163
0.161
0.160
0.152
0.166
0.159
0.155
0.161
0.161
0.171
0.161
0.166
0.164
0.125
0.152
0.157
0.161
0.167
0.160
0.162
0.167
0.119
0.168
0.163
0.165
0.154
0.155
0.164
0.168
0.164
0.161
0.162
0.163
0.176
0.162
0.169
0.160
0.160
0.161
0.160
0.165
0.158
0.164
0.160
0.171
0.167
0.164
0.136
0.157
0.162
0.191
0.164
0.159
0.168
0.169
0.179
0.167
0.163
0.160
0.156
0.154
0.166
0.161
0.174
0.160
0.168
0.169
0.163
0.175
0.162
0.171
0.164
0.168
0.158
0.161
0.164
0.162
0.171
0.163
0.168
0.172
0.132
0.167
0.122
0.161
0.162
0.162
0.162
0.185
0.155
0.173
0.166
0.154
0.156
0.156
0.168
0.163
0.156
0.159
0.168
0.166
0.170
0.162
0.160
0.157
0.153
0.168
0.167
0.166
0.169
0.158
0.163
0.153
0.161
0.167
0.151
0.155
0.165
0.164
0.163
0.150
0.166
0.167
0.173
0.161
0.159
0.153
0.179
0.167
0.172
0.160
0.172
0.169
0.160
0.162
0.159
0.159
0.165
0.157
0.153
0.159
0.163
0.163
0.163
0.118
0.165
0.163
0.165
0.159
0.162
0.158
0.166
0.161
0.167
0.166
0.170
0.165
0.162
0.179
0.160
0.154
0.158
0.154
0.159
0.166
0.180
0.170
0.171
0.164
0.163
0.163
0.163
0.153
0.156
0.168
0.164
0.155
0.160
0.166
0.173
0.159
0.165
0.163
0.151
0.158
0.164
0.169
0.163
0.160
0.159
0.160
0.171
0.160
0.160
0.125
0.156
0.171
0.173
0.163
0.149
0.161
0.162
0.166
0.168
0.168
0.132
0.156
0.168
0.118
0.168
0.175
0.162
0.169
0.180
0.166
0.178
0.163
0.152
0.157
0.162
0.161
0.167
0.170
0.161
0.163
0.161
0.169
0.170
0.129
0.158
0.174
0.163
0.162
0.163
0.162
0.165
0.163
0.160
0.164
0.139
0.153
0.154
0.162
0.152
0.166
0.175
0.163
0.162
0.162
0.168
0.177
0.162
0.162
0.158
0.165
0.165
0.162
0.166
0.172
0.160
0.167
0.166
0.157
0.161
0.161
0.167
0.122
0.163
0.165
0.170
0.174
0.167
0.162
0.147
0.156
0.164
0.167
0.167
0.160
0.162
0.163
0.143
0.161
0.186
0.161
0.151
0.160
0.157
0.163
0.160
0.163
0.162
0.171
0.167
0.165
0.160
0.135
0.155
0.160
0.165
0.161
0.168
0.165
0.160
0.160
0.164
0.168
0.124
0.158
0.163
0.165
0.157
0.164
0.162
0.162
0.165
0.165
0.161
0.158
0.167
0.119
0.166
0.166
0.166
0.164
0.175
0.168
0.168
0.118
0.193
0.166
0.159
0.162
0.173
0.159
0.165
0.173
0.165
0.186
0.180
0.196
0.138
0.155
0.167
0.161
0.187
0.162
0.165
0.163
0.161
0.162
0.168
0.135
0.163
0.158
0.169
0.163
0.160
0.160
0.166
0.164
0.168
0.161
0.172
0.152
0.163
0.163
0.163
0.115
0.159
0.160
0.167
0.185
0.169
0.159
0.150
0.163
0.169
0.165
0.161
0.160
0.163
0.163
0.159
0.171
0.198
0.128
0.155
0.118
0.176
0.180
0.149
0.160
0.158
0.160
0.176
0.169
0.151
0.151
0.158
0.159
0.170
0.153
0.167
0.164
0.208
0.168
0.165
0.164
0.150
0.152
0.167
0.163
0.169
0.166
0.168
0.163
0.171
0.204
0.176
0.128
0.155
0.156
0.159
0.163
0.174
0.122
0.165
0.163
0.156
0.167
0.167
0.156
0.154
0.161
0.161
0.163
0.164
0.166
0.168
0.179
0.163
0.170
0.157
0.161
0.159
0.164
0.164
0.165
0.166
0.159
0.163
0.168
0.161
0.129
0.156
0.164
0.167
0.151
0.160
0.163
0.166
0.163
0.183
0.160
0.132
0.156
0.160
0.159
0.161
0.159
0.168
0.163
0.170
0.166
0.198
0.161
0.118
0.152
0.164
0.162
0.166
0.166
0.120
0.161
0.172
0.167
0.163
0.151
0.154
0.175
0.166
0.161
0.165
0.163
0.163
0.164
0.164
0.170
0.141
0.168
0.160
0.164
0.179
0.167
0.202
0.155
0.161
0.208
0.184
0.204
0.159
0.157
0.161
0.161
0.178
0.168
0.172
0.180
0.160
0.154
0.171
0.156
0.158
0.160
0.175
0.163
0.164
0.159
0.160
0.166
0.161
0.163
0.147
0.156
0.152
0.167
0.160
0.159
0.170
0.162
0.154
0.165
0.191
0.187
0.189
0.163
0.162
0.164
0.160
0.167
0.175
0.167
0.160
0.182
0.199
0.154
0.159
0.161
0.162
0.163
0.165
0.168
0.170
0.163
0.175
0.162
0.131
0.158
0.171
0.177
0.163
0.163
0.160
0.166
0.209
0.164
0.167
0.164
0.158
0.199
0.178
0.167
0.115
0.165
0.181
0.164
0.174
0.181
0.162
0.155
0.158
0.165
0.163
0.151
0.163
0.164
0.164
0.177
0.169
0.165
0.129
0.161
0.160
0.161
0.172
0.169
0.161
0.160
0.158
0.169
0.166
0.133
0.153
0.157
0.161
0.163
0.164
0.170
0.163
0.177
0.169
0.162
0.172
0.189
0.153
0.169
0.167
0.162
0.173
0.203
0.167
0.165
0.180
0.170
0.170
0.168
0.164
0.159
0.163
0.181
0.171
0.169
0.162
0.167
0.165
0.130
0.163
0.157
0.160
0.170
0.168
0.189
0.177
0.152
0.213
0.163
0.160
0.154
0.160
0.169
0.163
0.161
0.159
0.158
0.170
0.162
0.163
0.162
0.160
0.158
0.170
0.160
0.163
0.160
0.164
0.162
0.171
0.158
0.159
0.125
0.156
0.165
0.165
0.162
0.155
0.162
0.163
0.163
0.169
0.160
0.169
0.155
0.152
0.162
0.167
0.163
0.163
0.164
0.168
0.117
0.128
0.166
0.152
0.152
0.184
0.164
0.170
0.160
0.160
0.185
0.163
0.161
0.181
0.126
0.156
0.162
0.163
0.160
0.163
0.160
0.162
0.161
0.165
0.169
0.136
0.155
0.152
0.160
0.159
0.159
0.168
0.154
0.181
0.181
0.193
0.163
0.157
0.161
0.166
0.177
0.162
0.162
0.163
0.168
0.181
0.162
0.164
0.143
0.158
0.167
0.119
0.169
0.167
0.164
0.166
0.167
0.162
0.151
0.138
0.170
0.159
0.169
0.161
0.168
0.174
0.157
0.169
0.156
0.166
0.163
0.160
0.117
0.162
0.161
0.166
0.166
0.167
0.168
0.165
0.160
0.168
0.128
0.153
0.164
0.180
0.166
0.164
0.159
0.162
0.161
0.172
0.168
0.152
0.160
0.155
0.163
0.167
0.167
0.161
0.159
0.153
0.162
0.207
0.169
0.200
0.155
0.102
0.115
0.120
0.160
0.167
0.162
0.162
0.160
0.169
0.128
0.153
0.161
0.159
0.166
0.171
0.160
0.158
0.163
0.208
0.162
0.133
0.193
0.159
0.186
0.163
0.163
0.160
0.162
0.164
0.168
0.164
0.158
0.163
0.151
0.161
0.161
0.158
0.163
0.166
0.172
0.191
0.190
0.178
0.157
0.167
0.164
0.164
0.159
0.173
0.163
0.166
0.165
0.160
0.202
0.126
0.156
0.172
0.168
0.192
0.163
0.169
0.163
0.159
0.174
0.171
0.139
0.150
0.161
0.201
0.163
0.155
0.159
0.164
0.170
0.171
0.164
0.159
0.152
0.154
0.163
0.177
0.167
0.160
0.164
0.162
0.164
0.185
0.166
0.152
0.155
0.168
0.165
0.167
0.198
0.167
0.161
0.159
0.172
0.122
0.152
0.151
0.156
0.167
0.175
0.170
0.169
0.160
0.164
0.160
0.166
0.171
0.149
0.160
0.164
0.166
0.169
0.168
0.160
0.159
0.162
0.162
0.160
0.164
0.151
0.162
0.167
0.165
0.164
0.187
0.168
0.163
0.173
0.165
0.128
0.158
0.163
0.175
0.161
0.181
0.166
0.168
0.162
0.125
0.177
0.160
0.163
0.157
0.161
0.170
0.163
0.161
0.162
0.160
0.159
0.165
0.159
0.153
0.169
0.187
0.194
0.118
0.159
0.163
0.160
0.165
0.163
0.159
0.151
0.152
0.161
0.165
0.179
0.159
0.151
0.163
0.167
0.210
0.159
0.127
0.157
0.163
0.165
0.160
0.165
0.163
0.172
0.169
0.163
0.187
0.165
0.155
0.151
0.160
0.161
0.158
0.163
0.166
0.162
0.203
0.169
0.164
0.124
0.160
0.170
0.166
0.164
0.163
0.165
0.159
0.163
0.172
0.202
0.154
0.148
0.153
0.165
0.164
0.170
0.169
0.162
0.163
0.173
0.166
0.204
0.164
0.159
0.163
0.160
0.159
0.162
0.167
0.168
0.163
0.173
0.117
0.153
0.158
0.160
0.176
0.165
0.160
0.161
0.168
0.118
0.164
0.168
0.140
0.160
0.159
0.164
