0.214
0.198
0.175
0.127
0.166
0.177
0.164
0.174
0.172
0.171
0.166
0.174
0.175
0.164
0.172
0.169
0.179
0.175
0.129
0.173
0.164
0.174
0.167
0.171
0.175
0.171
0.165
0.174
0.180
0.173
0.177
0.163
0.173
0.170
0.172
0.172
0.173
0.171
0.165
0.171
0.140
0.176
0.176
0.180
0.173
0.180
0.177
0.164
0.174
0.126
0.177
0.175
0.172
0.172
0.172
0.175
0.166
0.171
0.178
0.170
0.180
0.175
0.166
0.173
0.181
0.174
0.178
0.174
0.172
0.176
0.171
0.170
0.166
0.164
0.166
0.175
0.177
0.173
0.175
0.170
0.129
0.161
0.175
0.162
0.178
0.175
0.171
0.172
0.174
0.173
0.169
0.173
0.151
0.167
0.172
0.172
0.172
0.175
0.170
0.163
0.174
0.152
0.164
0.171
0.177
0.170
0.172
0.169
0.164
0.173
0.169
0.125
0.178
0.173
0.175
0.169
0.171
0.161
0.163
0.170
0.174
0.173
0.181
0.179
0.163
0.172
0.165
0.170
0.183
0.174
0.178
0.168
0.175
0.162
0.182
0.155
0.176
0.176
0.171
0.171
0.174
0.175
0.127
0.171
0.136
0.173
0.171
0.169
0.177
0.175
0.172
0.167
0.177
0.170
0.171
0.161
0.172
0.169
0.177
0.173
0.170
0.174
0.175
0.170
0.175
0.178
0.174
0.163
0.173
0.168
0.176
0.172
0.177
0.127
0.171
0.170
0.169
0.177
0.164
0.174
0.175
0.176
0.172
0.177
0.175
0.165
0.174
0.134
0.146
0.172
0.174
0.172
0.173
0.174
0.164
0.170
0.164
0.171
0.172
0.170
0.178
0.171
0.179
0.163
0.127
0.153
0.165
0.174
0.174
0.169
0.167
0.170
0.169
0.173
0.138
0.127
0.172
0.170
0.171
0.163
0.172
0.164
0.179
0.175
0.172
0.172
0.174
0.177
0.164
0.171
0.193
0.183
0.172
0.179
0.171
0.125
0.172
0.167
0.177
0.138
0.173
0.174
0.171
0.177
0.173
0.176
0.174
0.176
0.158
0.177
0.173
0.179
0.174
0.176
0.172
0.164
0.170
0.172
0.163
0.164
0.170
0.176
0.172
0.175
0.171
0.174
0.126
0.171
0.170
0.180
0.174
0.163
0.171
0.172
0.170
0.173
0.173
0.177
0.170
0.172
0.166
0.165
0.162
0.173
0.172
0.174
0.171
0.176
0.168
0.167
0.171
0.162
0.170
0.178
0.170
0.174
0.173
0.127
0.168
0.176
0.136
0.174
0.175
0.177
0.178
0.177
0.175
0.165
0.130
0.178
0.169
0.173
0.172
0.177
0.172
0.175
0.164
0.173
0.179
0.176
0.173
0.172
0.171
0.172
0.170
0.167
0.171
0.171
0.128
0.175
0.172
0.173
0.167
0.173
0.162
0.177
0.170
0.174
0.171
0.180
0.170
0.167
0.168
0.154
0.170
0.174
0.176
0.172
0.169
0.172
0.163
0.188
0.137
0.172
0.176
0.175
0.163
0.175
0.171
0.127
0.172
0.176
0.169
0.178
0.174
0.172
0.172
0.176
0.164
0.131
0.171
0.178
0.169
0.174
0.170
0.167
0.175
0.164
0.175
0.171
0.172
0.175
0.176
0.163
0.164
0.173
0.166
0.171
0.172
0.178
0.127
0.173
0.166
0.169
0.173
0.129
0.180
0.173
0.175
0.173
0.171
0.176
0.166
0.175
0.147
0.174
0.176
0.175
0.177
0.188
0.171
0.169
0.168
0.175
0.174
0.171
0.169
0.175
0.173
0.179
0.177
0.128
0.171
0.173
0.170
0.178
0.168
0.164
0.170
0.165
0.170
0.171
0.176
0.181
0.163
0.177
0.162
0.173
0.167
0.172
0.171
0.179
0.169
0.171
0.181
0.163
0.175
0.139
0.171
0.174
0.173
0.165
0.126
0.173
0.169
0.178
0.162
0.172
0.176
0.177
0.174
0.174
0.174
0.165
0.169
0.172
0.170
0.177
0.171
0.180
0.169
0.157
0.147
0.152
0.170
0.174
0.172
0.171
0.175
0.163
0.163
0.171
0.170
0.127
0.170
0.178
0.169
0.184
0.167
0.177
0.162
0.172
0.176
0.182
0.171
0.171
0.180
0.166
0.175
0.150
0.177
0.172
0.171
0.172
0.177
0.177
0.170
0.183
0.166
0.172
0.133
0.171
0.171
0.172
0.125
0.164
0.171
0.172
0.171
0.176
0.171
0.163
0.162
0.172
0.161
0.178
0.171
0.172
0.169
0.129
0.124
0.172
0.177
0.169
0.170
0.171
0.173
0.175
0.177
0.173
0.166
0.172
0.137
0.174
0.170
0.129
0.129
0.172
0.169
0.167
0.172
0.143
0.170
0.174
0.174
0.181
0.173
0.172
0.163
0.171
0.161
0.172
0.176
0.172
0.170
0.176
0.166
0.169
0.173
0.176
0.177
0.177
0.173
0.177
0.165
0.171
0.125
0.173
0.174
0.175
0.171
0.177
0.170
0.165
0.163
0.168
0.170
0.167
0.172
0.178
0.175
0.185
0.162
0.188
0.136
0.171
0.176
0.173
0.172
0.179
0.177
0.166
0.179
0.135
0.174
0.174
0.174
0.130
0.171
0.174
0.166
0.181
0.173
0.176
0.173
0.171
0.173
0.164
0.179
0.132
0.171
0.171
0.175
0.171
0.172
0.170
0.171
0.172
0.164
0.177
0.169
0.175
0.167
0.166
0.177
0.164
0.174
0.165
0.129
0.177
0.168
0.175
0.170
0.178
0.168
0.179
0.137
0.172
0.175
0.174
0.169
0.178
0.170
0.168
0.179
0.137
0.175
0.176
0.175
0.172
0.180
0.171
0.172
0.178
0.162
0.173
0.171
0.176
0.162
0.131
0.169
0.174
0.171
0.172
0.170
0.174
0.173
0.172
0.162
0.173
0.163
0.172
0.171
0.175
0.171
0.175
0.171
0.164
0.178
0.168
0.173
0.172
0.169
0.175
0.172
0.173
0.166
0.177
0.155
0.177
0.127
0.164
0.171
0.172
0.174
0.169
0.180
0.146
0.170
0.175
0.169
0.177
0.184
0.179
0.162
0.172
0.161
0.165
0.176
0.174
0.173
0.164
0.175
0.171
0.179
0.173
0.170
0.176
0.169
0.127
0.163
0.130
0.163
0.172
0.175
0.172
0.170
0.179
0.170
0.168
0.178
0.127
0.171
0.170
0.176
0.165
0.173
0.172
0.179
0.170
0.138
0.174
0.162
0.172
0.173
0.173
0.177
0.173
0.169
0.148
0.172
0.171
0.126
0.176
0.174
0.172
0.166
0.171
0.177
0.176
0.172
0.175
0.178
0.177
0.171
0.166
0.171
0.173
0.173
0.172
0.174
0.173
0.167
0.177
0.169
0.177
0.170
0.179
0.176
0.172
0.171
0.170
0.174
0.130
0.180
0.171
0.169
0.176
0.173
0.174
0.166
0.171
0.136
0.177
0.178
0.172
0.178
0.170
0.174
0.171
0.170
0.149
0.172
0.171
0.173
0.172
0.170
0.184
0.162
0.173
0.174
0.173
0.171
0.172
0.129
0.164
0.170
0.169
0.175
0.173
0.172
0.170
0.178
0.174
0.172
0.171
0.163
0.175
0.169
0.173
0.170
0.173
0.174
0.167
0.175
0.163
0.179
0.172
0.176
0.175
0.205
0.174
0.168
0.172
0.140
0.131
0.172
0.163
0.175
0.175
0.172
0.164
0.173
0.172
0.176
0.180
0.179
0.177
0.171
0.166
0.163
0.174
0.167
0.169
0.174
0.170
0.171
0.160
0.166
0.165
0.172
0.173
0.171
0.139
0.174
0.173
0.127
0.184
0.161
0.172
0.169
0.171
0.173
0.173
0.175
0.131
0.169
0.173
0.173
0.177
0.173
0.172
0.170
0.170
0.165
0.180
0.142
0.174
0.169
0.166
0.169
0.172
0.172
0.168
0.167
0.172
0.171
0.135
0.172
0.174
0.168
0.172
0.163
0.175
0.176
0.176
0.173
0.171
0.177
0.179
0.169
0.164
0.174
0.174
0.164
0.172
0.169
0.175
0.165
0.171
0.133
0.178
0.163
0.176
0.172
0.173
0.175
0.181
0.125
0.137
0.169
0.176
0.177
0.189
0.170
0.154
0.169
0.168
0.150
0.181
0.181
0.174
0.176
0.179
0.177
0.165
0.170
0.171
0.172
0.164
0.171
0.178
0.172
0.174
0.164
0.171
0.170
0.178
0.172
0.128
0.172
0.172
0.175
0.167
0.171
0.171
0.172
0.175
0.171
0.170
0.174
0.176
0.160
0.176
0.175
0.172
0.173
0.179
0.172
0.172
0.170
0.142
0.175
0.171
0.173
0.174
0.174
0.172
0.162
0.178
0.126
0.177
0.170
0.163
0.165
0.172
0.165
0.170
0.174
0.153
0.173
0.172
0.175
0.171
0.177
0.172
0.166
0.172
0.172
0.174
0.176
0.175
0.175
0.164
0.175
0.168
0.172
0.171
0.169
0.175
0.174
0.130
0.171
0.172
0.140
0.173
0.167
0.177
0.176
0.172
0.171
0.168
0.172
0.136
0.170
0.173
0.172
0.173
0.175
0.172
0.167
0.169
0.142
0.171
0.175
0.173
0.180
0.178
0.172
0.167
0.166
0.168
0.127
0.179
0.177
0.169
0.169
0.170
0.168
0.171
0.177
0.148
0.172
0.178
0.173
0.162
0.174
0.163
0.171
0.170
0.172
0.125
0.177
0.170
0.165
0.167
0.164
0.170
0.175
0.171
0.177
0.170
0.174
0.125
0.179
0.140
0.172
0.175
0.173
0.174
0.184
0.169
0.164
0.172
0.166
0.180
0.173
0.172
0.172
0.171
0.172
0.166
0.172
0.171
0.171
0.165
0.178
0.161
0.166
0.172
0.164
0.173
0.178
0.170
0.129
0.175
0.172
0.165
0.182
0.128
0.180
0.171
0.175
0.178
0.178
0.139
0.163
0.177
0.165
0.170
0.175
0.176
0.175
0.174
0.174
0.169
0.171
0.152
0.181
0.176
0.175
0.174
0.175
0.181
0.162
0.128
0.172
0.176
0.179
0.176
0.171
0.171
0.169
0.166
0.165
0.179
0.175
0.171
0.170
0.172
0.130
0.171
0.166
0.177
0.163
0.179
0.171
0.171
0.174
0.170
0.175
0.167
0.174
0.176
0.175
0.172
0.126
0.173
0.161
0.181
0.162
0.168
0.177
0.174
0.170
0.173
0.171
0.163
0.177
0.148
0.177
0.173
0.174
0.165
0.170
0.172
0.167
0.172
0.173
0.172
0.175
0.175
0.173
0.174
0.170
0.165
0.174
0.129
0.177
0.172
0.175
0.173
0.167
0.171
0.165
0.176
0.167
0.178
0.163
0.176
0.170
0.179
0.172
0.168
0.169
0.177
0.169
0.169
0.170
0.173
0.162
0.177
0.150
0.175
0.178
0.174
0.169
0.171
0.125
0.171
0.169
0.137
0.171
0.171
0.175
0.174
0.171
0.178
0.167
0.182
0.128
0.172
0.172
0.173
0.172
0.176
0.169
0.165
0.125
0.176
0.173
0.180
0.171
0.170
0.167
0.172
0.164
0.179
0.171
0.128
0.179
0.173
0.179
0.163
0.170
0.136
0.172
0.182
0.172
0.177
0.172
0.173
0.167
0.180
0.137
0.171
0.171
0.172
0.170
0.179
0.172
0.179
0.187
0.189
0.194
0.173
0.170
0.173
0.171
0.182
0.132
0.179
0.164
0.172
0.170
0.176
0.169
0.178
0.179
0.167
0.170
0.175
0.178
0.172
0.174
0.174
0.163
0.173
0.167
0.172
0.183
0.173
0.166
0.169
0.166
0.165
0.173
0.166
0.175
0.171
0.172
0.127
0.170
0.178
0.162
0.172
0.137
0.172
0.174
0.179
0.174
0.173
0.174
0.168
0.175
0.152
0.174
0.171
0.171
0.173
0.171
0.179
0.164
0.170
0.173
0.170
0.172
0.179
0.172
0.168
0.175
0.163
0.129
0.175
0.173
0.162
0.178
0.178
0.170
0.170
0.164
0.177
0.174
0.174
0.176
0.175
0.178
0.163
0.171
0.166
0.171
0.170
0.180
0.164
0.171
0.167
0.164
0.170
0.139
0.177
0.172
0.176
0.174
0.127
0.187
0.162
0.177
0.149
0.176
0.167
0.175
0.170
0.172
0.170
0.177
0.172
0.173
0.177
0.177
0.179
0.175
0.167
0.174
0.170
0.186
0.171
0.177
0.173
0.173
0.176
0.177
0.169
0.163
0.175
0.127
0.174
0.178
0.171
0.181
0.163
0.172
0.163
0.179
0.176
0.175
0.180
0.179
0.172
0.171
0.172
0.142
0.172
0.165
0.161
0.180
0.126
0.177
0.164
0.176
0.171
0.174
0.170
0.177
0.170
0.173
0.125
0.169
0.170
0.176
0.175
0.171
0.169
0.182
0.161
0.174
0.173
0.172
0.175
0.172
0.173
0.177
0.172
0.170
0.176
0.168
0.175
0.169
0.161
0.179
0.176
0.194
0.165
0.178
0.168
0.168
0.174
0.133
0.176
0.173
0.175
0.164
0.171
0.143
0.172
0.175
0.172
0.182
0.175
0.175
0.165
0.174
0.169
0.177
0.175
0.176
0.177
0.172
0.178
0.164
0.165
0.153
0.187
0.172
0.172
0.180
0.165
0.172
0.129
0.169
0.172
0.170
0.165
0.172
0.179
0.166
0.175
0.168
0.176
0.176
0.182
0.171
0.171
0.172
0.172
0.163
0.119
0.158
0.176
0.173
0.172
0.171
0.177
0.170
0.173
0.163
0.171
0.171
0.172
0.125
0.174
0.172
0.164
0.170
0.168
0.162
0.171
0.171
0.175
0.174
0.174
0.172
0.172
0.171
0.175
0.179
0.131
0.172
0.168
0.175
0.170
0.169
0.172
0.174
0.172
0.170
0.173
0.162
0.177
0.165
0.128
0.170
0.173
0.169
0.177
0.175
0.166
0.169
0.141
0.132
0.176
0.125
0.174
0.170
0.172
0.164
0.176
0.138
0.182
0.173
0.173
0.181
0.172
0.172
0.164
0.172
0.164
0.172
0.178
0.170
0.171
0.125
0.131
0.166
0.183
0.174
0.177
0.167
0.172
0.176
0.165
0.174
0.170
0.170
0.178
0.167
0.172
0.170
0.170
0.166
0.171
0.164
0.174
0.173
0.176
0.176
0.178
0.170
0.166
0.172
0.134
0.175
0.128
0.169
0.177
0.171
0.172
0.165
0.180
0.147
0.175
0.180
0.173
0.175
0.173
0.163
0.173
0.153
0.160
0.158
0.172
0.186
0.181
0.165
0.171
0.168
0.172
0.165
0.177
0.174
0.179
0.178
0.163
0.127
0.171
0.171
0.176
0.171
0.172
0.173
0.180
0.171
0.180
0.167
0.179
0.130
0.173
0.172
0.129
0.174
0.165
0.171
0.140
0.174
0.166
0.171
0.171
0.169
0.174
0.165
0.174
0.150
0.172
0.175
0.127
0.182
0.133
0.170
0.130
0.171
0.172
0.177
0.178
0.176
0.181
0.180
0.177
0.174
0.178
0.172
0.182
0.173
0.180
0.170
0.166
0.170
0.170
0.175
0.171
0.181
0.177
0.163
0.179
0.163
0.164
0.126
0.174
0.171
0.172
0.170
0.173
0.170
0.169
0.176
0.163
0.179
0.178
0.172
0.174
0.175
0.179
0.168
0.172
0.166
0.168
0.171
0.169
0.172
0.176
0.179
0.162
0.174
0.170
0.176
0.166
0.177
0.126
0.169
0.170
0.163
0.171
0.171
0.170
0.173
0.171
0.177
0.185
0.171
0.167
0.164
0.173
0.176
0.171
0.174
0.169
0.168
0.173
0.136
0.176
0.177
0.174
0.176
0.181
0.173
0.162
0.169
0.160
0.128
0.173
0.171
0.129
0.133
0.169
0.173
0.181
0.169
0.179
0.171
0.175
0.171
0.174
0.167
0.163
0.171
0.184
0.174
0.170
0.177
0.174
0.172
0.155
0.170
0.174
0.173
0.170
0.164
0.170
0.172
0.123
0.176
0.167
0.172
0.176
0.172
0.175
0.174
0.172
0.174
0.176
0.176
0.172
0.183
0.184
0.169
0.172
0.170
0.175
0.126
0.145
0.174
0.173
0.171
0.172
0.180
0.178
0.163
0.171
0.170
0.172
0.127
0.173
0.161
0.172
0.171
0.164
0.162
0.174
0.174
0.175
0.171
0.177
0.165
0.171
0.163
0.172
0.176
0.172
0.169
0.172
0.172
0.163
0.172
0.135
0.173
0.171
0.174
0.177
0.171
0.177
0.167
0.128
0.165
0.175
0.176
0.176
0.172
0.181
0.179
0.169
0.175
0.146
0.178
0.177
0.175
0.175
0.170
0.172
0.166
0.171
0.176
0.179
0.170
0.172
0.174
0.169
0.176
0.166
0.172
0.178
0.170
0.172
0.127
0.180
0.168
0.163
0.166
0.172
0.170
0.175
0.129
0.174
0.175
0.177
0.169
0.168
0.177
0.174
0.171
0.174
0.168
0.171
0.165
0.175
0.169
0.172
0.170
0.172
0.174
0.172
0.171
0.165
0.171
0.123
0.172
0.174
0.179
0.172
0.172
0.165
0.166
0.207
0.169
0.172
0.176
0.172
0.174
0.170
0.176
0.164
0.171
0.174
0.128
0.178
0.175
0.173
0.167
0.172
0.162
0.174
0.170
0.176
