0.196
0.196
0.219
0.178
0.178
0.159
0.166
0.163
0.164
0.128
0.170
0.169
0.165
0.156
0.165
0.164
0.157
0.169
0.169
0.124
0.167
0.163
0.166
0.169
0.160
0.120
0.167
0.174
0.170
0.157
0.165
0.167
0.167
0.169
0.156
0.173
0.198
0.161
0.166
0.171
0.164
0.159
0.162
0.166
0.162
0.170
0.155
0.171
0.188
0.172
0.166
0.167
0.155
0.169
0.163
0.169
0.188
0.173
0.187
0.159
0.166
0.144
0.168
0.171
0.163
0.189
0.163
0.165
0.163
0.160
0.161
0.166
0.166
0.170
0.186
0.166
0.139
0.164
0.164
0.166
0.169
0.165
0.165
0.171
0.155
0.173
0.158
0.164
0.164
0.168
0.123
0.170
0.174
0.161
0.168
0.160
0.165
0.169
0.164
0.165
0.161
0.155
0.189
0.171
0.139
0.192
0.168
0.171
0.186
0.167
0.167
0.157
0.173
0.129
0.186
0.163
0.167
0.169
0.187
0.166
0.156
0.175
0.161
0.165
0.166
0.189
0.163
0.157
0.169
0.157
0.167
0.165
0.172
0.166
0.167
0.166
0.157
0.165
0.157
0.165
0.166
0.167
0.167
0.176
0.201
0.158
0.166
0.161
0.170
0.168
0.165
0.169
0.167
0.174
0.162
0.165
0.156
0.170
0.169
0.166
0.174
0.165
0.163
0.164
0.164
0.154
0.167
0.165
0.164
0.166
0.170
0.161
0.162
0.165
0.166
0.169
0.168
0.173
0.164
0.167
0.166
0.160
0.165
0.169
0.165
0.163
0.166
0.169
0.164
0.122
0.158
0.168
0.164
0.164
0.171
0.168
0.160
0.158
0.172
0.154
0.173
0.162
0.171
0.163
0.166
0.163
0.163
0.167
0.152
0.164
0.170
0.163
0.167
0.120
0.160
0.157
0.160
0.128
0.172
0.169
0.168
0.163
0.166
0.163
0.163
0.121
0.170
0.163
0.162
0.164
0.166
0.166
0.166
0.155
0.136
0.167
0.167
0.162
0.169
0.168
0.162
0.164
0.159
0.167
0.172
0.164
0.156
0.185
0.169
0.160
0.164
0.157
0.165
0.167
0.165
0.164
0.170
0.166
0.158
0.167
0.132
0.166
0.164
0.166
0.170
0.163
0.169
0.161
0.167
0.128
0.164
0.166
0.169
0.175
0.167
0.164
0.161
0.171
0.163
0.165
0.172
0.168
0.163
0.171
0.164
0.163
0.166
0.165
0.169
0.174
0.165
0.163
0.158
0.169
0.161
0.171
0.163
0.165
0.165
0.165
0.166
0.163
0.170
0.160
0.169
0.171
0.165
0.165
0.164
0.130
0.158
0.164
0.130
0.167
0.168
0.170
0.170
0.163
0.163
0.162
0.165
0.133
0.169
0.166
0.172
0.170
0.167
0.165
0.155
0.123
0.164
0.171
0.166
0.165
0.164
0.123
0.163
0.158
0.173
0.165
0.164
0.167
0.171
0.171
0.161
0.165
0.162
0.170
0.168
0.165
0.164
0.163
0.169
0.158
0.165
0.187
0.165
0.166
0.169
0.165
0.169
0.164
0.157
0.170
0.156
0.169
0.163
0.169
0.163
0.171
0.170
0.162
0.164
0.127
0.166
0.163
0.171
0.162
0.168
0.160
0.165
0.155
0.171
0.164
0.167
0.164
0.167
0.162
0.167
0.155
0.171
0.169
0.167
0.176
0.169
0.160
0.158
0.167
0.163
0.165
0.171
0.166
0.172
0.163
0.173
0.169
0.170
0.155
0.170
0.174
0.167
0.160
0.165
0.162
0.164
0.162
0.158
0.382
0.169
0.160
0.165
0.162
0.171
0.159
0.166
0.143
0.168
0.164
0.167
0.163
0.168
0.169
0.158
0.163
0.168
0.164
0.173
0.168
0.125
0.173
0.162
0.155
0.167
0.170
0.172
0.162
0.172
0.164
0.164
0.167
0.159
0.168
0.126
0.165
0.168
0.165
0.167
0.160
0.158
0.155
0.171
0.164
0.166
0.164
0.168
0.162
0.159
0.163
0.131
0.167
0.171
0.163
0.168
0.163
0.168
0.153
0.167
0.159
0.158
0.164
0.167
0.168
0.166
0.168
0.157
0.162
0.158
0.169
0.168
0.162
0.169
0.163
0.167
0.160
0.167
0.168
0.173
0.172
0.168
0.168
0.159
0.162
0.161
0.162
0.167
0.163
0.168
0.155
0.173
0.157
0.172
0.162
0.173
0.162
0.175
0.163
0.145
0.163
0.158
0.164
0.162
0.165
0.168
0.165
0.173
0.165
0.167
0.155
0.167
0.131
0.167
0.166
0.165
0.162
0.168
0.169
0.158
0.163
0.147
0.166
0.167
0.165
0.166
0.162
0.168
0.160
0.169
0.162
0.167
0.161
0.167
0.168
0.165
0.165
0.164
0.164
0.171
0.167
0.166
0.160
0.168
0.155
0.172
0.158
0.171
0.169
0.166
0.171
0.166
0.169
0.160
0.172
0.136
0.168
0.172
0.167
0.167
0.161
0.167
0.163
0.171
0.143
0.173
0.164
0.157
0.163
0.166
0.165
0.164
0.164
0.146
0.162
0.168
0.163
0.175
0.161
0.167
0.163
0.166
0.163
0.125
0.159
0.166
0.159
0.160
0.163
0.164
0.168
0.167
0.163
0.174
0.167
0.169
0.156
0.174
0.155
0.167
0.163
0.173
0.159
0.167
0.164
0.162
0.121
0.164
0.164
0.167
0.164
0.160
0.167
0.168
0.156
0.168
0.136
0.175
0.163
0.167
0.164
0.170
0.168
0.159
0.162
0.146
0.155
0.171
0.163
0.169
0.167
0.166
0.154
0.169
0.165
0.175
0.166
0.167
0.165
0.161
0.159
0.163
0.163
0.168
0.162
0.168
0.168
0.163
0.160
0.167
0.153
0.159
0.166
0.172
0.167
0.167
0.166
0.162
0.165
0.159
0.158
0.171
0.168
0.170
0.163
0.167
0.155
0.167
0.142
0.172
0.161
0.171
0.162
0.126
0.165
0.159
0.164
0.142
0.164
0.175
0.167
0.172
0.164
0.167
0.163
0.165
0.158
0.172
0.166
0.166
0.163
0.161
0.161
0.157
0.162
0.170
0.163
0.172
0.168
0.171
0.156
0.167
0.156
0.167
0.168
0.171
0.163
0.143
0.163
0.162
0.162
0.162
0.162
0.171
0.160
0.167
0.170
0.167
0.155
0.169
0.126
0.166
0.170
0.170
0.168
0.167
0.164
0.162
0.124
0.142
0.408
0.353
0.336
0.316
0.266
0.161
0.156
0.178
0.129
0.160
0.163
0.167
0.167
0.167
0.166
0.159
0.122
0.171
0.169
0.166
0.163
0.167
0.157
0.167
0.155
0.171
0.168
0.166
0.168
0.177
0.165
0.159
0.166
0.157
0.162
0.166
0.167
0.174
0.164
0.173
0.161
0.171
0.156
0.174
0.159
0.168
0.164
0.126
0.162
0.164
0.162
0.138
0.169
0.166
0.165
0.166
0.166
0.170
0.162
0.166
0.162
0.167
0.163
0.173
0.163
0.159
0.163
0.177
0.161
0.175
0.162
0.166
0.169
0.167
0.162
0.165
0.160
0.171
0.170
0.167
0.164
0.170
0.166
0.159
0.162
0.159
0.162
0.171
0.163
0.171
0.162
0.166
0.160
0.126
0.140
0.167
0.154
0.166
0.163
0.166
0.167
0.158
0.164
0.132
0.165
0.171
0.162
0.166
0.164
0.170
0.159
0.166
0.162
0.166
0.162
0.165
0.159
0.165
0.155
0.159
0.163
0.167
0.162
0.173
0.122
0.175
0.160
0.167
0.176
0.164
0.142
0.171
0.167
0.169
0.167
0.172
0.162
0.158
0.163
0.127
0.163
0.160
0.165
0.168
0.151
0.166
0.130
0.166
0.168
0.168
0.169
0.170
0.155
0.159
0.166
0.134
0.167
0.172
0.163
0.170
0.167
0.166
0.161
0.174
0.163
0.167
0.156
0.167
0.163
0.172
0.163
0.161
0.163
0.167
0.166
0.170
0.163
0.149
0.160
0.172
0.159
0.171
0.164
0.171
0.163
0.171
0.163
0.159
0.164
0.164
0.163
0.171
0.163
0.164
0.165
0.173
0.155
0.158
0.131
0.170
0.175
0.165
0.166
0.170
0.164
0.162
0.184
0.142
0.153
0.174
0.185
0.170
0.173
0.168
0.164
0.187
0.169
0.165
0.169
0.167
0.164
0.165
0.169
0.161
0.166
0.166
0.166
0.173
0.164
0.172
0.160
0.166
0.158
0.172
0.167
0.172
0.164
0.166
0.163
0.159
0.158
0.164
0.166
0.166
0.163
0.169
0.168
0.171
0.155
0.180
0.159
0.172
0.171
0.169
0.162
0.171
0.166
0.166
0.163
0.137
0.163
0.177
0.169
0.124
0.164
0.165
0.156
0.169
0.165
0.167
0.167
0.166
0.158
0.157
0.173
0.158
0.164
0.164
0.164
0.165
0.170
0.166
0.156
0.164
0.157
0.174
0.164
0.159
0.163
0.173
0.164
0.164
0.174
0.157
0.164
0.166
0.164
0.171
0.174
0.176
0.157
0.172
0.157
0.165
0.167
0.166
0.167
0.170
0.170
0.158
0.166
0.156
0.161
0.167
0.164
0.165
0.166
0.167
0.157
0.169
0.146
0.166
0.163
0.165
0.164
0.166
0.175
0.156
0.171
0.169
0.165
0.161
0.172
0.165
0.160
0.166
0.156
0.172
0.172
0.165
0.163
0.167
0.174
0.165
0.171
0.159
0.168
0.166
0.169
0.168
0.169
0.164
0.158
0.163
0.146
0.168
0.160
0.168
0.166
0.164
0.167
0.155
0.167
0.146
0.167
0.155
0.169
0.163
0.179
0.162
0.163
0.168
0.174
0.164
0.166
0.169
0.171
0.164
0.173
0.158
0.167
0.163
0.168
0.172
0.145
0.167
0.161
0.160
0.159
0.167
0.171
0.160
0.167
0.162
0.177
0.159
0.170
0.156
0.168
0.163
0.174
0.168
0.169
0.168
0.161
0.165
0.129
0.165
0.166
0.168
0.165
0.165
0.165
0.157
0.165
0.158
0.167
0.165
0.125
0.170
0.170
0.165
0.159
0.173
0.182
0.171
0.174
0.165
0.169
0.201
0.167
0.158
0.159
0.171
0.173
0.166
0.165
0.165
0.162
0.166
0.161
0.171
0.165
0.172
0.166
0.164
0.166
0.157
0.165
0.162
0.165
0.164
0.172
0.164
0.165
0.168
0.164
0.185
0.161
0.171
0.163
0.166
0.165
0.164
0.165
0.162
0.162
0.133
0.166
0.167
0.162
0.167
0.170
0.125
0.157
0.163
0.164
0.157
0.170
0.187
0.172
0.167
0.169
0.158
0.170
0.165
0.123
0.168
0.167
0.176
0.157
0.168
0.160
0.164
0.163
0.167
0.160
0.166
0.154
0.160
0.163
0.162
0.121
0.167
0.165
0.173
0.158
0.168
0.155
0.166
0.154
0.165
0.155
0.171
0.171
0.169
0.163
0.159
0.166
0.158
0.162
0.172
0.163
0.165
0.164
0.166
0.154
0.167
0.169
0.171
0.200
0.165
0.164
0.174
0.169
0.170
0.163
0.173
0.161
0.169
0.165
0.169
0.156
0.167
0.165
0.172
0.153
0.165
0.166
0.171
0.171
0.159
0.167
0.163
0.170
0.170
0.166
0.120
0.169
0.166
0.166
0.156
0.157
0.169
0.173
0.165
0.158
0.166
0.169
0.161
0.169
0.162
0.163
0.167
0.166
0.170
0.163
0.170
0.156
0.168
0.122
0.169
0.164
0.175
0.157
0.164
0.123
0.162
0.166
0.157
0.176
0.168
0.167
0.171
0.156
0.166
0.164
0.171
0.147
0.166
0.170
0.167
0.169
0.156
0.161
0.162
0.169
0.157
0.165
0.123
0.177
0.159
0.162
0.164
0.158
0.169
0.122
0.164
0.165
0.164
0.165
0.157
0.170
0.131
0.166
0.165
0.168
0.173
0.168
0.165
0.160
0.170
0.165
0.166
0.171
0.168
0.171
0.167
0.127
0.155
0.166
0.120
0.168
0.133
0.167
0.162
0.165
0.167
0.159
0.164
0.170
0.164
0.167
0.164
0.164
0.158
0.163
0.122
0.171
0.166
0.170
0.164
0.168
0.170
0.161
0.163
0.128
0.164
0.165
0.164
0.170
0.174
0.171
0.158
0.164
0.134
0.167
0.166
0.171
0.165
0.164
0.165
0.157
0.165
0.140
0.171
0.164
0.167
0.164
0.132
0.163
0.160
0.154
0.169
0.161
0.167
0.167
0.172
0.169
0.166
0.154
0.167
0.163
0.186
0.165
0.165
0.161
0.168
0.169
0.158
0.164
0.166
0.163
0.174
0.167
0.123
0.154
0.173
0.155
0.166
0.164
0.157
0.166
0.172
0.165
0.165
0.167
0.131
0.167
0.134
0.173
0.159
0.165
0.178
0.156
0.173
0.139
0.169
0.202
0.173
0.164
0.166
0.161
0.157
0.164
0.171
0.168
0.168
0.163
0.173
0.164
0.168
0.159
0.171
0.130
0.171
0.167
0.172
0.165
0.161
0.156
0.160
0.168
0.166
0.159
0.165
0.166
0.166
0.162
0.187
0.163
0.165
0.168
0.167
0.172
0.165
0.165
0.187
0.182
0.157
0.165
0.168
0.165
0.165
0.165
0.166
0.157
0.166
0.157
0.188
0.163
0.165
0.170
0.165
0.172
0.163
0.170
0.156
0.189
0.167
0.158
0.166
0.165
0.166
0.166
0.167
0.136
0.169
0.170
0.174
0.165
0.164
0.170
0.156
0.189
0.171
0.166
0.170
0.165
0.176
0.170
0.165
0.157
0.164
0.169
0.166
0.168
0.165
0.171
0.159
0.171
0.161
0.122
0.168
0.174
0.160
0.165
0.166
0.157
0.169
0.145
0.169
0.167
0.166
0.166
0.164
0.171
0.174
0.171
0.145
0.128
0.169
0.166
0.165
0.177
0.173
0.170
0.170
0.164
0.166
0.169
0.166
0.165
0.164
0.163
0.157
0.165
0.169
0.167
0.166
0.170
0.165
0.158
0.167
0.126
0.176
0.170
0.165
0.165
0.167
0.161
0.157
0.165
0.154
0.166
0.198
0.196
0.166
0.200
0.166
0.169
0.169
0.189
0.167
0.162
0.168
0.163
0.167
0.167
0.166
0.199
0.132
0.165
0.168
0.166
0.166
0.163
0.167
0.154
0.168
0.167
0.173
0.166
0.174
0.163
0.173
0.194
0.163
0.162
0.171
0.120
0.167
0.163
0.131
0.158
0.164
0.160
0.167
0.163
0.124
0.166
0.167
0.122
0.173
0.181
0.177
0.167
0.174
0.171
0.167
0.169
0.173
0.154
0.188
0.132
0.184
0.164
0.161
0.162
0.171
0.165
0.159
0.164
0.135
0.163
0.167
0.164
0.164
0.158
0.174
0.155
0.172
0.168
0.168
0.163
0.167
0.169
0.167
0.167
0.164
0.153
0.181
0.163
0.167
0.178
0.166
0.159
0.166
0.159
0.169
0.167
0.173
0.158
0.180
0.164
0.166
0.164
0.158
0.161
0.170
0.169
0.166
0.162
0.168
0.156
0.163
0.154
0.125
0.163
0.168
0.163
0.167
0.167
0.160
0.165
0.160
0.167
0.166
0.166
0.171
0.164
0.166
0.158
0.170
0.141
0.167
0.171
0.167
0.167
0.172
0.163
0.160
0.161
0.174
0.160
0.172
0.156
0.167
0.159
0.166
0.159
0.170
0.162
0.166
0.162
0.167
0.168
0.169
0.169
0.167
0.163
0.168
0.163
0.167
0.167
0.176
0.158
0.167
0.154
0.171
0.163
0.172
0.166
0.173
0.161
0.159
0.162
0.131
0.167
0.159
0.164
0.169
0.170
0.169
0.157
0.171
0.129
0.170
0.164
0.166
0.162
0.166
0.163
0.165
0.162
0.166
0.162
0.173
0.161
0.170
0.168
0.164
0.163
0.158
0.171
0.168
0.168
0.171
0.163
0.164
0.171
0.125
0.165
0.167
0.154
0.171
0.167
0.168
0.155
0.164
0.130
0.167
0.156
0.171
0.160
0.172
0.165
0.159
0.162
0.120
0.164
0.166
0.163
0.173
0.122
0.159
0.164
0.167
0.131
0.171
0.168
0.172
0.168
0.171
0.165
0.164
0.132
0.168
0.164
0.171
0.168
0.171
0.167
0.167
0.159
0.167
0.164
0.124
0.167
0.166
0.167
0.159
0.162
0.159
0.163
0.172
0.163
0.169
0.135
0.172
0.161
0.162
0.153
0.170
0.165
0.171
0.166
0.169
0.163
0.162
0.163
0.162
0.169
0.166
0.162
0.166
0.120
0.171
0.156
0.171
0.151
0.158
0.122
0.165
0.167
0.172
0.167
0.167
0.166
0.152
0.156
0.167
0.162
0.170
0.168
0.171
0.155
0.167
0.167
0.170
0.164
0.167
0.162
0.158
0.159
0.158
0.170
0.166
0.162
0.153
0.166
0.167
0.159
0.171
0.161
0.158
0.162
0.166
0.163
0.171
0.162
0.151
0.161
0.159
0.163
0.177
0.170
0.167
0.172
0.172
0.157
0.168
0.125
0.167
0.163
0.168
0.159
0.167
0.164
0.162
0.168
0.134
0.168
0.172
0.164
0.165
0.168
0.167
0.157
0.167
0.164
0.167
0.164
0.172
0.163
0.174
0.164
0.163
0.163
0.172
0.165
0.175
0.163
