0.226
0.166
0.163
0.160
0.155
0.159
0.162
0.156
0.160
0.156
0.160
0.156
0.163
0.160
0.164
0.148
0.160
0.162
0.165
0.161
0.119
0.154
0.153
0.156
0.126
0.159
0.160
0.167
0.167
0.158
0.166
0.153
0.166
0.158
0.163
0.193
0.157
0.153
0.160
0.157
0.150
0.154
0.158
0.158
0.163
0.162
0.164
0.152
0.164
0.159
0.166
0.157
0.160
0.152
0.161
0.164
0.159
0.161
0.151
0.156
0.160
0.157
0.169
0.156
0.160
0.150
0.162
0.132
0.174
0.161
0.165
0.148
0.193
0.188
0.162
0.157
0.123
0.150
0.165
0.156
0.159
0.156
0.164
0.152
0.164
0.150
0.160
0.158
0.163
0.158
0.162
0.159
0.152
0.151
0.159
0.164
0.163
0.159
0.156
0.152
0.159
0.163
0.165
0.158
0.158
0.159
0.159
0.159
0.152
0.117
0.142
0.149
0.159
0.159
0.164
0.164
0.162
0.154
0.163
0.125
0.161
0.158
0.150
0.157
0.159
0.167
0.162
0.157
0.134
0.157
0.161
0.157
0.164
0.158
0.158
0.152
0.162
0.119
0.159
0.168
0.163
0.166
0.152
0.156
0.155
0.162
0.157
0.157
0.159
0.156
0.159
0.155
0.157
0.156
0.159
0.163
0.158
0.162
0.158
0.157
0.156
0.158
0.116
0.165
0.163
0.157
0.168
0.163
0.159
0.150
0.164
0.139
0.159
0.115
0.159
0.158
0.158
0.165
0.151
0.162
0.138
0.158
0.160
0.162
0.170
0.167
0.159
0.152
0.160
0.146
0.161
0.162
0.163
0.163
0.155
0.158
0.154
0.150
0.159
0.159
0.161
0.158
0.119
0.154
0.158
0.115
0.159
0.164
0.159
0.158
0.163
0.158
0.150
0.162
0.154
0.165
0.142
0.158
0.150
0.165
0.159
0.151
0.163
0.149
0.164
0.158
0.164
0.163
0.159
0.157
0.153
0.163
0.160
0.155
0.165
0.163
0.158
0.185
0.163
0.155
0.164
0.162
0.159
0.158
0.163
0.157
0.155
0.163
0.151
0.163
0.161
0.150
0.155
0.144
0.161
0.166
0.153
0.122
0.164
0.158
0.160
0.158
0.177
0.164
0.160
0.159
0.114
0.164
0.167
0.165
0.159
0.114
0.158
0.115
0.163
0.124
0.161
0.162
0.159
0.162
0.159
0.158
0.151
0.172
0.159
0.158
0.122
0.162
0.162
0.162
0.164
0.151
0.163
0.136
0.157
0.152
0.159
0.204
0.116
0.158
0.152
0.149
0.152
0.148
0.162
0.164
0.160
0.150
0.159
0.157
0.158
0.160
0.160
0.159
0.168
0.166
0.152
0.163
0.126
0.180
0.118
0.157
0.168
0.163
0.160
0.156
0.159
0.124
0.168
0.160
0.158
0.159
0.160
0.157
0.149
0.111
0.158
0.159
0.164
0.167
0.153
0.164
0.164
0.116
0.157
0.162
0.159
0.163
0.160
0.159
0.157
0.159
0.154
0.162
0.173
0.165
0.161
0.164
0.160
0.151
0.164
0.151
0.164
0.160
0.159
0.164
0.161
0.160
0.115
0.173
0.122
0.154
0.167
0.162
0.159
0.167
0.160
0.156
0.166
0.158
0.151
0.164
0.158
0.158
0.162
0.161
0.153
0.165
0.161
0.162
0.160
0.167
0.156
0.153
0.157
0.151
0.161
0.165
0.157
0.164
0.160
0.163
0.150
0.166
0.155
0.167
0.156
0.164
0.161
0.161
0.158
0.152
0.148
0.122
0.161
0.159
0.162
0.166
0.162
0.120
0.148
0.152
0.145
0.165
0.160
0.161
0.158
0.161
0.156
0.163
0.147
0.160
0.114
0.161
0.160
0.164
0.155
0.159
0.152
0.166
0.159
0.159
0.121
0.161
0.158
0.156
0.156
0.153
0.113
0.160
0.164
0.160
0.157
0.164
0.155
0.161
0.149
0.167
0.115
0.161
0.156
0.163
0.157
0.153
0.116
0.153
0.161
0.168
0.161
0.173
0.158
0.169
0.150
0.090
0.120
0.182
0.156
0.119
0.160
0.162
0.163
0.158
0.158
0.166
0.162
0.158
0.156
0.161
0.149
0.160
0.154
0.164
0.157
0.168
0.154
0.161
0.154
0.154
0.162
0.155
0.147
0.161
0.163
0.163
0.157
0.161
0.149
0.162
0.124
0.160
0.165
0.157
0.157
0.160
0.161
0.155
0.160
0.127
0.156
0.162
0.182
0.161
0.162
0.166
0.109
0.164
0.137
0.161
0.119
0.166
0.157
0.161
0.163
0.153
0.162
0.161
0.161
0.161
0.161
0.165
0.153
0.163
0.153
0.161
0.156
0.165
0.158
0.164
0.157
0.158
0.163
0.156
0.157
0.165
0.157
0.159
0.166
0.161
0.149
0.161
0.140
0.167
0.117
0.161
0.156
0.161
0.162
0.160
0.163
0.125
0.160
0.160
0.161
0.166
0.161
0.160
0.114
0.161
0.156
0.163
0.164
0.160
0.157
0.164
0.162
0.153
0.161
0.165
0.158
0.162
0.161
0.168
0.148
0.161
0.149
0.165
0.153
0.160
0.157
0.163
0.149
0.157
0.155
0.150
0.160
0.165
0.156
0.165
0.160
0.160
0.154
0.159
0.120
0.168
0.157
0.166
0.153
0.159
0.149
0.156
0.160
0.159
0.169
0.165
0.163
0.161
0.158
0.170
0.152
0.163
0.153
0.160
0.157
0.159
0.157
0.157
0.154
0.152
0.160
0.154
0.160
0.167
0.191
0.164
0.150
0.158
0.147
0.159
0.161
0.153
0.148
0.163
0.151
0.158
0.157
0.126
0.161
0.166
0.160
0.157
0.080
0.164
0.147
0.172
0.151
0.159
0.159
0.160
0.157
0.162
0.163
0.153
0.119
0.168
0.156
0.166
0.156
0.162
0.149
0.160
0.150
0.165
0.160
0.166
0.148
0.165
0.156
0.158
0.157
0.156
0.153
0.165
0.159
0.166
0.148
0.161
0.157
0.153
0.149
0.166
0.162
0.166
0.156
0.160
0.161
0.152
0.156
0.124
0.162
0.161
0.162
0.166
0.155
0.160
0.146
0.161
0.142
0.160
0.159
0.161
0.161
0.161
0.158
0.154
0.157
0.161
0.148
0.162
0.161
0.164
0.153
0.164
0.153
0.166
0.157
0.162
0.133
0.161
0.163
0.152
0.157
0.156
0.159
0.164
0.158
0.163
0.161
0.165
0.153
0.161
0.122
0.164
0.157
0.163
0.155
0.119
0.158
0.151
0.157
0.123
0.152
0.158
0.159
0.162
0.163
0.159
0.151
0.158
0.163
0.160
0.157
0.161
0.162
0.159
0.162
0.151
0.162
0.201
0.163
0.163
0.160
0.157
0.151
0.158
0.155
0.160
0.161
0.162
0.151
0.163
0.154
0.158
0.170
0.116
0.114
0.162
0.158
0.165
0.164
0.158
0.152
0.163
0.127
0.164
0.169
0.162
0.158
0.165
0.167
0.150
0.163
0.134
0.161
0.159
0.160
0.162
0.161
0.157
0.155
0.159
0.163
0.159
0.159
0.157
0.158
0.155
0.163
0.150
0.159
0.164
0.160
0.162
0.158
0.151
0.155
0.161
0.150
0.163
0.162
0.163
0.158
0.169
0.158
0.158
0.166
0.157
0.156
0.160
0.171
0.162
0.158
0.163
0.156
0.173
0.125
0.160
0.164
0.158
0.164
0.163
0.117
0.154
0.159
0.163
0.163
0.164
0.163
0.161
0.160
0.155
0.156
0.161
0.161
0.159
0.163
0.155
0.164
0.149
0.162
0.154
0.159
0.163
0.161
0.149
0.165
0.163
0.152
0.161
0.156
0.159
0.163
0.159
0.160
0.156
0.158
0.152
0.166
0.121
0.164
0.196
0.159
0.159
0.164
0.159
0.151
0.165
0.128
0.158
0.161
0.164
0.161
0.164
0.158
0.155
0.160
0.158
0.164
0.159
0.164
0.160
0.152
0.161
0.151
0.159
0.117
0.164
0.165
0.157
0.158
0.150
0.159
0.150
0.161
0.165
0.162
0.159
0.166
0.162
0.154
0.151
0.155
0.158
0.160
0.195
0.164
0.162
0.158
0.117
0.159
0.122
0.160
0.165
0.150
0.159
0.160
0.158
0.152
0.162
0.157
0.158
0.159
0.162
0.160
0.159
0.159
0.156
0.165
0.158
0.163
0.156
0.158
0.158
0.151
0.163
0.152
0.157
0.162
0.158
0.162
0.162
0.161
0.155
0.165
0.155
0.165
0.165
0.163
0.169
0.169
0.163
0.151
0.149
0.121
0.158
0.154
0.166
0.160
0.164
0.158
0.155
0.160
0.124
0.159
0.157
0.161
0.157
0.163
0.162
0.155
0.158
0.158
0.168
0.170
0.160
0.160
0.159
0.166
0.154
0.158
0.151
0.116
0.162
0.157
0.116
0.151
0.159
0.155
0.158
0.161
0.167
0.163
0.167
0.165
0.150
0.162
0.149
0.158
0.157
0.151
0.159
0.159
0.159
0.152
0.159
0.125
0.158
0.165
0.165
0.163
0.158
0.165
0.147
0.157
0.123
0.164
0.112
0.165
0.163
0.162
0.159
0.151
0.159
0.157
0.159
0.164
0.158
0.160
0.150
0.119
0.154
0.164
0.159
0.158
0.158
0.159
0.156
0.158
0.167
0.151
0.158
0.163
0.160
0.159
0.186
0.159
0.155
0.152
0.156
0.158
0.158
0.159
0.159
0.166
0.157
0.150
0.159
0.122
0.165
0.164
0.166
0.163
0.158
0.158
0.151
0.164
0.162
0.158
0.166
0.160
0.159
0.167
0.161
0.151
0.162
0.159
0.158
0.159
0.165
0.167
0.151
0.164
0.151
0.158
0.163
0.164
0.159
0.165
0.165
0.153
0.161
0.121
0.164
0.165
0.151
0.150
0.166
0.150
0.155
0.156
0.115
0.165
0.159
0.163
0.158
0.158
0.159
0.153
0.163
0.141
0.164
0.163
0.166
0.165
0.162
0.165
0.155
0.163
0.158
0.164
0.160
0.159
0.117
0.155
0.163
0.157
0.158
0.164
0.162
0.158
0.163
0.163
0.154
0.158
0.152
0.158
0.160
0.163
0.157
0.162
0.166
0.157
0.164
0.142
0.169
0.150
0.161
0.151
0.159
0.158
0.150
0.158
0.124
0.159
0.161
0.163
0.164
0.158
0.164
0.163
0.158
0.140
0.158
0.155
0.157
0.159
0.164
0.162
0.150
0.158
0.158
0.159
0.157
0.163
0.162
0.159
0.176
0.150
0.157
0.158
0.160
0.153
0.158
0.158
0.150
0.166
0.115
0.165
0.157
0.157
0.155
0.160
0.155
0.152
0.162
0.124
0.162
0.161
0.160
0.156
0.158
0.162
0.150
0.158
0.133
0.159
0.167
0.167
0.165
0.158
0.162
0.155
0.163
0.159
0.158
0.158
0.167
0.163
0.165
0.159
0.154
0.157
0.159
0.158
0.158
0.163
0.160
0.156
0.164
0.151
0.162
0.166
0.161
0.164
0.115
0.158
0.152
0.159
0.151
0.163
0.163
0.157
0.158
0.167
0.164
0.152
0.159
0.131
0.167
0.157
0.164
0.158
0.166
0.159
0.152
0.158
0.126
0.163
0.160
0.158
0.159
0.161
0.158
0.154
0.157
0.167
0.161
0.169
0.163
0.162
0.149
0.160
0.148
0.165
0.161
0.161
0.161
0.164
0.151
0.154
0.157
0.158
0.111
0.165
0.148
0.164
0.166
0.162
0.148
0.162
0.150
0.160
0.156
0.161
0.162
0.161
0.161
0.157
0.156
0.152
0.156
0.171
0.162
0.161
0.160
0.169
0.157
0.161
0.157
0.169
0.158
0.159
0.160
0.158
0.158
0.151
0.158
0.164
0.160
0.158
0.158
0.161
0.150
0.159
0.152
0.159
0.151
0.163
0.163
0.160
0.158
0.155
0.163
0.150
0.153
0.160
0.159
0.159
0.159
0.155
0.151
0.159
0.125
0.157
0.158
0.164
0.158
0.159
0.158
0.157
0.153
0.122
0.116
0.162
0.159
0.163
0.158
0.159
0.150
0.164
0.158
0.165
0.161
0.164
0.150
0.165
0.165
0.153
0.190
0.100
0.158
0.163
0.160
0.167
0.151
0.151
0.150
0.158
0.158
0.166
0.159
0.159
0.158
0.150
0.162
0.152
0.159
0.158
0.158
0.196
0.121
0.159
0.149
0.165
0.122
0.158
0.158
0.161
0.164
0.165
0.167
0.155
0.162
0.134
0.118
0.159
0.161
0.164
0.158
0.158
0.152
0.164
0.162
0.195
0.188
0.163
0.158
0.154
0.161
0.150
0.163
0.165
0.161
0.158
0.163
0.164
0.152
0.164
0.150
0.162
0.166
0.160
0.154
0.165
0.163
0.151
0.157
0.151
0.163
0.159
0.158
0.158
0.158
0.151
0.155
0.163
0.151
0.158
0.152
0.160
0.157
0.163
0.161
0.116
0.162
0.144
0.156
0.159
0.157
0.164
0.163
0.160
0.150
0.163
0.161
0.165
0.149
0.166
0.163
0.153
0.158
0.156
0.163
0.132
0.165
0.160
0.165
0.165
0.149
0.166
0.150
0.144
0.162
0.159
0.158
0.161
0.160
0.152
0.165
0.128
0.159
0.156
0.160
0.157
0.161
0.156
0.153
0.157
0.147
0.147
0.164
0.161
0.149
0.157
0.165
0.148
0.161
0.131
0.153
0.156
0.164
0.156
0.160
0.165
0.160
0.157
0.161
0.158
0.165
0.157
0.164
0.151
0.159
0.150
0.163
0.156
0.159
0.156
0.166
0.166
0.153
0.157
0.152
0.369
0.323
0.292
0.399
0.157
0.162
0.154
0.168
0.151
0.167
0.157
0.169
0.163
0.161
0.151
0.153
0.166
0.161
0.159
0.155
0.157
0.156
0.163
0.151
0.152
0.161
0.151
0.160
0.159
0.164
0.163
0.158
0.160
0.157
0.158
0.158
0.160
0.162
0.166
0.158
0.150
0.116
0.150
0.158
0.160
0.158
0.159
0.158
0.160
0.151
0.160
0.151
0.158
0.160
0.163
0.159
0.164
0.159
0.151
0.158
0.127
0.166
0.165
0.162
0.162
0.165
0.118
0.150
0.160
0.122
0.117
0.158
0.160
0.157
0.158
0.168
0.151
0.151
0.164
0.163
0.159
0.162
0.159
0.165
0.160
0.154
0.152
0.159
0.165
0.123
0.159
0.161
0.152
0.163
0.150
0.116
0.150
0.163
0.164
0.192
0.311
0.189
0.229
0.173
0.158
0.163
0.189
0.164
0.159
0.159
0.150
0.157
0.127
0.159
0.186
0.203
0.165
0.160
0.159
0.155
0.159
0.132
0.159
0.163
0.158
0.159
0.159
0.163
0.151
0.159
0.190
0.160
0.162
0.158
0.163
0.149
0.162
0.156
0.159
0.163
0.162
0.161
0.148
0.158
0.151
0.158
0.151
0.159
0.163
0.166
0.151
0.158
0.160
0.154
0.158
0.161
0.165
0.158
0.165
0.157
0.159
0.165
0.151
0.157
0.148
0.162
0.164
0.166
0.440
0.118
0.464
0.417
0.419
0.370
0.364
0.361
0.325
0.324
0.274
0.224
0.189
0.181
0.150
0.109
0.106
0.089
0.088
0.088
0.089
0.089
0.088
0.091
0.119
0.093
0.095
0.119
0.136
0.158
0.151
0.155
0.151
0.150
0.153
0.155
0.150
0.151
0.157
0.125
0.150
0.153
0.092
0.152
0.160
0.153
0.161
0.164
0.150
0.160
0.159
0.155
0.158
0.158
0.160
0.161
0.163
0.158
0.165
0.160
0.166
0.159
0.159
0.159
0.152
0.159
0.164
0.159
0.160
0.161
0.155
0.164
0.164
0.157
0.160
0.160
0.158
0.164
0.161
0.151
0.150
0.169
0.153
0.159
0.163
0.160
0.159
0.158
0.159
0.152
0.163
0.148
0.163
0.159
0.158
0.158
0.167
0.150
0.151
0.159
0.142
0.166
0.162
0.159
0.160
0.164
0.164
0.153
0.158
0.159
0.158
0.163
0.159
0.158
0.175
0.151
0.152
0.158
0.159
0.163
0.168
0.157
0.163
0.159
0.160
0.157
0.162
0.159
0.157
0.158
0.166
0.158
0.157
0.169
0.157
0.159
0.159
0.162
0.162
0.158
0.158
0.149
0.165
0.150
0.168
0.162
0.162
0.158
0.159
0.158
0.156
0.164
0.125
0.159
0.164
0.157
0.164
0.160
0.156
0.158
0.156
0.165
0.161
0.162
0.160
0.161
0.149
0.162
0.155
0.160
0.157
0.117
0.150
0.161
0.161
0.153
0.155
0.155
0.161
0.163
0.164
0.159
0.159
0.164
0.155
0.162
0.152
0.161
0.158
0.160
0.151
0.161
0.152
0.150
0.159
0.122
0.163
0.158
0.159
0.158
0.158
0.167
0.154
0.164
0.146
0.158
0.158
0.163
0.159
0.163
0.159
0.159
0.158
0.160
0.160
0.152
0.167
0.193
0.150
0.158
0.151
0.165
0.151
0.160
0.125
0.160
0.152
0.150
0.164
0.113
0.163
0.158
0.150
0.158
0.165
0.159
0.153
0.159
0.150
0.157
0.163
0.160
0.161
0.163
0.161
0.157
0.160
0.134
0.159
0.161
0.158
0.159
0.158
0.158
0.163
0.160
0.151
0.162
0.157
0.160
