0.207
0.194
0.199
0.196
0.197
0.168
0.173
0.170
0.104
0.174
0.160
0.165
0.170
0.097
0.192
0.167
0.154
0.144
0.095
0.170
0.180
0.162
0.165
0.095
0.165
0.166
0.171
0.173
0.099
0.171
0.170
0.154
0.136
0.095
0.176
0.168
0.195
0.201
0.191
0.166
0.167
0.168
0.168
0.137
0.169
0.167
0.204
0.188
0.192
0.167
0.167
0.164
0.172
0.161
0.172
0.171
0.174
0.195
0.162
0.212
0.170
0.159
0.122
0.127
0.173
0.171
0.169
0.165
0.125
0.173
0.157
0.162
0.171
0.156
0.166
0.174
0.171
0.173
0.157
0.168
0.169
0.184
0.166
0.177
0.198
0.158
0.162
0.168
0.161
0.169
0.172
0.168
0.174
0.159
0.168
0.165
0.172
0.169
0.200
0.174
0.135
0.168
0.175
0.178
0.169
0.168
0.167
0.151
0.197
0.171
0.178
0.195
0.169
0.159
0.164
0.136
0.163
0.205
0.201
0.166
0.180
0.161
0.168
0.171
0.126
0.174
0.196
0.196
0.200
0.169
0.157
0.162
0.168
0.181
0.160
0.165
0.168
0.170
0.163
0.167
0.167
0.164
0.168
0.172
0.174
0.157
0.199
0.196
0.201
0.168
0.173
0.168
0.168
0.122
0.157
0.171
0.173
0.168
0.168
0.169
0.189
0.199
0.167
0.157
0.166
0.167
0.167
0.171
0.160
0.160
0.171
0.177
0.172
0.166
0.167
0.167
0.169
0.173
0.167
0.166
0.167
0.166
0.167
0.166
0.159
0.168
0.123
0.122
0.165
0.173
0.177
0.262
0.171
0.170
0.172
0.175
0.173
0.167
0.186
0.166
0.213
0.166
0.169
0.168
0.168
0.172
0.159
0.168
0.189
0.163
0.170
0.336
0.180
0.187
0.196
0.165
0.168
0.200
0.201
0.166
0.170
0.163
0.168
0.169
0.177
0.172
0.171
0.195
0.192
0.159
0.168
0.195
0.176
0.176
0.164
0.168
0.161
0.169
0.170
0.181
0.171
0.194
0.172
0.134
0.168
0.164
0.170
0.166
0.123
0.171
0.198
0.195
0.169
0.161
0.170
0.165
0.175
0.167
0.146
0.159
0.177
0.162
0.168
0.185
0.169
0.170
0.157
0.159
0.184
0.177
0.167
0.165
0.175
0.164
0.168
0.171
0.169
0.169
0.199
0.167
0.168
0.161
0.161
0.157
0.203
0.166
0.167
0.170
0.170
0.163
0.166
0.154
0.178
0.166
0.196
0.165
0.160
0.161
0.164
0.170
0.176
0.162
0.176
0.133
0.135
0.172
0.172
0.171
0.193
0.167
0.123
0.156
0.170
0.197
0.197
0.170
0.171
0.167
0.164
0.165
0.169
0.155
0.171
0.172
0.167
0.171
0.200
0.157
0.202
0.169
0.168
0.199
0.162
0.168
0.162
0.165
0.167
0.199
0.196
0.167
0.172
0.143
0.172
0.168
0.204
0.166
0.166
0.200
0.189
0.163
0.176
0.155
0.169
0.124
0.167
0.169
0.175
0.191
0.152
0.167
0.173
0.162
0.169
0.168
0.162
0.160
0.170
0.167
0.198
0.205
0.192
0.140
0.131
0.171
0.176
0.165
0.165
0.165
0.207
0.161
0.162
0.154
0.167
0.173
0.194
0.166
0.166
0.162
0.171
0.170
0.167
0.164
0.173
0.200
0.158
0.164
0.144
0.171
0.191
0.168
0.165
0.167
0.160
0.166
0.175
0.167
0.170
0.174
0.197
0.136
0.161
0.166
0.178
0.187
0.165
0.165
0.166
0.170
0.198
0.172
0.169
0.169
0.170
0.164
0.133
0.164
0.169
0.174
0.196
0.174
0.173
0.170
0.167
0.167
0.121
0.169
0.198
0.205
0.199
0.160
0.167
0.163
0.169
0.168
0.171
0.167
0.188
0.163
0.175
0.169
0.176
0.164
0.170
0.165
0.183
0.387
0.388
0.166
0.170
0.166
0.168
0.141
0.166
0.169
0.170
0.121
0.183
0.151
0.166
0.150
0.170
0.168
0.168
0.170
0.173
0.167
0.167
0.165
0.169
0.169
0.200
0.192
0.168
0.168
0.176
0.162
0.174
0.170
0.167
0.170
0.157
0.165
0.161
0.160
0.170
0.165
0.124
0.174
0.202
0.166
0.171
0.170
0.173
0.168
0.166
0.168
0.172
0.141
0.168
0.171
0.165
0.160
0.169
0.167
0.166
0.161
0.171
0.202
0.203
0.170
0.174
0.163
0.134
0.159
0.183
0.169
0.172
0.208
0.197
0.172
0.162
0.166
0.169
0.160
0.166
0.167
0.170
0.174
0.171
0.163
0.174
0.168
0.167
0.173
0.166
0.164
0.135
0.163
0.173
0.168
0.167
0.166
0.168
0.170
0.156
0.177
0.168
0.168
0.168
0.167
0.168
0.193
0.165
0.174
0.169
0.174
0.163
0.157
0.212
0.160
0.193
0.196
0.169
0.170
0.186
0.157
0.164
0.124
0.171
0.167
0.196
0.169
0.172
0.164
0.166
0.168
0.188
0.166
0.203
0.126
0.167
0.169
0.164
0.166
0.168
0.171
0.205
0.167
0.187
0.160
0.161
0.168
0.171
0.185
0.174
0.169
0.142
0.157
0.198
0.155
0.127
0.166
0.173
0.170
0.158
0.128
0.166
0.168
0.165
0.167
0.168
0.143
0.162
0.196
0.197
0.168
0.197
0.172
0.177
0.130
0.161
0.167
0.169
0.196
0.201
0.170
0.214
0.197
0.171
0.122
0.169
0.167
0.167
0.171
0.134
0.157
0.178
0.167
0.167
0.171
0.167
0.157
0.164
0.175
0.168
0.120
0.173
0.172
0.165
0.148
0.165
0.167
0.167
0.165
0.167
0.167
0.167
0.160
0.175
0.166
0.170
0.168
0.168
0.169
0.141
0.167
0.185
0.191
0.157
0.181
0.166
0.161
0.158
0.172
0.167
0.170
0.169
0.169
0.173
0.167
0.156
0.167
0.173
0.171
0.174
0.157
0.120
0.162
0.167
0.162
0.115
0.121
0.167
0.164
0.131
0.174
0.199
0.159
0.166
0.168
0.166
0.124
0.169
0.170
0.168
0.172
0.168
0.171
0.196
0.167
0.159
0.165
0.172
0.171
0.173
0.165
0.164
0.164
0.206
0.168
0.168
0.165
0.173
0.165
0.171
0.137
0.169
0.201
0.201
0.173
0.168
0.168
0.137
0.158
0.174
0.166
0.201
0.200
0.199
0.171
0.157
0.168
0.169
0.167
0.165
0.172
0.197
0.188
0.196
0.176
0.165
0.165
0.169
0.125
0.170
0.160
0.166
0.197
0.201
0.172
0.171
0.169
0.145
0.165
0.167
0.156
0.165
0.177
0.176
0.167
0.195
0.201
0.165
0.164
0.179
0.174
0.167
0.150
0.165
0.174
0.157
0.166
0.169
0.164
0.170
0.165
0.170
0.127
0.166
0.169
0.162
0.179
0.165
0.168
0.173
0.168
0.167
0.122
0.205
0.167
0.157
0.160
0.137
0.167
0.171
0.167
0.174
0.142
0.193
0.174
0.166
0.170
0.125
0.187
0.180
0.138
0.167
0.209
0.199
0.172
0.156
0.206
0.173
0.157
0.169
0.165
0.173
0.197
0.195
0.167
0.166
0.174
0.170
0.167
0.167
0.157
0.161
0.161
0.160
0.167
0.165
0.175
0.170
0.168
0.197
0.129
0.161
0.167
0.174
0.167
0.207
0.170
0.168
0.160
0.172
0.172
0.166
0.163
0.174
0.174
0.164
0.193
0.169
0.168
0.127
0.158
0.171
0.171
0.159
0.172
0.163
0.201
0.167
0.161
0.189
0.136
0.157
0.121
0.169
0.172
0.172
0.174
0.175
0.157
0.162
0.170
0.167
0.164
0.173
0.170
0.170
0.157
0.167
0.163
0.170
0.172
0.170
0.168
0.160
0.159
0.169
0.174
0.169
0.165
0.167
0.169
0.161
0.169
0.173
0.168
0.171
0.166
0.167
0.164
0.159
0.166
0.163
0.178
0.170
0.172
0.168
0.159
0.169
0.201
0.189
0.123
0.180
0.169
0.155
0.160
0.169
0.169
0.175
0.159
0.172
0.169
0.156
0.172
0.163
0.125
0.173
0.126
0.169
0.148
0.160
0.172
0.171
0.170
0.166
0.165
0.168
0.165
0.173
0.170
0.170
0.172
0.188
0.196
0.194
0.158
0.171
0.167
0.173
0.169
0.178
0.140
0.158
0.166
0.161
0.156
0.172
0.174
0.172
0.138
0.163
0.173
0.168
0.168
0.166
0.177
0.165
0.160
0.174
0.174
0.174
0.169
0.206
0.173
0.143
0.159
0.175
0.165
0.168
0.170
0.199
0.171
0.156
0.168
0.183
0.169
0.169
0.120
0.175
0.137
0.188
0.163
0.133
0.171
0.166
0.126
0.166
0.159
0.164
0.174
0.158
0.174
0.173
0.182
0.181
0.160
0.166
0.164
0.174
0.172
0.183
0.174
0.137
0.165
0.188
0.170
0.175
0.201
0.168
0.169
0.160
0.164
0.171
0.202
0.191
0.166
0.165
0.166
0.161
0.168
0.177
0.156
0.197
0.197
0.170
0.164
0.188
0.173
0.167
0.166
0.165
0.166
0.157
0.195
0.204
0.160
0.161
0.198
0.170
0.124
0.160
0.167
0.172
0.196
0.196
0.172
0.161
0.151
0.158
0.170
0.199
0.171
0.183
0.168
0.170
0.159
0.179
0.165
0.176
0.169
0.180
0.122
0.156
0.159
0.157
0.177
0.196
0.192
0.172
0.165
0.158
0.158
0.172
0.175
0.174
0.174
0.164
0.174
0.166
0.171
0.169
0.167
0.186
0.170
0.171
0.157
0.161
0.123
0.170
0.164
0.174
0.167
0.171
0.166
0.164
0.167
0.172
0.172
0.165
0.170
0.161
0.124
0.169
0.167
0.201
0.172
0.174
0.159
0.183
0.171
0.173
0.168
0.177
0.173
0.183
0.160
0.125
0.167
0.179
0.164
0.168
0.168
0.172
0.162
0.171
0.167
0.180
0.165
0.173
0.170
0.126
0.166
0.165
0.173
0.172
0.160
0.167
0.199
0.166
0.166
0.169
0.125
0.169
0.170
0.172
0.159
0.164
0.197
0.173
0.172
0.167
0.168
0.170
0.161
0.170
0.171
0.157
0.167
0.169
0.169
0.131
0.120
0.173
0.122
0.127
0.172
0.199
0.195
0.130
0.160
0.176
0.172
0.168
0.167
0.171
0.171
0.165
0.171
0.168
0.168
0.199
0.164
0.161
0.157
0.161
0.167
0.174
0.161
0.171
0.165
0.172
0.160
0.166
0.123
0.182
0.171
0.187
0.168
0.161
0.295
0.195
0.162
0.167
0.169
0.166
0.172
0.159
0.170
0.160
0.166
0.197
0.169
0.167
0.187
0.165
0.165
0.165
0.179
0.168
0.168
0.166
0.137
0.186
0.167
0.167
0.132
0.168
0.190
0.140
0.345
0.164
0.168
0.200
0.202
0.170
0.168
0.158
0.167
0.173
0.172
0.199
0.126
0.197
0.187
0.178
0.171
0.162
0.165
0.169
0.168
0.208
0.164
0.168
0.173
0.171
0.167
0.173
0.166
0.141
0.158
0.170
0.156
0.169
0.174
0.169
0.178
0.165
0.171
0.172
0.165
0.176
0.168
0.168
0.137
0.191
0.170
0.168
0.171
0.176
0.166
0.201
0.159
0.163
0.171
0.195
0.175
0.180
0.120
0.132
0.174
0.202
0.169
0.174
0.170
0.171
0.172
0.159
0.168
0.170
0.167
0.173
0.137
0.166
0.146
0.193
0.166
0.166
0.165
0.174
0.165
0.170
0.165
0.157
0.183
0.171
0.167
0.175
0.173
0.169
0.159
0.167
0.158
0.169
0.203
0.202
0.172
0.150
0.161
0.167
0.169
0.171
0.174
0.199
0.178
0.194
0.169
0.169
0.164
0.169
0.172
0.164
0.122
0.129
0.199
0.203
0.169
0.208
0.206
0.168
0.122
0.170
0.168
0.202
0.196
0.200
0.167
0.133
0.166
0.172
0.168
0.167
0.173
0.168
0.161
0.166
0.174
0.197
0.197
0.167
0.166
0.182
0.157
0.158
0.174
0.166
0.167
0.173
0.170
0.169
0.158
0.167
0.158
0.171
0.172
0.172
0.171
0.168
0.157
0.166
0.175
0.168
0.174
0.173
0.167
0.196
0.160
0.167
0.157
0.170
0.183
0.183
0.168
0.160
0.171
0.200
0.168
0.173
0.218
0.198
0.135
0.162
0.125
0.173
0.173
0.199
0.170
0.170
0.157
0.175
0.165
0.169
0.157
0.211
0.177
0.165
0.160
0.171
0.168
0.167
0.172
0.166
0.166
0.127
0.172
0.166
0.167
0.167
0.126
0.165
0.131
0.154
0.167
0.167
0.171
0.172
0.169
0.157
0.166
0.169
0.165
0.171
0.169
0.169
0.169
0.130
0.165
0.174
0.201
0.127
0.168
0.181
0.123
0.158
0.166
0.181
0.383
0.167
0.161
0.167
0.138
0.164
0.170
0.165
0.137
0.178
0.172
0.200
0.187
0.169
0.169
0.203
0.166
0.141
0.175
0.131
0.167
0.170
0.173
0.167
0.174
0.201
0.169
0.167
0.162
0.182
0.168
0.159
0.206
0.169
0.159
0.161
0.168
0.171
0.164
0.166
0.171
0.168
0.169
0.168
0.197
0.200
0.182
0.156
0.198
0.164
0.161
0.171
0.146
0.169
0.201
0.197
0.170
0.169
0.195
0.197
0.167
0.127
0.170
0.173
0.168
0.160
0.169
0.167
0.173
0.156
0.123
0.172
0.162
0.165
0.169
0.169
0.158
0.173
0.171
0.159
0.161
0.167
0.205
0.167
0.169
0.166
0.173
0.160
0.192
0.208
0.169
0.176
0.166
0.175
0.166
0.162
0.170
0.198
0.197
0.201
0.171
0.176
0.131
0.166
0.166
0.175
0.173
0.165
0.200
0.123
0.165
0.171
0.169
0.172
0.163
0.167
0.122
0.153
0.160
0.167
0.174
0.174
0.162
0.166
0.171
0.189
0.168
0.172
0.170
0.170
0.167
0.168
0.122
0.166
0.171
0.203
0.173
0.172
0.166
0.166
0.164
0.161
0.156
0.171
0.200
0.199
0.162
0.176
0.127
0.197
0.171
0.174
0.165
0.170
0.167
0.158
0.133
0.169
0.177
0.195
0.166
0.174
0.202
0.172
0.168
0.158
0.170
0.171
0.164
0.174
0.163
0.157
0.125
0.169
0.168
0.166
0.173
0.147
0.166
0.200
0.172
0.120
0.171
0.167
0.170
0.135
0.172
0.197
0.205
0.197
0.170
0.165
0.207
0.167
0.122
0.158
0.138
0.165
0.170
0.169
0.133
0.124
0.171
0.167
0.173
0.170
0.168
0.158
0.160
0.165
0.168
0.199
0.203
0.170
0.164
0.153
0.159
0.173
0.174
0.168
0.168
0.175
0.185
0.164
0.165
0.167
0.172
0.167
0.171
0.162
0.169
0.163
0.173
0.160
0.173
0.175
0.163
0.166
0.165
0.167
0.169
0.169
0.175
0.168
0.167
0.167
0.158
0.175
0.171
0.200
0.169
0.167
0.124
0.160
0.158
0.164
0.123
0.169
0.167
0.200
0.167
0.164
0.169
0.169
0.200
0.190
0.169
0.166
0.161
0.203
0.173
0.159
0.163
0.173
0.175
0.158
0.122
0.176
0.172
0.171
0.171
0.187
0.172
0.135
0.157
0.169
0.167
0.166
0.168
0.189
0.169
0.165
0.200
0.174
0.168
0.164
0.181
0.169
0.146
0.159
0.167
0.169
0.195
0.168
0.164
0.182
0.163
0.169
0.168
0.164
0.166
0.172
0.202
0.166
0.172
0.196
0.163
0.171
0.123
0.166
0.177
0.153
0.200
0.168
0.164
0.176
0.168
0.168
0.153
0.165
0.167
0.167
0.169
0.177
0.167
0.191
0.165
0.177
0.164
0.185
0.179
0.174
0.194
0.162
0.168
0.180
0.156
0.167
0.168
0.201
0.168
0.162
0.162
0.168
0.166
0.169
0.172
0.171
0.172
0.163
0.173
0.170
0.172
0.179
0.171
0.169
0.159
0.170
0.166
0.172
0.167
0.171
0.167
0.147
0.189
0.165
0.172
0.193
0.166
0.164
0.123
0.175
0.198
0.167
0.170
0.171
0.168
0.191
0.170
0.158
0.170
0.165
0.162
0.168
0.168
0.168
0.139
0.160
0.164
0.171
0.169
0.167
0.165
0.170
0.157
0.171
0.172
0.166
0.167
0.166
0.159
0.132
0.180
0.168
0.170
0.171
0.171
0.166
0.198
0.166
0.165
0.162
0.170
0.173
0.173
0.165
0.140
0.162
0.170
0.169
0.173
0.164
0.156
0.166
0.161
0.177
0.124
0.166
0.170
0.198
0.171
0.170
0.122
0.170
0.166
0.193
0.157
0.171
0.172
0.157
0.163
0.172
0.170
0.171
0.177
0.168
0.173
0.162
0.167
0.175
0.399
0.171
0.166
0.170
0.164
0.162
0.169
0.172
0.177
0.215
0.167
0.167
0.154
0.169
0.166
0.171
0.162
0.168
0.193
0.202
0.167
0.153
0.169
0.170
0.169
0.186
0.141
0.204
0.190
0.205
0.172
0.169
0.169
0.168
0.161
0.160
0.171
0.166
0.167
0.158
0.171
