0.181
0.145
0.178
0.192
0.189
0.185
0.166
0.120
0.160
0.190
0.158
0.155
0.155
0.161
0.159
0.116
0.154
0.154
0.161
0.155
0.149
0.149
0.159
0.158
0.167
0.133
0.159
0.174
0.159
0.158
0.150
0.148
0.160
0.161
0.120
0.155
0.158
0.152
0.158
0.157
0.164
0.154
0.119
0.130
0.158
0.155
0.158
0.158
0.151
0.156
0.160
0.154
0.158
0.162
0.168
0.160
0.160
0.153
0.156
0.147
0.159
0.167
0.163
0.155
0.162
0.165
0.150
0.173
0.160
0.148
0.149
0.147
0.160
0.169
0.160
0.149
0.157
0.109
0.164
0.164
0.154
0.156
0.159
0.160
0.151
0.174
0.159
0.159
0.159
0.147
0.159
0.159
0.163
0.149
0.157
0.160
0.163
0.158
0.154
0.148
0.157
0.157
0.141
0.158
0.168
0.179
0.157
0.154
0.162
0.153
0.159
0.122
0.156
0.164
0.163
0.174
0.152
0.161
0.162
0.162
0.125
0.154
0.156
0.175
0.148
0.160
0.161
0.155
0.169
0.150
0.160
0.159
0.157
0.174
0.151
0.157
0.162
0.156
0.124
0.112
0.159
0.163
0.158
0.153
0.159
0.165
0.165
0.178
0.157
0.187
0.156
0.156
0.150
0.160
0.162
0.156
0.160
0.156
0.157
0.159
0.156
0.157
0.158
0.160
0.162
0.147
0.157
0.114
0.165
0.163
0.163
0.184
0.155
0.160
0.164
0.146
0.157
0.162
0.152
0.153
0.163
0.191
0.160
0.149
0.162
0.157
0.159
0.157
0.152
0.162
0.165
0.158
0.160
0.150
0.166
0.157
0.160
0.152
0.137
0.157
0.159
0.110
0.150
0.165
0.160
0.154
0.150
0.163
0.156
0.160
0.164
0.148
0.163
0.152
0.160
0.126
0.159
0.189
0.194
0.189
0.186
0.191
0.190
0.187
0.174
0.191
0.161
0.154
0.152
0.154
0.160
0.151
0.160
0.156
0.160
0.159
0.113
0.152
0.157
0.156
0.163
0.158
0.152
0.158
0.152
0.154
0.148
0.171
0.162
0.171
0.156
0.153
0.158
0.148
0.150
0.150
0.153
0.156
0.157
0.159
0.154
0.157
0.157
0.164
0.114
0.154
0.158
0.165
0.156
0.153
0.168
0.161
0.156
0.154
0.157
0.171
0.118
0.115
0.154
0.158
0.153
0.161
0.157
0.184
0.156
0.187
0.158
0.153
0.153
0.154
0.160
0.151
0.167
0.161
0.158
0.161
0.158
0.195
0.149
0.156
0.156
0.155
0.162
0.158
0.158
0.154
0.157
0.155
0.158
0.124
0.158
0.158
0.155
0.155
0.156
0.159
0.157
0.156
0.158
0.161
0.155
0.154
0.160
0.152
0.163
0.156
0.112
0.157
0.157
0.163
0.149
0.158
0.150
0.163
0.156
0.164
0.153
0.155
0.163
0.156
0.155
0.150
0.156
0.162
0.155
0.163
0.161
0.161
0.152
0.158
0.150
0.163
0.153
0.156
0.157
0.151
0.161
0.159
0.156
0.151
0.151
0.163
0.162
0.148
0.154
0.163
0.155
0.154
0.153
0.159
0.155
0.157
0.162
0.153
0.162
0.158
0.152
0.154
0.158
0.160
0.165
0.159
0.148
0.157
0.154
0.157
0.157
0.161
0.111
0.157
0.162
0.152
0.156
0.158
0.156
0.197
0.157
0.198
0.159
0.167
0.146
0.161
0.158
0.155
0.149
0.161
0.156
0.159
0.161
0.148
0.158
0.176
0.160
0.125
0.157
0.155
0.154
0.166
0.148
0.163
0.157
0.158
0.134
0.157
0.153
0.160
0.157
0.121
0.170
0.158
0.155
0.161
0.160
0.162
0.159
0.178
0.153
0.160
0.161
0.153
0.159
0.159
0.161
0.157
0.157
0.147
0.151
0.152
0.156
0.163
0.113
0.113
0.156
0.155
0.151
0.153
0.154
0.165
0.162
0.148
0.158
0.163
0.159
0.153
0.130
0.191
0.161
0.156
0.149
0.160
0.162
0.165
0.145
0.156
0.161
0.154
0.159
0.153
0.158
0.162
0.161
0.148
0.159
0.158
0.168
0.160
0.149
0.159
0.156
0.160
0.147
0.161
0.162
0.156
0.162
0.152
0.160
0.164
0.157
0.152
0.157
0.161
0.154
0.159
0.156
0.154
0.162
0.161
0.146
0.164
0.161
0.162
0.113
0.152
0.157
0.162
0.162
0.119
0.157
0.157
0.153
0.162
0.150
0.176
0.164
0.144
0.158
0.159
0.161
0.163
0.163
0.171
0.162
0.148
0.157
0.141
0.157
0.196
0.149
0.163
0.158
0.171
0.157
0.161
0.159
0.170
0.166
0.165
0.164
0.148
0.160
0.161
0.166
0.154
0.162
0.156
0.162
0.163
0.158
0.157
0.158
0.156
0.157
0.153
0.158
0.159
0.158
0.150
0.154
0.158
0.164
0.161
0.163
0.156
0.111
0.162
0.151
0.148
0.159
0.160
0.161
0.153
0.162
0.160
0.157
0.154
0.161
0.163
0.158
0.169
0.116
0.157
0.157
0.157
0.151
0.162
0.158
0.167
0.156
0.150
0.159
0.159
0.163
0.127
0.161
0.161
0.158
0.162
0.154
0.154
0.156
0.161
0.121
0.158
0.161
0.163
0.152
0.148
0.157
0.188
0.163
0.129
0.155
0.158
0.157
0.194
0.152
0.156
0.155
0.167
0.139
0.157
0.154
0.158
0.157
0.157
0.113
0.156
0.157
0.164
0.153
0.164
0.162
0.154
0.161
0.164
0.155
0.158
0.155
0.167
0.114
0.159
0.157
0.148
0.158
0.112
0.162
0.161
0.157
0.156
0.157
0.154
0.150
0.164
0.153
0.159
0.165
0.150
0.162
0.179
0.164
0.117
0.156
0.190
0.162
0.166
0.154
0.161
0.162
0.149
0.150
0.164
0.160
0.155
0.158
0.147
0.159
0.154
0.153
0.151
0.163
0.164
0.157
0.157
0.147
0.164
0.160
0.163
0.112
0.164
0.156
0.156
0.155
0.150
0.159
0.195
0.148
0.174
0.162
0.156
0.160
0.158
0.155
0.161
0.151
0.115
0.148
0.161
0.161
0.163
0.156
0.147
0.156
0.158
0.145
0.150
0.158
0.161
0.155
0.164
0.148
0.160
0.156
0.154
0.146
0.164
0.153
0.163
0.159
0.146
0.159
0.192
0.156
0.164
0.154
0.159
0.158
0.156
0.152
0.159
0.156
0.162
0.148
0.195
0.158
0.158
0.157
0.150
0.163
0.148
0.111
0.162
0.156
0.158
0.179
0.162
0.155
0.159
0.160
0.149
0.158
0.151
0.155
0.163
0.157
0.147
0.154
0.158
0.159
0.179
0.153
0.160
0.152
0.158
0.145
0.158
0.151
0.158
0.155
0.156
0.160
0.158
0.155
0.149
0.162
0.158
0.159
0.167
0.148
0.157
0.154
0.164
0.143
0.156
0.151
0.157
0.163
0.151
0.155
0.157
0.161
0.151
0.161
0.158
0.153
0.159
0.157
0.156
0.164
0.156
0.125
0.159
0.114
0.162
0.155
0.151
0.160
0.159
0.164
0.121
0.157
0.158
0.157
0.163
0.151
0.160
0.118
0.157
0.133
0.163
0.156
0.177
0.162
0.151
0.155
0.160
0.167
0.147
0.155
0.156
0.162
0.157
0.147
0.159
0.155
0.158
0.154
0.158
0.167
0.161
0.162
0.150
0.156
0.169
0.155
0.153
0.151
0.151
0.157
0.162
0.151
0.162
0.155
0.161
0.156
0.156
0.146
0.161
0.157
0.150
0.153
0.163
0.158
0.159
0.113
0.158
0.156
0.161
0.152
0.158
0.156
0.156
0.156
0.150
0.156
0.154
0.160
0.150
0.155
0.159
0.163
0.157
0.150
0.152
0.157
0.159
0.123
0.156
0.163
0.161
0.147
0.155
0.162
0.154
0.174
0.125
0.161
0.173
0.163
0.165
0.150
0.158
0.168
0.157
0.133
0.162
0.160
0.163
0.154
0.149
0.156
0.156
0.155
0.125
0.159
0.159
0.154
0.156
0.148
0.161
0.162
0.158
0.156
0.163
0.152
0.158
0.113
0.152
0.149
0.159
0.157
0.129
0.155
0.158
0.165
0.158
0.150
0.157
0.157
0.157
0.160
0.163
0.157
0.158
0.149
0.147
0.163
0.160
0.153
0.154
0.151
0.193
0.156
0.159
0.148
0.159
0.159
0.166
0.163
0.152
0.159
0.157
0.157
0.148
0.153
0.164
0.155
0.159
0.116
0.156
0.157
0.157
0.149
0.158
0.165
0.154
0.159
0.149
0.156
0.158
0.155
0.146
0.156
0.168
0.155
0.191
0.154
0.160
0.112
0.162
0.156
0.164
0.156
0.158
0.161
0.151
0.158
0.160
0.148
0.146
0.161
0.165
0.156
0.116
0.158
0.158
0.153
0.164
0.145
0.162
0.157
0.157
0.160
0.148
0.157
0.157
0.159
0.128
0.163
0.160
0.155
0.161
0.155
0.154
0.156
0.157
0.117
0.157
0.165
0.160
0.158
0.153
0.156
0.153
0.157
0.153
0.159
0.120
0.158
0.162
0.152
0.155
0.163
0.163
0.153
0.169
0.158
0.167
0.166
0.156
0.108
0.157
0.112
0.158
0.159
0.152
0.161
0.148
0.150
0.161
0.156
0.166
0.189
0.160
0.155
0.154
0.158
0.151
0.156
0.174
0.164
0.163
0.150
0.154
0.155
0.161
0.150
0.159
0.153
0.177
0.158
0.150
0.157
0.155
0.161
0.151
0.164
0.170
0.157
0.155
0.148
0.164
0.159
0.162
0.122
0.160
0.157
0.163
0.188
0.158
0.155
0.154
0.163
0.125
0.157
0.157
0.162
0.158
0.155
0.151
0.159
0.155
0.112
0.157
0.157
0.156
0.156
0.149
0.158
0.153
0.161
0.148
0.160
0.163
0.158
0.157
0.155
0.155
0.159
0.149
0.160
0.163
0.160
0.156
0.158
0.155
0.157
0.162
0.162
0.158
0.158
0.154
0.193
0.185
0.151
0.156
0.156
0.130
0.157
0.155
0.160
0.156
0.151
0.149
0.157
0.158
0.128
0.157
0.154
0.157
0.148
0.158
0.150
0.158
0.152
0.167
0.158
0.152
0.167
0.162
0.156
0.154
0.155
0.148
0.113
0.166
0.153
0.155
0.157
0.158
0.153
0.156
0.156
0.200
0.164
0.146
0.158
0.157
0.157
0.148
0.159
0.159
0.164
0.163
0.113
0.162
0.154
0.147
0.150
0.156
0.160
0.169
0.161
0.146
0.157
0.156
0.154
0.148
0.158
0.154
0.159
0.158
0.157
0.161
0.167
0.150
0.120
0.165
0.159
0.158
0.162
0.149
0.157
0.158
0.160
0.119
0.157
0.159
0.159
0.161
0.149
0.159
0.158
0.154
0.158
0.160
0.145
0.156
0.157
0.151
0.157
0.171
0.152
0.115
0.159
0.158
0.158
0.173
0.153
0.160
0.157
0.155
0.165
0.157
0.155
0.155
0.160
0.154
0.180
0.192
0.183
0.188
0.188
0.189
0.186
0.182
0.156
0.165
0.156
0.153
0.150
0.159
0.157
0.155
0.151
0.161
0.155
0.157
0.157
0.152
0.159
0.154
0.162
0.118
0.154
0.151
0.164
0.159
0.154
0.155
0.152
0.163
0.153
0.151
0.168
0.166
0.156
0.151
0.158
0.110
0.155
0.118
0.159
0.159
0.165
0.186
0.150
0.162
0.158
0.161
0.118
0.159
0.167
0.199
0.162
0.150
0.155
0.157
0.158
0.141
0.157
0.181
0.164
0.156
0.157
0.154
0.155
0.113
0.159
0.160
0.159
0.126
0.153
0.146
0.163
0.148
0.162
0.178
0.154
0.162
0.159
0.160
0.153
0.157
0.160
0.158
0.159
0.160
0.155
0.194
0.156
0.152
0.163
0.156
0.160
0.162
0.153
0.161
0.151
0.157
0.157
0.111
0.160
0.154
0.156
0.151
0.162
0.160
0.162
0.150
0.167
0.161
0.156
0.156
0.150
0.156
0.159
0.154
0.152
0.163
0.155
0.156
0.162
0.145
0.157
0.155
0.156
0.121
0.155
0.156
0.158
0.160
0.151
0.155
0.157
0.160
0.119
0.156
0.157
0.155
0.157
0.145
0.158
0.163
0.157
0.121
0.158
0.174
0.158
0.155
0.148
0.150
0.162
0.167
0.123
0.155
0.156
0.121
0.158
0.153
0.155
0.161
0.157
0.109
0.126
0.157
0.165
0.157
0.166
0.114
0.159
0.153
0.158
0.194
0.190
0.147
0.183
0.181
0.158
0.189
0.161
0.155
0.157
0.155
0.159
0.159
0.146
0.182
0.151
0.188
0.150
0.149
0.146
0.160
0.163
0.146
0.160
0.158
0.168
0.164
0.158
0.153
0.159
0.158
0.156
0.160
0.168
0.152
0.160
0.151
0.156
0.161
0.158
0.112
0.160
0.149
0.154
0.154
0.162
0.151
0.158
0.158
0.123
0.156
0.156
0.109
0.158
0.152
0.156
0.158
0.150
0.119
0.156
0.156
0.162
0.180
0.158
0.184
0.163
0.158
0.119
0.155
0.158
0.193
0.160
0.149
0.163
0.158
0.161
0.117
0.115
0.164
0.163
0.162
0.154
0.155
0.159
0.197
0.125
0.114
0.159
0.194
0.157
0.150
0.153
0.162
0.160
0.154
0.158
0.154
0.155
0.157
0.159
0.159
0.164
0.155
0.156
0.158
0.163
0.153
0.162
0.153
0.157
0.162
0.158
0.162
0.150
0.113
0.112
0.155
0.149
0.146
0.167
0.156
0.190
0.150
0.155
0.169
0.160
0.148
0.160
0.155
0.160
0.153
0.155
0.115
0.156
0.155
0.150
0.153
0.164
0.157
0.154
0.147
0.115
0.159
0.158
0.156
0.157
0.157
0.155
0.152
0.150
0.165
0.159
0.155
0.116
0.159
0.165
0.116
0.163
0.148
0.158
0.175
0.160
0.131
0.155
0.155
0.158
0.159
0.151
0.154
0.155
0.156
0.124
0.154
0.160
0.159
0.155
0.109
0.164
0.161
0.156
0.139
0.164
0.159
0.156
0.158
0.154
0.158
0.149
0.158
0.159
0.113
0.158
0.193
0.155
0.149
0.156
0.154
0.160
0.145
0.164
0.196
0.158
0.157
0.161
0.155
0.157
0.155
0.159
0.171
0.158
0.161
0.154
0.153
0.164
0.175
0.150
0.164
0.145
0.155
0.156
0.161
0.150
0.160
0.155
0.188
0.151
0.146
0.160
0.161
0.155
0.147
0.162
0.160
0.159
0.157
0.157
0.161
0.159
0.108
0.155
0.176
0.155
0.160
0.157
0.146
0.157
0.155
0.161
0.166
0.159
0.157
0.157
0.179
0.149
0.174
0.163
0.186
0.150
0.164
0.154
0.148
0.159
0.159
0.160
0.148
0.161
0.159
0.162
0.154
0.152
0.156
0.153
0.155
0.163
0.173
0.123
0.153
0.157
0.158
0.163
0.145
0.158
0.158
0.159
0.144
0.160
0.159
0.160
0.158
0.154
0.158
0.163
0.163
0.128
0.156
0.162
0.187
0.158
0.147
0.158
0.110
0.166
0.157
0.161
0.160
0.154
0.156
0.162
0.163
0.159
0.158
0.159
0.164
0.155
0.156
0.156
0.149
0.158
0.155
0.157
0.161
0.159
0.156
0.161
0.157
0.154
0.155
0.159
0.153
0.157
0.154
0.163
0.111
0.155
0.152
0.157
0.162
0.165
0.158
0.151
0.159
0.147
0.153
0.149
0.154
0.158
0.155
0.151
0.148
0.158
0.154
0.159
0.152
0.162
0.166
0.154
0.158
0.156
0.158
0.164
0.148
0.121
0.113
0.161
0.154
0.163
0.150
0.156
0.158
0.163
0.146
0.161
0.154
0.160
0.191
0.151
0.111
0.162
0.155
0.159
0.155
0.158
0.152
0.160
0.146
0.158
0.160
0.147
0.129
0.166
0.163
0.153
0.161
0.151
0.171
0.155
0.159
0.120
0.156
0.159
0.154
0.159
0.152
0.161
0.158
0.163
0.144
0.161
0.157
0.157
0.162
0.161
0.155
0.163
0.161
0.156
0.160
0.160
0.159
0.160
0.150
0.157
0.163
0.158
0.108
0.154
0.154
0.153
0.161
0.156
0.153
0.121
0.161
0.191
0.148
0.156
0.155
0.159
0.148
0.148
0.157
0.160
0.155
0.154
0.161
0.161
0.160
0.151
0.158
0.158
0.154
0.159
0.150
0.156
0.153
0.150
0.149
0.155
0.152
0.157
0.153
0.150
0.161
0.157
0.155
0.157
0.156
0.156
0.159
0.194
0.147
0.161
0.154
0.158
0.128
0.155
0.160
0.159
0.154
0.154
0.155
0.160
0.154
0.121
0.154
0.159
0.111
0.139
0.146
0.163
0.155
0.156
0.141
0.155
0.160
0.160
0.157
0.150
0.157
0.153
0.165
0.128
0.194
0.159
0.165
0.160
0.160
0.160
0.161
0.161
0.149
0.156
0.164
0.159
0.155
0.164
0.155
0.140
0.157
0.164
0.158
0.161
0.157
0.163
0.150
0.165
0.155
0.169
0.156
0.156
0.164
0.163
0.159
0.152
0.182
0.158
0.157
0.160
0.154
0.155
0.158
0.159
0.150
0.163
0.159
0.165
0.154
