0.243
0.190
0.168
0.162
0.178
0.134
0.172
0.170
0.176
0.161
0.181
0.175
0.164
0.176
0.159
0.169
0.175
0.170
0.174
0.169
0.181
0.162
0.174
0.178
0.174
0.169
0.179
0.175
0.177
0.169
0.162
0.172
0.170
0.177
0.176
0.175
0.173
0.162
0.176
0.161
0.176
0.170
0.171
0.181
0.176
0.172
0.165
0.169
0.163
0.171
0.171
0.178
0.173
0.177
0.171
0.162
0.175
0.165
0.171
0.174
0.171
0.170
0.172
0.174
0.168
0.170
0.167
0.180
0.181
0.179
0.169
0.171
0.171
0.162
0.174
0.169
0.174
0.174
0.166
0.162
0.168
0.170
0.165
0.162
0.168
0.169
0.175
0.174
0.177
0.162
0.177
0.165
0.171
0.169
0.181
0.178
0.172
0.170
0.164
0.171
0.165
0.173
0.172
0.177
0.174
0.172
0.176
0.169
0.173
0.138
0.172
0.171
0.177
0.175
0.172
0.163
0.132
0.167
0.140
0.169
0.174
0.170
0.171
0.173
0.173
0.166
0.172
0.172
0.172
0.163
0.175
0.176
0.175
0.171
0.163
0.165
0.165
0.169
0.172
0.160
0.175
0.161
0.174
0.166
0.167
0.176
0.175
0.169
0.176
0.170
0.168
0.163
0.164
0.169
0.171
0.171
0.177
0.185
0.174
0.170
0.178
0.163
0.173
0.169
0.178
0.170
0.178
0.174
0.170
0.177
0.164
0.174
0.169
0.168
0.170
0.172
0.170
0.168
0.174
0.166
0.175
0.167
0.177
0.175
0.169
0.173
0.165
0.169
0.135
0.181
0.173
0.174
0.172
0.163
0.169
0.164
0.165
0.180
0.173
0.172
0.169
0.175
0.162
0.178
0.168
0.171
0.161
0.172
0.170
0.178
0.169
0.163
0.150
0.137
0.169
0.173
0.176
0.174
0.170
0.175
0.162
0.172
0.135
0.163
0.170
0.170
0.172
0.171
0.171
0.172
0.169
0.178
0.177
0.166
0.174
0.171
0.175
0.172
0.162
0.172
0.172
0.172
0.175
0.174
0.171
0.168
0.173
0.167
0.175
0.180
0.176
0.174
0.170
0.174
0.166
0.175
0.138
0.170
0.170
0.173
0.170
0.176
0.171
0.163
0.170
0.148
0.170
0.171
0.171
0.174
0.174
0.179
0.164
0.171
0.132
0.178
0.168
0.179
0.171
0.172
0.169
0.169
0.173
0.150
0.174
0.172
0.171
0.175
0.169
0.174
0.171
0.178
0.174
0.173
0.170
0.170
0.175
0.164
0.171
0.164
0.169
0.171
0.131
0.171
0.170
0.172
0.161
0.172
0.162
0.180
0.170
0.171
0.174
0.171
0.167
0.170
0.170
0.136
0.171
0.176
0.175
0.173
0.171
0.171
0.162
0.177
0.137
0.169
0.173
0.205
0.170
0.171
0.181
0.165
0.174
0.173
0.175
0.163
0.172
0.171
0.176
0.174
0.166
0.177
0.171
0.170
0.179
0.128
0.176
0.168
0.171
0.162
0.173
0.164
0.169
0.168
0.172
0.174
0.169
0.169
0.162
0.169
0.171
0.176
0.173
0.170
0.170
0.166
0.171
0.127
0.182
0.169
0.172
0.170
0.179
0.153
0.164
0.177
0.140
0.169
0.174
0.169
0.176
0.171
0.170
0.165
0.175
0.169
0.178
0.177
0.173
0.171
0.173
0.171
0.163
0.173
0.173
0.175
0.178
0.169
0.175
0.166
0.176
0.163
0.168
0.178
0.135
0.180
0.174
0.170
0.163
0.170
0.163
0.180
0.174
0.170
0.175
0.169
0.173
0.162
0.165
0.134
0.171
0.176
0.172
0.173
0.173
0.134
0.163
0.181
0.133
0.170
0.173
0.170
0.177
0.365
0.360
0.163
0.167
0.174
0.173
0.174
0.414
0.377
0.338
0.306
0.166
0.170
0.136
0.172
0.172
0.179
0.175
0.174
0.176
0.163
0.175
0.173
0.171
0.179
0.172
0.170
0.166
0.172
0.162
0.168
0.172
0.177
0.172
0.171
0.175
0.162
0.172
0.131
0.171
0.175
0.179
0.169
0.172
0.173
0.163
0.177
0.140
0.166
0.174
0.171
0.176
0.133
0.173
0.162
0.171
0.169
0.171
0.175
0.175
0.170
0.173
0.174
0.172
0.172
0.172
0.176
0.173
0.169
0.172
0.162
0.173
0.164
0.176
0.174
0.176
0.170
0.177
0.170
0.163
0.165
0.169
0.181
0.176
0.163
0.172
0.171
0.172
0.163
0.172
0.136
0.172
0.176
0.173
0.163
0.175
0.170
0.167
0.175
0.138
0.171
0.181
0.171
0.179
0.170
0.174
0.165
0.170
0.169
0.163
0.172
0.177
0.170
0.174
0.171
0.174
0.171
0.172
0.170
0.174
0.177
0.172
0.169
0.173
0.168
0.172
0.173
0.177
0.171
0.176
0.178
0.164
0.170
0.168
0.172
0.174
0.172
0.164
0.178
0.176
0.165
0.180
0.160
0.172
0.180
0.171
0.171
0.172
0.173
0.168
0.170
0.135
0.173
0.171
0.180
0.172
0.177
0.178
0.164
0.176
0.175
0.172
0.175
0.170
0.165
0.173
0.170
0.164
0.170
0.171
0.176
0.165
0.174
0.168
0.167
0.172
0.166
0.172
0.179
0.177
0.169
0.174
0.171
0.168
0.174
0.170
0.170
0.173
0.174
0.175
0.176
0.181
0.162
0.172
0.133
0.172
0.174
0.172
0.175
0.177
0.169
0.164
0.164
0.137
0.173
0.163
0.170
0.177
0.172
0.169
0.162
0.164
0.175
0.176
0.174
0.172
0.174
0.178
0.182
0.163
0.169
0.174
0.176
0.172
0.175
0.171
0.167
0.173
0.166
0.175
0.178
0.186
0.172
0.181
0.169
0.176
0.173
0.163
0.175
0.173
0.185
0.177
0.185
0.172
0.167
0.172
0.136
0.174
0.169
0.182
0.167
0.172
0.176
0.144
0.162
0.136
0.172
0.175
0.172
0.173
0.174
0.171
0.170
0.163
0.176
0.178
0.162
0.174
0.174
0.177
0.174
0.168
0.174
0.172
0.169
0.177
0.165
0.176
0.169
0.173
0.165
0.171
0.180
0.169
0.168
0.171
0.170
0.165
0.176
0.165
0.170
0.172
0.174
0.185
0.174
0.173
0.163
0.171
0.134
0.170
0.176
0.173
0.169
0.176
0.169
0.163
0.175
0.139
0.175
0.172
0.130
0.176
0.169
0.176
0.164
0.172
0.174
0.177
0.176
0.172
0.173
0.165
0.170
0.164
0.173
0.175
0.173
0.177
0.175
0.171
0.166
0.171
0.163
0.173
0.169
0.174
0.127
0.172
0.173
0.167
0.174
0.166
0.175
0.172
0.171
0.175
0.170
0.171
0.162
0.177
0.150
0.178
0.170
0.179
0.169
0.180
0.175
0.178
0.171
0.139
0.170
0.173
0.171
0.170
0.173
0.177
0.165
0.172
0.170
0.171
0.173
0.191
0.174
0.172
0.169
0.164
0.170
0.169
0.172
0.173
0.170
0.176
0.165
0.171
0.166
0.171
0.169
0.175
0.164
0.175
0.178
0.162
0.170
0.167
0.172
0.171
0.179
0.178
0.176
0.169
0.164
0.176
0.139
0.182
0.168
0.171
0.173
0.173
0.175
0.165
0.195
0.140
0.169
0.173
0.172
0.176
0.175
0.171
0.163
0.170
0.170
0.178
0.176
0.171
0.170
0.175
0.169
0.163
0.170
0.176
0.170
0.175
0.174
0.165
0.162
0.190
0.165
0.171
0.171
0.172
0.171
0.170
0.176
0.166
0.171
0.142
0.162
0.173
0.174
0.171
0.172
0.172
0.171
0.172
0.137
0.176
0.176
0.187
0.169
0.175
0.168
0.164
0.163
0.135
0.171
0.162
0.170
0.173
0.171
0.174
0.166
0.172
0.135
0.174
0.170
0.174
0.182
0.166
0.170
0.163
0.171
0.174
0.173
0.172
0.170
0.172
0.171
0.172
0.138
0.171
0.176
0.173
0.167
0.173
0.175
0.166
0.172
0.164
0.161
0.175
0.167
0.178
0.169
0.170
0.162
0.176
0.146
0.176
0.162
0.180
0.170
0.181
0.172
0.167
0.170
0.154
0.169
0.171
0.171
0.171
0.174
0.170
0.167
0.182
0.175
0.178
0.172
0.173
0.171
0.168
0.175
0.167
0.160
0.176
0.177
0.177
0.170
0.184
0.163
0.171
0.162
0.176
0.172
0.167
0.170
0.173
0.174
0.164
0.173
0.148
0.170
0.171
0.170
0.176
0.172
0.181
0.160
0.174
0.160
0.172
0.166
0.182
0.175
0.173
0.163
0.169
0.169
0.158
0.175
0.177
0.171
0.173
0.174
0.177
0.168
0.175
0.175
0.165
0.170
0.175
0.172
0.170
0.172
0.168
0.174
0.171
0.175
0.180
0.175
0.173
0.174
0.169
0.169
0.172
0.169
0.172
0.176
0.171
0.171
0.165
0.172
0.171
0.175
0.172
0.169
0.176
0.173
0.176
0.168
0.172
0.134
0.178
0.164
0.173
0.176
0.171
0.171
0.164
0.171
0.151
0.174
0.176
0.179
0.180
0.172
0.173
0.162
0.177
0.168
0.176
0.173
0.181
0.169
0.164
0.171
0.164
0.172
0.171
0.172
0.175
0.175
0.180
0.166
0.182
0.161
0.171
0.173
0.171
0.172
0.178
0.173
0.164
0.171
0.162
0.174
0.165
0.169
0.163
0.170
0.171
0.160
0.178
0.135
0.175
0.170
0.175
0.170
0.178
0.169
0.164
0.175
0.171
0.169
0.173
0.175
0.172
0.174
0.172
0.162
0.176
0.170
0.166
0.175
0.170
0.173
0.163
0.175
0.166
0.169
0.176
0.176
0.178
0.172
0.171
0.166
0.171
0.165
0.172
0.175
0.176
0.174
0.170
0.170
0.167
0.172
0.167
0.170
0.172
0.169
0.176
0.172
0.172
0.167
0.171
0.171
0.172
0.184
0.172
0.173
0.172
0.175
0.168
0.174
0.173
0.165
0.171
0.175
0.171
0.174
0.174
0.161
0.173
0.178
0.171
0.175
0.174
0.168
0.167
0.170
0.168
0.169
0.172
0.169
0.177
0.168
0.176
0.179
0.172
0.166
0.171
0.177
0.172
0.176
0.176
0.172
0.163
0.169
0.136
0.170
0.177
0.171
0.171
0.168
0.177
0.166
0.172
0.137
0.170
0.125
0.167
0.174
0.173
0.172
0.161
0.170
0.138
0.176
0.177
0.171
0.173
0.175
0.172
0.164
0.170
0.169
0.173
0.171
0.174
0.172
0.163
0.174
0.169
0.177
0.174
0.174
0.171
0.170
0.174
0.162
0.176
0.164
0.170
0.183
0.165
0.174
0.178
0.169
0.164
0.174
0.164
0.182
0.174
0.175
0.170
0.174
0.168
0.164
0.170
0.158
0.176
0.174
0.172
0.174
0.174
0.175
0.163
0.175
0.176
0.176
0.176
0.173
0.164
0.169
0.172
0.169
0.165
0.158
0.189
0.175
0.183
0.173
0.166
0.177
0.129
0.177
0.175
0.174
0.173
0.174
0.170
0.162
0.175
0.134
0.177
0.169
0.171
0.169
0.172
0.169
0.175
0.169
0.135
0.169
0.172
0.170
0.170
0.173
0.173
0.166
0.178
0.138
0.177
0.131
0.130
0.169
0.174
0.172
0.165
0.181
0.174
0.170
0.178
0.170
0.173
0.172
0.171
0.166
0.177
0.168
0.172
0.181
0.171
0.174
0.163
0.174
0.165
0.173
0.170
0.175
0.176
0.178
0.172
0.165
0.173
0.160
0.174
0.166
0.171
0.170
0.173
0.170
0.163
0.174
0.137
0.178
0.176
0.170
0.171
0.171
0.171
0.161
0.180
0.138
0.173
0.168
0.175
0.172
0.174
0.170
0.170
0.172
0.141
0.171
0.174
0.163
0.170
0.130
0.176
0.166
0.172
0.172
0.171
0.175
0.171
0.169
0.169
0.178
0.170
0.163
0.171
0.170
0.173
0.171
0.177
0.162
0.171
0.162
0.184
0.171
0.172
0.176
0.174
0.174
0.172
0.171
0.133
0.129
0.170
0.169
0.172
0.170
0.175
0.167
0.170
0.137
0.171
0.175
0.171
0.174
0.171
0.164
0.163
0.179
0.157
0.172
0.171
0.183
0.177
0.175
0.170
0.167
0.181
0.174
0.167
0.173
0.175
0.173
0.139
0.161
0.163
0.177
0.179
0.178
0.174
0.174
0.171
0.162
0.176
0.163
0.172
0.169
0.171
0.175
0.172
0.181
0.169
0.170
0.137
0.170
0.172
0.173
0.168
0.173
0.173
0.177
0.173
0.134
0.166
0.174
0.172
0.177
0.176
0.169
0.167
0.165
0.169
0.171
0.170
0.176
0.178
0.172
0.170
0.165
0.169
0.172
0.179
0.176
0.172
0.163
0.167
0.175
0.162
0.169
0.179
0.173
0.168
0.174
0.169
0.169
0.170
0.168
0.169
0.170
0.170
0.177
0.169
0.170
0.161
0.172
0.134
0.176
0.170
0.181
0.169
0.176
0.175
0.165
0.184
0.145
0.169
0.171
0.173
0.174
0.175
0.178
0.161
0.176
0.175
0.171
0.176
0.170
0.170
0.164
0.172
0.139
0.175
0.173
0.170
0.172
0.174
0.170
0.162
0.175
0.162
0.178
0.167
0.172
0.172
0.172
0.171
0.133
0.168
0.165
0.171
0.171
0.169
0.174
0.175
0.176
0.161
0.174
0.137
0.170
0.171
0.172
0.169
0.173
0.173
0.169
0.175
0.157
0.177
0.176
0.169
0.173
0.169
0.174
0.167
0.173
0.177
0.171
0.169
0.132
0.166
0.174
0.130
0.170
0.168
0.142
0.173
0.171
0.172
0.171
0.161
0.176
0.163
0.171
0.175
0.178
0.171
0.175
0.175
0.167
0.172
0.138
0.175
0.175
0.175
0.176
0.171
0.165
0.163
0.163
0.135
0.177
0.171
0.172
0.176
0.171
0.174
0.168
0.174
0.169
0.175
0.171
0.169
0.174
0.177
0.173
0.174
0.163
0.169
0.174
0.171
0.173
0.171
0.168
0.180
0.170
0.169
0.166
0.169
0.172
0.170
0.171
0.165
0.172
0.165
0.176
0.176
0.180
0.170
0.175
0.171
0.168
0.172
0.169
0.164
0.171
0.177
0.177
0.176
0.171
0.168
0.171
0.135
0.165
0.169
0.174
0.171
0.175
0.176
0.164
0.171
0.150
0.169
0.172
0.172
0.171
0.174
0.176
0.130
0.178
0.171
0.174
0.175
0.174
0.169
0.168
0.174
0.170
0.169
0.174
0.162
0.171
0.159
0.176
0.163
0.172
0.168
0.172
0.173
0.175
0.169
0.131
0.169
0.162
0.177
0.170
0.160
0.176
0.173
0.177
0.169
0.129
0.169
0.176
0.167
0.177
0.172
0.172
0.172
0.171
0.170
0.164
0.170
0.171
0.172
0.173
0.171
0.171
0.168
0.171
0.130
0.171
0.169
0.171
0.177
0.170
0.173
0.170
0.173
0.168
0.176
0.166
0.177
0.177
0.171
0.178
0.163
0.169
0.166
0.173
0.171
0.169
0.170
0.173
0.173
0.186
0.176
0.130
0.180
0.174
0.172
0.172
0.175
0.166
0.170
0.174
0.142
0.172
0.177
0.176
0.179
0.166
0.172
0.162
0.173
0.161
0.174
0.173
0.175
0.163
0.179
0.170
0.173
0.172
0.179
0.169
0.176
0.169
0.178
0.161
0.172
0.164
0.171
0.177
0.173
0.174
0.175
0.170
0.169
0.171
0.169
0.168
0.186
0.172
0.161
0.172
0.163
0.165
0.171
0.162
0.170
0.172
0.171
0.175
0.178
0.162
0.167
0.176
0.165
0.174
0.176
0.177
0.170
0.172
0.172
0.163
0.171
0.165
0.178
0.175
0.171
0.172
0.172
0.166
0.164
0.170
0.176
0.182
0.170
0.175
0.171
0.163
0.175
0.162
0.172
0.179
0.170
0.170
0.176
0.169
0.163
0.173
0.164
0.176
0.172
0.170
0.172
0.170
0.178
0.166
0.173
0.163
0.178
0.177
0.178
0.167
0.172
0.171
0.167
0.170
0.166
0.173
0.171
0.174
0.169
0.179
0.176
0.162
0.160
0.175
0.173
0.171
0.177
0.172
0.171
0.173
0.167
0.171
0.172
0.170
0.178
0.170
0.173
0.163
0.173
0.166
0.173
0.178
0.179
0.170
0.173
0.166
0.166
0.170
0.164
0.170
0.126
0.170
0.171
0.170
0.183
0.162
0.172
0.162
0.176
0.167
0.178
0.170
0.171
0.170
0.165
0.168
0.167
0.177
0.173
0.169
0.173
0.173
0.172
0.173
0.171
0.166
0.172
0.173
0.172
0.180
0.184
0.190
0.165
0.171
0.175
0.164
0.175
0.171
0.171
0.166
0.171
0.169
0.172
0.175
0.171
0.171
0.172
0.171
0.163
0.170
0.168
0.172
0.171
0.172
0.172
0.172
0.176
0.166
0.171
0.134
0.172
0.170
0.170
0.170
0.174
0.167
0.162
0.171
0.141
0.166
0.173
0.175
0.176
0.177
0.177
0.163
0.178
0.170
0.171
0.177
0.164
0.173
0.179
0.169
0.169
0.172
0.171
0.128
0.173
0.169
0.178
0.150
0.172
0.166
0.162
0.161
