0.220
0.196
0.204
0.171
0.199
0.176
0.171
0.162
0.172
0.169
0.175
0.191
0.175
0.170
0.139
0.196
0.125
0.176
0.169
0.183
0.207
0.199
0.161
0.199
0.205
0.174
0.136
0.187
0.170
0.171
0.163
0.174
0.164
0.202
0.204
0.171
0.133
0.160
0.162
0.167
0.170
0.176
0.174
0.198
0.167
0.164
0.166
0.172
0.176
0.170
0.171
0.170
0.169
0.161
0.170
0.173
0.184
0.180
0.169
0.174
0.167
0.203
0.171
0.162
0.172
0.167
0.173
0.136
0.167
0.173
0.167
0.177
0.175
0.168
0.176
0.164
0.176
0.169
0.128
0.169
0.171
0.176
0.133
0.169
0.175
0.169
0.200
0.198
0.171
0.175
0.164
0.176
0.171
0.174
0.169
0.172
0.177
0.140
0.129
0.167
0.168
0.188
0.172
0.170
0.176
0.165
0.174
0.166
0.176
0.173
0.205
0.203
0.135
0.160
0.166
0.175
0.174
0.169
0.167
0.163
0.163
0.173
0.172
0.170
0.207
0.162
0.169
0.163
0.169
0.170
0.207
0.199
0.175
0.168
0.177
0.169
0.172
0.171
0.163
0.166
0.127
0.170
0.170
0.122
0.174
0.159
0.170
0.173
0.172
0.168
0.139
0.167
0.174
0.167
0.173
0.175
0.177
0.138
0.163
0.166
0.173
0.203
0.171
0.168
0.175
0.167
0.167
0.197
0.177
0.167
0.177
0.167
0.175
0.161
0.172
0.171
0.164
0.180
0.169
0.171
0.162
0.174
0.175
0.174
0.172
0.172
0.197
0.186
0.164
0.171
0.169
0.167
0.174
0.172
0.176
0.153
0.168
0.170
0.168
0.177
0.171
0.168
0.125
0.170
0.170
0.128
0.161
0.173
0.172
0.175
0.191
0.191
0.169
0.162
0.185
0.170
0.180
0.167
0.165
0.168
0.204
0.203
0.172
0.198
0.185
0.155
0.162
0.172
0.176
0.202
0.199
0.200
0.171
0.161
0.161
0.170
0.171
0.190
0.172
0.170
0.176
0.163
0.170
0.169
0.188
0.171
0.177
0.170
0.169
0.202
0.199
0.203
0.171
0.172
0.172
0.169
0.160
0.179
0.177
0.188
0.173
0.168
0.169
0.161
0.130
0.173
0.177
0.199
0.167
0.172
0.136
0.169
0.175
0.174
0.166
0.170
0.174
0.170
0.162
0.166
0.172
0.198
0.175
0.175
0.217
0.203
0.159
0.174
0.179
0.176
0.202
0.200
0.177
0.133
0.131
0.176
0.173
0.168
0.174
0.169
0.173
0.166
0.125
0.172
0.174
0.174
0.170
0.127
0.164
0.163
0.198
0.205
0.176
0.168
0.169
0.170
0.164
0.169
0.171
0.200
0.200
0.203
0.171
0.132
0.162
0.171
0.127
0.182
0.172
0.167
0.169
0.162
0.171
0.172
0.198
0.169
0.173
0.169
0.171
0.166
0.172
0.172
0.174
0.205
0.201
0.173
0.170
0.159
0.172
0.171
0.170
0.170
0.178
0.163
0.192
0.174
0.128
0.171
0.170
0.166
0.181
0.163
0.164
0.176
0.171
0.164
0.176
0.170
0.172
0.161
0.174
0.200
0.171
0.174
0.176
0.171
0.160
0.159
0.173
0.173
0.127
0.172
0.176
0.172
0.123
0.170
0.179
0.171
0.128
0.171
0.169
0.192
0.168
0.182
0.175
0.170
0.203
0.199
0.173
0.166
0.173
0.174
0.170
0.170
0.192
0.178
0.172
0.167
0.172
0.170
0.176
0.167
0.173
0.172
0.166
0.168
0.173
0.176
0.172
0.199
0.202
0.193
0.167
0.168
0.179
0.171
0.168
0.168
0.172
0.185
0.168
0.169
0.189
0.202
0.199
0.162
0.148
0.160
0.172
0.172
0.171
0.169
0.170
0.170
0.161
0.166
0.168
0.175
0.171
0.172
0.122
0.133
0.165
0.171
0.168
0.171
0.170
0.170
0.171
0.161
0.163
0.171
0.181
0.176
0.184
0.175
0.146
0.161
0.171
0.169
0.174
0.192
0.171
0.170
0.168
0.169
0.202
0.199
0.160
0.165
0.172
0.159
0.161
0.169
0.168
0.177
0.168
0.175
0.178
0.166
0.160
0.173
0.172
0.169
0.167
0.176
0.171
0.190
0.173
0.166
0.176
0.166
0.170
0.171
0.165
0.169
0.171
0.168
0.179
0.173
0.166
0.160
0.129
0.170
0.199
0.170
0.179
0.169
0.183
0.157
0.196
0.199
0.161
0.202
0.179
0.170
0.160
0.163
0.175
0.201
0.202
0.164
0.179
0.167
0.136
0.163
0.169
0.171
0.176
0.183
0.169
0.185
0.167
0.170
0.172
0.174
0.168
0.169
0.175
0.164
0.163
0.176
0.171
0.178
0.183
0.171
0.173
0.164
0.128
0.188
0.203
0.201
0.170
0.166
0.169
0.167
0.173
0.127
0.176
0.172
0.170
0.178
0.144
0.163
0.122
0.168
0.171
0.205
0.177
0.171
0.168
0.172
0.169
0.168
0.194
0.170
0.162
0.164
0.164
0.172
0.171
0.205
0.174
0.166
0.177
0.167
0.170
0.125
0.170
0.172
0.177
0.197
0.167
0.166
0.172
0.170
0.168
0.170
0.176
0.167
0.167
0.167
0.176
0.174
0.208
0.173
0.176
0.133
0.165
0.187
0.207
0.201
0.172
0.185
0.209
0.170
0.172
0.169
0.170
0.191
0.169
0.169
0.136
0.160
0.178
0.175
0.123
0.169
0.175
0.175
0.193
0.205
0.168
0.167
0.198
0.172
0.175
0.138
0.169
0.204
0.169
0.192
0.164
0.200
0.198
0.161
0.182
0.205
0.175
0.167
0.165
0.173
0.162
0.196
0.210
0.170
0.177
0.168
0.174
0.168
0.165
0.161
0.172
0.169
0.165
0.167
0.168
0.171
0.167
0.169
0.171
0.174
0.170
0.166
0.168
0.163
0.162
0.168
0.170
0.168
0.170
0.173
0.176
0.165
0.169
0.173
0.190
0.172
0.126
0.172
0.162
0.199
0.177
0.170
0.172
0.173
0.159
0.174
0.163
0.182
0.167
0.170
0.171
0.175
0.174
0.147
0.164
0.170
0.172
0.199
0.172
0.169
0.168
0.162
0.175
0.169
0.169
0.168
0.172
0.175
0.154
0.162
0.173
0.174
0.188
0.161
0.190
0.173
0.163
0.175
0.171
0.177
0.170
0.170
0.204
0.138
0.162
0.170
0.171
0.168
0.166
0.169
0.173
0.160
0.171
0.173
0.173
0.170
0.171
0.168
0.157
0.159
0.171
0.172
0.173
0.170
0.170
0.166
0.169
0.161
0.178
0.171
0.171
0.167
0.171
0.169
0.164
0.202
0.169
0.169
0.178
0.191
0.175
0.161
0.161
0.161
0.168
0.200
0.171
0.176
0.170
0.160
0.174
0.171
0.168
0.169
0.174
0.170
0.162
0.173
0.171
0.175
0.160
0.169
0.176
0.162
0.190
0.200
0.173
0.175
0.166
0.168
0.172
0.135
0.162
0.171
0.168
0.175
0.170
0.171
0.171
0.159
0.125
0.177
0.168
0.175
0.171
0.172
0.167
0.165
0.197
0.202
0.172
0.205
0.177
0.173
0.164
0.171
0.170
0.193
0.201
0.205
0.176
0.157
0.168
0.172
0.166
0.175
0.176
0.173
0.188
0.190
0.177
0.126
0.172
0.169
0.176
0.173
0.146
0.163
0.168
0.169
0.170
0.179
0.169
0.170
0.165
0.204
0.170
0.174
0.178
0.203
0.171
0.169
0.162
0.171
0.171
0.174
0.170
0.157
0.172
0.181
0.171
0.173
0.123
0.169
0.176
0.197
0.172
0.167
0.170
0.129
0.171
0.191
0.177
0.170
0.165
0.169
0.174
0.168
0.170
0.173
0.124
0.174
0.167
0.170
0.167
0.174
0.171
0.172
0.171
0.199
0.163
0.174
0.167
0.162
0.183
0.186
0.170
0.165
0.176
0.173
0.170
0.186
0.183
0.174
0.134
0.162
0.130
0.171
0.204
0.206
0.175
0.167
0.159
0.176
0.173
0.173
0.178
0.175
0.176
0.132
0.162
0.180
0.169
0.174
0.123
0.183
0.171
0.159
0.203
0.200
0.173
0.168
0.199
0.169
0.158
0.164
0.172
0.165
0.175
0.176
0.163
0.167
0.193
0.173
0.174
0.175
0.176
0.169
0.166
0.161
0.164
0.198
0.199
0.179
0.214
0.185
0.170
0.161
0.173
0.168
0.174
0.175
0.169
0.177
0.169
0.162
0.179
0.176
0.166
0.167
0.177
0.169
0.154
0.170
0.174
0.174
0.170
0.170
0.169
0.169
0.161
0.172
0.172
0.169
0.167
0.167
0.129
0.163
0.198
0.170
0.171
0.173
0.170
0.173
0.170
0.162
0.175
0.169
0.175
0.177
0.172
0.175
0.164
0.147
0.170
0.172
0.161
0.173
0.170
0.174
0.164
0.152
0.147
0.175
0.169
0.171
0.157
0.163
0.193
0.198
0.172
0.150
0.169
0.158
0.168
0.147
0.171
0.173
0.170
0.166
0.159
0.182
0.189
0.165
0.172
0.166
0.148
0.167
0.169
0.173
0.162
0.169
0.173
0.170
0.166
0.166
0.173
0.134
0.122
0.168
0.163
0.167
0.169
0.163
0.178
0.164
0.164
0.177
0.172
0.170
0.128
0.169
0.177
0.162
0.174
0.202
0.172
0.168
0.172
0.178
0.168
0.162
0.175
0.169
0.122
0.197
0.169
0.174
0.170
0.186
0.174
0.174
0.189
0.168
0.179
0.168
0.164
0.168
0.171
0.184
0.171
0.179
0.157
0.162
0.202
0.204
0.176
0.181
0.176
0.169
0.166
0.160
0.161
0.163
0.174
0.177
0.171
0.167
0.167
0.173
0.128
0.174
0.173
0.176
0.176
0.163
0.162
0.169
0.170
0.170
0.170
0.173
0.172
0.162
0.169
0.169
0.171
0.205
0.202
0.170
0.139
0.174
0.189
0.173
0.355
0.168
0.173
0.181
0.192
0.128
0.163
0.171
0.163
0.170
0.172
0.190
0.164
0.170
0.170
0.175
0.171
0.169
0.167
0.169
0.345
0.174
0.169
0.168
0.177
0.169
0.157
0.174
0.170
0.175
0.154
0.196
0.176
0.171
0.161
0.176
0.175
0.168
0.124
0.168
0.168
0.163
0.164
0.170
0.173
0.169
0.169
0.180
0.177
0.166
0.161
0.174
0.165
0.130
0.129
0.199
0.170
0.162
0.170
0.169
0.187
0.170
0.175
0.175
0.168
0.204
0.175
0.170
0.174
0.171
0.189
0.168
0.165
0.175
0.171
0.175
0.172
0.129
0.177
0.162
0.163
0.170
0.171
0.169
0.208
0.201
0.169
0.159
0.172
0.168
0.173
0.175
0.172
0.170
0.131
0.166
0.172
0.168
0.176
0.169
0.124
0.162
0.167
0.174
0.206
0.204
0.174
0.168
0.200
0.132
0.169
0.178
0.171
0.175
0.175
0.173
0.171
0.160
0.203
0.170
0.174
0.172
0.175
0.167
0.134
0.167
0.173
0.202
0.206
0.172
0.168
0.173
0.164
0.171
0.171
0.166
0.173
0.168
0.169
0.167
0.161
0.168
0.175
0.175
0.182
0.172
0.177
0.161
0.166
0.169
0.169
0.169
0.163
0.171
0.168
0.161
0.172
0.176
0.170
0.176
0.175
0.172
0.125
0.181
0.170
0.198
0.170
0.180
0.173
0.172
0.165
0.169
0.172
0.169
0.200
0.197
0.163
0.161
0.175
0.169
0.128
0.217
0.174
0.173
0.176
0.162
0.174
0.172
0.173
0.168
0.177
0.168
0.155
0.165
0.170
0.166
0.176
0.157
0.181
0.174
0.163
0.177
0.169
0.166
0.171
0.192
0.170
0.159
0.200
0.169
0.161
0.170
0.177
0.167
0.169
0.166
0.170
0.178
0.168
0.161
0.176
0.173
0.136
0.168
0.128
0.174
0.173
0.198
0.202
0.170
0.162
0.128
0.176
0.169
0.169
0.203
0.171
0.148
0.167
0.172
0.177
0.203
0.175
0.177
0.179
0.159
0.167
0.170
0.178
0.168
0.138
0.198
0.176
0.162
0.176
0.199
0.171
0.173
0.169
0.176
0.162
0.160
0.171
0.183
0.171
0.176
0.165
0.189
0.164
0.170
0.167
0.187
0.164
0.169
0.170
0.165
0.167
0.174
0.173
0.165
0.170
0.171
0.170
0.172
0.177
0.164
0.123
0.170
0.168
0.169
0.160
0.159
0.171
0.167
0.207
0.204
0.173
0.169
0.183
0.170
0.172
0.171
0.180
0.160
0.168
0.190
0.163
0.168
0.182
0.176
0.168
0.169
0.161
0.194
0.204
0.205
0.172
0.173
0.169
0.169
0.143
0.163
0.173
0.164
0.171
0.160
0.164
0.170
0.160
0.170
0.175
0.172
0.172
0.178
0.171
0.136
0.164
0.173
0.170
0.170
0.191
0.175
0.169
0.161
0.170
0.179
0.159
0.170
0.124
0.169
0.159
0.194
0.170
0.127
0.170
0.167
0.171
0.163
0.161
0.176
0.173
0.173
0.172
0.170
0.177
0.197
0.165
0.179
0.175
0.170
0.173
0.183
0.179
0.166
0.170
0.175
0.176
0.175
0.209
0.172
0.179
0.162
0.168
0.166
0.172
0.167
0.170
0.128
0.152
0.167
0.170
0.168
0.171
0.166
0.198
0.163
0.168
0.168
0.177
0.168
0.168
0.162
0.177
0.148
0.164
0.172
0.170
0.179
0.191
0.162
0.124
0.160
0.177
0.169
0.198
0.198
0.129
0.177
0.192
0.167
0.171
0.171
0.176
0.177
0.165
0.168
0.161
0.177
0.198
0.176
0.173
0.199
0.175
0.130
0.166
0.130
0.171
0.206
0.192
0.173
0.171
0.157
0.170
0.174
0.177
0.169
0.174
0.171
0.135
0.162
0.172
0.182
0.173
0.170
0.169
0.179
0.165
0.169
0.176
0.175
0.204
0.196
0.176
0.178
0.161
0.173
0.172
0.171
0.175
0.175
0.182
0.164
0.125
0.170
0.162
0.195
0.166
0.171
0.133
0.167
0.201
0.199
0.172
0.175
0.171
0.170
0.162
0.163
0.169
0.173
0.175
0.177
0.171
0.125
0.159
0.171
0.174
0.168
0.168
0.171
0.169
0.136
0.162
0.173
0.166
0.167
0.174
0.174
0.177
0.162
0.175
0.172
0.128
0.171
0.172
0.167
0.162
0.167
0.198
0.171
0.172
0.184
0.169
0.179
0.163
0.175
0.169
0.176
0.193
0.171
0.174
0.142
0.162
0.168
0.124
0.177
0.174
0.199
0.197
0.169
0.166
0.166
0.171
0.171
0.160
0.171
0.143
0.170
0.168
0.167
0.174
0.204
0.170
0.174
0.166
0.191
0.178
0.171
0.172
0.173
0.161
0.189
0.162
0.170
0.168
0.172
0.168
0.173
0.170
0.168
0.167
0.172
0.174
0.177
0.168
0.174
0.170
0.169
0.167
0.171
0.171
0.175
0.169
0.174
0.167
0.166
0.170
0.179
0.189
0.169
0.172
0.174
0.168
0.170
0.170
0.173
0.125
0.170
0.172
0.169
0.159
0.170
0.176
0.170
0.205
0.204
0.169
0.163
0.169
0.127
0.175
0.171
0.170
0.164
0.190
0.202
0.164
0.176
0.173
0.176
0.169
0.142
0.165
0.200
0.190
0.198
0.167
0.172
0.170
0.137
0.164
0.171
0.175
0.174
0.166
0.168
0.175
0.166
0.169
0.171
0.171
0.174
0.180
0.170
0.133
0.171
0.174
0.169
0.166
0.161
0.171
0.175
0.127
0.174
0.167
0.174
0.171
0.176
0.121
0.173
0.165
0.199
0.174
0.174
0.175
0.172
0.172
0.165
0.190
0.159
0.169
0.173
0.170
0.170
0.157
0.177
0.174
0.167
0.178
0.171
0.167
0.172
0.166
0.175
0.174
0.190
0.173
0.171
0.172
0.168
0.161
0.185
0.166
0.170
0.163
0.171
0.174
0.160
0.177
0.173
0.170
0.173
0.172
0.185
0.173
0.190
0.171
0.172
0.168
0.174
0.167
0.192
0.137
0.163
0.179
0.169
0.176
0.170
0.122
0.172
0.124
0.168
0.169
0.175
0.199
0.208
0.174
0.168
0.199
0.170
0.170
0.178
0.171
0.166
0.167
0.162
0.170
0.171
0.202
0.183
0.178
0.189
0.140
0.162
0.171
0.172
0.171
0.206
0.199
0.130
0.161
0.171
0.175
0.166
0.174
0.184
0.171
0.133
0.163
0.173
0.188
0.169
0.173
0.168
0.174
0.168
0.171
0.176
0.166
0.173
0.201
0.180
0.170
0.161
0.173
0.177
0.174
0.172
0.173
0.175
0.161
0.174
0.126
0.172
0.168
0.202
0.169
0.171
0.158
0.176
0.169
0.170
0.170
0.169
0.173
0.168
0.162
0.174
0.166
0.171
0.197
0.203
0.174
0.172
0.184
0.171
0.169
0.169
0.171
0.169
0.161
0.160
0.159
0.165
0.169
0.171
0.170
0.170
0.162
0.172
0.174
0.167
0.173
0.178
0.171
0.157
0.175
0.170
0.167
0.169
0.162
0.211
0.179
0.159
0.173
0.170
0.168
0.174
0.167
0.171
0.125
0.159
0.177
0.176
