0.133
0.140
0.129
0.125
0.097
0.129
0.100
0.130
0.093
0.092
0.127
0.087
0.292
0.108
0.125
0.128
0.093
0.109
0.110
0.130
0.106
0.124
0.098
0.117
0.094
0.081
0.087
0.136
0.128
0.123
0.119
0.091
0.131
0.097
0.099
0.109
0.080
0.095
0.097
0.124
0.097
0.097
0.111
0.097
0.122
0.103
0.113
0.126
0.105
0.143
0.099
0.095
0.096
0.080
0.132
0.123
0.100
0.123
0.130
0.098
0.097
0.129
0.121
0.125
0.128
0.120
0.136
0.119
0.098
0.094
0.096
0.134
0.159
0.080
0.125
0.095
0.104
0.094
0.097
0.089
0.125
0.089
0.101
0.096
0.102
0.095
0.095
0.095
0.097
0.131
0.106
0.080
0.099
0.124
0.099
0.109
0.098
0.094
0.081
0.125
0.099
0.124
0.127
0.104
0.097
0.130
0.098
0.125
0.137
0.125
0.118
0.097
0.134
0.094
0.099
0.094
0.103
0.125
0.096
0.104
0.065
0.097
0.128
0.100
0.110
0.094
0.138
0.133
0.112
0.103
0.116
0.125
0.119
0.125
0.131
0.112
0.126
0.352
0.322
0.310
0.349
0.219
0.207
0.160
0.125
0.090
0.094
0.099
0.065
0.090
0.066
0.100
0.102
0.100
0.087
0.072
0.116
0.079
0.080
0.114
0.096
0.132
0.103
0.129
0.101
0.130
0.096
0.094
0.125
0.124
0.129
0.127
0.129
0.136
0.099
0.100
0.127
0.097
0.125
0.096
0.130
0.124
0.130
0.095
0.127
0.123
0.099
0.125
0.115
0.106
0.127
0.095
0.098
0.125
0.159
0.094
0.125
0.130
0.093
0.094
