0.126
0.160
0.108
0.082
0.129
0.128
0.307
0.096
0.125
0.112
0.132
0.095
0.117
0.120
0.081
0.085
0.127
0.110
0.099
0.124
0.121
0.135
0.132
0.097
0.127
0.130
0.112
0.094
0.098
0.170
0.104
0.092
0.081
0.101
0.110
0.116
0.128
0.079
0.139
0.131
0.127
0.097
0.117
0.092
0.139
0.124
0.084
0.135
0.097
0.081
0.099
0.102
0.116
0.086
0.104
0.093
0.105
0.095
0.101
0.124
0.128
0.102
0.131
0.126
0.082
0.109
0.117
0.101
0.101
0.127
0.127
0.130
0.114
0.125
0.114
0.125
0.116
0.080
0.082
0.095
0.127
0.134
0.114
0.096
0.099
0.082
0.126
0.126
0.114
0.097
0.102
0.097
0.133
0.124
0.096
0.124
0.086
0.126
0.133
0.114
0.128
0.111
0.124
0.125
0.104
0.124
0.085
0.093
0.107
0.096
0.084
0.124
0.141
0.101
0.126
0.127
0.097
0.096
0.095
0.072
0.111
0.128
0.083
0.140
0.095
0.109
0.117
0.089
0.125
0.124
0.096
0.126
0.127
0.081
0.088
0.125
0.108
0.098
0.099
0.107
0.125
0.095
0.124
0.123
0.125
0.111
0.110
0.096
0.087
0.095
0.128
0.135
0.111
0.128
0.103
0.125
0.127
0.112
0.104
0.065
0.083
0.126
0.093
0.111
0.123
0.109
0.140
0.125
0.082
0.097
0.096
0.125
0.098
0.126
0.100
0.102
0.124
0.088
0.106
0.095
0.109
0.098
0.127
0.125
0.125
0.093
0.110
0.096
0.109
0.133
0.130
0.081
0.127
0.096
0.091
0.096
0.128
0.075
0.127
0.099
