0.155
0.126
0.126
0.112
0.109
0.096
0.085
0.078
0.125
0.121
0.095
0.092
0.095
0.097
0.100
0.124
0.095
0.095
0.092
0.107
0.124
0.108
0.123
0.134
0.095
0.099
0.099
0.090
0.132
0.127
0.125
0.079
0.125
0.123
0.126
0.121
0.100
0.139
0.131
0.130
0.124
0.127
0.137
0.109
0.091
0.096
0.095
0.100
0.114
0.142
0.093
0.093
0.094
0.099
0.146
0.131
0.113
0.103
0.095
0.096
0.097
0.097
0.102
0.146
0.090
0.120
0.080
0.098
0.078
0.126
0.081
0.126
0.119
0.096
0.124
0.112
0.097
0.098
0.107
0.103
0.152
0.103
0.124
0.125
0.127
0.096
0.110
0.154
0.113
0.098
0.096
0.124
0.134
0.133
0.094
0.128
0.098
0.122
0.131
0.124
0.124
0.125
0.085
0.126
0.124
0.127
0.079
0.101
0.092
0.094
0.103
0.081
0.101
0.132
0.110
0.101
0.094
0.127
0.125
0.150
0.140
0.123
0.107
0.100
0.124
0.126
0.134
0.125
0.123
0.096
0.096
0.124
0.127
0.139
0.094
0.096
0.110
0.082
0.297
0.170
0.094
0.095
0.124
0.121
0.108
0.096
0.124
0.124
0.125
0.126
0.120
0.123
0.123
0.097
0.122
0.095
0.096
0.128
0.118
0.123
0.124
0.125
0.079
0.070
0.121
0.118
0.098
0.111
0.137
0.096
0.113
0.133
0.099
0.117
0.130
0.124
0.128
0.127
0.133
0.099
0.134
0.256
0.088
0.126
0.102
0.097
0.110
0.147
0.122
0.094
0.076
0.126
0.110
0.101
0.123
0.124
0.125
0.128
0.080
0.121
