0.162
0.103
0.128
0.096
0.098
0.115
0.099
0.095
0.125
0.095
0.130
0.103
0.129
0.108
0.127
0.114
0.134
0.123
0.131
0.098
0.120
0.132
0.130
0.137
0.139
0.127
0.092
0.101
0.126
0.124
0.108
0.107
0.095
0.112
0.099
0.124
0.097
0.096
0.101
0.128
0.097
0.106
0.121
0.095
0.121
0.124
0.125
0.094
0.104
0.123
0.132
0.139
0.098
0.095
0.129
0.102
0.126
0.124
0.108
0.122
0.127
0.131
0.105
0.094
0.116
0.113
0.133
0.124
0.127
0.132
0.129
0.096
0.127
0.093
0.127
0.155
0.116
0.095
0.096
0.095
0.137
0.096
0.126
0.094
0.126
0.100
0.098
0.125
0.122
0.099
0.133
0.125
0.118
0.078
0.135
0.114
0.099
0.082
0.102
0.097
0.131
0.111
0.131
0.125
0.135
0.096
0.098
0.097
0.127
0.126
0.127
0.125
0.127
0.095
0.097
0.096
0.126
0.094
0.132
0.128
0.129
0.136
0.097
0.094
0.130
0.124
0.122
0.123
0.118
0.124
0.099
0.124
0.095
0.095
0.105
0.114
0.125
0.096
0.140
0.127
0.124
0.129
0.121
0.126
0.129
0.126
0.126
0.127
0.096
0.111
0.126
0.088
0.098
0.097
0.097
0.126
0.125
0.127
0.097
0.121
0.094
0.127
0.123
0.135
0.100
0.139
0.127
0.116
0.096
0.125
0.124
0.125
0.097
0.125
0.099
0.128
0.116
0.125
0.127
0.127
0.126
0.125
0.084
0.095
0.096
0.124
0.103
0.128
0.129
0.097
0.094
0.114
0.120
0.132
0.127
0.101
0.098
0.112
0.116
0.117
