0.127
0.124
0.136
0.096
0.083
0.100
0.094
0.091
0.127
0.096
0.098
0.133
0.096
0.123
0.103
0.116
0.076
0.092
0.096
0.095
0.121
0.098
0.115
0.126
0.346
0.143
0.119
0.095
0.125
0.114
0.096
0.092
0.123
0.096
0.099
0.125
0.111
0.081
0.098
0.081
0.094
0.128
0.126
0.112
0.099
0.118
0.127
0.113
0.104
0.089
0.135
0.111
0.081
0.126
0.129
0.120
0.133
0.125
0.080
0.110
0.109
0.113
0.112
0.099
0.124
0.117
0.092
0.124
0.110
0.082
0.096
0.072
0.123
0.127
0.061
0.100
0.114
0.111
0.110
0.106
0.101
0.093
0.133
0.097
0.124
0.114
0.094
0.102
0.133
0.081
0.123
0.126
0.095
0.111
0.110
0.116
0.082
0.096
0.082
0.111
0.121
0.113
0.093
0.082
0.093
0.108
0.080
0.083
0.091
0.100
0.122
0.081
0.124
0.106
0.110
0.079
0.137
0.131
0.075
0.111
0.091
0.111
0.095
0.126
0.093
0.099
0.124
0.080
0.125
0.120
0.098
0.134
0.108
0.094
0.095
0.078
0.082
0.099
0.083
0.115
0.127
0.095
0.094
0.128
0.111
0.102
0.123
0.113
0.124
0.099
0.078
0.081
0.080
0.108
0.104
0.097
0.078
0.133
0.092
0.094
0.077
0.104
0.110
0.096
0.124
0.098
0.124
0.081
0.093
0.133
0.081
0.098
0.125
0.111
0.082
0.081
0.111
0.102
0.080
0.139
0.093
0.105
0.079
0.080
0.129
0.081
0.133
0.082
0.109
0.128
0.095
0.112
0.095
0.099
0.125
0.126
0.110
0.096
0.134
0.097
