0.175
0.101
0.097
0.120
0.096
0.110
0.116
0.103
0.102
0.121
0.097
0.125
0.135
0.092
0.121
0.090
0.119
0.122
0.130
0.116
0.133
0.113
0.127
0.122
0.136
0.084
0.098
0.136
0.133
0.095
0.130
0.126
0.111
0.094
0.092
0.115
0.125
0.080
0.101
0.085
0.109
0.095
0.116
0.125
0.136
0.126
0.126
0.127
0.135
0.131
0.098
0.131
0.120
0.123
0.126
0.124
0.138
0.126
0.134
0.123
0.130
0.115
0.107
0.084
0.104
0.095
0.098
0.093
0.101
0.120
0.128
0.078
0.115
0.122
0.080
0.094
0.097
0.123
0.098
0.081
0.071
0.122
0.133
0.093
0.125
0.124
0.096
0.126
0.106
0.122
0.096
0.073
0.126
0.094
0.129
0.093
0.127
0.113
0.096
0.124
0.097
0.155
0.111
0.096
0.075
0.094
0.126
0.130
0.130
0.079
0.116
0.094
0.101
0.123
0.098
0.117
0.128
0.085
0.129
0.088
0.095
0.123
0.126
0.122
0.129
0.130
0.124
0.125
0.127
0.088
0.133
0.079
0.115
0.122
0.117
0.102
0.088
0.097
0.123
0.121
0.077
0.095
0.081
0.124
0.131
0.123
0.126
0.130
0.125
0.115
0.116
0.133
0.122
0.121
0.126
0.123
0.103
0.131
0.124
0.108
0.111
0.108
0.122
0.127
0.094
0.131
0.129
0.125
0.101
0.124
0.127
0.097
0.127
0.113
0.083
0.101
0.097
0.093
0.110
0.125
0.121
0.092
0.125
0.095
0.112
0.127
0.125
0.094
0.146
0.095
0.103
0.097
0.113
0.119
0.103
0.136
0.102
0.095
0.123
0.096
