0.172
0.125
0.123
0.122
0.099
0.095
0.128
0.111
0.098
0.120
0.098
0.095
0.116
0.130
0.130
0.095
0.110
0.124
0.128
0.097
0.095
0.097
0.124
0.097
0.126
0.096
0.098
0.097
0.095
0.084
0.129
0.125
0.132
0.131
0.103
0.100
0.118
0.086
0.132
0.118
0.103
0.120
0.125
0.126
0.127
0.095
0.127
0.127
0.081
0.129
0.132
0.098
0.096
0.126
0.125
0.126
0.127
0.080
0.101
0.105
0.114
0.095
0.124
0.127
0.115
0.095
0.124
0.125
0.109
0.124
0.081
0.101
0.094
0.096
0.124
0.110
0.081
0.147
0.121
0.152
0.142
0.097
0.079
0.097
0.127
0.096
0.114
0.127
0.095
0.116
0.097
0.097
0.096
0.096
0.104
0.096
0.106
0.116
0.098
0.099
0.095
0.125
0.093
0.103
0.110
0.129
0.110
0.098
0.094
0.096
0.126
0.096
0.096
0.127
0.126
0.125
0.081
0.099
0.124
0.117
0.097
0.095
0.095
0.140
0.126
0.087
0.111
0.126
0.127
0.158
0.099
0.122
0.124
0.126
0.124
0.104
0.127
0.097
0.096
0.096
0.096
0.102
0.134
0.096
0.153
0.116
0.131
0.123
0.118
0.095
0.124
0.097
0.134
0.124
0.129
0.095
0.096
0.125
0.121
0.097
0.124
0.112
0.127
0.135
0.134
0.109
0.096
0.134
0.133
0.096
0.111
0.122
0.114
0.090
0.099
0.125
0.123
0.101
0.126
0.090
0.139
0.125
0.126
0.122
0.101
0.126
0.125
0.119
0.095
0.120
0.097
0.079
0.095
0.083
0.126
0.118
0.095
0.118
0.119
0.095
