0.128
0.124
0.133
0.131
0.107
0.124
0.127
0.126
0.096
0.121
0.115
0.124
0.102
0.110
0.125
0.094
0.111
0.070
0.097
0.093
0.127
0.119
0.126
0.125
0.131
0.119
0.120
0.094
0.137
0.085
0.100
0.109
0.101
0.109
0.097
0.095
0.128
0.109
0.122
0.094
0.082
0.124
0.120
0.126
0.082
0.098
0.098
0.097
0.127
0.096
0.123
0.102
0.100
0.101
0.082
0.140
0.095
0.125
0.117
0.094
0.096
0.335
0.125
0.122
0.129
0.087
0.096
0.126
0.131
0.079
0.128
0.125
0.096
0.116
0.080
0.105
0.094
0.109
0.094
0.125
0.080
0.114
0.080
0.102
0.110
0.095
0.095
0.116
0.080
0.156
0.096
0.122
0.091
0.123
0.131
0.096
0.098
0.113
0.097
0.116
0.097
0.100
0.116
0.125
0.125
0.126
0.331
0.348
0.312
0.242
0.247
0.068
0.136
0.125
0.114
0.066
0.072
0.091
0.115
0.094
0.086
0.072
0.101
0.107
0.116
0.111
0.109
0.126
0.098
0.095
0.097
0.130
0.131
0.127
0.135
0.125
0.125
0.147
0.096
0.126
0.096
0.098
0.124
0.126
0.127
0.097
0.111
0.124
0.102
0.124
0.121
0.127
0.082
0.125
0.155
0.096
0.103
0.133
0.096
0.095
0.115
0.128
0.094
0.127
0.098
0.097
0.126
0.092
0.099
0.098
0.121
0.095
0.095
0.096
0.096
0.125
0.096
0.099
0.124
0.095
0.096
0.119
0.118
0.096
0.126
0.137
0.095
0.124
0.129
0.105
0.096
0.094
0.096
0.133
0.101
0.126
0.126
0.106
0.130
0.098
