0.182
0.124
0.126
0.109
0.095
0.123
0.096
0.115
0.122
0.120
0.096
0.120
0.095
0.122
0.110
0.121
0.113
0.097
0.080
0.121
0.125
0.095
0.086
0.089
0.081
0.108
0.094
0.117
0.124
0.120
0.085
0.120
0.096
0.092
0.081
0.092
0.123
0.108
0.110
0.143
0.126
0.115
0.111
0.110
0.124
0.129
0.094
0.122
0.130
0.093
0.096
0.094
0.082
0.082
0.110
0.111
0.125
0.091
0.078
0.138
0.095
0.092
0.137
0.110
0.137
0.137
0.096
0.122
0.096
0.093
0.124
0.094
0.125
0.118
0.127
0.122
0.084
0.113
0.136
0.079
0.130
0.095
0.079
0.121
0.094
0.122
0.088
0.120
0.094
0.121
0.111
0.114
0.078
0.124
0.094
0.123
0.095
0.123
0.124
0.088
0.095
0.123
0.123
0.092
0.160
0.096
0.101
0.128
0.113
0.092
0.124
0.092
0.125
0.122
0.076
0.067
0.083
0.339
0.112
0.079
0.098
0.093
0.125
0.115
0.092
0.108
0.082
0.121
0.085
0.128
0.131
0.132
0.124
0.086
0.119
0.093
0.102
0.109
0.082
0.121
0.129
0.125
0.113
0.108
0.126
0.094
0.126
0.122
0.096
0.095
0.128
0.095
0.126
0.121
0.125
0.121
0.113
0.121
0.125
0.111
0.126
0.111
0.108
0.124
0.093
0.089
0.121
0.093
0.096
0.150
0.079
0.100
0.131
0.122
0.097
0.093
0.124
0.121
0.124
0.095
0.100
0.110
0.096
0.148
0.123
0.135
0.096
0.095
0.125
0.114
0.127
0.092
0.095
0.093
0.126
0.138
0.128
0.069
0.097
0.095
