0.107
0.131
0.124
0.125
0.119
0.109
0.113
0.094
0.096
0.079
0.127
0.104
0.099
0.094
0.149
0.094
0.097
0.095
0.103
0.110
0.115
0.129
0.127
0.100
0.128
0.122
0.129
0.138
0.101
0.099
0.126
0.124
0.133
0.089
0.099
0.137
0.096
0.123
0.110
0.132
0.112
0.109
0.119
0.123
0.128
0.120
0.127
0.125
0.082
0.126
0.090
0.094
0.098
0.124
0.099
0.094
0.088
0.096
0.116
0.085
0.095
0.124
0.129
0.121
0.098
0.093
0.085
0.100
0.128
0.124
0.102
0.123
0.099
0.109
0.123
0.122
0.110
0.123
0.123
0.102
0.122
0.124
0.094
0.111
0.128
0.124
0.112
0.124
0.126
0.123
0.079
0.122
0.115
0.134
0.107
0.097
0.087
0.123
0.107
0.124
0.126
0.096
0.097
0.091
0.123
0.089
0.099
0.124
0.080
0.122
0.107
0.110
0.085
0.127
0.123
0.124
0.128
0.124
0.082
0.108
0.131
0.107
0.136
0.124
0.125
0.118
0.126
0.095
0.127
0.107
0.101
0.089
0.133
0.109
0.096
0.137
0.130
0.110
0.098
0.111
0.098
0.098
0.107
0.123
0.097
0.124
0.116
0.123
0.133
0.074
0.086
0.099
0.127
0.096
0.123
0.132
0.089
0.108
0.127
0.095
0.074
0.100
0.125
0.125
0.128
0.095
0.125
0.125
0.132
0.105
0.125
0.125
0.129
0.079
0.081
0.124
0.099
0.140
0.126
0.096
0.123
0.112
0.086
0.118
0.095
0.124
0.125
0.086
0.125
0.071
0.131
0.124
0.095
0.125
0.096
0.138
0.128
0.128
0.087
0.125
