0.060
0.031
0.036
0.029
0.028
0.052
0.027
0.053
0.048
0.051
0.027
0.044
0.026
0.049
0.026
0.050
0.023
0.049
0.050
0.025
0.051
0.049
0.025
0.047
0.053
0.029
0.027
0.051
0.029
0.050
0.047
0.049
0.027
0.051
0.051
0.051
0.050
0.028
0.027
0.049
0.051
0.026
0.026
0.050
0.052
0.052
0.052
0.052
0.051
0.047
0.050
0.050
0.051
0.052
0.027
0.026
0.050
0.025
0.026
0.050
0.025
0.049
0.025
0.049
0.052
0.029
0.044
0.027
0.026
0.027
0.050
0.056
0.050
0.042
0.051
0.028
0.051
0.026
0.050
0.051
0.025
0.026
0.052
0.028
0.028
0.052
0.051
0.027
0.049
0.051
0.050
0.049
0.026
0.049
0.050
0.051
0.052
0.026
0.025
0.052
0.026
0.051
0.047
0.027
0.051
0.051
0.027
0.050
0.044
0.043
0.049
0.050
0.026
0.065
0.027
0.020
0.046
0.051
0.050
0.049
0.050
0.028
0.051
0.027
0.025
0.026
0.027
0.027
0.050
0.025
0.049
0.050
0.049
0.051
0.022
0.051
0.027
0.051
0.050
0.049
0.049
0.050
0.026
0.051
0.025
0.051
0.027
0.049
0.026
0.049
0.026
0.026
0.042
0.027
0.026
0.051
0.050
0.050
0.048
0.027
0.026
0.023
0.049
0.051
0.050
0.030
0.051
0.027
0.051
0.024
0.021
0.027
0.052
0.053
0.052
0.053
0.026
0.051
0.030
0.026
0.047
0.028
0.028
0.026
0.026
0.051
0.051
0.050
0.050
0.050
0.026
0.049
0.057
0.051
0.023
0.053
0.050
0.027
0.060
0.026
