0.125
0.046
0.078
0.083
0.073
0.065
0.076
0.073
0.106
0.039
0.069
0.069
0.093
0.065
0.071
0.070
0.067
0.057
0.070
0.078
0.076
0.070
0.059
0.070
0.106
0.057
0.078
0.073
0.073
0.075
0.082
0.075
0.076
0.094
0.093
0.071
0.075
0.073
0.068
0.070
0.083
0.102
0.057
0.069
0.074
0.082
0.093
0.076
0.041
0.062
0.076
0.073
0.073
0.070
0.068
0.094
0.070
0.047
0.069
0.071
0.077
0.076
0.069
0.091
0.069
0.093
0.069
0.070
0.074
0.077
0.071
0.071
0.042
0.070
0.068
0.093
0.071
0.070
0.075
0.074
0.079
0.069
0.072
0.056
0.042
0.074
0.069
0.072
0.078
0.069
0.070
0.077
0.056
0.069
0.076
0.070
0.066
0.070
0.096
0.068
0.070
0.076
0.043
0.069
0.069
0.069
0.073
0.070
0.066
0.074
0.074
0.075
0.073
0.074
0.036
0.065
0.036
0.070
0.069
0.035
0.072
0.038
0.069
0.035
0.076
0.046
0.035
0.081
0.081
0.070
0.069
0.069
0.075
0.036
0.070
0.068
0.052
0.069
0.069
0.256
0.073
0.067
0.070
0.070
0.071
0.036
0.040
0.070
0.043
0.039
0.069
0.040
0.037
0.068
0.069
0.037
0.036
0.070
0.036
0.076
0.081
0.080
0.068
0.042
0.082
0.031
0.035
0.034
0.071
0.070
0.071
0.071
0.029
0.070
0.068
0.071
0.037
0.072
0.033
0.070
0.070
0.069
0.066
0.070
0.065
0.034
0.035
0.040
0.071
0.068
0.033
0.037
0.029
0.034
0.069
0.067
0.041
0.070
0.032
0.039
