0.061
0.056
0.032
0.027
0.030
0.053
0.029
0.027
0.054
0.028
0.049
0.023
0.024
0.049
0.025
0.026
0.025
0.049
0.026
0.049
0.050
0.050
0.051
0.027
0.049
0.026
0.027
0.050
0.027
0.026
0.025
0.051
0.025
0.050
0.027
0.026
0.050
0.026
0.027
0.050
0.028
0.052
0.049
0.027
0.052
0.050
0.030
0.028
0.025
0.028
0.052
0.027
0.049
0.052
0.050
0.046
0.026
0.051
0.026
0.026
0.050
0.050
0.025
0.051
0.026
0.027
0.051
0.050
0.051
0.050
0.049
0.028
0.047
0.049
0.050
0.049
0.049
0.046
0.049
0.027
0.049
0.025
0.050
0.063
0.049
0.025
0.050
0.049
0.026
0.027
0.027
0.027
0.028
0.028
0.027
0.027
0.053
0.052
0.044
0.027
0.026
0.049
0.027
0.026
0.027
0.051
0.051
0.050
0.027
0.049
0.050
0.027
0.062
0.028
0.049
0.060
0.024
0.050
0.049
0.026
0.050
0.050
0.049
0.043
0.024
0.049
0.027
0.049
0.049
0.049
0.049
0.049
0.027
0.050
0.049
0.050
0.027
0.049
0.027
0.049
0.050
0.050
0.049
0.049
0.027
0.051
0.027
0.026
0.026
0.049
0.026
0.048
0.027
0.050
0.026
0.051
0.049
0.025
0.031
0.051
0.049
0.051
0.050
0.028
0.050
0.051
0.050
0.049
0.051
0.028
0.027
0.051
0.051
0.026
0.026
0.047
0.057
0.051
0.046
0.026
0.050
0.027
0.051
0.022
0.050
0.045
0.026
0.050
0.050
0.051
0.049
0.026
0.028
0.050
0.025
0.050
0.026
0.026
0.051
0.050
