0.060
0.055
0.051
0.064
0.047
0.030
0.054
0.048
0.030
0.055
0.049
0.028
0.047
0.044
0.049
0.049
0.047
0.049
0.050
0.049
0.027
0.050
0.051
0.051
0.051
0.050
0.060
0.063
0.049
0.029
0.030
0.062
0.051
0.049
0.049
0.050
0.063
0.048
0.028
0.051
0.049
0.045
0.045
0.047
0.058
0.044
0.047
0.052
0.044
0.063
0.050
0.043
0.064
0.026
0.050
0.049
0.046
0.051
0.051
0.027
0.028
0.029
0.046
0.049
0.045
0.045
0.047
0.046
0.051
0.051
0.064
0.051
0.049
0.028
0.046
0.050
0.064
0.054
0.028
0.045
0.050
0.047
0.050
0.050
0.049
0.045
0.152
0.051
0.051
0.051
0.055
0.027
0.051
0.046
0.051
0.050
0.045
0.055
0.049
0.046
0.051
0.050
0.046
0.027
0.028
0.052
0.051
0.044
0.062
0.049
0.063
0.044
0.028
0.027
0.049
0.041
0.028
0.030
0.052
0.046
0.051
0.049
0.046
0.046
0.051
0.050
0.049
0.062
0.027
0.046
0.050
0.049
0.051
0.049
0.060
0.062
0.049
0.049
0.046
0.068
0.049
0.029
0.046
0.049
0.049
0.048
0.029
0.050
0.050
0.050
0.028
0.052
0.061
0.062
0.046
0.028
0.027
0.021
0.029
0.030
0.052
0.049
0.047
0.046
0.045
0.043
0.050
0.049
0.063
0.050
0.050
0.044
0.049
0.027
0.046
0.030
0.045
0.051
0.051
0.030
0.029
0.049
0.050
0.027
0.065
0.042
0.049
0.050
0.063
0.039
0.047
0.050
0.050
0.049
0.050
0.031
0.047
0.045
0.050
0.028
