0.086
0.051
0.036
0.081
0.082
0.037
0.071
0.040
0.072
0.070
0.072
0.069
0.037
0.068
0.068
0.069
0.069
0.069
0.068
0.069
0.036
0.036
0.036
0.267
0.037
0.069
0.027
0.036
0.062
0.037
0.037
0.055
0.037
0.070
0.036
0.069
0.037
0.037
0.037
0.072
0.079
0.052
0.070
0.070
0.071
0.070
0.072
0.038
0.069
0.035
0.036
0.069
0.038
0.072
0.036
0.036
0.071
0.036
0.070
0.069
0.036
0.036
0.038
0.070
0.068
0.070
0.071
0.071
0.069
0.036
0.069
0.035
0.036
0.069
0.069
0.090
0.029
0.037
0.070
0.070
0.038
0.070
0.038
0.038
0.026
0.035
0.069
0.035
0.037
0.037
0.069
0.036
0.036
0.071
0.070
0.069
0.037
0.085
0.036
0.036
0.065
0.070
0.037
0.077
0.037
0.069
0.070
0.036
0.068
0.036
0.036
0.037
0.036
0.070
0.069
0.070
0.074
0.038
0.069
0.037
0.034
0.069
0.037
0.081
0.038
0.065
0.072
0.038
0.069
0.071
0.038
0.037
0.036
0.070
0.034
0.070
0.037
0.070
0.069
0.070
0.056
0.036
0.068
0.069
0.033
0.035
0.041
0.069
0.035
0.069
0.037
0.036
0.069
0.039
0.037
0.035
0.071
0.070
0.071
0.042
0.070
0.070
0.070
0.070
0.036
0.069
0.052
0.037
0.051
0.029
0.035
0.037
0.037
0.028
0.036
0.037
0.069
0.035
0.036
0.071
0.038
0.069
0.079
0.037
0.069
0.073
0.068
0.036
0.070
0.035
0.069
0.036
0.032
0.079
0.069
0.072
0.070
0.029
0.071
0.070
