0.099
0.035
0.071
0.048
0.079
0.037
0.058
0.028
0.040
0.039
0.073
0.075
0.036
0.037
0.067
0.038
0.071
0.036
0.037
0.036
0.070
0.069
0.037
0.031
0.069
0.069
0.036
0.080
0.071
0.070
0.066
0.071
0.036
0.034
0.071
0.038
0.038
0.070
0.069
0.070
0.070
0.036
0.069
0.071
0.070
0.037
0.072
0.035
0.036
0.035
0.036
0.067
0.036
0.042
0.070
0.070
0.037
0.070
0.070
0.069
0.038
0.071
0.069
0.036
0.048
0.037
0.069
0.070
0.072
0.039
0.037
0.026
0.071
0.070
0.071
0.071
0.063
0.069
0.038
0.036
0.035
0.043
0.075
0.036
0.070
0.038
0.071
0.036
0.038
0.071
0.070
0.035
0.034
0.055
0.070
0.069
0.069
0.072
0.086
0.063
0.037
0.068
0.070
0.027
0.070
0.072
0.072
0.071
0.069
0.072
0.071
0.028
0.071
0.036
0.036
0.082
0.070
0.038
0.070
0.072
0.027
0.067
0.071
0.070
0.032
0.069
0.028
0.026
0.034
0.069
0.035
0.036
0.061
0.070
0.069
0.037
0.071
0.036
0.071
0.081
0.037
0.064
0.036
0.071
0.071
0.072
0.071
0.071
0.069
0.035
0.037
0.039
0.073
0.069
0.070
0.070
0.070
0.075
0.069
0.053
0.070
0.036
0.069
0.035
0.036
0.037
0.026
0.038
0.072
0.035
0.036
0.027
0.069
0.035
0.041
0.070
0.036
0.026
0.054
0.036
0.035
0.069
0.052
0.045
0.070
0.036
0.070
0.071
0.062
0.079
0.047
0.071
0.045
0.037
0.069
0.065
0.039
0.037
0.069
0.064
