0.061
0.063
0.059
0.059
0.053
0.024
0.053
0.051
0.051
0.048
0.026
0.050
0.025
0.049
0.027
0.026
0.049
0.024
0.050
0.027
0.049
0.050
0.028
0.027
0.027
0.025
0.050
0.051
0.051
0.048
0.028
0.029
0.030
0.052
0.023
0.025
0.027
0.050
0.050
0.050
0.051
0.050
0.048
0.028
0.023
0.021
0.025
0.050
0.049
0.047
0.026
0.050
0.051
0.026
0.027
0.050
0.026
0.050
0.049
0.058
0.024
0.026
0.026
0.024
0.026
0.028
0.050
0.049
0.049
0.025
0.027
0.051
0.052
0.052
0.026
0.051
0.025
0.050
0.053
0.065
0.027
0.029
0.025
0.053
0.029
0.050
0.026
0.050
0.029
0.049
0.027
0.051
0.027
0.052
0.052
0.050
0.051
0.053
0.051
0.050
0.052
0.049
0.050
0.050
0.050
0.026
0.028
0.025
0.026
0.057
0.026
0.025
0.054
0.032
0.027
0.028
0.026
0.050
0.050
0.051
0.050
0.049
0.046
0.052
0.043
0.026
0.026
0.050
0.049
0.051
0.028
0.031
0.026
0.027
0.026
0.027
0.051
0.026
0.026
0.051
0.053
0.026
0.028
0.028
0.051
0.051
0.050
0.050
0.027
0.026
0.050
0.051
0.050
0.027
0.027
0.025
0.049
0.027
0.026
0.026
0.051
0.028
0.026
0.052
0.050
0.028
0.051
0.026
0.058
0.026
0.027
0.050
0.050
0.051
0.052
0.050
0.025
0.026
0.026
0.050
0.052
0.051
0.047
0.031
0.053
0.050
0.050
0.026
0.062
0.026
0.044
0.050
0.051
0.052
0.028
0.051
0.028
0.050
0.051
0.027
