0.092
0.034
0.034
0.052
0.066
0.022
0.022
0.027
0.053
0.051
0.054
0.050
0.025
0.024
0.050
0.027
0.052
0.051
0.052
0.023
0.051
0.049
0.027
0.027
0.024
0.066
0.028
0.047
0.051
0.047
0.049
0.050
0.045
0.050
0.050
0.050
0.025
0.052
0.050
0.027
0.052
0.028
0.045
0.050
0.028
0.051
0.026
0.028
0.064
0.025
0.049
0.026
0.050
0.027
0.051
0.053
0.028
0.028
0.028
0.027
0.024
0.243
0.026
0.051
0.050
0.026
0.026
0.047
0.026
0.048
0.050
0.057
0.062
0.027
0.053
0.025
0.051
0.051
0.052
0.027
0.026
0.055
0.051
0.050
0.028
0.053
0.030
0.027
0.063
0.051
0.020
0.049
0.050
0.048
0.027
0.028
0.026
0.026
0.026
0.025
0.031
0.049
0.027
0.051
0.023
0.028
0.050
0.028
0.029
0.027
0.042
0.042
0.028
0.026
0.030
0.031
0.028
0.052
0.027
0.051
0.027
0.026
0.027
0.028
0.050
0.029
0.052
0.052
0.049
0.027
0.047
0.050
0.026
0.026
0.050
0.050
0.027
0.051
0.050
0.049
0.026
0.043
0.026
0.026
0.050
0.026
0.050
0.051
0.026
0.027
0.050
0.026
0.027
0.026
0.026
0.049
0.025
0.050
0.051
0.049
0.051
0.051
0.020
0.045
0.053
0.052
0.044
0.027
0.046
0.050
0.026
0.046
0.051
0.043
0.025
0.053
0.029
0.050
0.020
0.025
0.026
0.027
0.028
0.021
0.021
0.027
0.026
0.027
0.049
0.048
0.050
0.050
0.050
0.021
0.023
0.025
0.023
0.027
0.050
0.026
