0.123
0.045
0.036
0.081
0.091
0.072
0.032
0.040
0.074
0.055
0.042
0.076
0.071
0.051
0.052
0.071
0.037
0.039
0.056
0.069
0.056
0.071
0.038
0.042
0.054
0.038
0.055
0.071
0.070
0.069
0.074
0.069
0.056
0.073
0.080
0.054
0.038
0.055
0.055
0.070
0.071
0.071
0.058
0.057
0.073
0.070
0.046
0.047
0.039
0.035
0.035
0.069
0.072
0.071
0.071
0.037
0.069
0.036
0.068
0.036
0.069
0.036
0.034
0.036
0.043
0.037
0.040
0.071
0.070
0.073
0.070
0.037
0.070
0.036
0.069
0.068
0.053
0.079
0.070
0.038
0.036
0.037
0.036
0.070
0.070
0.038
0.035
0.069
0.083
0.061
0.070
0.070
0.071
0.069
0.072
0.053
0.036
0.069
0.069
0.069
0.085
0.046
0.037
0.037
0.072
0.069
0.069
0.071
0.035
0.064
0.068
0.069
0.053
0.080
0.036
0.071
0.037
0.069
0.036
0.065
0.059
0.036
0.069
0.034
0.052
0.082
0.036
0.069
0.070
0.070
0.064
0.037
0.037
0.037
0.036
0.070
0.081
0.084
0.036
0.070
0.071
0.053
0.070
0.071
0.069
0.037
0.068
0.069
0.053
0.047
0.070
0.035
0.036
0.070
0.069
0.031
0.037
0.037
0.068
0.062
0.053
0.081
0.070
0.036
0.071
0.070
0.037
0.074
0.036
0.036
0.069
0.068
0.052
0.078
0.069
0.070
0.070
0.038
0.071
0.070
0.037
0.038
0.082
0.069
0.054
0.085
0.038
0.037
0.070
0.069
0.036
0.069
0.070
0.068
0.069
0.069
0.052
0.082
0.053
0.068
