0.160
0.047
0.047
0.064
0.033
0.074
0.071
0.037
0.069
0.072
0.036
0.037
0.036
0.035
0.071
0.070
0.037
0.041
0.069
0.070
0.030
0.069
0.070
0.080
0.072
0.036
0.037
0.035
0.069
0.069
0.036
0.069
0.070
0.070
0.069
0.036
0.038
0.039
0.070
0.071
0.070
0.030
0.076
0.037
0.031
0.068
0.036
0.066
0.070
0.054
0.036
0.069
0.035
0.036
0.071
0.036
0.070
0.033
0.069
0.032
0.071
0.069
0.069
0.068
0.070
0.032
0.036
0.036
0.069
0.035
0.032
0.038
0.038
0.031
0.036
0.034
0.071
0.033
0.068
0.037
0.035
0.037
0.052
0.036
0.037
0.032
0.070
0.070
0.069
0.071
0.034
0.072
0.036
0.069
0.069
0.036
0.037
0.071
0.058
0.035
0.054
0.034
0.035
0.069
0.030
0.068
0.037
0.036
0.069
0.068
0.037
0.070
0.041
0.070
0.038
0.068
0.055
0.039
0.039
0.070
0.039
0.038
0.039
0.069
0.070
0.038
0.068
0.035
0.068
0.035
0.068
0.036
0.035
0.069
0.069
0.037
0.070
0.068
0.057
0.035
0.071
0.037
0.035
0.040
0.072
0.069
0.069
0.069
0.036
0.035
0.069
0.038
0.036
0.071
0.052
0.069
0.036
0.070
0.035
0.070
0.061
0.069
0.070
0.035
0.083
0.072
0.036
0.035
0.072
0.036
0.071
0.071
0.065
0.069
0.071
0.037
0.039
0.035
0.065
0.072
0.036
0.036
0.036
0.037
0.037
0.029
0.070
0.069
0.038
0.065
0.036
0.039
0.073
0.037
0.069
0.036
0.052
0.070
0.065
0.070
