0.108
0.046
0.082
0.046
0.073
0.029
0.037
0.070
0.037
0.070
0.037
0.068
0.036
0.027
0.066
0.064
0.068
0.037
0.069
0.036
0.037
0.062
0.071
0.038
0.060
0.069
0.070
0.029
0.054
0.028
0.070
0.037
0.069
0.037
0.038
0.036
0.037
0.069
0.036
0.069
0.037
0.039
0.070
0.051
0.070
0.069
0.071
0.039
0.069
0.069
0.071
0.034
0.077
0.037
0.069
0.071
0.059
0.037
0.070
0.036
0.037
0.038
0.036
0.069
0.069
0.071
0.036
0.070
0.070
0.069
0.035
0.036
0.069
0.054
0.069
0.068
0.039
0.036
0.070
0.037
0.070
0.037
0.039
0.036
0.036
0.035
0.070
0.037
0.030
0.070
0.069
0.045
0.041
0.071
0.070
0.036
0.068
0.036
0.069
0.038
0.054
0.069
0.070
0.071
0.038
0.036
0.071
0.032
0.069
0.039
0.036
0.071
0.037
0.032
0.071
0.068
0.053
0.035
0.069
0.041
0.080
0.068
0.070
0.070
0.031
0.071
0.073
0.069
0.070
0.036
0.076
0.037
0.071
0.073
0.069
0.073
0.049
0.074
0.041
0.069
0.071
0.070
0.055
0.042
0.073
0.071
0.070
0.070
0.038
0.034
0.072
0.059
0.070
0.070
0.054
0.070
0.067
0.039
0.070
0.035
0.070
0.070
0.038
0.072
0.034
0.041
0.071
0.035
0.035
0.036
0.038
0.070
0.062
0.072
0.038
0.038
0.071
0.072
0.070
0.072
0.069
0.043
0.070
0.040
0.072
0.037
0.035
0.036
0.059
0.070
0.038
0.070
0.071
0.038
0.071
0.071
0.037
0.041
0.069
0.069
