0.117
0.036
0.035
0.059
0.086
0.072
0.057
0.072
0.056
0.067
0.069
0.029
0.033
0.068
0.070
0.056
0.069
0.073
0.054
0.075
0.041
0.070
0.069
0.045
0.039
0.037
0.070
0.069
0.055
0.069
0.036
0.069
0.069
0.082
0.038
0.035
0.075
0.069
0.055
0.069
0.070
0.069
0.070
0.069
0.054
0.073
0.065
0.070
0.058
0.056
0.074
0.054
0.039
0.051
0.067
0.055
0.071
0.074
0.063
0.070
0.074
0.058
0.038
0.076
0.070
0.056
0.068
0.072
0.033
0.061
0.049
0.069
0.059
0.070
0.039
0.069
0.070
0.069
0.066
0.039
0.069
0.072
0.056
0.055
0.035
0.075
0.040
0.071
0.050
0.053
0.069
0.057
0.038
0.075
0.054
0.071
0.069
0.068
0.069
0.054
0.070
0.071
0.035
0.068
0.068
0.039
0.038
0.073
0.070
0.069
0.070
0.067
0.054
0.033
0.057
0.053
0.038
0.037
0.055
0.069
0.075
0.077
0.039
0.059
0.073
0.069
0.056
0.075
0.072
0.057
0.038
0.056
0.077
0.076
0.056
0.075
0.057
0.058
0.039
0.069
0.041
0.037
0.037
0.069
0.084
0.068
0.037
0.060
0.070
0.069
0.074
0.059
0.037
0.036
0.071
0.055
0.056
0.054
0.069
0.047
0.055
0.071
0.033
0.073
0.035
0.040
0.068
0.069
0.068
0.068
0.069
0.070
0.069
0.054
0.057
0.069
0.070
0.048
0.056
0.056
0.071
0.071
0.069
0.069
0.057
0.055
0.070
0.086
0.070
0.056
0.069
0.070
0.071
0.072
0.071
0.054
0.070
0.056
0.071
0.070
