0.061
0.027
0.039
0.035
0.051
0.051
0.052
0.031
0.028
0.053
0.051
0.026
0.050
0.049
0.051
0.046
0.024
0.050
0.063
0.058
0.050
0.051
0.028
0.051
0.049
0.046
0.021
0.049
0.026
0.026
0.051
0.051
0.027
0.028
0.040
0.026
0.025
0.051
0.051
0.049
0.026
0.025
0.030
0.046
0.026
0.050
0.026
0.027
0.051
0.026
0.053
0.051
0.060
0.051
0.051
0.050
0.050
0.027
0.022
0.026
0.029
0.027
0.050
0.028
0.054
0.022
0.050
0.052
0.050
0.028
0.026
0.025
0.028
0.026
0.051
0.049
0.050
0.027
0.026
0.026
0.051
0.050
0.054
0.052
0.026
0.050
0.022
0.049
0.028
0.052
0.051
0.026
0.051
0.026
0.058
0.050
0.051
0.050
0.026
0.051
0.026
0.051
0.061
0.027
0.051
0.049
0.027
0.051
0.049
0.027
0.049
0.050
0.022
0.026
0.026
0.027
0.049
0.049
0.049
0.048
0.049
0.055
0.050
0.049
0.050
0.029
0.025
0.044
0.027
0.049
0.026
0.024
0.027
0.051
0.049
0.049
0.027
0.051
0.025
0.051
0.052
0.024
0.049
0.026
0.051
0.026
0.049
0.048
0.051
0.043
0.027
0.049
0.027
0.050
0.049
0.027
0.050
0.026
0.041
0.024
0.024
0.050
0.051
0.063
0.027
0.044
0.023
0.051
0.049
0.050
0.051
0.026
0.051
0.051
0.048
0.025
0.050
0.050
0.049
0.049
0.026
0.051
0.050
0.051
0.050
0.026
0.023
0.050
0.048
0.051
0.051
0.025
0.064
0.050
0.051
0.023
0.024
0.028
0.027
0.024
