0.095
0.053
0.036
0.054
0.051
0.028
0.052
0.051
0.051
0.050
0.025
0.026
0.023
0.050
0.059
0.045
0.026
0.049
0.042
0.046
0.050
0.050
0.026
0.050
0.028
0.027
0.025
0.050
0.049
0.061
0.060
0.028
0.060
0.051
0.047
0.026
0.026
0.021
0.051
0.068
0.046
0.052
0.027
0.050
0.025
0.047
0.026
0.050
0.050
0.027
0.027
0.051
0.050
0.050
0.051
0.028
0.049
0.025
0.050
0.026
0.024
0.025
0.050
0.022
0.026
0.050
0.067
0.050
0.027
0.050
0.027
0.051
0.052
0.051
0.064
0.050
0.026
0.025
0.027
0.049
0.027
0.029
0.027
0.046
0.053
0.028
0.049
0.027
0.051
0.026
0.050
0.051
0.051
0.026
0.050
0.051
0.022
0.025
0.025
0.027
0.049
0.027
0.027
0.027
0.046
0.051
0.025
0.057
0.027
0.026
0.049
0.051
0.050
0.050
0.025
0.047
0.025
0.044
0.051
0.050
0.026
0.049
0.022
0.050
0.045
0.027
0.050
0.050
0.027
0.025
0.089
0.030
0.052
0.059
0.050
0.027
0.025
0.026
0.026
0.026
0.028
0.028
0.022
0.026
0.025
0.051
0.045
0.027
0.027
0.052
0.026
0.026
0.051
0.050
0.049
0.023
0.028
0.049
0.050
0.027
0.026
0.028
0.025
0.051
0.027
0.025
0.058
0.032
0.049
0.026
0.027
0.027
0.051
0.026
0.025
0.026
0.026
0.027
0.026
0.027
0.049
0.030
0.025
0.050
0.028
0.026
0.029
0.027
0.029
0.028
0.053
0.028
0.050
0.052
0.049
0.057
0.035
0.026
0.026
0.027
