0.077
0.034
0.058
0.053
0.031
0.052
0.028
0.055
0.053
0.028
0.052
0.028
0.022
0.050
0.050
0.027
0.026
0.050
0.026
0.050
0.051
0.027
0.028
0.043
0.026
0.028
0.049
0.029
0.027
0.052
0.052
0.051
0.029
0.033
0.028
0.052
0.028
0.052
0.053
0.053
0.026
0.052
0.029
0.050
0.062
0.021
0.028
0.049
0.026
0.050
0.051
0.050
0.051
0.051
0.050
0.027
0.050
0.050
0.026
0.050
0.050
0.021
0.026
0.049
0.041
0.027
0.025
0.050
0.025
0.051
0.049
0.262
0.050
0.237
0.030
0.029
0.029
0.029
0.029
0.029
0.050
0.030
0.030
0.049
0.029
0.030
0.030
0.035
0.029
0.029
0.052
0.030
0.051
0.031
0.028
0.031
0.030
0.029
0.047
0.025
0.027
0.027
0.027
0.027
0.048
0.049
0.026
0.050
0.027
0.244
0.049
0.026
0.051
0.051
0.049
0.050
0.051
0.048
0.052
0.034
0.050
0.028
0.051
0.049
0.030
0.050
0.026
0.027
0.026
0.027
0.026
0.027
0.045
0.027
0.025
0.048
0.050
0.026
0.028
0.027
0.026
0.058
0.049
0.027
0.050
0.050
0.051
0.030
0.027
0.050
0.026
0.050
0.051
0.052
0.026
0.025
0.026
0.049
0.025
0.053
0.028
0.052
0.060
0.026
0.047
0.052
0.050
0.044
0.050
0.051
0.051
0.051
0.050
0.051
0.050
0.049
0.048
0.049
0.050
0.050
0.052
0.028
0.049
0.051
0.051
0.049
0.051
0.051
0.027
0.056
0.051
0.050
0.042
0.049
0.049
0.025
0.049
0.051
0.050
0.050
