0.087
0.045
0.035
0.061
0.047
0.092
0.071
0.072
0.072
0.070
0.071
0.070
0.042
0.037
0.080
0.036
0.069
0.035
0.036
0.070
0.036
0.070
0.070
0.080
0.070
0.074
0.073
0.068
0.036
0.068
0.070
0.062
0.036
0.069
0.067
0.071
0.064
0.070
0.069
0.069
0.038
0.069
0.044
0.071
0.069
0.036
0.027
0.070
0.036
0.072
0.070
0.035
0.050
0.071
0.078
0.072
0.037
0.036
0.070
0.064
0.114
0.053
0.081
0.032
0.038
0.071
0.038
0.069
0.040
0.038
0.040
0.071
0.072
0.066
0.036
0.078
0.070
0.037
0.069
0.067
0.035
0.035
0.070
0.036
0.070
0.069
0.035
0.071
0.071
0.037
0.070
0.070
0.037
0.069
0.069
0.068
0.052
0.070
0.035
0.043
0.070
0.036
0.038
0.043
0.071
0.067
0.071
0.063
0.068
0.036
0.037
0.069
0.070
0.071
0.071
0.070
0.071
0.071
0.071
0.073
0.070
0.069
0.038
0.035
0.039
0.038
0.037
0.069
0.069
0.070
0.070
0.036
0.035
0.069
0.077
0.035
0.070
0.069
0.036
0.039
0.036
0.037
0.068
0.072
0.038
0.036
0.069
0.072
0.040
0.070
0.068
0.036
0.069
0.036
0.037
0.072
0.036
0.035
0.070
0.069
0.037
0.069
0.066
0.070
0.067
0.068
0.068
0.037
0.035
0.034
0.070
0.069
0.075
0.070
0.071
0.071
0.073
0.070
0.071
0.070
0.069
0.072
0.071
0.070
0.069
0.062
0.035
0.068
0.035
0.039
0.072
0.069
0.070
0.069
0.070
0.036
0.036
0.060
0.038
0.038
