0.103
0.026
0.054
0.061
0.052
0.051
0.053
0.055
0.030
0.030
0.049
0.049
0.026
0.049
0.051
0.027
0.050
0.028
0.029
0.051
0.049
0.051
0.050
0.053
0.023
0.050
0.050
0.049
0.027
0.051
0.027
0.051
0.055
0.027
0.233
0.027
0.051
0.028
0.025
0.022
0.026
0.052
0.050
0.029
0.028
0.028
0.024
0.050
0.027
0.049
0.026
0.028
0.051
0.056
0.026
0.027
0.051
0.028
0.053
0.051
0.027
0.051
0.049
0.053
0.047
0.051
0.050
0.026
0.026
0.050
0.053
0.054
0.053
0.030
0.026
0.049
0.029
0.049
0.050
0.050
0.049
0.028
0.028
0.049
0.023
0.049
0.024
0.052
0.052
0.049
0.049
0.050
0.024
0.062
0.022
0.024
0.026
0.051
0.027
0.063
0.026
0.051
0.026
0.025
0.050
0.048
0.051
0.050
0.050
0.050
0.026
0.050
0.023
0.050
0.024
0.050
0.026
0.026
0.027
0.051
0.050
0.049
0.050
0.025
0.026
0.027
0.052
0.026
0.049
0.049
0.050
0.026
0.025
0.026
0.026
0.028
0.062
0.051
0.028
0.027
0.051
0.026
0.044
0.034
0.056
0.029
0.030
0.028
0.027
0.022
0.028
0.026
0.050
0.049
0.049
0.027
0.030
0.050
0.030
0.028
0.028
0.026
0.026
0.030
0.043
0.028
0.032
0.051
0.051
0.050
0.049
0.027
0.050
0.049
0.026
0.030
0.051
0.050
0.053
0.045
0.026
0.050
0.026
0.026
0.050
0.031
0.049
0.026
0.028
0.051
0.050
0.048
0.049
0.026
0.026
0.027
0.050
0.026
0.049
0.049
