0.107
0.047
0.043
0.039
0.042
0.075
0.077
0.041
0.073
0.040
0.070
0.039
0.071
0.068
0.036
0.069
0.070
0.069
0.070
0.037
0.069
0.055
0.038
0.039
0.069
0.038
0.069
0.038
0.039
0.070
0.055
0.038
0.069
0.037
0.038
0.069
0.203
0.037
0.069
0.069
0.037
0.037
0.078
0.071
0.037
0.070
0.073
0.039
0.037
0.069
0.038
0.036
0.039
0.072
0.038
0.039
0.037
0.080
0.070
0.037
0.077
0.037
0.038
0.066
0.036
0.036
0.036
0.069
0.069
0.071
0.070
0.037
0.043
0.070
0.068
0.071
0.069
0.037
0.036
0.068
0.072
0.071
0.056
0.061
0.072
0.083
0.037
0.036
0.071
0.070
0.037
0.076
0.071
0.070
0.070
0.076
0.069
0.069
0.069
0.069
0.067
0.041
0.079
0.053
0.037
0.055
0.068
0.058
0.038
0.069
0.069
0.070
0.069
0.071
0.076
0.038
0.069
0.041
0.043
0.038
0.073
0.074
0.037
0.070
0.036
0.068
0.056
0.037
0.068
0.071
0.037
0.085
0.037
0.038
0.073
0.038
0.069
0.038
0.070
0.070
0.039
0.053
0.042
0.070
0.037
0.070
0.071
0.036
0.071
0.038
0.069
0.037
0.069
0.037
0.038
0.036
0.042
0.070
0.069
0.070
0.069
0.037
0.037
0.069
0.037
0.038
0.055
0.037
0.069
0.036
0.071
0.070
0.057
0.039
0.036
0.044
0.203
0.038
0.038
0.035
0.036
0.069
0.071
0.072
0.071
0.069
0.038
0.070
0.038
0.071
0.037
0.036
0.069
0.036
0.069
0.036
0.069
0.036
0.070
0.035
