0.059
0.025
0.059
0.060
0.064
0.052
0.029
0.030
0.032
0.053
0.028
0.027
0.060
0.049
0.026
0.049
0.050
0.050
0.049
0.026
0.026
0.043
0.050
0.049
0.050
0.050
0.027
0.050
0.027
0.051
0.027
0.026
0.025
0.049
0.051
0.027
0.027
0.050
0.056
0.047
0.027
0.050
0.051
0.049
0.053
0.030
0.031
0.028
0.027
0.054
0.053
0.051
0.051
0.053
0.051
0.026
0.051
0.031
0.050
0.051
0.027
0.049
0.025
0.025
0.025
0.045
0.049
0.028
0.030
0.051
0.028
0.026
0.050
0.025
0.049
0.049
0.050
0.026
0.029
0.051
0.027
0.051
0.028
0.041
0.027
0.028
0.048
0.051
0.052
0.028
0.050
0.050
0.051
0.027
0.027
0.050
0.050
0.027
0.029
0.048
0.027
0.026
0.028
0.025
0.027
0.025
0.044
0.050
0.028
0.028
0.050
0.025
0.026
0.026
0.026
0.025
0.050
0.050
0.026
0.022
0.049
0.050
0.027
0.026
0.027
0.052
0.020
0.023
0.021
0.027
0.050
0.048
0.049
0.050
0.019
0.030
0.053
0.026
0.051
0.050
0.025
0.049
0.049
0.049
0.050
0.051
0.027
0.050
0.049
0.050
0.025
0.049
0.050
0.033
0.051
0.028
0.028
0.053
0.027
0.031
0.050
0.025
0.022
0.032
0.051
0.030
0.030
0.032
0.028
0.028
0.270
0.238
0.058
0.031
0.031
0.031
0.030
0.030
0.049
0.031
0.064
0.028
0.030
0.051
0.030
0.032
0.030
0.050
0.031
0.157
0.031
0.154
0.031
0.030
0.047
0.032
0.047
0.052
0.046
0.045
