0.085
0.090
0.049
0.072
0.069
0.073
0.071
0.076
0.076
0.030
0.038
0.069
0.069
0.069
0.067
0.043
0.036
0.059
0.070
0.035
0.069
0.069
0.069
0.036
0.069
0.036
0.035
0.035
0.041
0.036
0.037
0.068
0.036
0.083
0.069
0.065
0.085
0.070
0.036
0.071
0.069
0.029
0.038
0.071
0.069
0.070
0.053
0.073
0.037
0.038
0.072
0.067
0.070
0.036
0.070
0.071
0.036
0.037
0.086
0.037
0.061
0.036
0.071
0.053
0.042
0.073
0.069
0.037
0.035
0.036
0.070
0.072
0.071
0.037
0.037
0.036
0.071
0.037
0.071
0.036
0.074
0.065
0.039
0.071
0.061
0.037
0.054
0.072
0.035
0.064
0.069
0.035
0.069
0.035
0.084
0.070
0.069
0.036
0.051
0.071
0.069
0.035
0.071
0.071
0.070
0.070
0.038
0.039
0.038
0.083
0.036
0.071
0.082
0.071
0.065
0.054
0.071
0.032
0.041
0.040
0.045
0.071
0.071
0.071
0.038
0.073
0.070
0.039
0.035
0.037
0.069
0.060
0.036
0.069
0.071
0.070
0.035
0.059
0.071
0.036
0.070
0.068
0.071
0.070
0.072
0.073
0.037
0.036
0.037
0.072
0.068
0.070
0.069
0.069
0.070
0.037
0.069
0.071
0.068
0.070
0.069
0.064
0.070
0.028
0.070
0.037
0.069
0.035
0.035
0.071
0.069
0.036
0.036
0.070
0.037
0.037
0.070
0.037
0.071
0.038
0.071
0.037
0.036
0.037
0.037
0.038
0.070
0.035
0.069
0.035
0.053
0.068
0.027
0.038
0.037
0.039
0.037
0.084
0.035
0.070
