0.125
0.105
0.076
0.089
0.076
0.087
0.095
0.075
0.077
0.090
0.089
0.074
0.093
0.075
0.091
0.088
0.100
0.090
0.077
0.088
0.086
0.075
0.076
0.080
0.094
0.089
0.079
0.088
0.075
0.076
0.089
0.090
0.076
0.077
0.091
0.089
0.091
0.087
0.096
0.078
0.089
0.090
0.085
0.075
0.061
0.088
0.074
0.077
0.088
0.076
0.089
0.072
0.094
0.076
0.081
0.092
0.078
0.089
0.077
0.075
0.090
0.090
0.075
0.090
0.075
0.088
0.089
0.075
0.081
0.078
0.092
0.095
0.093
0.092
0.077
0.075
0.092
0.090
0.075
0.097
0.091
0.088
0.095
0.090
0.076
0.090
0.104
0.090
0.078
0.089
0.088
0.075
0.092
0.100
0.080
0.076
0.093
0.088
0.089
0.089
0.089
0.103
0.079
0.086
0.074
0.091
0.082
0.095
0.088
0.102
0.096
0.097
0.084
0.090
0.088
0.086
0.078
0.088
0.096
0.088
0.091
0.075
0.091
0.083
0.101
0.102
0.076
0.087
0.082
0.094
0.077
0.086
0.078
0.088
0.083
0.074
0.095
0.087
0.080
0.075
0.092
0.089
0.060
0.087
0.089
0.088
0.090
0.089
0.090
0.077
0.095
0.090
0.091
0.076
0.077
0.088
0.076
0.076
0.092
0.079
0.090
0.085
0.090
0.093
0.105
0.088
0.090
0.094
0.089
0.070
0.091
0.086
0.085
0.096
0.070
0.092
0.077
0.085
0.090
0.087
0.091
0.088
0.077
0.089
0.096
0.111
0.075
0.088
0.093
0.088
0.092
0.089
0.072
0.088
0.099
0.082
0.090
0.081
0.096
0.077
