0.089
0.116
0.133
0.068
0.106
0.084
0.079
0.076
0.092
0.076
0.091
0.076
0.090
0.076
0.075
0.073
0.076
0.075
0.087
0.091
0.093
0.088
0.080
0.087
0.081
0.075
0.074
0.084
0.106
0.074
0.090
0.100
0.096
0.084
0.078
0.072
0.091
0.098
0.085
0.092
0.078
0.085
0.091
0.089
0.082
0.075
0.091
0.086
0.090
0.088
0.076
0.088
0.061
0.075
0.086
0.087
0.075
0.076
0.075
0.094
0.074
0.072
0.095
0.080
0.076
0.071
0.071
0.095
0.096
0.086
0.074
0.085
0.077
0.076
0.090
0.085
0.076
0.090
0.079
0.091
0.074
0.071
0.093
0.059
0.077
0.054
0.094
0.085
0.077
0.086
0.071
0.089
0.076
0.091
0.078
0.059
0.061
0.074
0.101
0.094
0.077
0.075
0.089
0.086
0.099
0.058
0.089
0.088
0.082
0.092
0.093
0.092
0.077
0.075
0.091
0.076
0.078
0.084
0.077
0.097
0.076
0.091
0.098
0.074
0.078
0.075
0.090
0.074
0.096
0.072
0.076
0.072
0.077
0.088
0.105
0.077
0.082
0.081
0.090
0.084
0.094
0.075
0.093
0.073
0.090
0.074
0.077
0.072
0.091
0.087
0.077
0.069
0.061
0.081
0.092
0.087
0.092
0.069
0.077
0.095
0.072
0.087
0.064
0.074
0.091
0.089
0.063
0.089
0.092
0.087
0.097
0.079
0.076
0.087
0.090
0.089
0.077
0.093
0.085
0.087
0.105
0.110
0.074
0.082
0.089
0.100
0.075
0.080
0.090
0.075
0.074
0.097
0.086
0.080
0.077
0.074
0.084
0.079
0.096
0.086
