0.122
0.103
0.110
0.086
0.075
0.094
0.081
0.075
0.090
0.097
0.082
0.076
0.077
0.084
0.092
0.088
0.082
0.088
0.075
0.075
0.062
0.094
0.075
0.072
0.090
0.084
0.077
0.088
0.076
0.082
0.073
0.088
0.090
0.088
0.089
0.073
0.061
0.075
0.088
0.085
0.092
0.073
0.089
0.098
0.079
0.076
0.059
0.090
0.081
0.094
0.100
0.088
0.077
0.088
0.092
0.115
0.073
0.097
0.089
0.078
0.087
0.102
0.087
0.090
0.073
0.076
0.073
0.078
0.087
0.089
0.089
0.082
0.073
0.106
0.072
0.076
0.073
0.091
0.071
0.090
0.083
0.076
0.089
0.076
0.085
0.076
0.083
0.090
0.086
0.084
0.089
0.092
0.088
0.077
0.087
0.090
0.078
0.089
0.057
0.091
0.097
0.101
0.088
0.095
0.072
0.081
0.071
0.081
0.076
0.103
0.089
0.081
0.088
0.077
0.088
0.089
0.094
0.090
0.087
0.090
0.075
0.093
0.087
0.090
0.087
0.081
0.085
0.097
0.072
0.079
0.087
0.074
0.074
0.090
0.087
0.091
0.077
0.089
0.079
0.085
0.083
0.095
0.077
0.091
0.099
0.086
0.077
0.095
0.086
0.104
0.088
0.095
0.093
0.090
0.088
0.091
0.087
0.096
0.104
0.095
0.074
0.096
0.094
0.095
0.088
0.088
0.087
0.095
0.097
0.085
0.081
0.088
0.076
0.074
0.094
0.096
0.109
0.087
0.090
0.118
0.094
0.095
0.088
0.084
0.089
0.090
0.085
0.111
0.072
0.089
0.089
0.078
0.089
0.089
0.102
0.092
0.095
0.094
0.099
0.092
