0.097
0.101
0.108
0.060
0.091
0.098
0.094
0.100
0.073
0.086
0.088
0.073
0.087
0.086
0.088
0.085
0.088
0.059
0.075
0.087
0.088
0.087
0.093
0.081
0.061
0.071
0.091
0.073
0.087
0.056
0.085
0.091
0.072
0.073
0.092
0.103
0.060
0.073
0.088
0.091
0.090
0.074
0.090
0.091
0.059
0.072
0.078
0.072
0.076
0.083
0.075
0.088
0.104
0.088
0.088
0.095
0.085
0.071
0.103
0.074
0.083
0.088
0.059
0.077
0.075
0.074
0.075
0.090
0.075
0.096
0.094
0.092
0.059
0.088
0.074
0.090
0.074
0.080
0.073
0.092
0.093
0.058
0.061
0.057
0.072
0.090
0.076
0.074
0.078
0.086
0.093
0.090
0.073
0.089
0.075
0.091
0.088
0.073
0.086
0.077
0.097
0.074
0.087
0.090
0.088
0.082
0.088
0.098
0.092
0.059
0.094
0.074
0.093
0.073
0.074
0.092
0.074
0.086
0.087
0.094
0.091
0.086
0.074
0.075
0.088
0.087
0.090
0.070
0.060
0.079
0.088
0.076
0.072
0.082
0.075
0.093
0.063
0.096
0.085
0.075
0.088
0.074
0.076
0.089
0.076
0.073
0.087
0.090
0.104
0.068
0.074
0.092
0.077
0.084
0.085
0.074
0.100
0.070
0.088
0.089
0.090
0.071
0.075
0.075
0.060
0.057
0.065
0.090
0.098
0.087
0.089
0.090
0.072
0.087
0.101
0.097
0.076
0.074
0.087
0.090
0.061
0.088
0.086
0.074
0.088
0.075
0.071
0.076
0.087
0.092
0.089
0.077
0.088
0.087
0.096
0.075
0.087
0.053
0.090
0.090
