0.122
0.102
0.101
0.073
0.076
0.071
0.093
0.074
0.076
0.074
0.074
0.077
0.091
0.076
0.072
0.075
0.119
0.073
0.077
0.073
0.078
0.075
0.091
0.083
0.094
0.075
0.080
0.075
0.097
0.072
0.076
0.088
0.073
0.077
0.077
0.087
0.075
0.089
0.061
0.074
0.088
0.076
0.081
0.088
0.080
0.088
0.084
0.075
0.088
0.061
0.074
0.074
0.094
0.076
0.074
0.081
0.076
0.085
0.089
0.098
0.074
0.059
0.091
0.073
0.075
0.092
0.084
0.089
0.076
0.075
0.087
0.080
0.075
0.120
0.086
0.078
0.087
0.081
0.075
0.079
0.074
0.081
0.089
0.065
0.075
0.079
0.081
0.077
0.074
0.103
0.088
0.091
0.089
0.074
0.087
0.074
0.062
0.093
0.100
0.090
0.088
0.076
0.088
0.076
0.090
0.090
0.094
0.077
0.088
0.095
0.072
0.093
0.074
0.091
0.089
0.090
0.087
0.084
0.072
0.079
0.094
0.073
0.088
0.075
0.084
0.092
0.100
0.078
0.086
0.078
0.059
0.078
0.075
0.077
0.075
0.103
0.072
0.091
0.087
0.076
0.073
0.091
0.084
0.083
0.107
0.078
0.090
0.080
0.089
0.098
0.074
0.071
0.076
0.079
0.076
0.078
0.099
0.078
0.100
0.092
0.112
0.076
0.089
0.089
0.090
0.075
0.089
0.081
0.075
0.088
0.076
0.089
0.079
0.083
0.074
0.090
0.086
0.088
0.089
0.070
0.102
0.088
0.098
0.074
0.073
0.074
0.088
0.084
0.089
0.075
0.088
0.099
0.087
0.074
0.097
0.088
0.085
0.077
0.087
0.074
