0.105
0.108
0.116
0.075
0.060
0.075
0.083
0.098
0.092
0.087
0.091
0.058
0.077
0.088
0.077
0.087
0.076
0.086
0.089
0.089
0.084
0.095
0.076
0.086
0.082
0.072
0.091
0.088
0.083
0.077
0.091
0.074
0.079
0.087
0.092
0.095
0.092
0.079
0.115
0.089
0.092
0.066
0.079
0.077
0.079
0.075
0.079
0.089
0.062
0.074
0.074
0.089
0.076
0.088
0.080
0.089
0.093
0.082
0.060
0.090
0.077
0.092
0.065
0.078
0.093
0.077
0.089
0.090
0.074
0.089
0.063
0.089
0.089
0.076
0.076
0.098
0.089
0.089
0.077
0.057
0.083
0.096
0.075
0.061
0.060
0.076
0.089
0.075
0.090
0.077
0.090
0.076
0.082
0.097
0.074
0.061
0.079
0.090
0.060
0.083
0.087
0.087
0.085
0.088
0.095
0.075
0.075
0.063
0.076
0.081
0.096
0.083
0.093
0.076
0.088
0.092
0.077
0.089
0.087
0.076
0.080
0.075
0.089
0.076
0.077
0.080
0.060
0.278
0.270
0.055
0.043
0.144
0.150
0.080
0.045
0.106
0.044
0.051
0.083
0.053
0.063
0.056
0.052
0.041
0.063
0.080
0.097
0.091
0.058
0.060
0.086
0.074
0.105
0.076
0.121
0.078
0.083
0.094
0.074
0.091
0.090
0.091
0.075
0.091
0.075
0.089
0.087
0.092
0.074
0.076
0.087
0.090
0.105
0.074
0.092
0.089
0.074
0.085
0.077
0.076
0.089
0.073
0.087
0.069
0.077
0.077
0.078
0.090
0.076
0.080
0.086
0.113
0.096
0.098
0.081
0.105
0.079
0.084
0.077
0.089
