0.083
0.111
0.074
0.059
0.063
0.085
0.098
0.088
0.086
0.075
0.092
0.075
0.120
0.075
0.090
0.085
0.077
0.073
0.077
0.059
0.081
0.087
0.087
0.087
0.093
0.074
0.078
0.089
0.110
0.074
0.092
0.058
0.076
0.058
0.097
0.075
0.064
0.088
0.085
0.086
0.090
0.077
0.078
0.086
0.078
0.066
0.092
0.060
0.091
0.088
0.107
0.077
0.090
0.074
0.082
0.075
0.091
0.078
0.084
0.118
0.092
0.092
0.089
0.090
0.081
0.075
0.089
0.089
0.085
0.086
0.084
0.087
0.074
0.088
0.091
0.059
0.088
0.090
0.093
0.081
0.079
0.074
0.073
0.090
0.089
0.072
0.077
0.094
0.077
0.074
0.076
0.075
0.090
0.076
0.089
0.082
0.081
0.077
0.083
0.088
0.101
0.091
0.090
0.076
0.090
0.072
0.086
0.090
0.075
0.076
0.076
0.090
0.073
0.075
0.089
0.076
0.059
0.089
0.076
0.075
0.079
0.076
0.091
0.088
0.088
0.077
0.062
0.075
0.076
0.089
0.085
0.089
0.089
0.075
0.084
0.089
0.076
0.089
0.090
0.088
0.075
0.089
0.102
0.090
0.087
0.074
0.073
0.073
0.090
0.086
0.088
0.087
0.076
0.076
0.093
0.085
0.074
0.060
0.075
0.076
0.076
0.094
0.089
0.074
0.089
0.076
0.074
0.092
0.099
0.089
0.085
0.090
0.090
0.085
0.089
0.088
0.079
0.078
0.088
0.090
0.094
0.075
0.077
0.071
0.058
0.095
0.087
0.088
0.102
0.073
0.074
0.093
0.090
0.059
0.071
0.090
0.075
0.060
0.075
0.076
