0.107
0.131
0.077
0.087
0.060
0.076
0.085
0.090
0.094
0.107
0.091
0.086
0.097
0.088
0.098
0.074
0.088
0.074
0.077
0.060
0.098
0.086
0.084
0.091
0.094
0.094
0.086
0.088
0.074
0.089
0.087
0.089
0.089
0.089
0.090
0.075
0.089
0.088
0.076
0.080
0.095
0.076
0.086
0.097
0.073
0.091
0.072
0.090
0.076
0.077
0.093
0.086
0.073
0.094
0.092
0.077
0.075
0.077
0.073
0.091
0.075
0.090
0.082
0.077
0.098
0.077
0.073
0.075
0.087
0.105
0.099
0.076
0.087
0.076
0.074
0.079
0.077
0.097
0.078
0.077
0.075
0.076
0.088
0.078
0.087
0.091
0.090
0.083
0.072
0.090
0.076
0.100
0.077
0.089
0.092
0.090
0.094
0.090
0.090
0.077
0.096
0.090
0.085
0.084
0.100
0.074
0.075
0.090
0.089
0.091
0.089
0.099
0.094
0.077
0.074
0.076
0.074
0.105
0.093
0.079
0.074
0.071
0.061
0.097
0.088
0.086
0.097
0.090
0.088
0.095
0.074
0.104
0.088
0.073
0.074
0.072
0.088
0.077
0.077
0.075
0.076
0.091
0.087
0.081
0.075
0.099
0.076
0.095
0.089
0.087
0.083
0.083
0.074
0.073
0.079
0.084
0.086
0.076
0.089
0.083
0.091
0.089
0.086
0.090
0.087
0.075
0.059
0.077
0.059
0.089
0.074
0.083
0.087
0.077
0.087
0.077
0.087
0.060
0.074
0.059
0.089
0.062
0.107
0.075
0.088
0.091
0.091
0.081
0.084
0.090
0.077
0.074
0.069
0.077
0.092
0.090
0.088
0.076
0.073
0.104
