0.119
0.076
0.091
0.087
0.086
0.075
0.090
0.078
0.072
0.090
0.071
0.074
0.074
0.076
0.090
0.074
0.074
0.078
0.089
0.073
0.077
0.084
0.082
0.061
0.057
0.090
0.061
0.089
0.075
0.116
0.074
0.091
0.076
0.061
0.089
0.076
0.075
0.076
0.057
0.090
0.091
0.060
0.079
0.088
0.092
0.098
0.100
0.076
0.074
0.088
0.098
0.085
0.096
0.073
0.077
0.077
0.091
0.090
0.090
0.094
0.083
0.090
0.091
0.088
0.072
0.073
0.076
0.088
0.068
0.074
0.079
0.087
0.076
0.088
0.088
0.093
0.060
0.091
0.076
0.091
0.087
0.078
0.095
0.089
0.087
0.076
0.080
0.078
0.084
0.077
0.059
0.063
0.088
0.097
0.073
0.078
0.091
0.076
0.075
0.101
0.088
0.085
0.083
0.076
0.075
0.074
0.082
0.077
0.094
0.076
0.088
0.090
0.081
0.075
0.097
0.078
0.079
0.062
0.099
0.101
0.085
0.075
0.087
0.094
0.080
0.091
0.088
0.076
0.077
0.076
0.083
0.076
0.058
0.083
0.071
0.078
0.088
0.077
0.087
0.086
0.072
0.077
0.096
0.093
0.073
0.077
0.088
0.091
0.074
0.083
0.076
0.088
0.072
0.089
0.112
0.085
0.081
0.079
0.088
0.077
0.060
0.061
0.075
0.089
0.072
0.087
0.059
0.095
0.074
0.107
0.075
0.078
0.089
0.088
0.077
0.089
0.074
0.060
0.086
0.083
0.075
0.077
0.089
0.089
0.087
0.096
0.076
0.098
0.073
0.090
0.080
0.080
0.073
0.085
0.088
0.090
0.089
0.090
0.084
0.062
