0.079
0.103
0.106
0.086
0.069
0.094
0.091
0.071
0.088
0.091
0.076
0.075
0.094
0.075
0.094
0.102
0.075
0.063
0.088
0.085
0.089
0.070
0.088
0.089
0.092
0.076
0.091
0.084
0.073
0.095
0.073
0.070
0.090
0.065
0.094
0.092
0.087
0.086
0.090
0.071
0.077
0.064
0.083
0.091
0.095
0.084
0.088
0.081
0.090
0.089
0.084
0.086
0.086
0.090
0.080
0.082
0.083
0.087
0.086
0.086
0.099
0.077
0.088
0.085
0.069
0.087
0.081
0.077
0.075
0.086
0.090
0.081
0.071
0.082
0.093
0.080
0.090
0.094
0.081
0.057
0.060
0.071
0.085
0.085
0.060
0.091
0.070
0.092
0.093
0.092
0.076
0.087
0.091
0.092
0.091
0.073
0.088
0.085
0.067
0.091
0.087
0.086
0.091
0.065
0.082
0.091
0.091
0.085
0.088
0.087
0.074
0.082
0.092
0.085
0.093
0.085
0.079
0.075
0.069
0.072
0.091
0.084
0.097
0.095
0.093
0.071
0.075
0.071
0.075
0.075
0.094
0.073
0.074
0.065
0.078
0.082
0.073
0.059
0.070
0.071
0.075
0.074
0.089
0.072
0.084
0.071
0.091
0.086
0.073
0.091
0.087
0.085
0.087
0.093
0.073
0.070
0.074
0.071
0.076
0.071
0.092
0.075
0.093
0.070
0.076
0.084
0.087
0.105
0.093
0.085
0.092
0.084
0.089
0.085
0.095
0.084
0.093
0.071
0.109
0.072
0.086
0.085
0.086
0.085
0.073
0.060
0.092
0.098
0.060
0.102
0.087
0.086
0.085
0.077
0.073
0.093
0.074
0.068
0.077
0.098
