14.9
15.1
14.6
14.7
14.6
14.6
14.6
14.7
14.7
14.7
14.5
14.7
14.6
14.6
14.8
14.7
15.10
14.6
14.7
14.6
14.7
14.6
14.7
14.6
14.6
14.6
20.0
17.10
14.7
14.6
14.7
15.3
14.6
14.7
14.6
14.6
14.7
14.5
14.5
14.10
14.6
14.7
14.7
14.7
14.6
14.6
14.7
14.6
14.6
14.6
14.7
14.6
14.7
14.7
14.7
14.7
14.6
14.7
14.7
14.6
14.7
14.7
14.6
14.6
14.6
20.2
14.6
14.6
14.6
14.6
15.2
14.6
14.7
14.6
14.7
14.7
14.6
14.6
14.7
14.6
14.7
14.6
14.6
14.6
14.7
14.6
14.7
14.7
14.6
14.7
14.6
14.7
14.7
14.6
14.6
14.7
14.7
14.6
14.6
14.6
14.7
14.7
14.6
14.6
14.7
14.6
14.6
14.5
14.6
14.6
16.0
14.7
14.7
14.6
14.8
14.6
14.7
14.6
14.7
14.7
14.7
14.7
14.5
14.7
14.7
14.6
14.7
14.7
14.7
14.6
14.7
14.7
14.7
14.7
14.7
14.7
14.6
14.6
14.7
14.7
14.6
19.6
14.6
14.6
14.6
14.6
14.6
14.7
14.6
14.6
14.6
14.6
14.6
14.6
14.7
14.7
14.7
14.7
14.6
14.7
14.6
14.7
14.6
14.7
14.7
14.6
14.7
14.8
14.7
14.7
14.6
14.6
14.6
14.7
14.6
14.6
14.7
14.7
14.7
14.6
14.6
14.7
14.7
14.6
14.6
14.7
14.6
14.6
14.7
14.7
14.6
15.0
14.6
14.7
14.6
14.7
14.7
14.6
14.6
14.6
14.6
14.6
14.5
14.6
14.6
14.7
14.6
14.7
14.7
14.7
14.7
14.6
14.7
14.6
14.7
14.6
14.7
14.7
14.7
14.6
14.6
14.7
14.6
15.6
17.3
14.7
14.8
15.1
14.6
14.7
14.7
14.6
14.7
14.6
14.8
14.7
14.7
14.6
14.7
14.6
14.6
14.7
14.6
14.6
14.7
14.6
14.6
14.7
14.6
14.7
14.6
14.6
14.6
14.6
14.6
14.6
14.6
14.6
14.6
14.6
14.6
14.7
14.6
14.7
14.7
14.7
14.6
14.7
14.6
14.7
14.6
14.6
14.6
14.7
14.6
14.7
14.6
14.6
14.6
14.6
14.6
14.6
14.6
14.7
14.6
14.6
14.6
14.6
14.6
21.3
14.7
14.7
17.2
14.7
14.7
14.7
15.5
14.6
14.6
17.3
16.2
14.6
14.7
14.6
18.3
14.7
14.6
14.7
14.7
14.6
14.7
14.6
14.7
14.7
14.7
14.6
14.6
14.7
14.7
14.6
14.6
14.7
14.7
14.7
14.7
14.6
14.7
14.6
14.7
14.6
18.9
14.6
14.7
14.6
14.7
14.7
14.5
14.6
14.6
14.7
14.6
14.6
14.6
14.6
14.7
14.6
14.6
14.6
14.6
14.6
14.6
14.6
14.6
14.6
14.6
14.6
14.6
14.6
14.7
14.6
14.6
14.7
14.6
14.7
14.6
14.6
14.6
14.6
19.0
14.6
14.6
14.6
14.6
14.6
14.6
14.7
14.7
14.6
14.6
14.7
14.7
14.7
14.7
14.7
14.8
14.7
14.6
14.6
14.7
14.6
14.7
14.7
14.7
14.7
14.7
14.6
14.6
14.6
14.6
14.6
14.7
14.7
14.6
14.7
14.6
14.7
18.7
14.6
14.6
14.6
14.6
14.7
14.7
14.7
14.6
14.6
14.7
14.7
14.6
14.7
14.6
14.7
14.7
14.6
14.6
14.6
14.7
14.7
14.6
14.7
14.7
14.7
14.7
14.8
14.6
14.7
14.7
14.7
14.6
14.7
14.6
14.6
14.7
14.6
15.5
14.5
14.7
14.7
14.6
15.1
14.7
14.7
14.9
14.6
14.7
14.6
14.7
14.7
14.6
14.7
14.6
15.2
14.6
14.7
14.6
14.7
14.6
14.6
14.6
14.6
14.6
14.7
14.7
14.6
14.7
15.2
14.6
14.6
14.6
14.8
14.6
14.7
14.6
14.7
14.6
14.6
14.7
14.7
14.6
14.6
14.7
14.6
14.6
14.6
14.6
16.6
16.6
17.1
14.7
14.7
