0.885
0.913
0.822
0.954
0.875
0.932
0.907
0.814
0.966
0.959
0.835
0.900
0.799
0.931
0.950
0.931
0.971
0.975
0.954
0.924
0.915
0.901
0.930
0.917
0.878
0.878
0.950
0.949
0.908
0.985
0.919
0.925
0.907
0.975
0.917
0.863
0.892
0.829
0.882
0.811
0.890
0.864
0.796
0.891
0.917
0.947
0.872
0.965
0.826
0.921
0.904
0.949
0.905
0.906
0.953
0.944
0.965
0.974
0.971
0.963
0.910
0.914
0.979
0.931
0.980
0.928
0.890
0.987
0.885
0.956
0.890
0.865
0.918
0.908
0.849
0.969
0.930
0.937
1.01
0.898
0.974
0.899
1.02
0.948
0.974
0.915
0.936
0.987
0.907
0.862
0.814
0.918
0.919
0.903
0.969
0.871
0.932
0.857
0.949
0.832
1.00
0.895
0.962
0.923
0.954
0.933
1.04
1.01
0.975
0.929
0.826
0.978
0.956
0.914
0.913
0.884
0.987
0.899
0.926
0.805
0.914
0.944
0.901
0.962
0.843
0.918
0.968
0.934
1.09
0.920
0.962
0.878
0.866
0.951
0.937
0.925
0.894
0.910
0.920
0.955
0.860
0.937
0.836
0.958
0.934
0.933
0.967
0.955
0.835
0.899
0.867
0.857
0.974
0.891
0.750
0.869
0.957
0.882
0.962
0.909
0.977
0.876
0.962
0.843
0.810
0.952
0.853
0.937
0.925
0.889
0.853
0.901
2.06
0.870
0.883
1.06
0.839
0.781
0.992
0.982
0.881
0.966
1.02
0.945
0.957
0.980
0.939
0.958
0.936
0.909
0.871
0.942
0.927
0.919
0.914
0.912
0.924
0.893
0.896
0.928
0.962
0.945
1.02
0.914
0.809
0.822
0.801
0.920
2.15
1.00
0.917
0.955
0.938
0.904
0.904
0.899
0.909
0.932
0.920
0.888
0.838
0.942
0.955
0.868
0.909
0.890
0.986
0.856
0.880
0.907
0.850
0.901
0.893
0.940
2.27
0.886
0.836
0.848
0.874
0.915
0.869
0.837
0.917
0.907
0.885
0.879
0.940
0.898
0.811
0.883
0.921
0.860
0.847
0.833
0.858
0.722
0.946
0.875
0.841
0.835
0.806
0.805
1.03
0.915
0.889
0.921
0.934
0.965
0.878
0.859
0.920
0.960
0.947
0.827
0.954
0.875
0.903
0.913
0.952
0.996
0.885
0.882
0.938
0.928
0.940
0.934
0.939
0.899
0.889
0.917
0.871
0.926
0.976
0.880
0.817
0.870
1.07
0.834
0.998
0.945
0.947
0.943
0.938
0.963
0.983
0.929
0.960
0.925
0.936
0.864
0.890
0.924
0.930
0.868
0.836
0.933
0.945
0.864
0.921
0.849
0.880
0.929
0.935
0.847
0.822
0.907
0.935
0.852
0.904
0.883
0.904
0.883
0.900
0.882
0.825
0.912
0.796
0.891
0.903
0.974
0.950
0.947
0.923
0.843
0.934
0.935
2.25
0.952
0.930
0.938
0.892
0.833
0.980
0.832
0.958
0.908
0.923
0.883
0.893
0.843
0.898
0.882
0.942
0.775
2.16
0.960
1.00
0.900
1.03
0.983
0.904
0.871
0.845
0.745
0.847
0.984
0.884
0.917
0.906
0.865
2.09
0.886
0.874
0.889
0.933
0.904
0.938
1.01
0.951
0.915
0.899
0.917
0.959
0.892
0.894
0.870
0.850
0.936
0.909
0.953
0.956
0.932
0.939
0.866
0.894
0.923
0.913
2.21
0.941
0.926
0.947
0.886
0.919
0.987
0.934
0.965
0.890
0.930
0.832
0.970
0.930
0.966
2.26
0.899
0.911
0.972
0.894
0.893
0.876
0.923
0.982
0.896
0.853
0.907
0.880
0.878
0.923
0.892
0.902
0.900
0.966
0.845
0.910
0.864
0.916
0.926
0.956
0.902
0.931
0.904
0.950
1.12
0.997
1.02
0.944
0.868
0.791
0.872
0.952
0.917
0.935
0.801
1.02
0.863
0.940
0.959
0.975
0.877
1.00
0.944
0.894
0.992
0.911
2.05
0.835
0.882
0.985
0.871
0.889
0.982
0.918
0.905
1.04
0.905
0.880
0.996
1.02
0.857
0.869
0.909
0.920
1.01
0.830
0.919
0.916
0.925
0.950
0.898
0.860
0.939
