0.068
0.023
0.048
0.049
0.047
0.025
0.026
0.046
0.048
0.027
0.023
0.043
0.045
0.172
0.043
0.041
0.025
0.026
0.026
0.024
0.044
0.026
0.050
0.042
0.044
0.017
0.045
0.024
0.025
0.044
0.022
0.016
0.043
0.044
0.043
0.043
0.017
0.042
0.046
0.043
0.043
0.045
0.024
0.045
0.045
0.023
0.044
0.043
0.045
0.024
0.045
0.020
0.042
0.042
0.043
0.017
0.025
0.024
0.060
0.042
0.043
0.056
0.035
0.024
0.042
0.023
0.043
0.023
0.025
0.043
0.018
0.042
0.023
0.024
0.046
0.052
0.025
0.024
0.044
0.053
0.022
0.024
0.042
0.021
0.023
0.042
0.026
0.043
0.023
0.025
0.043
0.044
0.022
0.027
0.025
0.026
0.043
0.025
0.024
0.023
0.042
0.024
0.023
0.025
0.024
0.045
0.043
0.025
0.047
0.023
0.043
0.024
0.043
0.044
0.025
0.044
0.025
0.024
0.024
0.025
0.041
0.024
0.024
0.024
0.044
0.044
0.044
0.044
0.024
0.043
0.042
0.024
0.023
0.028
0.024
0.024
0.045
0.045
0.024
0.040
0.045
0.025
0.023
0.056
0.044
0.046
0.028
0.040
0.042
0.045
0.040
0.026
0.023
0.024
0.039
0.045
0.045
0.044
0.045
0.042
0.023
0.038
0.041
0.043
0.045
0.023
0.042
0.044
0.043
0.046
0.027
0.024
0.043
0.045
0.019
0.025
0.021
0.052
0.023
0.044
0.044
0.024
0.023
0.045
0.043
0.046
0.044
0.042
0.046
0.026
0.039
0.044
0.046
0.045
0.025
0.021
0.045
0.024
0.044
0.042
0.025
0.048
0.022
0.023
0.023
0.044
0.019
0.044
0.044
0.026
0.044
0.042
0.045
0.047
0.025
0.026
0.043
0.042
0.019
0.047
0.042
0.025
0.025
0.022
0.017
0.024
0.044
0.024
0.025
0.023
0.024
0.043
0.048
0.025
0.024
0.043
0.046
0.025
0.044
0.025
0.046
0.042
0.043
0.026
0.024
0.043
0.023
0.024
0.025
0.027
0.045
0.043
0.046
0.044
0.044
0.062
0.026
0.041
0.024
0.045
0.043
0.023
0.045
0.043
0.024
0.024
0.024
0.044
0.046
0.044
0.024
0.043
0.023
0.022
0.025
0.044
0.045
0.024
0.024
0.040
0.024
0.047
0.044
0.040
0.027
0.043
0.025
0.023
0.024
0.023
0.045
0.039
0.023
0.045
0.045
0.026
0.024
0.025
0.043
0.042
0.044
0.024
0.023
0.024
0.023
0.045
0.023
0.042
0.018
0.046
0.023
0.043
0.025
0.023
0.019
0.023
0.025
0.024
0.020
0.024
0.046
0.022
0.022
0.022
0.024
0.045
0.045
0.044
0.020
0.044
0.039
0.027
0.043
0.024
0.026
0.044
0.026
0.025
0.046
0.026
0.039
0.048
0.026
0.042
0.022
0.025
0.020
0.045
0.030
0.025
0.046
0.042
0.017
0.043
0.043
0.025
0.017
0.044
0.171
0.022
0.023
0.042
0.042
0.043
0.019
0.024
0.025
0.041
0.046
0.024
0.045
0.044
0.024
0.023
0.053
0.024
0.043
0.044
0.043
0.024
0.046
0.044
0.043
0.024
0.042
0.045
0.024
0.025
0.040
0.024
0.052
0.020
0.043
0.021
0.024
0.039
0.023
0.026
0.042
0.043
0.022
0.043
0.041
0.022
0.041
0.029
0.046
0.044
0.045
0.028
0.045
0.026
0.043
0.043
0.044
0.045
0.044
0.045
0.025
0.025
0.044
0.043
0.051
0.026
0.042
0.025
0.042
0.023
0.042
0.026
0.024
0.042
0.043
0.044
0.042
0.025
0.044
0.023
0.026
0.025
0.043
0.047
0.043
0.024
0.028
0.046
0.025
0.042
0.041
0.024
0.020
0.044
0.041
0.045
0.047
0.023
0.046
0.027
0.023
0.023
0.024
0.044
0.025
0.042
0.024
0.044
0.024
0.044
0.024
0.045
0.026
0.043
0.041
0.024
0.043
0.045
0.026
0.024
0.024
0.054
0.040
0.028
0.043
0.045
0.021
0.024
0.045
0.046
0.021
0.025
0.025
0.049
0.042
0.022
0.044
0.044
0.024
0.023
0.024
0.024
