0.102
0.024
0.023
0.025
0.028
0.026
0.027
0.027
0.044
0.019
0.042
0.044
0.043
0.040
0.024
0.024
0.019
0.045
0.023
0.021
0.043
0.043
0.041
0.024
0.043
0.023
0.020
0.043
0.023
0.022
0.022
0.044
0.047
0.045
0.022
0.022
0.026
0.024
0.024
0.043
0.023
0.025
0.024
0.045
0.025
0.025
0.042
0.042
0.041
0.042
0.044
0.040
0.026
0.045
0.023
0.020
0.042
0.044
0.026
0.042
0.025
0.042
0.023
0.025
0.045
0.026
0.046
0.044
0.042
0.042
0.042
0.039
0.042
0.044
0.046
0.045
0.043
0.025
0.023
0.044
0.043
0.041
0.044
0.023
0.023
0.044
0.044
0.044
0.020
0.039
0.025
0.024
0.044
0.043
0.025
0.039
0.024
0.027
0.043
0.044
0.022
0.045
0.025
0.043
0.044
0.023
0.025
0.045
0.045
0.043
0.026
0.043
0.024
0.044
0.044
0.044
0.024
0.041
0.044
0.044
0.045
0.018
0.044
0.044
0.018
0.022
0.043
0.044
0.022
0.044
0.044
0.026
0.046
0.043
0.023
0.045
0.017
0.043
0.025
0.057
0.018
0.026
0.057
0.021
0.022
0.025
0.017
0.024
0.045
0.043
0.016
0.025
0.044
0.042
0.043
0.017
0.042
0.042
0.044
0.022
0.025
0.043
0.044
0.043
0.025
0.023
0.023
0.024
0.043
0.042
0.043
0.020
0.023
0.021
0.053
0.024
0.024
0.021
0.024
0.025
0.022
0.020
0.043
0.049
0.044
0.026
0.022
0.042
0.026
0.022
0.024
0.023
0.043
0.026
0.024
0.041
0.023
0.042
0.043
0.025
0.024
0.043
0.044
0.023
0.043
0.024
0.025
0.024
0.025
0.043
0.024
0.046
0.025
0.043
0.023
0.025
0.025
0.042
0.042
0.042
0.045
0.043
0.043
0.045
0.025
0.024
0.025
0.023
0.044
0.043
0.024
0.043
0.042
0.023
0.045
0.042
0.043
0.044
0.046
0.045
0.024
0.026
0.027
0.043
0.025
0.026
0.041
0.018
0.029
0.041
0.044
0.026
0.043
0.024
0.043
0.025
0.043
0.021
0.025
0.045
0.043
0.042
0.022
0.024
0.185
0.025
0.043
0.042
0.054
0.043
0.022
0.027
0.018
0.025
0.023
0.046
0.052
0.044
0.045
0.045
0.043
0.044
0.022
0.023
0.218
0.042
0.046
0.134
0.027
0.044
0.024
0.024
0.041
0.019
0.047
0.018
0.041
0.039
0.044
0.023
0.043
0.045
0.039
0.017
0.045
0.043
0.039
0.025
0.045
0.044
0.023
0.043
0.043
0.043
0.040
0.023
0.042
0.042
0.043
0.045
0.020
0.040
0.025
0.021
0.042
0.019
0.042
0.043
0.044
0.025
0.023
0.045
0.021
0.025
0.043
0.042
0.021
0.027
0.022
0.042
0.043
0.025
0.041
0.027
0.026
0.022
0.025
0.044
0.027
0.043
0.024
0.024
0.029
0.044
0.041
0.023
0.025
0.023
0.042
0.025
0.023
0.026
0.044
0.026
0.042
0.045
0.043
0.058
0.025
0.023
0.025
0.044
0.024
0.046
0.025
0.043
0.025
0.025
0.024
0.024
0.043
0.020
0.024
0.023
0.024
0.043
0.043
0.025
0.044
0.043
0.042
0.024
0.022
0.024
0.025
0.044
0.044
0.021
0.044
0.043
0.044
0.023
0.043
0.045
0.025
0.054
0.046
0.045
0.044
0.042
0.024
0.042
0.022
0.043
0.023
0.046
0.025
0.023
0.026
0.042
0.025
0.045
0.042
0.024
0.021
0.019
0.024
0.040
0.024
0.048
0.024
0.043
0.051
0.043
0.041
0.043
0.024
0.042
0.043
0.040
0.023
0.042
0.045
0.042
0.018
0.044
0.043
0.022
0.044
0.024
0.044
0.045
0.023
0.024
0.042
0.042
0.053
0.025
0.043
0.043
0.025
0.023
0.024
0.044
0.045
0.042
0.044
0.025
0.043
0.024
0.043
0.042
0.043
0.043
0.043
0.035
0.057
0.025
0.042
0.024
0.042
0.052
0.050
0.024
0.023
0.044
0.045
0.043
0.044
0.022
0.047
0.043
0.023
0.021
0.022
0.044
0.024
0.023
0.043
0.023
