0.056
0.041
0.016
0.020
0.042
0.035
0.019
0.035
0.020
0.019
0.034
0.032
0.017
0.034
0.022
0.020
0.034
0.034
0.015
0.018
0.020
0.033
0.018
0.034
0.031
0.033
0.034
0.034
0.033
0.033
0.021
0.035
0.038
0.018
0.019
0.034
0.018
0.020
0.034
0.034
0.022
0.016
0.016
0.013
0.019
0.033
0.019
0.031
0.033
0.034
0.031
0.033
0.014
0.018
0.013
0.019
0.033
0.043
0.018
0.033
0.015
0.033
0.021
0.018
0.034
0.034
0.033
0.034
0.014
0.018
0.018
0.018
0.034
0.017
0.018
0.033
0.034
0.015
0.033
0.018
0.019
0.034
0.034
0.016
0.033
0.033
0.034
0.017
0.036
0.037
0.044
0.019
0.019
0.018
0.018
0.016
0.031
0.017
0.018
0.034
0.033
0.033
0.018
0.018
0.018
0.018
0.017
0.033
0.018
0.017
0.034
0.033
0.201
0.033
0.033
0.017
0.034
0.034
0.017
0.017
0.033
0.021
0.019
0.019
0.017
0.018
0.019
0.017
0.034
0.019
0.018
0.021
0.035
0.018
0.017
0.019
0.018
0.034
0.033
0.018
0.036
0.021
0.033
0.038
0.019
0.017
0.033
0.033
0.033
0.034
0.019
0.020
0.017
0.034
0.034
0.033
0.033
0.018
0.033
0.018
0.034
0.034
0.016
0.018
0.019
0.034
0.020
0.018
0.018
0.034
0.033
0.021
0.017
0.018
0.033
0.034
0.034
0.018
0.035
0.018
0.042
0.021
0.033
0.033
0.017
0.033
0.014
0.033
0.034
0.018
0.018
0.021
0.019
0.034
0.017
0.017
0.033
0.014
0.018
0.033
0.018
0.021
0.033
0.047
0.018
0.046
0.022
0.017
0.022
0.022
0.020
0.018
0.021
0.033
0.014
0.020
0.031
0.034
0.019
0.034
0.035
0.034
0.021
0.019
0.033
0.021
0.018
0.033
0.034
0.034
0.019
0.018
0.019
0.035
0.018
0.032
0.034
0.034
0.032
0.017
0.019
0.033
0.040
0.017
0.018
0.034
0.014
0.033
0.016
0.018
0.033
0.018
0.168
0.015
0.016
0.022
0.033
0.035
0.170
0.034
0.032
0.033
0.018
0.018
0.015
0.016
0.035
0.017
0.018
0.017
0.017
0.033
0.021
0.033
0.018
0.040
0.018
0.018
0.019
0.034
0.033
0.017
0.021
0.034
0.033
0.034
0.033
0.018
0.033
0.020
0.018
0.034
0.020
0.017
0.018
0.035
0.019
0.018
0.033
0.018
0.018
0.033
0.021
0.019
0.034
0.034
0.018
0.034
0.034
0.019
0.018
0.018
0.018
0.034
0.018
0.018
0.018
0.040
0.018
0.034
0.019
0.018
0.034
0.033
0.018
0.035
0.033
0.033
0.033
0.018
0.034
0.018
0.019
0.033
0.015
0.020
0.034
0.018
0.018
0.033
0.017
0.033
0.021
0.017
0.034
0.033
0.033
0.018
0.017
0.018
0.033
0.034
0.020
0.034
0.033
0.021
0.033
0.018
0.017
0.035
0.018
0.033
0.021
0.018
0.016
0.033
0.034
0.034
0.034
0.016
0.033
0.033
0.019
0.015
0.033
0.020
0.033
0.034
0.034
0.034
0.018
0.018
0.020
0.034
0.033
0.033
0.017
0.033
0.034
0.018
0.034
0.018
0.019
0.014
0.018
0.035
0.033
0.019
0.017
0.035
0.033
0.033
0.018
0.019
0.018
0.032
0.015
0.032
0.042
0.018
0.018
0.018
0.034
0.034
0.034
0.036
0.034
0.021
0.033
0.019
0.035
0.014
0.033
0.019
0.016
0.032
0.017
0.018
0.034
0.032
0.017
0.020
0.018
0.017
0.033
0.018
0.033
0.018
0.018
0.033
0.034
0.033
0.034
0.017
0.033
0.018
0.033
0.018
0.033
0.018
0.020
0.034
0.037
0.034
0.034
0.018
0.019
0.018
0.043
0.034
0.019
0.036
0.018
0.019
0.017
0.017
0.035
0.018
0.034
0.018
0.018
0.034
0.020
0.020
0.034
0.033
0.034
0.034
0.032
0.032
0.018
0.018
0.019
0.018
0.034
0.019
0.033
0.034
0.034
0.019
0.033
0.019
0.018
0.034
0.018
0.020
0.033
0.019
0.047
0.018
