0.853
0.797
0.817
0.836
1.22
0.843
0.797
0.819
0.870
0.905
0.855
10.4
0.839
0.835
0.825
0.849
0.805
0.847
0.790
0.815
0.809
0.836
0.903
0.817
0.780
0.830
1.05
5.30
0.851
0.860
0.843
0.818
0.852
0.882
0.855
0.881
0.875
0.920
0.870
0.878
0.896
0.868
0.898
22.9
0.876
0.918
0.857
0.835
0.960
0.885
0.899
3.18
0.905
0.870
0.831
0.845
0.877
0.856
0.904
5.58
0.859
0.860
0.874
0.839
0.840
0.835
0.820
0.938
0.867
0.833
0.832
0.814
0.893
0.830
0.902
6.43
0.845
0.816
0.798
0.970
0.812
0.824
0.816
0.831
0.813
0.754
0.882
0.863
0.852
0.799
0.849
8.36
0.840
0.830
0.797
0.807
0.849
0.809
0.831
0.827
0.848
0.865
0.813
0.817
0.790
0.823
0.807
0.809
0.829
0.814
0.866
2.07
0.855
0.863
0.885
0.786
0.829
0.814
0.832
0.823
2.13
0.819
0.796
0.859
0.832
0.827
0.779
0.748
0.818
0.863
0.786
0.810
0.798
0.846
1.01
0.849
0.747
0.841
0.844
0.862
0.823
0.838
0.822
0.773
0.782
0.846
0.848
0.881
0.939
0.815
0.886
0.799
0.846
0.848
0.855
18.9
0.859
0.810
0.777
0.858
0.852
0.826
0.817
0.845
0.832
0.783
0.802
0.796
0.836
0.793
13.6
0.878
0.787
0.824
0.824
0.867
1.36
0.829
0.744
0.807
0.847
0.830
0.824
0.836
0.807
0.799
0.827
1.31
0.915
0.803
0.840
0.829
0.854
0.793
0.897
0.844
0.861
0.878
1.39
0.799
0.854
1.46
0.835
0.799
0.745
0.837
0.815
0.819
0.885
0.849
0.838
0.842
0.782
0.842
0.859
0.878
0.856
18.6
0.760
0.835
0.859
0.853
0.828
0.825
0.867
0.843
0.787
0.793
0.803
0.745
0.873
1.03
0.771
0.873
0.878
0.845
0.858
0.812
0.840
0.888
0.801
0.818
1.14
0.910
0.847
0.829
0.873
0.785
12.6
0.829
0.828
0.865
0.819
0.893
0.765
0.832
0.798
0.966
0.843
0.837
0.842
0.840
0.791
0.813
3.96
0.824
0.832
0.810
0.718
0.792
0.829
0.881
0.844
0.862
0.803
0.818
0.801
0.804
0.775
0.858
0.840
0.873
0.800
0.886
1.27
0.807
0.867
0.812
0.849
0.788
0.850
0.794
0.778
0.844
0.891
1.24
0.848
0.838
1.23
0.846
0.785
0.869
0.793
0.847
0.841
0.795
0.803
0.817
0.824
0.839
0.828
0.858
9.66
0.894
0.881
0.820
0.833
0.736
0.773
0.853
0.895
0.871
0.793
0.831
0.859
0.839
0.860
10.2
0.844
0.823
0.762
0.849
0.868
0.813
0.804
0.797
0.858
0.837
0.745
1.06
0.882
1.23
0.879
3.89
0.841
0.867
0.793
1.19
0.818
0.868
0.831
0.852
0.872
0.794
0.991
0.868
0.778
0.858
0.823
3.77
0.864
0.849
0.853
0.857
0.805
0.840
0.728
0.817
0.890
0.886
0.835
0.814
0.818
0.840
0.877
0.777
0.843
0.869
0.850
0.845
1.30
0.835
0.834
0.825
0.830
0.834
0.805
0.695
0.797
0.820
0.804
1.16
0.813
0.836
0.850
0.809
0.794
0.825
0.821
0.815
0.854
0.826
1.11
0.856
0.722
0.881
0.766
0.786
0.879
0.830
0.834
0.844
0.831
1.06
0.838
0.786
0.819
0.786
0.875
0.872
0.816
0.871
0.852
21.7
0.816
0.810
0.808
0.783
0.882
0.821
0.858
0.889
0.859
0.857
0.879
1.04
0.877
0.856
0.838
0.797
2.49
0.843
0.767
0.780
0.789
0.863
0.771
0.828
0.863
0.824
0.837
0.813
0.889
0.841
0.814
1.31
0.863
0.832
0.884
0.867
0.829
0.790
0.821
0.819
0.839
0.843
1.23
0.910
0.844
0.858
0.838
17.2
0.929
0.910
0.877
0.848
0.919
0.876
0.816
0.880
0.853
0.817
0.864
0.914
0.908
0.819
0.866
17.8
0.897
0.854
0.850
0.878
0.915
0.860
0.875
0.826
0.911
0.847
0.832
1.31
