26.6
26.2
26.2
26.3
26.4
26.4
26.3
26.2
26.6
26.2
26.3
26.3
26.3
26.3
26.3
27.2
26.3
26.6
26.2
26.3
26.2
26.3
26.3
26.8
26.3
26.2
26.2
26.2
26.5
27.5
26.2
26.2
26.3
26.2
26.2
26.2
26.3
26.2
26.3
29.2
26.4
26.2
26.2
26.2
26.2
26.2
26.3
26.3
26.4
26.4
26.4
26.3
26.4
26.3
26.6
26.2
26.3
26.2
26.3
26.3
26.2
27.1
26.2
26.5
26.5
26.3
26.3
26.3
26.3
26.2
27.3
26.4
26.3
26.1
26.3
26.3
26.3
26.2
26.2
26.2
26.2
26.4
26.4
26.4
26.2
26.2
26.2
26.3
26.2
26.2
26.3
26.4
26.5
28.2
26.2
26.5
26.3
26.3
26.3
26.2
26.3
26.3
26.6
26.3
26.3
26.4
26.4
26.2
26.5
26.8
26.3
26.2
26.2
26.2
26.2
26.2
26.4
26.2
26.4
26.3
30.1
26.7
26.2
26.4
26.2
26.2
26.2
26.2
26.5
26.2
26.1
26.3
26.2
26.2
26.2
26.2
26.3
26.5
26.5
26.4
31.9
26.1
26.3
26.3
26.3
26.3
26.7
27.8
26.4
26.2
26.7
26.4
26.2
26.3
26.2
26.3
26.3
26.2
26.7
26.2
26.9
26.7
37.8
26.4
26.3
26.2
26.3
26.2
26.2
26.3
26.4
26.3
26.2
26.2
26.3
26.7
26.2
26.2
26.3
26.2
26.2
27.2
26.2
26.3
26.2
27.6
26.3
26.3
26.3
27.9
26.3
26.3
26.4
26.4
26.3
26.2
26.2
31.6
26.3
26.3
26.2
26.2
26.2
26.6
26.2
26.3
26.3
26.2
26.4
26.4
26.3
26.5
26.4
26.2
26.2
26.2
26.3
26.2
26.3
26.3
26.3
26.4
26.2
29.8
26.3
26.4
26.2
26.4
26.2
26.3
26.7
26.3
26.2
26.6
26.2
26.6
26.2
26.2
26.2
26.3
26.3
26.6
26.3
26.5
41.4
26.4
26.5
26.4
27.5
26.5
26.2
26.2
26.3
26.7
26.4
26.3
26.3
27.1
26.4
26.2
26.3
26.5
26.2
26.2
26.2
26.4
26.2
26.2
26.3
37.9
26.2
26.3
26.2
26.4
26.5
26.3
26.2
26.2
26.3
26.2
26.2
26.1
26.2
26.8
26.2
27.6
26.3
26.5
26.5
26.4
26.3
26.2
26.3
26.3
26.3
26.5
26.3
26.3
26.3
26.3
26.2
26.5
26.2
26.3
26.2
26.2
26.2
26.4
27.1
26.2
26.4
26.4
26.3
26.7
26.3
26.3
26.6
26.3
26.6
26.2
26.3
26.1
26.3
26.4
26.3
26.3
26.2
26.2
26.3
26.3
26.2
26.3
26.3
26.2
26.4
26.2
26.5
26.3
26.3
26.7
26.5
26.5
26.4
26.3
26.3
26.3
26.3
26.3
26.2
26.4
26.3
26.2
26.2
26.2
26.2
26.3
26.2
26.3
26.3
26.2
26.5
26.4
26.4
26.2
26.5
26.3
26.2
26.4
26.3
26.3
26.3
26.7
26.2
26.4
26.6
26.4
26.2
26.4
26.3
26.3
26.3
26.7
26.3
26.2
26.2
26.3
26.3
26.6
27.1
26.6
26.7
26.4
26.4
26.2
26.7
26.3
26.1
26.4
26.2
26.2
26.2
26.2
26.3
26.2
26.3
26.2
26.3
26.2
26.2
30.3
26.2
26.3
26.2
26.2
26.3
26.2
26.3
26.2
26.3
26.2
26.2
26.3
26.3
26.4
26.2
26.3
26.6
26.3
26.2
26.3
26.4
26.2
26.2
26.3
26.1
26.5
26.4
26.2
26.2
26.2
26.4
26.2
26.3
26.4
26.2
26.5
26.3
26.4
26.2
26.2
32.9
26.3
26.2
26.3
26.3
26.3
26.3
26.2
26.5
26.3
26.2
26.6
26.4
26.2
26.3
26.4
26.2
26.2
26.3
26.2
26.3
26.2
26.4
26.2
26.4
26.3
26.2
26.3
26.2
26.2
26.3
26.2
26.4
26.3
26.3
26.3
26.3
26.7
26.3
26.2
26.2
26.3
26.2
26.4
26.2
26.2
26.3
26.2
26.2
26.3
