0.381
0.439
0.458
0.481
0.450
0.420
0.429
0.414
0.582
0.505
0.419
0.446
0.465
0.702
0.734
0.730
0.726
0.746
0.695
0.677
0.417
0.430
0.411
0.467
0.454
0.469
0.444
0.438
0.444
0.459
0.459
0.432
0.449
0.485
0.372
0.469
0.462
0.496
0.438
0.459
0.470
0.469
0.655
0.378
0.417
0.410
0.390
0.419
0.498
0.451
0.415
0.501
0.455
0.459
0.735
0.364
0.455
0.439
0.393
0.457
0.450
0.461
0.439
0.427
0.455
0.445
0.384
0.501
0.449
0.508
0.399
0.466
0.558
0.492
0.438
0.471
0.428
0.450
0.639
0.453
0.437
0.458
6.05
0.368
0.449
0.444
0.450
0.492
0.456
0.437
0.375
0.433
0.462
0.997
0.388
0.482
0.456
0.441
0.453
0.494
0.412
0.466
0.436
0.448
0.609
0.429
0.433
0.479
0.443
1.18
0.477
0.510
0.414
0.443
0.443
0.441
0.443
0.489
0.452
0.466
0.427
0.498
0.451
0.493
0.456
0.442
0.469
0.441
0.462
0.466
0.459
0.498
0.486
3.13
0.507
0.502
0.444
0.449
0.456
0.489
0.427
0.540
0.454
0.399
0.456
0.432
0.455
0.454
0.489
0.488
0.442
0.501
0.455
0.374
0.463
0.440
0.434
0.413
0.482
0.455
0.470
0.412
0.410
0.507
0.525
0.432
0.526
0.403
0.351
0.413
0.465
0.431
0.461
0.531
0.399
0.543
0.604
0.501
0.384
0.417
0.374
0.415
0.458
0.432
0.463
0.514
0.470
0.436
0.397
0.517
0.374
0.486
0.455
2.30
0.540
0.559
0.565
0.503
0.558
0.478
0.415
0.436
0.465
0.490
0.464
0.453
0.464
0.429
0.422
0.427
0.416
0.403
0.414
4.05
0.406
0.400
0.424
0.424
0.420
0.511
0.474
0.480
0.470
0.567
0.422
0.408
0.444
0.464
0.493
0.420
0.484
0.451
0.499
0.457
0.481
0.542
0.453
0.452
0.482
0.412
0.464
13.2
0.414
0.414
0.408
0.423
0.440
0.459
0.407
0.446
0.420
0.423
0.420
0.467
0.490
0.490
0.613
0.458
0.472
0.342
0.434
0.602
0.575
0.383
0.571
0.562
0.557
0.459
0.652
0.354
0.444
0.404
0.493
0.484
0.452
0.502
0.451
0.482
0.455
0.451
0.451
0.679
0.700
0.641
0.699
0.725
0.665
0.545
0.540
0.552
0.563
0.501
0.582
1.55
0.566
0.864
0.573
0.584
0.608
0.613
0.512
0.511
0.496
0.559
0.481
0.536
0.549
0.572
0.558
0.573
0.552
0.573
0.528
0.527
0.535
0.565
0.544
0.547
0.516
0.533
0.486
0.546
0.439
0.584
0.561
0.625
0.408
0.520
0.418
0.418
0.437
0.451
0.461
0.432
0.466
0.433
0.492
0.460
0.389
0.430
0.501
0.444
0.403
0.467
0.441
0.472
0.464
0.446
0.429
0.424
0.425
0.406
0.475
5.50
0.620
0.520
0.510
0.650
0.511
0.512
0.546
0.535
0.559
0.476
0.497
0.519
0.578
0.555
0.547
0.495
0.513
0.829
0.507
0.577
0.528
0.566
0.621
0.527
0.535
0.555
0.524
0.533
0.553
0.529
0.494
0.464
0.533
0.513
0.419
0.441
0.415
0.440
0.473
0.959
0.465
0.437
0.433
0.461
0.473
0.454
0.373
0.427
0.454
0.459
0.446
0.430
0.452
0.475
0.428
0.503
0.460
0.484
0.435
2.70
0.449
4.56
0.725
0.562
0.525
0.481
0.573
0.587
0.559
0.504
0.574
0.632
0.553
0.459
0.418
0.424
0.456
0.469
0.499
0.402
0.506
0.478
0.492
0.471
0.454
0.549
0.443
0.455
0.454
0.479
0.461
0.418
0.463
0.459
0.531
0.454
0.461
0.434
0.456
0.506
0.449
0.462
0.441
0.420
0.499
0.475
0.442
0.449
0.429
0.391
0.426
0.483
0.379
0.544
0.450
0.415
0.467
0.430
0.467
0.532
0.579
0.622
0.582
0.549
0.576
0.540
0.541
0.568
0.500
0.521
0.524
0.555
0.539
0.602
0.586
0.532
0.713
0.626
0.545
0.508
0.539
0.546
0.519
0.563
0.461
0.520
