0.798
0.760
0.816
0.853
0.842
0.881
0.788
0.861
0.779
0.798
0.834
0.786
0.834
0.837
0.841
0.798
0.794
0.830
0.842
0.838
0.799
1.40
0.806
0.800
0.854
0.802
0.836
1.26
1.73
1.83
0.718
0.988
0.766
0.897
0.843
0.805
0.815
0.796
0.817
3.37
0.770
0.822
0.774
0.897
0.805
0.822
0.810
0.854
0.802
0.814
0.821
0.843
0.811
0.821
0.856
0.823
0.783
0.859
0.838
0.878
0.786
0.831
0.809
0.816
0.803
0.817
0.822
0.792
0.816
0.858
0.819
1.20
0.788
0.835
0.811
0.794
0.815
0.804
0.851
0.849
0.810
0.763
1.26
0.790
0.832
0.804
0.820
0.869
0.836
0.755
0.790
0.794
0.817
0.989
1.62
1.53
0.808
0.719
0.835
0.875
0.848
0.878
0.924
0.812
0.881
0.856
0.806
0.760
0.803
0.798
0.780
0.852
0.809
0.845
0.833
0.857
0.885
0.853
0.833
0.835
0.814
0.884
0.834
0.827
0.855
0.863
0.845
0.920
0.792
0.785
0.788
0.854
0.794
0.803
0.876
0.817
0.817
0.753
0.791
0.763
0.824
0.837
0.779
0.875
0.763
0.871
0.819
0.823
0.816
6.60
0.809
0.836
0.853
0.785
0.827
0.848
0.786
0.830
3.70
0.804
0.795
0.756
0.817
0.818
0.864
12.9
0.832
0.782
0.849
0.850
0.776
0.844
0.812
0.812
0.793
0.727
0.843
0.777
0.771
0.840
0.743
0.762
0.882
0.851
0.810
0.849
0.773
0.771
0.789
0.852
0.808
0.793
0.838
0.820
0.805
0.846
4.61
0.811
0.855
0.842
0.781
0.846
1.34
0.808
0.855
0.852
0.701
0.805
0.815
0.832
0.794
0.822
0.738
1.22
0.835
0.914
1.14
0.818
0.778
1.93
0.849
0.819
0.830
0.802
0.797
0.769
0.838
0.820
0.809
0.814
0.787
0.836
0.865
0.817
0.763
0.853
0.798
0.801
0.802
0.803
0.802
0.784
0.807
0.834
0.825
0.824
1.24
0.836
0.793
0.794
0.743
0.768
0.846
0.816
0.826
0.851
0.781
1.11
0.793
10.7
0.792
0.823
1.00
1.40
0.870
0.845
0.867
0.891
0.858
0.830
0.867
0.821
0.901
0.811
0.874
0.806
0.853
0.835
0.857
0.875
0.862
0.813
0.843
0.869
0.914
0.829
0.910
0.870
1.19
0.799
0.845
0.865
0.791
0.827
0.796
0.782
0.890
0.816
0.837
0.862
0.824
0.838
0.836
0.821
0.878
0.903
0.853
0.844
0.738
0.915
1.46
0.823
0.861
0.827
0.823
0.809
0.855
0.816
0.825
0.979
0.778
0.843
0.814
0.858
0.873
0.811
0.759
0.845
0.807
0.831
0.918
0.778
1.23
0.769
0.861
0.858
13.6
0.832
0.840
0.675
2.17
0.788
0.801
0.833
0.809
0.858
0.797
0.772
0.726
0.747
0.664
0.755
21.5
0.819
0.819
0.766
0.760
0.784
0.817
0.762
0.791
0.881
0.792
0.834
0.833
0.800
0.817
3.76
0.768
0.806
0.802
0.784
0.824
0.828
0.802
0.879
0.813
0.798
0.816
0.848
0.814
0.819
0.811
0.750
1.16
0.822
0.807
0.807
0.786
0.721
0.811
0.790
0.774
0.796
0.807
1.33
0.800
0.810
0.795
0.800
5.50
0.858
0.848
0.832
0.834
0.849
0.856
0.827
0.839
0.826
0.828
0.840
0.839
0.806
0.813
7.11
0.889
0.871
0.838
0.838
0.907
0.790
0.822
0.836
0.896
0.831
0.893
0.756
1.19
0.815
0.872
0.848
0.838
0.812
0.805
0.846
0.712
1.43
0.837
0.771
0.814
0.797
0.793
0.796
0.844
0.810
16.5
0.793
0.812
0.791
0.821
0.764
0.804
0.817
0.806
0.819
0.790
0.774
0.786
0.747
0.802
0.832
12.1
0.799
0.816
0.805
0.819
0.839
0.838
0.778
0.768
0.815
0.832
0.792
0.766
0.831
0.870
0.804
0.839
0.767
0.808
3.15
0.795
0.771
0.773
0.824
0.848
0.763
0.794
0.768
0.788
0.799
1.22
0.811
0.809
0.789
0.797
0.987
0.729
0.775
