0.025
0.017
0.016
0.019
0.048
0.019
0.032
0.019
0.017
0.017
0.018
0.034
0.015
0.044
0.016
0.030
0.020
0.018
0.029
0.018
0.028
0.036
0.032
0.037
0.017
0.016
0.015
0.033
0.028
0.014
0.019
0.017
0.017
0.031
0.032
0.016
0.013
0.027
0.029
0.016
0.030
0.029
0.030
0.031
0.014
0.018
0.015
0.032
0.012
0.029
0.049
0.031
0.012
0.015
0.030
0.031
0.018
0.029
0.030
0.016
0.031
0.029
0.018
0.015
0.015
0.017
0.014
0.016
0.016
0.030
0.015
0.032
0.032
0.030
0.030
0.017
0.029
0.017
0.016
0.028
0.014
0.018
0.031
0.030
0.030
0.019
0.018
0.016
0.016
0.029
0.016
0.030
0.030
0.030
0.030
0.018
0.031
0.017
0.018
0.017
0.018
0.032
0.016
0.017
0.039
0.031
0.016
0.030
0.017
0.016
0.030
0.031
0.014
0.018
0.032
0.017
0.031
0.018
0.018
0.032
0.032
0.032
0.019
0.030
0.042
0.030
0.016
0.017
0.032
0.033
0.031
0.032
0.036
0.017
0.053
0.016
0.017
0.038
0.017
0.030
0.016
0.017
0.031
0.016
0.016
0.029
0.014
0.018
0.017
0.016
0.030
0.031
0.050
0.029
0.012
0.018
0.015
0.018
0.017
0.031
0.017
0.034
0.031
0.018
0.015
0.033
0.030
0.016
0.031
0.029
0.030
0.039
0.017
0.030
0.031
0.017
0.017
0.032
0.027
0.030
0.031
0.032
0.031
0.029
0.017
0.030
0.031
0.030
0.016
0.031
0.030
0.032
0.031
0.028
0.016
0.031
0.017
0.017
0.032
0.028
0.012
0.020
0.031
0.017
0.030
0.032
0.018
0.014
0.019
0.017
0.016
0.020
0.037
0.029
0.013
0.029
0.031
0.027
0.032
0.012
0.017
0.031
0.016
0.015
0.030
0.016
0.014
0.018
0.017
0.016
0.031
0.029
0.015
0.018
0.030
0.020
0.019
0.017
0.031
0.032
0.014
0.031
0.016
0.018
0.014
0.014
0.033
0.017
0.030
0.018
0.016
0.017
0.017
0.018
0.037
0.017
0.031
0.017
0.034
0.032
0.034
0.015
0.016
0.031
0.020
0.029
0.031
0.016
0.031
0.031
0.043
0.015
0.019
0.031
0.033
0.017
0.031
0.037
0.045
0.017
0.033
0.031
0.032
0.016
0.051
0.040
0.032
0.016
0.030
0.030
0.032
0.030
0.016
0.032
0.029
0.015
0.030
0.030
0.016
0.031
0.016
0.017
0.030
0.016
0.030
0.020
0.017
0.032
0.030
0.043
0.031
0.033
0.031
0.017
0.016
0.030
0.030
0.032
0.017
0.030
0.031
0.054
0.017
0.029
0.031
0.016
0.016
0.031
0.031
0.017
0.017
0.030
0.015
0.018
0.017
0.029
0.018
0.017
0.017
0.016
0.018
0.016
0.031
0.030
0.029
0.029
0.039
0.031
0.016
0.029
0.017
0.016
0.030
0.030
0.031
0.017
0.016
0.019
0.016
0.032
0.031
0.031
0.035
0.014
0.030
0.029
0.016
0.029
0.031
0.031
0.030
0.036
0.016
0.031
0.016
0.016
0.018
0.016
0.017
0.016
0.031
0.012
0.014
0.015
0.030
0.014
0.016
0.029
0.034
0.017
0.016
0.015
0.018
0.031
0.016
0.029
0.017
0.016
0.031
0.032
0.017
0.017
0.030
0.017
0.028
0.016
0.018
0.018
0.015
0.017
0.031
0.032
0.030
0.016
0.016
0.031
0.030
0.030
0.030
0.030
0.018
0.030
0.030
0.018
0.018
0.016
0.030
0.035
0.032
0.016
0.034
0.032
0.031
0.016
0.017
0.031
0.032
0.030
0.016
0.030
0.018
0.016
0.029
0.031
0.030
0.017
0.016
0.031
0.017
0.180
0.015
0.030
0.030
0.033
0.017
0.017
0.029
0.017
0.012
0.017
0.013
0.016
0.015
0.040
0.028
0.030
0.016
0.032
0.017
0.030
0.033
0.017
0.029
0.030
0.032
0.031
0.030
0.016
0.011
0.033
0.032
0.015
0.011
0.016
0.030
0.016
0.012
0.017
0.032
0.030
0.032
0.018
0.029
0.029
0.021
0.016
0.029
0.033
0.030
0.017
