0.883
0.766
0.870
0.814
0.824
0.877
0.781
0.896
0.903
0.842
0.833
0.929
0.856
0.873
0.889
0.897
0.891
0.882
0.797
0.922
0.757
0.875
0.827
0.745
0.922
0.878
0.826
0.843
2.00
0.843
0.881
0.922
0.933
0.876
0.953
0.886
0.905
0.881
0.855
0.848
0.801
0.888
0.793
0.920
0.863
0.900
0.902
0.920
0.918
0.936
0.952
0.834
0.941
0.887
0.862
0.881
0.862
0.861
0.965
0.839
0.823
0.888
0.897
0.870
0.849
0.859
0.822
0.860
0.885
0.814
0.899
0.888
0.891
0.731
0.959
0.875
0.949
0.916
0.928
0.928
0.832
0.853
0.903
0.879
0.935
0.890
0.918
0.844
0.877
0.936
0.849
0.842
0.908
0.848
0.961
0.827
0.894
0.903
0.943
0.848
0.813
0.748
0.853
0.897
0.898
0.914
0.876
0.861
1.10
0.882
0.794
0.851
0.903
0.887
0.872
0.817
0.931
0.846
0.828
0.900
0.947
0.896
0.871
0.827
0.945
0.911
0.771
0.852
0.835
0.880
0.852
0.854
0.931
0.850
0.817
0.850
0.903
0.826
0.850
0.852
0.824
0.811
0.903
0.788
0.895
0.867
0.892
0.887
0.866
0.880
0.827
0.808
0.857
0.842
0.831
0.909
0.840
2.16
0.802
0.806
0.898
0.844
0.810
0.831
0.809
0.822
0.828
0.827
0.880
0.834
0.849
0.803
0.796
0.821
0.825
0.822
0.817
0.779
0.767
0.879
2.00
0.743
0.909
0.829
0.896
0.891
0.893
0.918
0.927
0.858
0.876
0.864
0.905
2.23
0.952
0.966
0.921
0.933
0.901
0.880
0.913
0.866
0.905
0.896
0.912
0.784
0.911
0.912
0.776
0.892
0.873
0.905
0.908
0.943
0.789
0.955
0.920
0.924
0.819
0.926
0.880
0.851
0.850
0.846
0.842
0.847
0.842
0.878
0.853
0.833
0.843
0.783
0.904
0.924
0.879
0.843
0.895
0.906
0.799
0.888
0.803
0.905
0.946
0.915
0.886
0.869
0.890
0.829
2.24
0.909
0.878
0.853
2.40
0.866
0.931
0.861
0.908
0.767
0.934
0.860
0.915
0.891
0.864
0.938
0.860
1.92
0.831
0.885
0.829
0.775
0.884
0.909
2.05
0.879
0.905
0.814
0.793
0.901
0.853
0.898
0.872
0.900
0.864
0.871
0.917
0.933
0.789
0.883
0.971
0.914
0.875
0.885
0.875
0.861
0.840
0.814
0.942
0.883
0.857
0.893
0.925
0.806
0.926
0.843
0.848
0.856
0.828
0.854
0.820
0.900
0.906
0.950
0.923
0.884
0.925
0.929
0.867
0.855
0.899
0.849
0.951
0.820
0.911
0.854
0.765
0.823
0.910
0.959
0.890
0.816
0.847
0.885
0.822
0.881
0.817
0.888
0.950
0.963
0.855
0.865
0.956
0.956
0.849
0.891
0.912
0.810
0.960
0.902
0.879
0.829
0.917
0.909
0.885
0.905
0.883
0.900
0.861
0.920
0.938
0.915
0.928
2.07
0.907
0.967
0.811
0.849
0.868
0.861
0.918
0.878
0.895
0.894
0.859
0.790
0.865
0.833
0.914
0.890
0.815
0.902
0.954
0.906
0.953
0.853
0.933
0.841
0.913
0.934
0.958
2.06
0.815
0.897
0.816
0.895
0.936
0.882
0.851
0.858
0.898
0.886
0.909
0.930
0.885
0.812
0.840
0.936
0.890
0.866
0.901
0.919
0.837
0.966
0.852
0.851
0.940
0.904
0.872
0.878
0.971
0.884
0.835
0.892
0.874
0.898
0.887
0.885
0.811
0.922
0.915
0.890
0.891
0.864
0.932
0.836
0.996
0.830
0.780
0.839
0.873
0.895
0.889
0.936
0.859
0.816
0.810
0.879
0.881
0.805
0.958
0.911
0.860
0.953
0.945
0.839
0.890
0.883
0.906
0.811
0.832
0.959
0.928
0.974
0.937
0.937
0.994
0.861
0.972
0.879
0.909
0.911
0.885
0.861
0.962
0.918
0.957
2.25
0.927
0.908
0.938
0.933
0.896
0.924
0.897
0.921
0.926
0.810
0.925
0.915
0.794
0.941
0.849
0.928
1.01
0.892
0.882
0.870
0.858
0.862
0.913
0.864
