26.4
26.3
26.2
28.8
26.1
26.2
26.2
26.4
26.3
26.7
26.3
26.3
26.2
26.2
26.2
26.3
26.8
26.3
26.3
26.3
26.3
26.3
26.7
26.2
28.7
26.3
26.3
26.3
26.2
26.2
26.4
26.2
26.2
26.4
26.2
26.2
26.3
26.2
26.2
26.2
26.2
26.2
26.1
26.2
26.3
26.2
26.3
26.4
26.1
26.2
26.1
26.3
26.2
26.2
26.6
26.3
26.2
26.2
26.3
26.3
26.2
26.1
26.2
26.2
40.9
26.1
26.1
26.2
26.6
26.3
26.3
26.1
26.1
26.2
26.2
26.2
26.2
26.3
26.2
26.2
26.3
26.7
26.2
26.3
26.2
26.3
26.4
26.2
26.3
26.3
26.2
26.3
26.2
26.2
27.0
26.4
26.2
26.2
26.2
26.5
26.3
26.6
26.2
26.3
26.2
27.0
26.4
26.3
26.3
26.2
26.2
26.2
26.2
26.3
26.2
26.2
26.2
26.2
26.2
30.6
26.2
26.3
26.2
26.1
26.3
26.2
26.4
26.2
27.6
26.3
26.2
26.1
26.2
26.2
26.4
26.4
26.4
26.4
26.2
26.9
26.2
26.2
26.1
26.3
26.2
26.3
26.2
26.2
26.2
26.3
26.4
26.2
26.2
26.3
26.2
26.6
26.2
26.1
26.3
26.5
27.1
26.2
26.1
26.4
26.2
26.2
26.3
26.2
26.1
26.3
26.2
26.2
26.3
26.2
26.3
26.2
26.2
26.1
26.2
26.2
26.1
26.2
26.2
26.3
35.9
26.2
26.4
26.2
26.3
26.3
26.4
26.2
26.2
26.2
26.2
26.3
26.3
26.3
26.2
26.2
26.2
26.3
26.3
26.2
26.3
26.2
26.4
26.2
26.6
26.2
26.5
26.2
26.2
26.3
26.4
26.4
26.2
26.3
26.2
26.2
26.4
26.2
26.2
26.3
26.2
26.2
26.4
26.2
26.3
26.2
26.3
26.3
26.5
26.3
26.2
26.2
26.2
26.2
26.3
26.3
26.2
26.2
26.4
26.2
26.2
26.2
26.7
26.1
26.2
26.3
26.4
26.3
26.5
26.2
26.7
26.6
26.3
26.3
26.2
26.2
26.3
26.2
26.2
26.1
26.2
26.2
26.3
26.2
26.2
26.7
26.2
31.10
26.3
26.3
26.3
26.2
26.1
26.2
26.4
30.3
26.4
26.2
26.3
26.3
26.2
26.2
26.2
26.5
26.2
26.2
28.8
26.1
26.5
26.4
26.3
26.3
26.4
27.6
26.2
26.2
26.2
26.3
26.2
26.2
26.2
26.2
26.4
26.4
26.5
26.2
26.2
26.3
26.3
26.2
26.5
26.2
26.1
26.2
26.7
26.3
26.2
26.2
26.2
26.3
26.9
26.2
26.3
26.3
26.2
26.1
26.3
26.2
26.3
26.3
26.3
26.1
26.2
26.8
26.3
26.2
26.4
26.3
26.2
26.2
26.3
26.1
26.2
26.4
26.3
26.2
26.3
26.2
26.2
32.8
26.3
26.2
26.2
26.2
26.2
27.6
26.2
26.2
26.2
26.4
26.3
26.3
26.4
26.3
26.1
26.3
27.6
26.3
26.1
26.2
36.4
26.2
31.5
26.3
26.2
26.2
26.8
26.3
26.4
26.2
26.2
26.5
26.1
26.2
26.2
26.1
26.4
26.2
26.2
26.2
26.3
26.2
26.2
26.3
26.3
26.2
26.1
26.1
26.4
26.3
26.2
26.2
26.2
26.3
26.2
26.2
26.3
26.4
26.3
26.3
26.5
26.6
28.9
26.4
26.4
26.1
31.1
26.7
26.2
26.3
26.2
26.2
26.2
26.3
26.2
26.3
26.2
26.5
26.1
26.2
26.3
26.3
26.3
26.3
26.1
26.8
26.3
26.3
26.3
26.2
26.6
26.2
26.5
26.2
26.3
26.2
26.3
26.2
26.2
26.2
26.1
26.2
26.4
26.2
26.5
26.4
26.2
26.5
26.2
26.4
26.3
26.5
26.2
26.3
26.5
26.2
26.6
26.3
26.2
26.2
26.2
26.4
26.3
26.3
26.4
26.2
26.3
26.3
26.6
26.3
26.1
26.3
32.7
26.3
26.4
26.2
26.2
26.2
26.2
26.3
26.2
26.4
26.2
33.7
26.3
26.4
