14.6
14.6
14.6
14.7
14.7
14.6
14.6
14.6
14.6
14.6
14.6
14.6
14.6
14.6
14.6
14.6
14.6
14.6
14.6
14.6
14.6
14.6
14.6
14.6
14.7
14.6
14.6
14.7
14.9
14.6
14.6
14.6
14.6
14.6
14.6
14.6
14.7
14.6
15.0
14.6
14.6
14.6
14.8
14.6
14.5
14.6
14.7
14.6
14.7
14.6
14.5
14.6
15.1
14.6
14.7
14.6
14.6
14.6
14.6
14.6
14.6
14.6
14.6
14.6
14.6
14.6
20.4
14.6
14.6
14.6
14.6
14.7
14.6
14.7
14.6
14.6
14.6
14.6
14.6
14.6
14.6
14.6
14.7
14.6
14.5
15.1
14.6
14.6
14.6
14.7
14.6
14.6
14.6
14.6
14.7
14.6
14.6
14.6
14.6
14.6
14.6
14.7
14.6
14.6
14.6
14.6
14.8
14.6
14.6
14.6
14.6
14.7
14.6
14.6
14.6
14.7
14.6
14.6
14.6
14.6
14.9
14.5
14.6
15.1
14.7
14.6
14.6
14.6
14.6
14.6
14.6
14.6
14.6
14.6
14.6
14.6
14.6
14.6
14.6
14.7
14.6
14.6
14.6
14.6
14.6
14.6
14.6
14.6
14.6
14.6
14.6
14.6
14.6
14.6
14.6
14.6
14.6
14.6
14.6
14.5
14.6
14.6
14.6
14.6
14.6
14.7
14.7
14.6
14.6
14.6
14.6
14.6
14.6
14.7
14.6
14.6
14.6
14.6
14.5
14.6
25.5
15.4
15.1
14.6
14.6
14.6
14.6
14.6
14.6
14.6
14.6
14.7
14.6
14.6
14.6
14.6
14.6
14.6
14.6
14.6
14.6
14.6
14.6
14.6
15.7
14.8
14.6
15.9
15.8
14.6
14.7
14.6
14.7
14.7
14.7
14.6
14.6
14.6
20.0
14.6
14.6
14.6
14.7
14.6
14.6
14.9
14.6
14.6
14.6
14.7
14.7
14.6
14.7
14.6
14.6
14.6
14.6
15.1
14.6
14.6
14.6
14.6
14.6
14.7
14.6
14.6
14.5
14.6
14.6
14.6
14.6
14.6
14.6
14.6
14.6
14.6
16.7
14.7
14.6
14.6
14.6
14.6
14.6
14.7
14.7
14.6
14.7
20.8
14.6
14.6
14.7
14.6
21.3
14.6
14.7
14.7
14.6
17.8
14.6
14.6
14.7
14.6
14.6
14.7
14.6
14.6
14.6
15.1
14.7
14.6
14.7
14.6
14.7
14.6
16.10
14.6
14.7
14.6
14.6
14.6
14.6
14.6
14.7
16.5
14.6
14.6
14.6
14.6
14.6
14.7
14.6
14.7
14.6
15.9
14.6
14.8
14.6
14.6
14.10
14.6
14.6
14.6
14.6
14.6
14.6
14.6
14.6
14.7
14.6
14.7
14.6
14.6
14.6
14.6
14.6
14.6
14.6
14.9
14.6
14.6
14.6
14.6
14.7
14.6
14.7
14.6
14.6
14.6
14.6
14.9
14.7
14.6
14.6
14.7
14.7
14.6
14.6
14.6
14.6
14.6
14.6
14.6
14.6
14.6
14.7
14.6
14.6
14.6
14.6
14.6
14.6
14.6
14.6
14.6
14.6
14.6
14.6
14.6
14.7
14.6
14.6
14.6
14.6
14.9
14.6
14.6
14.7
14.6
14.6
14.9
15.7
14.6
14.6
14.6
14.6
14.6
14.7
14.7
14.6
14.6
14.6
14.6
14.6
14.6
14.7
14.6
14.6
14.6
14.6
14.6
14.6
14.7
14.6
15.0
14.6
14.7
14.7
14.7
14.6
14.7
14.6
14.6
14.6
14.6
14.7
14.5
14.6
14.6
14.7
14.7
14.6
14.7
14.6
14.5
14.7
14.6
14.9
14.6
14.6
14.6
14.6
14.6
14.6
14.7
14.6
14.6
14.6
14.7
14.8
14.6
14.6
14.7
14.6
14.6
14.6
14.6
14.6
14.6
14.7
14.6
14.8
14.6
14.7
14.6
14.7
14.6
14.6
14.6
14.6
14.6
14.6
14.6
14.6
14.6
14.6
14.6
14.6
14.6
14.6
14.6
14.6
14.6
14.6
16.2
17.2
19.9
14.6
14.6
14.6
14.6
14.6
14.6
14.6
14.7
14.6
14.6
14.6
14.6
14.7
14.7
