0.438
0.416
0.395
0.617
0.709
0.694
0.674
0.559
0.694
0.409
0.439
0.361
0.405
0.581
0.387
0.362
0.400
0.501
0.382
0.393
0.390
0.448
0.468
0.480
0.491
0.624
0.439
6.09
0.454
0.445
0.426
0.450
0.504
0.425
0.393
0.431
0.440
0.460
0.416
0.422
0.426
0.405
0.415
0.423
0.449
0.538
0.434
0.440
0.428
0.468
0.355
0.466
0.442
0.470
0.395
0.400
0.490
0.453
0.371
0.455
0.430
0.982
0.623
0.475
3.45
0.501
0.545
0.576
0.525
0.499
0.515
0.474
0.479
0.491
0.504
0.538
0.565
0.536
0.537
0.507
0.501
0.433
0.393
0.403
0.444
0.443
0.468
0.382
0.664
0.617
0.614
0.615
0.643
0.606
0.400
0.430
0.387
0.405
0.407
0.401
0.446
0.403
0.483
0.344
0.401
0.426
0.423
0.406
0.435
0.673
0.399
0.407
0.433
0.465
0.427
0.429
0.657
0.635
0.651
0.647
0.631
0.683
0.673
0.644
0.516
0.401
0.647
0.435
0.411
0.402
0.415
0.498
0.460
0.395
0.542
0.618
0.690
0.539
0.560
0.508
0.517
0.499
0.533
0.472
0.530
0.548
0.536
0.492
0.420
0.494
0.501
0.516
0.513
0.648
0.512
0.487
0.481
0.474
0.396
0.495
0.487
0.639
0.500
0.519
0.480
0.489
0.468
0.493
0.551
0.487
0.652
0.858
0.522
0.488
0.495
0.504
0.521
0.508
0.527
0.531
0.577
0.400
0.488
0.496
0.479
0.398
0.556
0.469
0.510
0.522
0.499
0.550
0.530
0.599
0.577
0.482
0.506
0.478
0.494
0.522
0.539
0.502
0.532
0.502
0.521
0.584
0.535
0.564
0.510
0.518
0.571
0.622
0.517
0.496
0.489
0.573
0.520
0.543
0.542
0.522
0.524
0.542
0.486
0.494
0.674
0.498
0.482
0.543
0.544
0.452
0.518
0.517
0.444
0.602
0.538
0.559
0.375
0.473
0.521
0.481
0.511
0.512
0.581
0.518
0.560
0.541
0.535
0.565
0.559
0.560
0.524
0.486
0.527
0.530
0.518
0.559
0.595
0.498
0.312
0.496
0.564
0.427
0.414
0.441
0.433
0.428
0.424
0.476
0.436
0.404
0.474
0.423
0.433
0.387
0.410
0.422
0.436
0.425
0.404
0.431
0.415
0.429
0.451
0.405
0.456
0.400
0.391
0.413
0.411
0.413
0.385
0.469
0.408
0.422
0.390
0.419
0.439
0.402
0.430
0.429
0.471
0.443
0.428
0.434
0.457
0.536
0.422
0.421
0.435
0.449
0.428
0.430
0.432
0.417
0.459
0.472
0.417
0.420
0.485
0.335
0.399
0.615
0.436
0.433
0.439
0.414
0.406
0.360
0.454
0.464
0.426
0.498
0.398
0.424
0.466
0.376
0.439
0.477
0.384
0.443
0.388
0.427
0.430
0.361
0.418
0.446
0.404
0.437
0.450
0.412
0.408
0.388
0.371
0.388
0.399
0.647
0.565
0.495
0.527
0.532
0.586
0.553
0.463
0.526
0.402
0.527
0.540
0.447
0.462
0.595
0.534
0.556
0.513
0.530
0.464
0.498
0.532
0.520
0.510
0.459
0.571
0.454
0.515
0.492
0.556
0.519
0.444
0.573
0.414
0.413
0.429
0.418
0.378
0.426
0.441
0.454
0.461
0.410
0.454
1.01
0.571
0.443
0.381
0.432
0.604
0.408
0.381
0.484
0.606
0.686
0.542
0.534
0.587
0.564
0.500
0.545
0.483
0.403
0.539
0.580
1.05
0.563
0.510
0.529
0.580
0.590
0.402
0.443
0.469
0.478
0.395
0.665
0.699
0.472
0.557
0.518
0.534
0.549
0.504
0.506
0.492
0.503
0.535
0.403
0.486
0.541
0.553
0.538
1.10
0.366
0.470
0.409
0.497
0.477
0.519
0.393
0.537
0.554
0.556
0.476
0.500
0.542
0.476
0.477
0.510
0.559
0.517
0.506
0.496
0.529
0.553
0.550
0.517
0.488
0.509
0.552
0.568
0.569
0.589
0.542
0.525
0.541
0.522
0.491
0.487
0.481
0.534
0.579
0.461
0.520
0.538
0.489
0.515
0.543
0.539
0.507
0.521
0.436
0.400
0.415
