0.025
0.034
0.034
0.020
0.055
0.020
0.019
0.032
0.033
0.034
0.016
0.030
0.034
0.019
0.029
0.013
0.030
0.035
0.030
0.019
0.031
0.016
0.035
0.016
0.028
0.016
0.018
0.030
0.054
0.030
0.030
0.016
0.033
0.026
0.018
0.038
0.019
0.030
0.030
0.030
0.036
0.017
0.029
0.018
0.030
0.030
0.018
0.030
0.030
0.031
0.017
0.016
0.034
0.032
0.035
0.031
0.018
0.016
0.032
0.030
0.030
0.029
0.030
0.029
0.016
0.017
0.031
0.032
0.034
0.016
0.018
0.017
0.033
0.030
0.036
0.032
0.018
0.030
0.031
0.033
0.018
0.013
0.029
0.032
0.029
0.017
0.018
0.031
0.017
0.017
0.017
0.031
0.029
0.029
0.015
0.030
0.030
0.029
0.031
0.031
0.031
0.032
0.029
0.029
0.195
0.034
0.035
0.017
0.017
0.016
0.019
0.036
0.031
0.017
0.030
0.047
0.020
0.018
0.035
0.017
0.016
0.030
0.034
0.034
0.016
0.016
0.036
0.030
0.031
0.016
0.018
0.017
0.017
0.019
0.029
0.018
0.029
0.015
0.016
0.031
0.017
0.030
0.017
0.035
0.035
0.032
0.030
0.017
0.030
0.030
0.031
0.017
0.032
0.031
0.031
0.030
0.016
0.032
0.020
0.032
0.031
0.031
0.029
0.019
0.032
0.031
0.030
0.029
0.031
0.029
0.031
0.036
0.036
0.017
0.031
0.036
0.031
0.036
0.030
0.030
0.031
0.040
0.029
0.037
0.036
0.012
0.017
0.016
0.057
0.030
0.040
0.030
0.040
0.036
0.033
0.032
0.031
0.034
0.017
0.030
0.034
0.019
0.011
0.036
0.016
0.018
0.016
0.018
0.018
0.029
0.042
0.032
0.017
0.042
0.031
0.030
0.015
0.031
0.030
0.201
0.031
0.031
0.033
0.035
0.020
0.032
0.017
0.028
0.030
0.031
0.017
0.019
0.030
0.017
0.030
0.018
0.029
0.031
0.032
0.031
0.016
0.018
0.017
0.036
0.016
0.018
0.031
0.030
0.031
0.030
0.031
0.030
0.031
0.030
0.029
0.031
0.030
0.029
0.016
0.031
0.015
0.030
0.030
0.029
0.015
0.030
0.029
0.032
0.033
0.030
0.045
0.033
0.017
0.033
0.016
0.029
0.031
0.029
0.034
0.018
0.031
0.056
0.030
0.031
0.030
0.029
0.030
0.037
0.029
0.018
0.030
0.018
0.038
0.038
0.029
0.030
0.031
0.031
0.017
0.038
0.031
0.031
0.035
0.029
0.030
0.031
0.029
0.032
0.018
0.018
0.036
0.016
0.036
0.013
0.015
0.030
0.030
0.014
0.036
0.033
0.031
0.016
0.030
0.031
0.015
0.018
0.031
0.016
0.018
0.031
0.017
0.018
0.034
0.029
0.029
0.031
0.016
0.017
0.035
0.031
0.033
0.019
0.035
0.030
0.031
0.030
0.046
0.029
0.028
0.029
0.034
0.020
0.032
0.032
0.029
0.032
0.017
0.015
0.038
0.031
0.018
0.032
0.027
0.030
0.029
0.034
0.030
0.030
0.203
0.032
0.029
0.012
0.029
0.016
0.036
0.032
0.032
0.018
0.047
0.042
0.030
0.030
0.030
0.030
0.034
0.030
0.028
0.015
0.016
0.030
0.016
0.029
0.017
0.017
0.029
0.013
0.043
0.031
0.019
0.018
0.017
0.028
0.034
0.029
0.031
0.017
0.031
0.035
0.031
0.030
0.017
0.032
0.029
0.032
0.028
0.031
0.019
0.031
0.018
0.033
0.016
0.016
0.016
0.030
0.034
0.015
0.019
0.017
0.033
0.017
0.019
0.030
0.029
0.018
0.029
0.030
0.018
0.030
0.203
0.031
0.017
0.037
0.034
0.031
0.029
0.032
0.032
0.016
0.017
0.032
0.019
0.030
0.030
0.030
0.031
0.030
0.031
0.017
0.030
0.037
0.031
0.016
0.036
0.052
0.031
0.032
0.017
0.036
0.035
0.018
0.032
0.019
0.031
0.035
0.034
0.031
0.029
0.054
0.018
0.019
0.035
0.018
0.018
0.030
0.030
0.016
0.016
0.030
0.036
0.035
0.017
0.029
0.054
0.031
0.029
0.030
0.017
0.031
0.030
0.031
