0.298
0.162
0.204
0.124
0.205
0.128
0.194
0.211
0.204
0.207
0.209
0.197
0.201
0.207
0.202
0.201
0.211
0.214
0.201
0.205
0.194
0.216
0.204
0.204
0.194
0.208
0.191
0.204
0.207
0.199
0.201
0.156
0.206
0.196
0.207
0.208
0.206
0.202
0.197
0.208
0.209
0.206
0.202
0.227
0.205
0.204
0.202
0.203
0.205
0.204
0.204
0.166
0.207
0.193
0.218
0.196
0.191
0.203
0.204
0.215
0.179
0.210
0.200
0.210
0.207
0.128
0.207
0.161
0.213
0.188
0.211
0.209
0.215
0.203
0.209
0.204
0.205
0.202
0.166
0.206
0.202
0.210
0.206
0.198
0.200
0.204
0.208
0.204
0.210
0.207
0.206
0.220
0.195
0.131
0.199
0.205
0.215
0.216
0.211
0.211
