0.234
0.232
0.189
0.194
0.199
0.205
0.198
0.203
0.213
0.201
0.206
0.124
0.206
0.126
0.209
0.196
0.204
0.203
0.204
0.199
0.200
0.201
0.203
0.189
0.200
0.207
0.203
0.153
0.208
0.195
0.209
0.202
0.206
0.189
0.205
0.205
0.205
0.196
0.199
0.120
0.202
0.207
0.196
0.203
0.202
0.191
0.205
0.193
0.205
0.153
0.201
0.186
0.203
0.201
0.205
0.203
0.196
0.201
0.206
0.201
0.197
0.198
0.210
0.206
0.206
0.196
0.205
0.208
0.203
0.197
0.209
0.210
0.203
0.130
0.197
0.216
0.202
0.199
0.189
0.206
0.199
0.201
0.203
0.193
0.209
0.206
0.208
0.189
0.203
0.205
0.209
0.195
0.196
0.203
0.215
0.205
0.187
0.197
0.208
0.207
