0.340
0.232
0.232
0.198
0.204
0.208
0.209
0.171
0.146
0.203
0.149
0.171
0.191
0.205
0.206
0.201
0.173
0.199
0.212
0.209
0.210
0.190
0.206
0.202
0.206
0.178
0.205
0.206
0.207
0.199
0.203
0.192
0.205
0.204
0.176
0.200
0.126
0.205
0.205
0.206
0.207
0.200
0.205
0.181
0.205
0.204
0.209
0.160
0.196
0.200
0.211
0.197
0.209
0.205
0.211
0.206
0.180
0.199
0.212
0.213
0.204
0.205
0.213
0.204
0.212
0.208
0.208
0.202
0.206
0.205
0.164
0.199
0.129
0.205
0.195
0.205
0.212
0.207
0.205
0.204
0.200
0.207
0.203
0.202
0.196
0.204
0.220
0.204
0.205
0.196
0.206
0.196
0.203
0.192
0.208
0.209
0.201
0.191
0.127
0.194
