0.280
0.208
0.222
0.204
0.203
0.203
0.206
0.204
0.197
0.201
0.206
0.212
0.169
0.204
0.208
0.203
0.208
0.196
0.208
0.201
0.208
0.204
0.206
0.212
0.424
0.209
0.201
0.195
0.207
0.206
0.210
0.200
0.210
0.200
0.126
0.192
0.330
0.205
0.164
0.208
0.207
0.203
0.206
0.198
0.210
0.209
0.206
0.222
0.207
0.197
0.204
0.204
0.207
0.197
0.190
0.210
0.197
0.151
0.146
0.220
0.211
0.193
0.167
0.188
0.216
0.200
0.210
0.207
0.206
0.208
0.210
0.200
0.203
0.202
0.206
0.200
0.198
0.203
0.207
0.210
0.198
0.206
0.207
0.202
0.210
0.203
0.207
0.204
0.211
0.198
0.205
0.205
0.210
0.205
0.203
0.200
0.137
0.205
0.132
0.197
