0.255
0.195
0.204
0.203
0.208
0.196
0.130
0.165
0.200
0.190
0.206
0.202
0.211
0.235
0.198
0.198
0.204
0.201
0.201
0.205
0.206
0.202
0.208
0.194
0.196
0.197
0.204
0.193
0.195
0.201
0.208
0.200
0.197
0.123
0.203
0.203
0.168
0.206
0.210
0.203
0.210
0.206
0.207
0.202
0.209
0.163
0.203
0.209
0.211
0.214
0.200
0.203
0.202
0.170
0.178
0.203
0.203
0.199
0.204
0.191
0.206
0.200
0.204
0.204
0.203
0.207
0.207
0.133
0.200
0.203
0.203
0.198
0.203
0.196
0.204
0.208
0.202
0.199
0.220
0.198
0.208
0.202
0.208
0.203
0.209
0.205
0.201
0.200
0.204
0.204
0.210
0.206
0.203
0.199
0.205
0.172
0.214
0.205
0.197
0.200
