0.343
0.203
0.238
0.118
0.193
0.187
0.204
0.202
0.201
0.203
0.197
0.199
0.198
0.201
0.167
0.203
0.208
0.204
0.205
0.195
0.204
0.206
0.204
0.194
0.212
0.215
0.203
0.204
0.201
0.208
0.203
0.123
0.203
0.206
0.210
0.209
0.212
0.198
0.204
0.204
0.206
0.206
0.206
0.200
0.205
0.203
0.160
0.202
0.205
0.203
0.209
0.198
0.202
0.207
0.196
0.196
0.207
0.200
0.208
0.192
0.195
0.206
0.205
0.206
0.227
0.130
0.201
0.155
0.187
0.195
0.204
0.206
0.207
0.194
0.200
0.208
0.203
0.204
0.197
0.156
0.208
0.205
0.190
0.208
0.200
0.202
0.203
0.197
0.205
0.203
0.205
0.167
0.224
0.122
0.211
0.203
0.203
0.204
0.210
0.201
