0.287
0.222
0.192
0.198
0.235
0.196
0.194
0.210
0.193
0.196
0.237
0.199
0.207
0.181
0.125
0.197
0.120
0.201
0.190
0.207
0.200
0.193
0.183
0.200
0.203
0.204
0.207
0.200
0.198
0.202
0.203
0.208
0.202
0.201
0.202
0.205
0.196
0.210
0.204
0.202
0.200
0.197
0.128
0.209
0.205
0.194
0.203
0.203
0.201
0.206
0.210
0.204
0.204
0.241
0.200
0.207
0.203
0.204
0.207
0.202
0.204
0.202
0.204
0.201
0.208
0.195
0.218
0.203
0.197
0.217
0.183
0.202
0.190
0.202
0.203
0.198
0.144
0.200
0.125
0.204
0.199
0.192
0.208
0.206
0.200
0.207
0.194
0.207
0.207
0.204
0.193
0.203
0.202
0.205
0.207
0.206
0.202
0.196
0.192
0.182
