0.274
0.210
0.194
0.162
0.202
0.205
0.206
0.202
0.204
0.210
0.211
0.205
0.171
0.209
0.210
0.201
0.207
0.194
0.204
0.212
0.211
0.178
0.210
0.200
0.210
0.198
0.197
0.127
0.206
0.205
0.169
0.207
0.204
0.204
0.205
0.202
0.206
0.207
0.208
0.206
0.212
0.208
0.206
0.205
0.198
0.227
0.185
0.205
0.206
0.202
0.205
0.209
0.212
0.197
0.205
0.214
0.205
0.209
0.197
0.209
0.212
0.129
0.198
0.136
0.207
0.203
0.207
0.192
0.210
0.206
0.212
0.202
0.158
0.199
0.205
0.197
0.210
0.215
0.211
0.203
0.200
0.204
0.208
0.205
0.210
0.209
0.213
0.211
0.213
0.127
0.213
0.208
0.205
0.208
0.202
0.199
0.205
0.210
0.197
0.204
