0.358
0.205
0.196
0.207
0.199
0.199
0.193
0.208
0.211
0.208
0.204
0.197
0.202
0.204
0.205
0.190
0.219
0.199
0.204
0.207
0.200
0.208
0.202
0.202
0.166
0.215
0.202
0.203
0.120
0.193
0.253
0.203
0.202
0.198
0.203
0.208
0.207
0.202
0.196
0.204
0.198
0.202
0.174
0.207
0.209
0.209
0.201
0.194
0.200
0.201
0.210
0.205
0.200
0.202
0.205
0.204
0.125
0.197
0.208
0.207
0.214
0.206
0.207
0.204
0.205
0.195
0.223
0.205
0.209
0.201
0.204
0.205
0.199
0.208
0.197
0.209
0.207
0.195
0.212
0.201
0.204
0.202
0.205
0.195
0.212
0.202
0.206
0.205
0.156
0.205
0.121
0.205
0.260
0.202
0.209
0.203
0.194
0.195
0.198
0.211
