0.364
0.200
0.193
0.203
0.203
0.188
0.195
0.190
0.133
0.198
0.206
0.207
0.212
0.203
0.200
0.202
0.205
0.199
0.163
0.199
0.172
0.209
0.206
0.197
0.205
0.210
0.206
0.170
0.208
0.206
0.206
0.203
0.200
0.203
0.206
0.204
0.187
0.208
0.208
0.203
0.201
0.196
0.276
0.204
0.159
0.194
0.213
0.202
0.211
0.191
0.205
0.203
0.209
0.205
0.206
0.199
0.204
0.208
0.500
0.204
0.198
0.200
0.213
0.209
0.208
0.203
0.206
0.204
0.199
0.202
0.130
0.208
0.210
0.199
0.209
0.205
0.210
0.203
0.206
0.206
0.200
0.201
0.198
0.202
0.204
0.206
0.200
0.206
0.212
0.209
0.207
0.196
0.211
0.203
0.205
0.187
0.208
0.210
0.207
0.199
