0.284
0.191
0.199
0.193
0.207
0.205
0.203
0.173
0.203
0.160
0.204
0.200
0.194
0.202
0.203
0.204
0.184
0.205
0.221
0.199
0.202
0.194
0.182
0.197
0.126
0.164
0.210
0.189
0.206
0.197
0.195
0.204
0.204
0.200
0.206
0.201
0.201
0.204
0.203
0.199
0.207
0.198
0.212
0.163
0.205
0.202
0.205
0.205
0.196
0.194
0.121
0.212
0.177
0.203
0.206
0.207
0.211
0.205
0.204
0.206
0.212
0.195
0.196
0.197
0.204
0.203
0.201
0.204
0.217
0.203
0.204
0.194
0.204
0.202
0.203
0.200
0.204
0.203
0.212
0.204
0.197
0.207
0.204
0.205
0.125
0.198
0.127
0.204
0.213
0.202
0.204
0.207
0.208
0.195
0.211
0.206
0.205
0.198
0.195
0.197
