0.283
0.218
0.201
0.205
0.143
0.205
0.209
0.171
0.207
0.204
0.210
0.205
0.196
0.195
0.200
0.215
0.194
0.205
0.203
0.204
0.193
0.200
0.199
0.206
0.200
0.160
0.204
0.205
0.210
0.203
0.196
0.202
0.202
0.211
0.170
0.203
0.192
0.206
0.233
0.199
0.123
0.231
0.200
0.209
0.204
0.209
0.200
0.201
0.241
0.206
0.201
0.154
0.211
0.203
0.211
0.204
0.206
0.196
0.192
0.432
0.205
0.201
0.206
0.204
0.201
0.207
0.125
0.205
0.206
0.203
0.217
0.199
0.211
0.202
0.209
0.195
0.203
0.201
0.218
0.202
0.162
0.206
0.205
0.202
0.195
0.207
0.201
0.205
0.203
0.199
0.211
0.207
0.202
0.195
0.204
0.204
0.201
0.199
0.199
0.203
