0.253
0.198
0.188
0.206
0.168
0.215
0.127
0.197
0.212
0.206
0.207
0.196
0.194
0.212
0.193
0.204
0.157
0.208
0.206
0.204
0.161
0.215
0.202
0.207
0.230
0.198
0.208
0.206
0.202
0.197
0.209
0.203
0.127
0.204
0.197
0.209
0.159
0.211
0.172
0.203
0.207
0.215
0.210
0.196
0.206
0.204
0.204
0.174
0.213
0.209
0.210
0.207
0.197
0.207
0.200
0.209
0.159
0.212
0.208
0.210
0.213
0.200
0.198
0.220
0.199
0.179
0.123
0.204
0.165
0.204
0.203
0.215
0.211
0.196
0.200
0.205
0.158
0.157
0.201
0.200
0.211
0.215
0.204
0.212
0.210
0.200
0.205
0.203
0.193
0.208
0.208
0.208
0.208
0.200
0.128
0.204
0.158
0.202
0.205
0.217
