0.244
0.202
0.181
0.200
0.188
0.189
0.195
0.200
0.210
0.196
0.206
0.199
0.212
0.169
0.209
0.196
0.214
0.206
0.208
0.216
0.196
0.196
0.207
0.207
0.179
0.205
0.199
0.203
0.198
0.193
0.209
0.212
0.205
0.199
0.205
0.206
0.202
0.166
0.193
0.198
0.131
0.210
0.205
0.204
0.210
0.195
0.203
0.142
0.199
0.124
0.198
0.207
0.201
0.191
0.207
0.202
0.202
0.204
0.199
0.209
0.205
0.184
0.203
0.203
0.216
0.201
0.203
0.204
0.210
0.191
0.194
0.208
0.204
0.202
0.196
0.176
0.199
0.160
0.209
0.206
0.239
0.211
0.204
0.196
0.200
0.194
0.204
0.204
0.213
0.209
0.206
0.203
0.197
0.193
0.201
0.201
0.203
0.201
0.201
0.202
