0.275
0.215
0.185
0.209
0.206
0.213
0.207
0.197
0.208
0.208
0.204
0.167
0.207
0.209
0.200
0.204
0.204
0.125
0.207
0.208
0.192
0.206
0.217
0.209
0.206
0.197
0.209
0.207
0.205
0.175
0.173
0.210
0.211
0.209
0.199
0.205
0.205
0.205
0.198
0.209
0.208
0.196
0.193
0.198
0.208
0.212
0.207
0.192
0.205
0.205
0.208
0.126
0.193
0.267
0.205
0.204
0.213
0.203
0.205
0.206
0.212
0.199
0.193
0.207
0.211
0.204
0.206
0.207
0.203
0.207
0.200
0.210
0.207
0.207
0.193
0.200
0.206
0.205
0.208
0.126
0.202
0.208
0.207
0.205
0.198
0.204
0.205
0.205
0.219
0.177
0.250
0.214
0.207
0.199
0.209
0.206
0.205
0.196
0.211
0.202
