0.218
0.201
0.213
0.209
0.200
0.204
0.205
0.205
0.175
0.211
0.205
0.190
0.207
0.127
0.205
0.127
0.205
0.204
0.205
0.205
0.203
0.199
0.206
0.214
0.204
0.209
0.207
0.205
0.205
0.207
0.204
0.195
0.207
0.206
0.203
0.212
0.194
0.203
0.206
0.208
0.194
0.133
0.207
0.204
0.200
0.197
0.203
0.204
0.205
0.191
0.201
0.220
0.210
0.205
0.198
0.205
0.204
0.196
0.199
0.205
0.207
0.203
0.209
0.200
0.214
0.203
0.216
0.195
0.209
0.209
0.192
0.205
0.193
0.204
0.205
0.124
0.171
0.189
0.201
0.208
0.200
0.204
0.212
0.205
0.205
0.166
0.218
0.209
0.205
0.205
0.199
0.204
0.205
0.203
0.169
0.205
0.201
0.191
0.201
0.197
