0.280
0.262
0.190
0.206
0.202
0.206
0.205
0.210
0.195
0.208
0.205
0.210
0.199
0.203
0.204
0.200
0.205
0.200
0.212
0.204
0.204
0.200
0.206
0.162
0.218
0.204
0.206
0.209
0.209
0.206
0.202
0.200
0.203
0.205
0.205
0.200
0.210
0.199
0.205
0.195
0.209
0.123
0.213
0.201
0.203
0.202
0.217
0.210
0.172
0.201
0.205
0.203
0.205
0.192
0.207
0.211
0.216
0.160
0.206
0.126
0.205
0.200
0.197
0.205
0.208
0.208
0.205
0.207
0.206
0.200
0.212
0.197
0.206
0.196
0.205
0.169
0.206
0.119
0.208
0.206
0.200
0.200
0.206
0.207
0.202
0.134
0.205
0.205
0.211
0.203
0.210
0.208
0.199
0.125
0.235
0.221
0.210
0.200
0.194
0.206
