0.397
0.196
0.195
0.200
0.196
0.193
0.209
0.206
0.214
0.205
0.201
0.215
0.207
0.203
0.191
0.203
0.205
0.208
0.208
0.201
0.204
0.201
0.234
0.118
0.205
0.161
0.207
0.192
0.244
0.202
0.197
0.202
0.207
0.202
0.206
0.200
0.206
0.188
0.205
0.205
0.206
0.197
0.210
0.204
0.205
0.204
0.198
0.202
0.211
0.196
0.181
0.126
0.211
0.227
0.171
0.194
0.207
0.203
0.207
0.173
0.213
0.200
0.204
0.206
0.199
0.203
0.205
0.200
0.171
0.214
0.203
0.202
0.205
0.230
0.210
0.195
0.221
0.200
0.208
0.212
0.202
0.208
0.197
0.203
0.210
0.121
0.204
0.245
0.204
0.200
0.209
0.204
0.210
0.208
0.210
0.207
0.206
0.223
0.216
0.201
