0.272
0.201
0.198
0.198
0.196
0.188
0.201
0.203
0.205
0.175
0.210
0.206
0.202
0.205
0.198
0.208
0.205
0.202
0.194
0.212
0.202
0.204
0.201
0.202
0.199
0.204
0.127
0.196
0.126
0.212
0.200
0.209
0.202
0.202
0.202
0.201
0.206
0.202
0.201
0.208
0.203
0.193
0.207
0.196
0.202
0.194
0.129
0.204
0.205
0.195
0.193
0.202
0.202
0.204
0.164
0.201
0.220
0.214
0.237
0.198
0.209
0.204
0.205
0.204
0.239
0.195
0.203
0.211
0.206
0.202
0.200
0.207
0.200
0.192
0.196
0.204
0.203
0.204
0.202
0.201
0.206
0.202
0.201
0.202
0.207
0.203
0.193
0.203
0.251
0.436
0.126
0.205
0.202
0.202
0.205
0.190
0.207
0.206
0.204
0.202
