0.246
0.192
0.192
0.194
0.209
0.192
0.203
0.202
0.204
0.204
0.195
0.208
0.204
0.207
0.170
0.200
0.202
0.202
0.263
0.196
0.207
0.188
0.209
0.200
0.203
0.201
0.203
0.199
0.197
0.186
0.204
0.175
0.193
0.197
0.202
0.219
0.203
0.196
0.208
0.198
0.209
0.182
0.208
0.208
0.203
0.204
0.203
0.168
0.205
0.198
0.180
0.203
0.202
0.201
0.207
0.197
0.203
0.126
0.202
0.203
0.205
0.199
0.208
0.203
0.196
0.203
0.203
0.191
0.206
0.200
0.209
0.210
0.206
0.199
0.207
0.199
0.204
0.209
0.200
0.204
0.202
0.208
0.196
0.205
0.205
0.198
0.205
0.190
0.202
0.205
0.211
0.124
0.232
0.209
0.209
0.202
0.195
0.203
0.204
0.198
