0.145
0.059
0.064
0.067
0.059
0.073
0.073
0.070
0.070
0.079
0.073
0.071
0.069
0.069
0.071
0.069
0.070
0.067
0.069
0.065
0.070
0.068
0.070
0.066
0.069
0.065
0.070
0.065
0.068
0.065
0.068
0.069
0.068
0.066
0.068
0.067
0.069
0.066
0.070
0.065
0.070
0.067
0.071
0.069
0.069
0.065
0.070
0.066
0.070
0.067
0.069
0.069
0.069
0.068
0.071
0.070
0.071
0.065
0.069
0.066
0.070
0.069
0.070
0.066
0.070
0.084
0.074
0.068
0.069
0.070
0.065
0.067
0.070
0.066
0.069
0.066
0.070
0.067
0.070
0.067
0.069
0.068
0.069
0.068
0.069
0.070
0.071
0.065
0.069
0.066
0.071
0.070
0.069
0.068
0.071
0.066
0.071
0.050
0.077
0.066
