0.118
0.060
0.061
0.063
0.069
0.067
0.079
0.061
0.078
0.077
0.070
0.068
0.071
0.079
0.070
0.065
0.069
0.065
0.069
0.065
0.070
0.065
0.069
0.068
0.069
0.065
0.295
0.067
0.071
0.064
0.070
0.069
0.068
0.066
0.070
0.065
0.069
0.066
0.070
0.066
0.070
0.070
0.069
0.068
0.071
0.068
0.070
0.069
0.069
0.069
0.071
0.069
0.070
0.067
0.071
0.066
0.069
0.065
0.069
0.066
0.070
0.068
0.069
0.065
0.070
0.069
0.072
0.066
0.070
0.067
0.070
0.068
0.069
0.066
0.071
0.067
0.070
0.068
0.070
0.067
0.069
0.068
0.072
0.065
0.070
0.066
0.070
0.068
0.071
0.068
0.084
0.067
0.090
0.072
0.077
0.035
0.071
0.080
0.047
0.065
