0.118
0.061
0.077
0.069
0.070
0.071
0.068
0.077
0.076
0.068
0.070
0.085
0.075
0.074
0.069
0.068
0.069
0.068
0.069
0.069
0.060
0.068
0.068
0.067
0.066
0.066
0.070
0.077
0.069
0.067
0.069
0.068
0.066
0.070
0.069
0.060
0.070
0.067
0.069
0.067
0.066
0.067
0.069
0.061
0.068
0.066
0.066
0.067
0.067
0.067
0.069
0.062
0.070
0.069
0.068
0.068
0.067
0.068
0.072
0.068
0.070
0.067
0.069
0.068
0.061
0.069
0.069
0.064
0.071
0.068
0.069
0.068
0.067
0.069
0.069
0.062
0.069
0.067
0.071
0.069
0.067
0.070
0.069
0.069
0.069
0.067
0.067
0.067
0.067
0.076
0.070
0.068
0.070
0.068
0.070
0.067
0.069
0.067
0.069
0.070
