0.170
0.119
0.090
0.063
0.096
0.102
0.098
0.087
0.101
0.097
0.095
0.096
0.093
0.094
0.094
0.096
0.096
0.096
0.092
0.095
0.093
0.095
0.093
0.097
0.099
0.095
0.096
0.094
0.097
0.095
0.094
0.096
0.093
0.099
0.098
0.094
0.097
0.095
0.093
0.096
0.099
0.095
0.096
0.098
0.096
0.094
0.093
0.095
0.093
0.096
0.097
0.097
0.097
0.094
0.097
0.098
0.095
0.095
0.093
0.095
0.092
0.091
0.092
0.095
0.094
0.085
0.106
0.095
0.094
0.094
0.091
0.095
0.130
0.093
0.099
0.096
0.093
0.101
0.095
0.098
0.099
0.097
0.103
0.096
0.098
0.096
0.093
0.098
0.099
0.098
0.094
0.096
0.097
0.095
0.094
0.098
0.087
0.096
0.095
0.095
