0.110
0.060
0.069
0.077
0.069
0.070
0.068
0.070
0.073
0.070
0.069
0.067
0.067
0.069
0.066
0.068
0.067
0.075
0.069
0.067
0.066
0.067
0.063
0.067
0.066
0.068
0.067
0.067
0.067
0.067
0.069
0.070
0.068
0.069
0.069
0.069
0.069
0.067
0.069
0.068
0.066
0.070
0.069
0.067
0.066
0.067
0.066
0.071
0.070
0.069
0.069
0.067
0.070
0.069
0.067
0.069
0.069
0.069
0.071
0.067
0.070
0.071
0.068
0.086
0.075
0.076
0.072
0.069
0.071
0.069
0.071
0.083
0.063
0.075
0.074
0.069
0.070
0.069
0.070
0.069
0.069
0.068
0.066
0.068
0.068
0.069
0.067
0.068
0.072
0.069
0.071
0.068
0.069
0.068
0.069
0.068
0.068
0.068
0.066
0.068
