0.168
0.110
0.094
0.094
0.112
0.099
0.099
0.089
0.096
0.096
0.090
0.096
0.092
0.109
0.094
0.096
0.098
0.096
0.093
0.095
0.097
0.095
0.097
0.097
0.097
0.096
0.088
0.096
0.094
0.098
0.098
0.097
0.097
0.096
0.098
0.094
0.095
0.096
0.092
0.097
0.096
0.095
0.093
0.096
0.098
0.095
0.096
0.095
0.092
0.095
0.095
0.097
0.102
0.097
0.085
0.095
0.097
0.096
0.094
0.096
0.108
0.095
0.093
0.110
0.109
0.095
0.097
0.096
0.097
0.096
0.092
0.096
0.096
0.095
0.098
0.097
0.094
0.096
0.098
0.096
0.092
0.095
0.094
0.097
0.098
0.096
0.096
0.097
0.095
0.097
0.094
0.097
0.093
0.096
0.095
0.096
0.097
0.097
0.095
0.095
