0.146
0.105
0.096
0.093
0.095
0.111
0.106
0.099
0.097
0.096
0.095
0.094
0.084
0.096
0.083
0.096
0.097
0.096
0.095
0.096
0.097
0.098
0.093
0.106
0.099
0.099
0.099
0.096
0.093
0.096
0.083
0.098
0.095
0.096
0.094
0.095
0.092
0.094
0.097
0.097
0.095
0.102
0.103
0.097
0.089
0.094
0.093
0.095
0.092
0.095
0.093
0.096
0.097
0.096
0.094
0.095
0.096
0.097
0.093
0.095
0.097
0.094
0.093
0.096
0.096
0.095
0.098
0.132
0.099
0.098
0.095
0.096
0.098
0.100
0.101
0.089
0.094
0.097
0.095
0.098
0.097
0.096
0.085
0.088
0.097
0.097
0.094
0.096
0.094
0.096
0.087
0.103
0.097
0.095
0.098
0.095
0.096
0.096
0.086
0.086
