0.115
0.060
0.061
0.068
0.068
0.061
0.069
0.077
0.077
0.068
0.067
0.066
0.077
0.075
0.069
0.069
0.069
0.067
0.066
0.068
0.066
0.074
0.076
0.069
0.068
0.067
0.069
0.066
0.076
0.076
0.068
0.069
0.068
0.068
0.070
0.067
0.075
0.075
0.069
0.068
0.069
0.067
0.067
0.068
0.083
0.067
0.078
0.076
0.068
0.068
0.069
0.068
0.062
0.087
0.079
0.069
0.071
0.068
0.071
0.068
0.078
0.075
0.071
0.068
0.069
0.069
0.068
0.071
0.066
0.075
0.073
0.068
0.070
0.069
0.067
0.065
0.077
0.076
0.067
0.067
0.069
0.067
0.068
0.067
0.070
0.076
0.068
0.069
0.068
0.068
0.066
0.068
0.060
0.078
0.076
0.068
0.068
0.068
0.069
0.066
