0.495
0.079
0.072
0.070
0.065
0.076
0.070
0.070
0.068
0.075
0.072
0.063
0.067
0.072
0.072
0.068
0.071
0.067
0.067
0.067
0.069
0.068
0.067
0.068
0.088
0.075
0.073
0.070
0.070
0.068
0.070
0.068
0.067
0.068
0.070
0.068
0.068
0.067
0.069
0.069
0.069
0.068
0.071
0.067
0.068
0.066
0.069
0.070
0.070
0.071
0.070
0.069
0.068
0.068
0.069
0.069
0.067
0.068
0.068
0.070
0.070
0.070
0.072
0.068
0.069
0.068
0.069
0.067
0.068
0.070
0.069
0.069
0.070
0.068
0.068
0.067
0.070
0.069
0.069
0.070
0.070
0.070
0.067
0.068
0.067
0.070
0.068
0.068
0.067
0.068
0.061
0.068
0.068
0.067
0.067
0.069
0.067
0.069
0.071
0.069
