0.152
0.123
0.087
0.093
0.095
0.111
0.113
0.098
0.095
0.095
0.095
0.097
0.098
0.097
0.096
0.095
0.100
0.095
0.094
0.096
0.098
0.097
0.096
0.095
0.093
0.096
0.096
0.095
0.098
0.095
0.092
0.106
0.091
0.096
0.097
0.094
0.093
0.096
0.093
0.094
0.092
0.097
0.097
0.094
0.093
0.095
0.094
0.095
0.095
0.097
0.098
0.105
0.093
0.096
0.099
0.098
0.095
0.098
0.098
0.095
0.095
0.095
0.093
0.098
0.094
0.097
0.098
0.096
0.097
0.097
0.101
0.098
0.094
0.095
0.094
0.096
0.098
0.094
0.096
0.097
0.095
0.094
0.095
0.095
0.097
0.095
0.097
0.111
0.048
0.097
0.106
0.097
0.095
0.104
0.095
0.086
0.098
0.099
0.092
0.109
