0.543
0.133
0.109
0.096
0.109
0.104
0.098
0.096
0.099
0.096
0.103
0.099
0.096
0.091
0.097
0.094
0.096
0.091
0.097
0.091
0.097
0.092
0.098
0.131
0.107
0.096
0.322
0.095
0.098
0.093
0.106
0.092
0.102
0.096
0.097
0.091
0.097
0.093
0.098
0.095
0.097
0.091
0.097
0.092
0.098
0.093
0.097
0.095
0.097
0.096
0.099
0.095
0.098
0.095
0.097
0.092
0.098
0.093
0.097
0.096
0.096
0.091
0.097
0.095
0.096
0.095
0.096
0.098
0.097
0.097
0.097
0.084
0.111
0.096
0.099
0.092
0.101
0.093
0.097
0.093
0.097
0.096
0.098
0.091
0.095
0.093
0.098
0.096
0.096
0.095
0.097
0.092
0.107
0.104
0.087
0.098
0.099
0.095
0.100
0.088
