0.147
0.112
0.095
0.094
0.095
0.092
0.111
0.101
0.097
0.094
0.096
0.096
0.097
0.095
0.097
0.091
0.094
0.094
0.096
0.094
0.095
0.089
0.097
0.094
0.096
0.093
0.096
0.093
0.096
0.091
0.096
0.096
0.111
0.094
0.097
0.095
0.095
0.095
0.099
0.094
0.096
0.091
0.095
0.095
0.095
0.091
0.096
0.091
0.095
0.094
0.098
0.093
0.109
0.107
0.098
0.092
0.096
0.096
0.096
0.092
0.097
0.093
0.088
0.095
0.096
0.095
0.096
0.097
0.098
0.096
0.098
0.128
0.109
0.096
0.098
0.094
0.096
0.101
0.112
0.088
0.097
0.091
0.109
0.100
0.100
0.097
0.098
0.092
0.098
0.092
0.097
0.095
0.096
0.097
0.097
0.091
0.097
0.094
0.096
0.094
