0.126
0.128
0.095
0.092
0.096
0.111
0.106
0.099
0.098
0.097
0.098
0.097
0.096
0.097
0.097
0.095
0.092
0.093
0.098
0.098
0.097
0.094
0.096
0.095
0.092
0.095
0.096
0.097
0.094
0.095
0.093
0.096
0.097
0.095
0.093
0.093
0.092
0.093
0.098
0.097
0.092
0.095
0.092
0.087
0.093
0.094
0.096
0.095
0.095
0.096
0.095
0.088
0.095
0.094
0.096
0.095
0.097
0.095
0.097
0.087
0.095
0.096
0.092
0.096
0.094
0.096
0.099
0.097
0.097
0.096
0.103
0.096
0.094
0.096
0.094
0.107
0.093
0.107
0.102
0.096
0.098
0.096
0.093
0.095
0.100
0.099
0.093
0.095
0.093
0.095
0.151
0.116
0.100
0.098
0.098
0.097
0.093
0.097
0.092
0.107
