0.167
0.064
0.068
0.068
0.069
0.068
0.069
0.064
0.076
0.072
0.092
0.065
0.070
0.069
0.077
0.073
0.038
0.069
0.047
0.067
0.070
0.068
0.069
0.067
0.069
0.070
0.076
0.065
0.076
0.073
0.070
0.068
0.069
0.065
0.068
0.064
0.069
0.067
0.069
0.067
0.069
0.065
0.068
0.067
0.069
0.068
0.070
0.066
0.069
0.068
0.069
0.065
0.070
0.065
0.071
0.064
0.068
0.072
0.071
0.065
0.070
0.059
0.070
0.067
0.069
0.066
0.083
0.065
0.069
0.065
0.069
0.067
0.068
0.068
0.068
0.065
0.281
0.067
0.068
0.068
0.069
0.065
0.068
0.064
0.068
0.067
0.071
0.066
0.071
0.066
0.069
0.065
0.070
0.065
0.069
0.065
0.101
0.071
0.075
0.066
