0.166
0.113
0.112
0.092
0.099
0.094
0.099
0.088
0.099
0.082
0.098
0.094
0.097
0.095
0.097
0.090
0.096
0.092
0.097
0.094
0.097
0.094
0.096
0.090
0.097
0.091
0.097
0.095
0.092
0.090
0.096
0.090
0.096
0.095
0.097
0.096
0.095
0.092
0.096
0.086
0.096
0.094
0.096
0.090
0.126
0.106
0.108
0.089
0.097
0.095
0.099
0.096
0.096
0.095
0.120
0.095
0.113
0.105
0.100
0.092
0.097
0.093
0.099
0.096
0.096
0.096
0.098
0.097
0.097
0.100
0.101
0.092
0.097
0.096
0.098
0.098
0.099
0.098
0.100
0.095
0.099
0.091
0.097
0.095
0.097
0.095
0.097
0.091
0.099
0.091
0.096
0.092
0.096
0.095
0.098
0.095
0.097
0.094
0.096
0.081
