0.109
0.060
0.057
0.066
0.080
0.073
0.071
0.067
0.074
0.070
0.072
0.045
0.073
0.063
0.071
0.061
0.071
0.071
0.070
0.068
0.069
0.068
0.062
0.065
0.070
0.067
0.069
0.068
0.069
0.070
0.070
0.067
0.069
0.069
0.070
0.067
0.069
0.065
0.062
0.067
0.070
0.069
0.293
0.068
0.070
0.069
0.070
0.069
0.071
0.070
0.070
0.068
0.070
0.067
0.071
0.069
0.069
0.066
0.068
0.067
0.069
0.065
0.075
0.065
0.070
0.066
0.069
0.066
0.069
0.065
0.069
0.067
0.070
0.066
0.077
0.068
0.071
0.065
0.077
0.075
0.069
0.070
0.069
0.066
0.072
0.067
0.069
0.065
0.070
0.066
0.069
0.065
0.070
0.069
0.072
0.068
0.070
0.065
0.069
0.068
