0.144
0.116
0.081
0.079
0.110
0.094
0.095
0.094
0.110
0.105
0.099
0.095
0.097
0.096
0.098
0.091
0.096
0.091
0.095
0.094
0.096
0.090
0.096
0.109
0.110
0.096
0.097
0.093
0.097
0.095
0.097
0.096
0.097
0.092
0.099
0.092
0.096
0.092
0.097
0.091
0.096
0.091
0.096
0.091
0.107
0.103
0.100
0.094
0.093
0.092
0.109
0.097
0.099
0.092
0.111
0.110
0.097
0.091
0.097
0.093
0.097
0.095
0.097
0.095
0.097
0.091
0.096
0.095
0.097
0.092
0.096
0.102
0.110
0.092
0.097
0.092
0.096
0.092
0.097
0.095
0.096
0.091
0.098
0.096
0.096
0.094
0.095
0.095
0.095
0.094
0.099
0.092
0.097
0.092
0.098
0.093
0.096
0.092
0.097
0.097
