0.116
0.061
0.057
0.061
0.069
0.061
0.077
0.070
0.069
0.068
0.067
0.067
0.070
0.066
0.067
0.068
0.071
0.067
0.067
0.068
0.066
0.069
0.066
0.067
0.067
0.067
0.069
0.070
0.068
0.067
0.068
0.068
0.068
0.069
0.067
0.070
0.070
0.067
0.069
0.068
0.070
0.067
0.066
0.068
0.066
0.067
0.066
0.068
0.067
0.068
0.070
0.068
0.082
0.068
0.071
0.068
0.079
0.077
0.067
0.067
0.067
0.068
0.067
0.068
0.068
0.068
0.066
0.067
0.069
0.069
0.068
0.068
0.067
0.067
0.066
0.068
0.067
0.061
0.066
0.075
0.077
0.068
0.067
0.068
0.066
0.067
0.069
0.068
0.067
0.071
0.067
0.069
0.069
0.068
0.070
0.070
0.068
0.069
0.070
0.068
