0.117
0.064
0.056
0.056
0.070
0.061
0.079
0.068
0.072
0.062
0.070
0.065
0.071
0.069
0.069
0.067
0.069
0.068
0.068
0.070
0.070
0.068
0.069
0.068
0.069
0.061
0.069
0.069
0.089
0.065
0.078
0.073
0.071
0.068
0.070
0.066
0.070
0.066
0.069
0.068
0.069
0.066
0.075
0.066
0.078
0.073
0.069
0.068
0.068
0.067
0.069
0.075
0.079
0.069
0.070
0.067
0.069
0.069
0.071
0.068
0.070
0.068
0.069
0.066
0.070
0.065
0.071
0.068
0.072
0.066
0.070
0.069
0.071
0.066
0.070
0.068
0.070
0.061
0.069
0.066
0.069
0.066
0.092
0.066
0.062
0.066
0.071
0.068
0.071
0.065
0.076
0.075
0.070
0.066
0.070
0.066
0.070
0.067
0.070
0.067
