0.117
0.056
0.061
0.069
0.086
0.057
0.064
0.070
0.067
0.087
0.075
0.068
0.064
0.070
0.070
0.070
0.071
0.068
0.069
0.068
0.067
0.067
0.079
0.071
0.071
0.071
0.067
0.070
0.069
0.068
0.066
0.067
0.067
0.067
0.068
0.067
0.068
0.068
0.066
0.068
0.068
0.068
0.068
0.068
0.069
0.067
0.069
0.068
0.069
0.067
0.067
0.070
0.070
0.068
0.070
0.068
0.068
0.067
0.066
0.067
0.066
0.067
0.068
0.068
0.067
0.068
0.070
0.070
0.068
0.074
0.074
0.069
0.067
0.067
0.069
0.068
0.067
0.068
0.070
0.068
0.071
0.069
0.070
0.068
0.066
0.075
0.076
0.071
0.067
0.068
0.070
0.068
0.067
0.068
0.069
0.067
0.068
0.282
0.069
0.066
