0.101
0.067
0.083
0.071
0.066
0.069
0.071
0.071
0.072
0.068
0.070
0.067
0.069
0.067
0.072
0.069
0.068
0.067
0.067
0.067
0.067
0.068
0.070
0.067
0.066
0.068
0.067
0.069
0.069
0.067
0.067
0.070
0.068
0.067
0.070
0.069
0.063
0.067
0.069
0.069
0.070
0.068
0.069
0.067
0.070
0.069
0.066
0.068
0.086
0.076
0.077
0.069
0.062
0.069
0.067
0.068
0.069
0.068
0.071
0.069
0.064
0.070
0.068
0.068
0.070
0.068
0.067
0.070
0.083
0.067
0.070
0.069
0.068
0.067
0.068
0.069
0.068
0.068
0.070
0.070
0.073
0.069
0.071
0.069
0.068
0.069
0.069
0.070
0.070
0.069
0.067
0.069
0.064
0.068
0.068
0.069
0.069
0.068
0.067
0.068
