0.159
0.116
0.078
0.094
0.096
0.113
0.110
0.093
0.113
0.056
0.099
0.040
0.098
0.100
0.099
0.082
0.097
0.096
0.097
0.092
0.100
0.092
0.098
0.094
0.089
0.097
0.098
0.095
0.098
0.096
0.097
0.095
0.098
0.095
0.097
0.092
0.097
0.095
0.097
0.091
0.097
0.091
0.097
0.095
0.097
0.093
0.096
0.092
0.096
0.091
0.096
0.091
0.097
0.094
0.098
0.095
0.089
0.098
0.098
0.096
0.098
0.095
0.097
0.108
0.098
0.091
0.097
0.096
0.097
0.091
0.097
0.094
0.098
0.094
0.098
0.092
0.098
0.093
0.097
0.095
0.097
0.096
0.096
0.097
0.097
0.095
0.096
0.094
0.097
0.092
0.098
0.092
0.099
0.095
0.097
0.095
0.098
0.097
0.097
0.091
