0.157
0.127
0.095
0.113
0.102
0.099
0.098
0.098
0.099
0.098
0.095
0.094
0.093
0.095
0.096
0.094
0.097
0.095
0.093
0.097
0.094
0.097
0.097
0.096
0.094
0.095
0.093
0.095
0.093
0.095
0.092
0.094
0.094
0.094
0.095
0.097
0.097
0.094
0.096
0.097
0.093
0.097
0.094
0.095
0.103
0.095
0.087
0.094
0.097
0.095
0.094
0.109
0.105
0.096
0.097
0.097
0.098
0.095
0.113
0.101
0.094
0.087
0.093
0.108
0.094
0.110
0.108
0.101
0.102
0.098
0.097
0.096
0.095
0.107
0.104
0.095
0.093
0.094
0.094
0.097
0.095
0.096
0.093
0.095
0.094
0.096
0.099
0.097
0.093
0.095
0.098
0.094
0.097
0.097
0.099
0.097
0.093
0.095
0.095
0.095
