0.153
0.116
0.095
0.093
0.087
0.093
0.096
0.110
0.098
0.091
0.097
0.095
0.097
0.092
0.096
0.096
0.096
0.096
0.099
0.092
0.098
0.096
0.098
0.092
0.096
0.095
0.087
0.095
0.096
0.093
0.097
0.095
0.096
0.096
0.096
0.092
0.096
0.096
0.095
0.091
0.096
0.095
0.105
0.092
0.097
0.093
0.099
0.132
0.109
0.107
0.100
0.098
0.099
0.092
0.098
0.098
0.098
0.092
0.096
0.096
0.099
0.091
0.124
0.103
0.101
0.097
0.099
0.097
0.098
0.096
0.097
0.091
0.097
0.095
0.103
0.090
0.098
0.092
0.099
0.092
0.098
0.085
0.089
0.096
0.097
0.097
0.098
0.092
0.097
0.093
0.100
0.098
0.097
0.091
0.098
0.096
0.099
0.097
0.098
0.096
