0.150
0.114
0.086
0.083
0.096
0.094
0.110
0.105
0.099
0.096
0.098
0.096
0.106
0.092
0.097
0.096
0.096
0.096
0.096
0.091
0.096
0.092
0.097
0.094
0.098
0.090
0.099
0.091
0.103
0.133
0.057
0.097
0.098
0.096
0.088
0.096
0.098
0.093
0.097
0.095
0.096
0.092
0.097
0.091
0.096
0.096
0.097
0.094
0.096
0.090
0.097
0.092
0.096
0.094
0.098
0.096
0.098
0.094
0.098
0.095
0.096
0.094
0.095
0.092
0.096
0.095
0.098
0.092
0.096
0.096
0.099
0.097
0.098
0.095
0.097
0.096
0.097
0.096
0.097
0.095
0.096
0.092
0.098
0.096
0.097
0.093
0.098
0.097
0.098
0.091
0.096
0.096
0.096
0.091
0.097
0.093
0.097
0.094
0.099
0.092
