0.194
0.131
0.098
0.109
0.079
0.099
0.142
0.110
0.104
0.097
0.095
0.095
0.097
0.098
0.097
0.094
0.095
0.096
0.094
0.095
0.096
0.096
0.094
0.096
0.096
0.095
0.097
0.096
0.092
0.107
0.109
0.094
0.097
0.096
0.092
0.094
0.092
0.095
0.096
0.096
0.093
0.095
0.092
0.094
0.096
0.094
0.091
0.094
0.091
0.107
0.108
0.095
0.097
0.097
0.093
0.095
0.094
0.097
0.095
0.097
0.097
0.095
0.094
0.097
0.093
0.098
0.094
0.096
0.095
0.099
0.093
0.095
0.093
0.096
0.097
0.100
0.094
0.111
0.094
0.098
0.098
0.095
0.094
0.095
0.092
0.095
0.092
0.095
0.092
0.094
0.091
0.095
0.092
0.095
0.095
0.094
0.095
0.094
0.096
0.095
