0.141
0.105
0.092
0.084
0.095
0.093
0.089
0.110
0.089
0.098
0.097
0.094
0.099
0.095
0.094
0.094
0.093
0.094
0.097
0.096
0.094
0.096
0.092
0.094
0.095
0.095
0.104
0.096
0.101
0.095
0.095
0.095
0.092
0.096
0.095
0.103
0.092
0.095
0.094
0.098
0.099
0.100
0.094
0.095
0.099
0.096
0.087
0.095
0.117
0.056
0.049
0.096
0.098
0.096
0.094
0.045
0.096
0.095
0.096
0.100
0.096
0.094
0.096
0.095
0.095
0.082
0.094
0.095
0.093
0.094
0.094
0.088
0.108
0.095
0.097
0.095
0.097
0.093
0.094
0.095
0.096
0.094
0.097
0.094
0.094
0.094
0.095
0.094
0.095
0.098
0.099
0.097
0.097
0.097
0.095
0.097
0.098
0.097
0.098
0.098
