0.106
0.058
0.055
0.089
0.069
0.073
0.062
0.070
0.071
0.070
0.069
0.056
0.063
0.071
0.068
0.067
0.062
0.068
0.067
0.067
0.067
0.068
0.067
0.069
0.067
0.078
0.077
0.067
0.068
0.068
0.069
0.068
0.070
0.068
0.070
0.069
0.067
0.069
0.064
0.067
0.068
0.068
0.067
0.070
0.042
0.068
0.070
0.070
0.069
0.069
0.068
0.068
0.070
0.068
0.070
0.067
0.062
0.068
0.067
0.067
0.069
0.068
0.069
0.067
0.068
0.067
0.070
0.068
0.068
0.067
0.062
0.070
0.069
0.067
0.067
0.067
0.070
0.068
0.070
0.067
0.067
0.068
0.070
0.069
0.068
0.068
0.068
0.068
0.066
0.067
0.069
0.067
0.069
0.061
0.068
0.070
0.069
0.070
0.069
0.069
