0.091
0.066
0.056
0.067
0.069
0.068
0.078
0.077
0.070
0.065
0.069
0.068
0.070
0.068
0.068
0.068
0.069
0.068
0.069
0.068
0.069
0.065
0.069
0.067
0.069
0.066
0.069
0.066
0.068
0.067
0.069
0.065
0.069
0.067
0.069
0.068
0.069
0.065
0.085
0.067
0.064
0.066
0.071
0.067
0.069
0.069
0.085
0.073
0.073
0.068
0.072
0.062
0.070
0.066
0.069
0.068
0.069
0.067
0.069
0.067
0.069
0.066
0.069
0.066
0.071
0.060
0.069
0.067
0.071
0.068
0.070
0.068
0.071
0.068
0.070
0.065
0.070
0.066
0.069
0.065
0.069
0.066
0.068
0.068
0.070
0.068
0.069
0.068
0.069
0.069
0.071
0.067
0.070
0.067
0.071
0.068
0.070
0.068
0.070
0.068
