0.109
0.061
0.078
0.233
0.071
0.066
0.072
0.069
0.071
0.067
0.071
0.067
0.068
0.068
0.068
0.068
0.063
0.067
0.069
0.066
0.070
0.065
0.070
0.060
0.068
0.067
0.068
0.065
0.069
0.067
0.068
0.070
0.070
0.068
0.076
0.069
0.072
0.068
0.068
0.067
0.069
0.067
0.070
0.066
0.068
0.068
0.070
0.068
0.069
0.065
0.069
0.065
0.069
0.068
0.071
0.068
0.070
0.066
0.071
0.066
0.070
0.070
0.068
0.068
0.069
0.067
0.068
0.066
0.069
0.068
0.069
0.068
0.068
0.068
0.068
0.067
0.069
0.067
0.069
0.067
0.068
0.067
0.069
0.065
0.069
0.068
0.069
0.068
0.076
0.072
0.071
0.070
0.072
0.059
0.065
0.068
0.052
0.070
0.069
0.082
