0.130
0.068
0.053
0.078
0.071
0.070
0.071
0.070
0.070
0.069
0.068
0.069
0.067
0.067
0.071
0.069
0.070
0.069
0.068
0.068
0.069
0.068
0.068
0.067
0.068
0.068
0.070
0.068
0.067
0.067
0.068
0.068
0.067
0.068
0.069
0.067
0.070
0.068
0.068
0.068
0.070
0.066
0.070
0.067
0.067
0.067
0.067
0.068
0.069
0.069
0.069
0.068
0.068
0.069
0.067
0.067
0.067
0.070
0.070
0.068
0.070
0.068
0.069
0.068
0.069
0.069
0.070
0.068
0.070
0.069
0.068
0.067
0.070
0.068
0.068
0.068
0.061
0.069
0.068
0.067
0.067
0.068
0.067
0.068
0.069
0.069
0.072
0.069
0.101
0.076
0.074
0.071
0.071
0.070
0.069
0.072
0.068
0.067
0.071
0.069
