0.158
0.122
0.078
0.077
0.087
0.094
0.096
0.111
0.107
0.095
0.093
0.095
0.098
0.097
0.096
0.095
0.093
0.095
0.097
0.096
0.099
0.094
0.098
0.097
0.098
0.095
0.093
0.095
0.095
0.097
0.092
0.097
0.100
0.096
0.080
0.095
0.094
0.106
0.109
0.096
0.094
0.094
0.094
0.097
0.098
0.095
0.093
0.094
0.096
0.094
0.093
0.094
0.098
0.096
0.098
0.095
0.096
0.094
0.096
0.095
0.093
0.094
0.092
0.094
0.097
0.096
0.098
0.094
0.097
0.096
0.095
0.097
0.097
0.095
0.096
0.099
0.094
0.094
0.097
0.096
0.097
0.098
0.102
0.095
0.097
0.097
0.094
0.106
0.095
0.094
0.096
0.095
0.096
0.094
0.098
0.086
0.097
0.095
0.097
0.098
