0.159
0.117
0.085
0.076
0.095
0.094
0.085
0.111
0.113
0.086
0.097
0.094
0.100
0.098
0.096
0.094
0.111
0.094
0.094
0.095
0.112
0.097
0.093
0.096
0.092
0.095
0.142
0.106
0.093
0.094
0.113
0.100
0.088
0.095
0.093
0.107
0.108
0.095
0.092
0.095
0.087
0.094
0.093
0.096
0.092
0.096
0.093
0.108
0.106
0.095
0.097
0.095
0.099
0.094
0.113
0.109
0.096
0.097
0.093
0.106
0.104
0.099
0.099
0.096
0.097
0.094
0.092
0.096
0.097
0.096
0.098
0.098
0.094
0.094
0.093
0.110
0.105
0.095
0.099
0.097
0.092
0.095
0.096
0.095
0.094
0.096
0.098
0.085
0.097
0.095
0.097
0.096
0.099
0.097
0.093
0.107
0.109
0.097
0.097
0.097
