0.541
0.123
0.112
0.101
0.083
0.085
0.100
0.094
0.099
0.093
0.110
0.090
0.096
0.091
0.096
0.097
0.096
0.095
0.099
0.093
0.096
0.094
0.097
0.118
0.105
0.092
0.112
0.107
0.099
0.096
0.100
0.096
0.097
0.098
0.098
0.096
0.096
0.097
0.097
0.097
0.100
0.092
0.096
0.091
0.097
0.092
0.097
0.091
0.099
0.096
0.098
0.095
0.097
0.097
0.097
0.096
0.106
0.096
0.097
0.091
0.096
0.096
0.097
0.092
0.099
0.091
0.098
0.092
0.109
0.106
0.099
0.096
0.099
0.095
0.098
0.091
0.098
0.096
0.098
0.096
0.099
0.092
0.099
0.093
0.101
0.096
0.098
0.092
0.097
0.094
0.099
0.096
0.098
0.091
0.096
0.093
0.098
0.096
0.097
0.095
