0.112
0.060
0.065
0.070
0.071
0.069
0.068
0.072
0.061
0.070
0.070
0.067
0.070
0.069
0.070
0.067
0.069
0.067
0.283
0.067
0.068
0.070
0.061
0.068
0.067
0.069
0.070
0.062
0.069
0.075
0.066
0.075
0.075
0.070
0.076
0.069
0.069
0.069
0.069
0.068
0.070
0.069
0.070
0.068
0.068
0.062
0.068
0.067
0.069
0.068
0.070
0.067
0.071
0.069
0.069
0.068
0.069
0.068
0.068
0.067
0.066
0.068
0.068
0.070
0.070
0.068
0.071
0.067
0.067
0.070
0.067
0.071
0.071
0.069
0.069
0.068
0.068
0.068
0.067
0.069
0.069
0.067
0.069
0.067
0.067
0.068
0.070
0.068
0.067
0.309
0.074
0.071
0.069
0.069
0.063
0.070
0.068
0.077
0.073
0.074
