0.109
0.067
0.066
0.066
0.068
0.067
0.079
0.078
0.078
0.071
0.072
0.066
0.069
0.069
0.070
0.065
0.071
0.069
0.069
0.065
0.070
0.064
0.075
0.075
0.072
0.067
0.068
0.068
0.070
0.065
0.069
0.068
0.071
0.069
0.068
0.066
0.068
0.067
0.068
0.068
0.070
0.067
0.069
0.068
0.069
0.103
0.069
0.075
0.064
0.068
0.064
0.069
0.071
0.065
0.069
0.065
0.063
0.065
0.069
0.065
0.069
0.060
0.069
0.068
0.071
0.065
0.069
0.068
0.071
0.065
0.072
0.068
0.070
0.066
0.070
0.068
0.071
0.067
0.070
0.065
0.070
0.065
0.071
0.066
0.071
0.062
0.070
0.068
0.084
0.067
0.070
0.059
0.069
0.065
0.069
0.067
0.069
0.065
0.071
0.069
