0.166
0.126
0.112
0.094
0.112
0.109
0.099
0.097
0.099
0.097
0.097
0.095
0.096
0.095
0.098
0.096
0.097
0.091
0.087
0.082
0.096
0.095
0.097
0.095
0.097
0.096
0.096
0.095
0.097
0.095
0.098
0.097
0.097
0.091
0.111
0.107
0.096
0.091
0.097
0.096
0.098
0.098
0.099
0.091
0.096
0.095
0.097
0.090
0.097
0.095
0.097
0.095
0.096
0.095
0.097
0.093
0.098
0.092
0.097
0.095
0.096
0.091
0.097
0.090
0.096
0.096
0.097
0.091
0.096
0.092
0.097
0.091
0.096
0.096
0.097
0.097
0.098
0.094
0.096
0.095
0.096
0.095
0.096
0.112
0.106
0.099
0.098
0.094
0.111
0.106
0.100
0.113
0.106
0.110
0.099
0.093
0.098
0.091
0.099
0.096
