0.146
0.128
0.145
0.107
0.087
0.098
0.108
0.102
0.100
0.105
0.096
0.096
0.098
0.097
0.096
0.097
0.099
0.098
0.092
0.096
0.098
0.095
0.094
0.096
0.093
0.095
0.094
0.095
0.096
0.095
0.097
0.095
0.094
0.097
0.092
0.095
0.093
0.095
0.091
0.096
0.095
0.096
0.092
0.095
0.096
0.094
0.096
0.094
0.097
0.096
0.093
0.096
0.098
0.095
0.098
0.096
0.099
0.096
0.096
0.095
0.093
0.097
0.095
0.095
0.096
0.095
0.092
0.098
0.094
0.095
0.097
0.094
0.096
0.095
0.098
0.095
0.098
0.098
0.097
0.096
0.098
0.095
0.096
0.095
0.083
0.095
0.097
0.095
0.094
0.096
0.092
0.097
0.095
0.096
0.098
0.096
0.093
0.095
0.098
0.097
