0.124
0.066
0.061
0.060
0.069
0.061
0.069
0.068
0.080
0.068
0.070
0.068
0.071
0.069
0.070
0.065
0.070
0.069
0.070
0.069
0.070
0.069
0.070
0.068
0.069
0.068
0.072
0.067
0.068
0.067
0.070
0.067
0.069
0.067
0.069
0.066
0.070
0.066
0.069
0.066
0.069
0.066
0.069
0.291
0.070
0.069
0.070
0.069
0.070
0.071
0.070
0.066
0.070
0.069
0.069
0.068
0.069
0.066
0.069
0.068
0.071
0.068
0.069
0.066
0.070
0.066
0.071
0.096
0.069
0.069
0.079
0.073
0.071
0.069
0.071
0.068
0.069
0.068
0.071
0.067
0.069
0.065
0.069
0.068
0.069
0.067
0.071
0.070
0.069
0.070
0.069
0.069
0.070
0.067
0.069
0.068
0.071
0.067
0.070
0.065
