0.118
0.061
0.068
0.076
0.067
0.068
0.078
0.075
0.071
0.067
0.070
0.065
0.068
0.065
0.069
0.068
0.070
0.067
0.069
0.066
0.068
0.067
0.070
0.068
0.070
0.067
0.070
0.067
0.069
0.067
0.069
0.067
0.069
0.066
0.070
0.065
0.068
0.065
0.070
0.068
0.069
0.068
0.072
0.066
0.062
0.067
0.069
0.069
0.072
0.068
0.070
0.068
0.069
0.069
0.070
0.069
0.070
0.070
0.070
0.068
0.069
0.066
0.070
0.068
0.069
0.068
0.069
0.067
0.070
0.066
0.069
0.066
0.069
0.067
0.070
0.069
0.069
0.067
0.070
0.065
0.070
0.065
0.070
0.067
0.071
0.066
0.070
0.067
0.070
0.065
0.069
0.066
0.070
0.065
0.068
0.065
0.069
0.065
0.071
0.068
