0.217
0.149
0.158
0.160
0.159
0.146
0.162
0.160
0.166
0.152
0.155
0.167
0.154
0.153
0.146
0.159
0.153
0.129
0.158
0.153
0.154
0.153
0.159
0.139
0.158
0.149
0.077
0.156
0.159
0.150
0.155
0.159
0.152
0.155
0.155
0.158
0.154
0.149
0.154
0.150
0.155
0.147
0.154
0.078
0.153
0.159
0.080
0.151
0.146
0.150
0.145
0.150
0.159
0.156
0.156
0.149
0.146
0.154
0.145
0.146
0.154
0.155
0.158
0.156
0.146
0.152
0.169
0.152
0.147
0.153
0.155
0.156
0.154
0.142
0.158
0.151
0.155
0.075
0.154
0.074
0.161
0.150
0.146
0.152
0.162
0.151
0.075
0.152
0.159
0.153
0.158
0.147
0.157
0.156
0.155
0.141
0.156
0.153
0.160
0.149
