0.211
0.103
0.149
0.147
0.085
0.153
0.108
0.147
0.143
0.152
0.158
0.157
0.119
0.153
0.105
0.155
0.162
0.148
0.152
0.150
0.152
0.146
0.148
0.143
0.151
0.152
0.081
0.125
0.073
0.150
0.100
0.150
0.155
0.149
0.153
0.142
0.151
0.151
0.116
0.142
0.151
0.151
0.156
0.148
0.147
0.162
0.317
0.139
0.153
0.139
0.155
0.151
0.157
0.089
0.105
0.070
0.152
0.166
0.127
0.157
0.156
0.153
0.105
0.143
0.151
0.140
0.156
0.149
0.151
0.149
0.142
0.114
0.142
0.154
0.150
0.154
0.157
0.152
0.107
0.152
0.152
0.143
0.151
0.160
0.154
0.149
0.140
0.090
0.136
0.103
0.154
0.156
0.150
0.151
0.107
0.146
0.159
0.153
0.157
0.147
