0.217
0.110
0.146
0.151
0.149
0.151
0.142
0.157
0.154
0.106
0.151
0.149
0.158
0.151
0.154
0.152
0.143
0.104
0.157
0.151
0.146
0.072
0.156
0.174
0.154
0.107
0.148
0.146
0.156
0.147
0.154
0.149
0.151
0.141
0.146
0.151
0.140
0.150
0.122
0.149
0.153
0.104
0.154
0.150
0.157
0.154
0.154
0.136
0.150
0.072
0.154
0.146
0.142
0.150
0.157
0.150
0.119
0.107
0.157
0.152
0.157
0.142
0.153
0.154
0.156
0.105
0.155
0.156
0.153
0.159
0.147
0.150
0.151
0.119
0.151
0.156
0.149
0.160
0.156
0.143
0.151
0.104
0.154
0.200
0.142
0.102
0.156
0.153
0.156
0.106
0.167
0.151
0.150
0.150
0.152
0.152
0.143
0.102
0.153
0.152
