0.209
0.145
0.156
0.148
0.155
0.151
0.153
0.147
0.158
0.072
0.156
0.121
0.162
0.150
0.148
0.154
0.149
0.185
0.330
0.191
0.149
0.192
0.156
0.182
0.154
0.151
0.154
0.151
0.115
0.149
0.151
0.217
0.151
0.147
0.147
0.152
0.140
0.160
0.142
0.157
0.143
0.155
0.145
0.151
0.070
0.126
0.184
0.178
0.167
0.156
0.164
0.146
0.149
0.157
0.153
0.157
0.143
0.161
0.147
0.161
0.145
0.164
0.150
0.158
0.150
0.150
0.150
0.150
0.151
0.153
0.150
0.156
0.075
0.157
0.147
0.150
0.150
0.157
0.163
0.189
0.151
0.153
0.146
0.146
0.148
0.149
0.168
0.130
0.150
0.156
0.151
0.156
0.147
0.158
0.145
0.154
0.117
0.151
0.152
0.152
