0.191
0.147
0.153
0.107
0.162
0.149
0.144
0.081
0.153
0.148
0.148
0.151
0.151
0.143
0.158
0.143
0.154
0.148
0.147
0.075
0.159
0.153
0.144
0.154
0.144
0.147
0.152
0.158
0.188
0.148
0.124
0.077
0.143
0.153
0.125
0.089
0.116
0.149
0.158
0.112
0.157
0.073
0.190
0.151
0.149
0.154
0.114
0.149
0.152
0.156
0.155
0.145
0.152
0.154
0.152
0.137
0.151
0.153
0.188
0.150
0.142
0.148
0.160
0.153
0.114
0.151
0.151
0.151
0.142
0.071
0.153
0.144
0.143
0.144
0.153
0.138
0.077
0.146
0.150
0.071
0.152
0.152
0.151
0.146
0.151
0.147
0.157
0.145
0.157
0.149
0.206
0.148
0.197
0.148
0.154
0.152
0.143
0.161
0.151
0.142
