0.209
0.153
0.122
0.115
0.150
0.150
0.153
0.102
0.150
0.143
0.158
0.151
0.152
0.143
0.152
0.110
0.154
0.161
0.157
0.071
0.150
0.156
0.149
0.105
0.151
0.151
0.139
0.156
0.151
0.151
0.149
0.104
0.148
0.151
0.150
0.122
0.151
0.154
0.152
0.103
0.143
0.156
0.151
0.153
0.114
0.072
0.152
0.103
0.147
0.143
0.159
0.150
0.142
0.127
0.150
0.139
0.182
0.122
0.143
0.150
0.156
0.150
0.113
0.116
0.153
0.150
0.149
0.146
0.149
0.151
0.156
0.103
0.155
0.153
0.149
0.155
0.147
0.145
0.152
0.074
0.112
0.172
0.157
0.153
0.149
0.143
0.149
0.103
0.158
0.156
0.150
0.150
0.157
0.147
0.147
0.103
0.159
0.152
0.149
0.148
