0.203
0.153
0.153
0.151
0.155
0.141
0.181
0.154
0.151
0.152
0.143
0.157
0.153
0.150
0.124
0.155
0.152
0.148
0.156
0.139
0.157
0.149
0.152
0.138
0.157
0.089
0.156
0.156
0.151
0.149
0.160
0.149
0.143
0.148
0.143
0.147
0.154
0.140
0.152
0.151
0.157
0.143
0.156
0.151
0.152
0.148
0.144
0.144
0.158
0.149
0.156
0.156
0.151
0.152
0.154
0.147
0.152
0.151
0.165
0.097
0.154
0.117
0.079
0.148
0.144
0.157
0.161
0.150
0.153
0.140
0.150
0.150
0.151
0.147
0.154
0.151
0.153
0.155
0.152
0.140
0.156
0.147
0.149
0.147
0.156
0.146
0.148
0.086
0.154
0.148
0.159
0.145
0.149
0.151
0.145
0.157
0.155
0.143
0.152
0.149
