0.180
0.142
0.155
0.106
0.152
0.159
0.140
0.154
0.156
0.153
0.157
0.110
0.156
0.155
0.157
0.121
0.151
0.153
0.159
0.106
0.146
0.154
0.073
0.154
0.151
0.156
0.156
0.108
0.151
0.149
0.153
0.111
0.151
0.157
0.153
0.104
0.154
0.154
0.148
0.153
0.159
0.152
0.152
0.105
0.155
0.165
0.144
0.145
0.158
0.155
0.156
0.108
0.145
0.158
0.156
0.152
0.074
0.153
0.071
0.104
0.149
0.146
0.155
0.157
0.154
0.143
0.152
0.104
0.160
0.152
0.146
0.157
0.162
0.153
0.147
0.107
0.162
0.152
0.146
0.144
0.150
0.143
0.156
0.106
0.074
0.146
0.152
0.147
0.148
0.153
0.150
0.106
0.141
0.153
0.156
0.158
0.152
0.151
0.156
0.105
