0.180
0.187
0.152
0.156
0.188
0.150
0.142
0.137
0.147
0.153
0.163
0.148
0.150
0.150
0.156
0.152
0.153
0.146
0.158
0.152
0.154
0.147
0.149
0.156
0.163
0.154
0.146
0.154
0.153
0.154
0.153
0.158
0.155
0.150
0.154
0.142
0.073
0.141
0.201
0.149
0.160
0.152
0.152
0.158
0.145
0.152
0.158
0.152
0.117
0.156
0.148
0.153
0.152
0.146
0.159
0.154
0.154
0.115
0.158
0.156
0.153
0.160
0.147
0.157
0.075
0.154
0.122
0.158
0.153
0.154
0.154
0.148
0.161
0.150
0.158
0.151
0.160
0.153
0.154
0.151
0.147
0.154
0.154
0.152
0.158
0.152
0.152
0.155
0.156
0.142
0.160
0.151
0.160
0.154
0.145
0.152
0.157
0.153
0.230
0.156
