0.225
0.140
0.151
0.149
0.148
0.141
0.154
0.155
0.145
0.150
0.080
0.162
0.080
0.106
0.154
0.153
0.155
0.148
0.158
0.157
0.153
0.108
0.074
0.154
0.158
0.156
0.153
0.153
0.156
0.106
0.143
0.158
0.151
0.152
0.153
0.145
0.148
0.106
0.096
0.143
0.155
0.160
0.156
0.159
0.146
0.107
0.077
0.162
0.118
0.159
0.151
0.154
0.156
0.105
0.156
0.156
0.156
0.120
0.155
0.163
0.154
0.105
0.079
0.152
0.160
0.152
0.123
0.153
0.152
0.105
0.156
0.144
0.078
0.156
0.097
0.159
0.157
0.106
0.160
0.152
0.145
0.156
0.151
0.153
0.154
0.108
0.152
0.153
0.153
0.145
0.144
0.152
0.154
0.110
0.155
0.152
0.156
0.156
0.146
0.153
