0.182
0.142
0.157
0.150
0.156
0.155
0.490
0.161
0.152
0.154
0.164
0.153
0.144
0.157
0.154
0.153
0.161
0.150
0.154
0.153
0.148
0.156
0.159
0.153
0.152
0.158
0.078
0.157
0.153
0.149
0.155
0.152
0.153
0.158
0.150
0.152
0.156
0.155
0.140
0.151
0.152
0.154
0.155
0.143
0.150
0.152
0.156
0.142
0.156
0.143
0.079
0.155
0.146
0.144
0.076
0.153
0.142
0.161
0.153
0.151
0.153
0.149
0.160
0.153
0.147
0.115
0.150
0.156
0.148
0.157
0.150
0.153
0.162
0.155
0.155
0.150
0.192
0.144
0.158
0.145
0.144
0.152
0.157
0.116
0.160
0.159
0.154
0.153
0.179
0.157
0.074
0.158
0.123
0.158
0.151
0.156
0.162
0.145
0.156
0.155
