0.321
0.142
0.144
0.106
0.080
0.076
0.112
0.106
0.106
0.148
0.073
0.107
0.090
0.144
0.143
0.105
0.106
0.106
0.107
0.104
0.080
0.075
0.104
0.144
0.159
0.105
0.102
0.105
0.077
0.072
0.104
0.148
0.143
0.107
0.106
0.106
0.078
0.074
0.073
0.107
0.106
0.111
0.107
0.104
0.078
0.074
0.104
0.106
0.102
0.071
0.105
0.107
0.144
0.074
0.105
0.106
0.106
0.107
0.105
0.105
0.079
0.151
0.106
0.105
0.105
0.104
0.134
0.144
0.144
0.176
0.103
0.116
0.075
0.105
0.076
0.105
0.082
0.091
0.123
0.108
0.106
0.107
0.108
0.106
0.077
0.120
0.106
0.105
0.106
0.080
0.106
0.152
0.141
0.074
0.106
0.105
0.108
0.104
0.107
0.105
