0.179
0.156
0.150
0.150
0.157
0.153
0.150
0.149
0.164
0.149
0.151
0.152
0.079
0.153
0.073
0.148
0.151
0.147
0.152
0.155
0.150
0.143
0.152
0.151
0.150
0.150
0.142
0.149
0.157
0.154
0.158
0.147
0.157
0.145
0.152
0.142
0.155
0.150
0.151
0.151
0.147
0.142
0.151
0.159
0.148
0.155
0.161
0.148
0.069
0.148
0.073
0.158
0.156
0.143
0.151
0.150
0.151
0.156
0.146
0.147
0.151
0.159
0.150
0.158
0.144
0.154
0.151
0.184
0.155
0.150
0.149
0.141
0.152
0.164
0.150
0.148
0.073
0.154
0.150
0.146
0.114
0.131
0.162
0.148
0.157
0.142
0.157
0.151
0.154
0.142
0.152
0.155
0.158
0.154
0.143
0.154
0.152
0.151
0.123
0.155
