0.182
0.149
0.192
0.151
0.114
0.154
0.151
0.163
0.163
0.163
0.150
0.156
0.112
0.155
0.157
0.144
0.079
0.145
0.180
0.148
0.109
0.155
0.167
0.143
0.155
0.175
0.160
0.148
0.111
0.149
0.176
0.150
0.159
0.146
0.158
0.152
0.110
0.146
0.160
0.159
0.157
0.150
0.153
0.160
0.074
0.152
0.126
0.152
0.156
0.156
0.180
0.143
0.112
0.155
0.157
0.120
0.160
0.152
0.153
0.157
0.112
0.153
0.159
0.153
0.145
0.148
0.162
0.159
0.108
0.150
0.159
0.152
0.161
0.141
0.163
0.158
0.109
0.155
0.217
0.156
0.160
0.150
0.153
0.157
0.111
0.154
0.157
0.147
0.157
0.156
0.156
0.153
0.112
0.150
0.163
0.152
0.153
0.154
0.158
0.156
