0.167
0.144
0.154
0.385
0.154
0.199
0.146
0.153
0.155
0.153
0.132
0.159
0.158
0.077
0.155
0.158
0.156
0.152
0.152
0.124
0.154
0.156
0.156
0.162
0.150
0.153
0.154
0.156
0.128
0.155
0.143
0.149
0.150
0.157
0.151
0.154
0.187
0.133
0.111
0.153
0.154
0.158
0.145
0.157
0.160
0.155
0.154
0.076
0.153
0.160
0.152
0.142
0.156
0.153
0.152
0.147
0.145
0.148
0.143
0.157
0.145
0.155
0.150
0.153
0.150
0.154
0.155
0.152
0.157
0.146
0.152
0.144
0.157
0.156
0.149
0.114
0.144
0.146
0.153
0.158
0.154
0.154
0.154
0.150
0.150
0.153
0.149
0.146
0.155
0.155
0.156
0.153
0.149
0.153
0.155
0.148
0.144
0.116
0.158
0.157
