0.193
0.119
0.143
0.115
0.157
0.156
0.155
0.154
0.158
0.146
0.155
0.124
0.155
0.157
0.155
0.153
0.149
0.153
0.154
0.074
0.157
0.186
0.163
0.073
0.152
0.143
0.144
0.151
0.152
0.145
0.123
0.153
0.116
0.152
0.148
0.153
0.153
0.158
0.153
0.146
0.155
0.153
0.152
0.072
0.152
0.158
0.157
0.078
0.145
0.151
0.157
0.153
0.140
0.156
0.150
0.160
0.151
0.105
0.153
0.152
0.150
0.115
0.151
0.070
0.151
0.145
0.147
0.143
0.151
0.148
0.128
0.153
0.153
0.159
0.153
0.150
0.155
0.145
0.154
0.121
0.155
0.177
0.154
0.076
0.144
0.151
0.160
0.153
0.153
0.152
0.153
0.152
0.158
0.154
0.155
0.157
0.152
0.154
0.152
0.153
