0.168
0.160
0.169
0.094
0.132
0.154
0.150
0.151
0.152
0.148
0.155
0.147
0.149
0.150
0.156
0.150
0.137
0.155
0.144
0.119
0.154
0.156
0.153
0.151
0.149
0.152
0.182
0.083
0.150
0.161
0.149
0.076
0.141
0.074
0.155
0.089
0.152
0.150
0.149
0.149
0.153
0.147
0.143
0.092
0.143
0.149
0.148
0.156
0.152
0.151
0.142
0.113
0.149
0.156
0.148
0.151
0.150
0.151
0.153
0.072
0.150
0.162
0.154
0.305
0.160
0.153
0.152
0.092
0.144
0.156
0.157
0.156
0.141
0.155
0.150
0.090
0.149
0.142
0.155
0.159
0.146
0.118
0.157
0.094
0.153
0.154
0.145
0.160
0.147
0.151
0.113
0.075
0.151
0.072
0.156
0.137
0.159
0.151
0.153
0.081
