0.210
0.149
0.152
0.148
0.148
0.149
0.158
0.156
0.157
0.147
0.107
0.154
0.154
0.125
0.147
0.071
0.160
0.122
0.143
0.148
0.161
0.150
0.117
0.155
0.151
0.149
0.154
0.142
0.151
0.152
0.148
0.115
0.159
0.150
0.156
0.155
0.143
0.147
0.151
0.152
0.151
0.151
0.142
0.069
0.150
0.143
0.160
0.147
0.153
0.151
0.150
0.150
0.157
0.155
0.150
0.160
0.146
0.149
0.151
0.148
0.152
0.165
0.153
0.153
0.143
0.157
0.151
0.147
0.148
0.147
0.163
0.150
0.147
0.150
0.154
0.153
0.157
0.174
0.155
0.164
0.144
0.145
0.150
0.151
0.155
0.152
0.145
0.162
0.155
0.117
0.150
0.150
0.151
0.076
0.153
0.150
0.157
0.153
0.154
0.116
