0.211
0.148
0.179
0.188
0.113
0.151
0.155
0.152
0.075
0.126
0.153
0.159
0.157
0.157
0.159
0.152
0.075
0.152
0.151
0.187
0.155
0.151
0.153
0.149
0.074
0.152
0.152
0.124
0.160
0.149
0.080
0.141
0.074
0.150
0.157
0.162
0.118
0.155
0.158
0.155
0.074
0.148
0.149
0.151
0.156
0.132
0.318
0.151
0.075
0.158
0.145
0.158
0.155
0.152
0.153
0.159
0.076
0.156
0.163
0.151
0.159
0.156
0.154
0.153
0.080
0.151
0.075
0.155
0.145
0.149
0.165
0.153
0.076
0.156
0.157
0.155
0.158
0.147
0.166
0.154
0.077
0.152
0.146
0.158
0.154
0.156
0.152
0.150
0.075
0.151
0.154
0.155
0.075
0.154
0.150
0.152
0.077
0.155
0.145
0.157
