0.175
0.156
0.146
0.154
0.150
0.145
0.114
0.160
0.157
0.152
0.146
0.145
0.150
0.155
0.142
0.153
0.150
0.151
0.155
0.143
0.157
0.150
0.153
0.141
0.150
0.156
0.151
0.151
0.148
0.150
0.152
0.153
0.117
0.159
0.160
0.160
0.151
0.143
0.159
0.145
0.072
0.119
0.230
0.165
0.153
0.150
0.143
0.150
0.152
0.157
0.141
0.152
0.154
0.151
0.150
0.147
0.159
0.151
0.152
0.113
0.156
0.155
0.149
0.154
0.147
0.151
0.148
0.154
0.071
0.150
0.153
0.143
0.152
0.144
0.157
0.158
0.151
0.156
0.144
0.152
0.159
0.147
0.139
0.150
0.151
0.154
0.155
0.166
0.075
0.163
0.152
0.142
0.153
0.153
0.151
0.152
0.151
0.147
0.148
0.151
