0.259
0.232
0.182
0.198
0.184
0.197
0.205
0.200
0.199
0.211
0.202
0.204
0.199
0.202
0.206
0.206
0.200
0.202
0.208
0.201
0.214
0.199
0.204
0.199
0.203
0.197
0.207
0.206
0.130
0.210
0.209
0.206
0.204
0.205
0.207
0.208
0.202
0.212
0.205
0.200
0.182
0.210
0.199
0.209
0.198
0.206
0.195
0.206
0.212
0.208
0.211
0.205
0.205
0.434
0.201
0.212
0.199
0.174
0.442
0.193
0.207
0.196
0.205
0.210
0.209
0.206
0.203
0.207
0.194
0.200
0.205
0.210
0.205
0.206
0.192
0.207
0.194
0.163
0.197
0.200
0.205
0.206
0.202
0.200
0.207
0.210
0.212
0.204
0.210
0.201
0.217
0.167
0.209
0.197
0.205
0.211
0.198
0.201
0.207
0.210
0.209
0.239
0.201
0.178
0.202
0.205
0.205
0.212
0.194
0.209
0.199
0.207
0.201
0.206
0.204
0.211
0.210
0.208
0.204
0.212
0.198
0.206
0.201
0.208
0.208
0.204
0.206
0.199
0.203
0.194
0.208
0.205
0.205
0.203
0.201
0.210
0.214
0.194
0.209
0.214
0.168
0.205
0.201
0.204
0.194
0.208
0.199
0.202
0.200
0.204
0.204
0.200
0.200
0.197
0.207
0.207
0.207
0.184
0.203
0.199
0.209
0.200
0.208
0.198
0.208
0.207
0.204
0.204
0.206
0.201
0.204
0.212
0.205
0.208
0.172
0.204
0.199
0.204
0.200
0.206
0.208
0.209
0.212
0.200
0.203
0.199
0.206
0.203
0.203
0.182
0.204
0.200
0.206
0.196
0.207
0.200
0.209
0.210
0.202
0.203
0.204
0.217
0.202
0.200
0.200
0.210
0.205
0.206
0.192
0.204
0.201
0.210
0.197
0.200
0.210
0.206
0.210
0.208
0.193
0.206
0.205
0.203
0.206
0.187
0.209
0.200
0.206
0.211
0.203
0.209
0.198
0.205
0.210
0.201
0.201
0.207
0.204
0.210
0.202
0.187
0.162
0.200
0.208
0.202
0.193
0.218
0.198
0.203
0.198
0.203
0.214
0.206
0.202
0.210
0.204
0.212
0.192
0.167
0.200
0.196
0.209
0.193
0.208
0.203
0.198
0.205
0.206
0.210
0.205
0.208
0.216
0.372
0.176
0.209
0.196
0.200
0.170
0.203
0.198
0.209
0.203
0.209
0.206
0.203
0.206
0.206
0.215
0.204
0.199
0.201
0.206
0.197
0.203
0.195
0.209
0.201
0.205
0.209
0.202
0.208
0.200
0.212
0.210
0.205
0.323
0.215
0.200
0.207
0.187
0.424
0.203
0.202
0.194
0.205
0.148
0.209
0.205
0.193
0.204
0.130
0.203
0.208
0.210
0.181
0.169
0.197
0.201
0.201
0.200
0.216
0.201
0.209
0.213
0.205
0.196
0.208
0.202
0.206
0.200
0.203
0.178
0.191
0.199
0.205
0.199
0.197
0.192
0.199
0.195
0.194
0.200
0.215
0.209
0.199
0.206
0.204
0.202
0.198
0.205
0.216
0.209
0.207
0.206
0.202
0.199
0.205
0.209
0.202
0.205
0.198
0.210
0.214
0.207
0.206
0.164
0.192
0.200
0.208
0.200
0.196
0.216
0.210
0.205
0.206
0.203
0.205
0.202
0.209
0.209
0.166
0.208
0.202
0.198
0.202
0.206
0.209
0.201
0.202
0.206
0.201
0.435
0.203
0.223
0.199
0.203
0.207
0.209
0.207
0.197
0.231
0.200
0.203
0.199
0.208
0.216
0.206
0.195
0.204
0.200
0.202
0.198
0.203
0.176
0.207
0.199
0.171
0.212
0.206
0.200
0.198
0.211
0.204
0.205
0.203
0.202
0.209
0.202
0.206
0.197
0.206
0.204
0.203
0.203
0.201
0.194
0.199
0.195
0.200
0.207
0.192
0.200
0.200
0.206
0.202
0.207
0.205
0.208
0.192
0.202
0.196
0.204
0.203
0.215
0.194
0.207
0.205
0.207
0.205
0.201
0.203
0.209
0.204
0.204
0.206
0.177
0.206
0.192
0.203
0.197
0.203
0.201
0.204
0.212
0.201
0.203
0.212
0.210
0.204
0.203
0.175
0.213
0.196
0.208
0.204
0.206
0.205
0.206
0.204
0.201
0.200
0.202
0.201
0.227
0.198
0.201
0.198
0.201
0.193
0.197
0.196
0.196
0.204
0.199
0.202
0.204
0.204
0.213
0.205
0.201
0.202
0.210
0.205
0.204
0.208
0.201
0.199
0.201
0.198
0.201
0.188
0.204
0.202
0.196
0.197
0.213
0.208
0.216
0.203
0.208
0.203
0.207
0.208
0.201
0.200
0.206
0.225
0.197
0.198
0.207
0.202
0.203
0.205
0.193
0.205
0.200
0.204
0.205
0.160
0.209
0.207
0.207
0.204
0.200
0.171
0.210
0.211
0.202
0.205
0.208
0.200
0.201
0.205
0.208
0.202
0.171
0.196
0.189
0.201
0.192
0.199
0.200
0.206
0.200
0.198
0.211
0.204
0.169
0.202
0.209
0.207
0.208
0.196
0.204
0.176
0.247
0.203
0.206
0.200
0.216
0.211
0.208
0.210
0.184
0.209
0.207
0.179
0.205
0.199
0.166
0.211
0.200
0.207
0.192
0.205
0.210
0.212
0.208
0.193
0.214
0.201
0.210
0.199
0.207
0.211
0.200
0.202
0.202
0.206
0.208
0.194
0.204
0.206
0.210
0.204
0.205
0.206
0.206
0.204
0.192
0.207
0.222
0.215
0.197
0.212
0.184
0.206
0.202
0.200
0.206
0.199
0.207
0.210
0.200
0.201
0.203
0.209
0.205
0.165
0.210
0.193
0.217
0.198
0.202
0.198
0.195
0.205
0.202
0.203
0.206
0.200
0.201
0.201
0.204
0.208
0.197
0.216
0.201
0.202
0.192
0.200
0.201
0.206
0.206
0.203
0.206
0.208
0.204
0.208
0.208
0.206
0.200
0.171
0.207
0.192
0.197
0.211
0.202
0.201
0.206
0.206
0.210
0.200
0.217
0.201
0.206
0.207
0.205
0.204
0.193
0.212
0.203
0.212
0.197
0.210
0.201
0.198
0.207
0.204
0.213
0.205
0.198
0.201
0.207
0.210
0.202
0.198
0.211
0.198
0.200
0.204
0.206
0.210
0.205
0.200
0.202
0.203
0.206
0.206
0.207
0.195
0.188
0.200
0.198
0.180
0.198
0.208
0.202
0.204
0.198
0.209
0.203
0.199
0.205
0.202
0.205
0.210
0.202
0.172
0.202
0.195
0.205
0.201
0.210
0.201
0.201
0.211
0.205
0.209
0.208
0.206
0.210
0.205
0.208
0.199
0.198
0.205
0.196
0.209
0.198
0.209
0.200
0.203
0.202
0.205
0.199
0.210
0.221
0.199
0.165
0.170
0.211
0.196
0.196
0.193
0.206
0.197
0.205
0.202
0.206
0.200
0.203
0.202
0.197
0.219
0.206
0.206
0.188
0.200
0.171
0.206
0.196
0.205
0.199
0.200
0.205
0.208
0.205
0.208
0.201
0.200
0.210
0.208
0.205
0.203
0.205
0.201
0.210
0.198
0.200
0.204
0.204
0.211
0.196
0.207
0.211
0.208
0.205
0.200
0.205
0.200
0.206
0.413
0.193
0.205
0.206
0.226
0.455
0.200
0.204
0.205
0.205
0.195
0.206
0.202
0.205
0.208
0.204
0.186
0.205
0.196
0.214
0.198
0.204
0.197
0.208
0.206
0.202
0.209
0.208
0.203
0.212
0.204
0.197
0.207
0.186
0.209
0.197
0.202
0.198
0.205
0.204
0.200
0.207
0.199
0.200
0.213
0.202
0.255
0.206
0.201
0.205
0.172
0.203
0.206
0.202
0.203
0.205
0.199
0.206
0.204
0.206
0.208
0.205
0.225
0.198
0.205
0.208
0.201
0.192
0.203
0.378
0.205
0.197
0.204
0.208
0.209
0.201
0.205
0.200
0.206
0.205
0.213
0.204
0.203
0.199
0.199
0.207
0.203
0.202
0.196
0.209
0.205
0.204
0.214
0.206
0.207
0.204
0.198
0.207
0.202
0.201
0.201
0.195
0.203
0.198
0.203
0.199
0.205
0.205
0.205
0.206
0.205
0.205
0.202
0.209
0.213
0.205
0.182
0.202
0.198
0.209
0.202
0.208
0.193
0.207
0.203
0.211
0.201
0.203
0.200
0.206
0.205
0.207
0.202
0.196
0.210
0.194
0.210
0.192
0.206
0.202
0.205
0.201
0.200
0.203
0.204
0.201
0.182
0.204
0.203
0.214
0.171
0.207
0.201
0.205
0.214
0.200
0.205
0.205
0.202
