0.309
0.222
0.199
0.236
0.233
0.216
0.229
0.207
0.194
0.200
0.210
0.243
0.208
0.215
0.221
0.209
0.203
0.210
0.203
0.197
0.229
0.208
0.208
0.194
0.212
0.207
0.231
0.202
0.207
0.200
0.201
0.193
0.201
0.198
0.196
0.201
0.198
0.192
0.194
0.198
0.198
0.185
0.197
0.199
0.198
0.204
0.197
0.207
0.189
0.197
0.191
0.207
0.203
0.192
0.197
0.213
0.204
0.209
0.196
0.191
0.200
0.200
0.207
0.208
0.167
0.199
0.202
0.203
0.199
0.197
0.201
0.205
0.205
0.196
0.200
0.198
0.188
0.212
0.200
0.149
0.199
0.206
0.201
0.196
0.207
0.218
0.191
0.193
0.190
0.196
0.196
0.202
0.202
0.202
0.200
0.204
0.200
0.205
0.168
0.192
0.205
0.209
0.205
0.202
0.194
0.202
0.207
0.200
0.210
0.166
0.195
0.199
0.200
0.198
0.198
0.201
0.209
0.206
0.190
0.204
0.199
0.195
0.195
0.197
0.200
0.210
0.206
0.214
0.192
0.200
0.196
0.195
0.173
0.195
0.195
0.205
0.195
0.207
0.200
0.189
0.199
0.197
0.202
0.191
0.202
0.189
0.197
0.207
0.218
0.195
0.209
0.200
0.199
0.201
0.164
0.193
0.196
0.206
0.198
0.198
0.200
0.195
0.210
0.197
0.197
0.199
0.191
0.206
0.203
0.196
0.206
0.202
0.200
0.202
0.198
0.201
0.194
0.178
0.203
0.197
0.200
0.202
0.206
0.198
0.195
0.199
0.202
0.201
0.206
0.189
0.194
0.199
0.202
0.200
0.205
0.201
0.193
0.208
0.205
0.197
0.201
0.194
0.202
0.200
0.204
0.204
0.197
0.201
0.189
0.198
0.199
0.160
0.197
0.193
0.195
0.201
0.197
0.202
0.194
0.197
0.205
0.198
0.202
0.190
0.189
0.198
0.198
0.206
0.207
0.198
0.199
0.198
0.194
0.199
0.199
0.191
0.194
0.206
0.199
0.199
0.204
0.207
0.201
0.204
0.196
0.157
0.191
0.198
0.201
0.200
0.198
0.201
0.206
0.195
0.195
0.199
0.193
0.198
0.200
0.199
0.199
0.198
0.198
0.156
0.202
0.196
0.196
0.207
0.192
0.189
0.205
0.204
0.202
0.202
0.207
0.204
0.198
0.202
0.202
0.193
0.190
0.200
0.204
0.203
0.197
0.197
0.203
0.202
0.204
0.197
0.202
0.197
0.202
0.197
0.199
0.200
0.194
0.201
0.203
0.197
0.199
0.196
0.199
0.189
0.197
0.198
0.198
0.201
0.201
0.197
0.199
0.202
0.207
0.185
0.193
0.191
0.196
0.200
0.204
0.191
0.202
0.197
0.204
0.196
0.209
0.191
0.195
0.206
0.201
0.202
0.204
0.198
0.205
0.201
0.201
0.177
0.191
0.201
0.203
0.201
0.202
0.201
0.201
0.196
0.197
0.198
0.203
0.165
0.194
0.197
0.203
0.200
0.196
0.201
0.210
0.202
0.204
0.205
0.203
0.198
0.192
0.208
0.193
0.204
0.196
0.207
0.203
0.201
0.192
0.197
0.193
0.193
0.202
0.189
0.190
0.211
0.202
0.200
0.204
0.202
0.173
0.194
0.199
0.197
0.201
0.198
0.214
0.207
0.201
0.198
0.203
0.198
0.199
0.201
0.188
0.217
0.199
0.197
0.210
0.201
0.199
0.201
0.202
0.193
0.191
0.191
0.207
0.209
0.203
0.192
0.199
0.204
0.203
0.202
0.200
0.168
0.192
0.211
0.203
0.214
0.202
0.199
0.206
0.207
0.206
0.194
0.192
0.195
0.191
0.198
0.198
0.199
0.202
0.197
0.199
0.197
0.194
0.201
0.196
0.194
0.195
0.197
0.199
0.198
0.199
0.204
0.201
0.196
0.196
0.194
0.196
0.197
0.209
0.197
0.196
0.202
0.198
0.201
0.197
0.201
0.194
0.195
0.197
0.204
0.196
0.197
0.201
0.205
0.200
0.200
0.204
0.195
0.196
0.189
0.198
0.202
0.191
0.206
0.196
0.200
0.203
0.202
0.193
0.160
0.194
0.206
0.208
0.206
0.198
0.198
0.196
0.199
0.202
0.194
0.168
0.194
0.189
0.198
0.194
0.198
0.190
0.197
0.204
0.197
0.198
0.201
0.194
0.194
0.204
0.200
0.203
0.203
0.200
0.205
0.198
0.213
0.191
0.166
0.189
0.200
0.203
0.200
0.208
0.196
0.199
0.200
0.208
0.200
0.173
0.193
0.192
0.209
0.201
0.196
0.199
0.200
0.195
0.201
0.201
0.198
0.202
0.193
0.206
0.204
0.197
0.202
0.199
0.200
0.194
0.197
0.201
0.193
0.196
0.202
0.198
0.191
0.199
0.201
0.198
0.194
0.198
0.200
0.165
0.195
0.188
0.200
0.202
0.201
0.193
0.204
0.206
0.202
0.201
0.196
0.196
0.208
0.202
0.201
0.202
0.200
0.196
0.203
0.203
0.198
0.196
0.165
0.193
0.206
0.203
0.199
0.197
0.195
0.202
0.199
0.201
0.201
0.164
0.197
0.190
0.207
0.201
0.199
0.207
0.202
0.197
0.198
0.202
0.201
0.194
0.191
0.204
0.198
0.202
0.200
0.197
0.198
0.197
0.199
0.198
0.192
0.194
0.200
0.207
0.202
0.198
0.200
0.198
0.203
0.197
0.196
0.172
0.187
0.199
0.206
0.202
0.199
0.195
0.203
0.208
0.202
0.203
0.197
0.202
0.199
0.201
0.204
0.196
0.202
0.195
0.197
0.204
0.199
0.199
0.198
0.193
0.203
0.198
0.388
0.200
0.198
0.204
0.195
0.203
0.202
0.168
0.200
0.194
0.202
0.205
0.201
0.200
0.195
0.204
0.202
0.200
0.202
0.191
0.200
0.197
0.193
0.203
0.190
0.202
0.191
0.197
0.194
0.162
0.194
0.189
0.205
0.198
0.151
0.202
0.203
0.205
0.203
0.152
0.202
0.166
0.193
0.197
0.170
0.236
0.197
0.200
0.206
0.151
0.210
0.197
0.173
0.196
0.199
0.201
0.204
0.197
0.198
0.201
0.200
0.198
0.197
0.206
0.188
0.193
0.201
0.197
0.204
0.202
0.203
0.201
0.206
0.207
0.204
0.165
0.194
0.197
0.206
0.198
0.207
0.196
0.202
0.203
0.204
0.202
0.184
0.193
0.190
0.202
0.197
0.198
0.204
0.200
0.201
0.211
0.198
0.202
0.196
0.189
0.205
0.206
0.200
0.203
0.209
0.199
0.200
0.201
0.197
0.162
0.195
0.197
0.197
0.200
0.200
0.202
0.202
0.201
0.205
0.191
0.194
0.193
0.208
0.202
0.198
0.206
0.198
0.198
0.202
0.200
0.207
0.198
0.191
0.192
0.210
0.205
0.197
0.197
0.202
0.200
0.210
0.196
0.202
0.193
0.194
0.202
0.196
0.203
0.204
0.198
0.199
0.204
0.205
0.188
0.167
0.195
0.186
0.198
0.192
0.194
0.202
0.197
0.197
0.197
0.201
0.199
0.189
0.197
0.204
0.196
0.206
0.198
0.204
0.191
0.205
0.206
0.207
0.195
0.193
0.195
0.207
0.201
0.200
0.201
0.200
0.209
0.196
0.203
0.169
0.187
0.195
0.201
0.202
0.200
0.199
0.206
0.188
0.197
0.206
0.195
0.199
0.191
0.206
0.197
0.203
0.207
0.202
0.191
0.197
0.204
0.203
0.188
0.189
0.198
0.199
0.203
0.196
0.203
0.201
0.194
0.203
0.203
0.179
0.195
0.190
0.206
0.198
0.200
0.197
0.202
0.203
0.201
0.197
0.208
0.190
0.209
0.202
0.196
0.201
0.195
0.207
0.194
0.204
0.197
0.204
0.197
0.194
0.197
0.199
0.200
0.201
0.198
0.199
0.198
0.198
0.201
0.198
0.194
0.192
0.195
0.208
0.201
0.196
0.198
0.197
0.199
0.208
0.200
0.198
0.190
0.198
0.201
0.200
0.202
0.195
0.205
0.203
0.192
0.200
0.192
0.193
0.201
0.201
0.201
0.202
0.197
0.207
0.197
0.199
0.196
0.174
0.189
0.201
0.208
0.196
0.205
0.206
0.202
0.198
0.194
0.196
0.195
0.190
0.189
0.201
0.205
0.208
0.198
0.203
0.193
0.203
0.205
0.198
0.197
0.199
0.201
0.206
0.208
0.202
0.194
0.205
0.210
0.197
0.203
0.162
0.200
0.198
0.203
0.201
0.202
0.200
0.206
0.187
0.190
0.200
0.193
0.191
0.187
0.199
0.194
0.201
0.202
0.198
