0.237
0.188
0.200
0.201
0.199
0.202
0.197
0.193
0.199
0.198
0.204
0.204
0.211
0.208
0.168
0.215
0.209
0.200
0.202
0.207
0.191
0.208
0.201
0.203
0.213
0.203
0.190
0.200
0.200
0.199
0.204
0.197
0.188
0.212
0.204
0.201
0.203
0.193
0.202
0.192
0.204
0.202
0.199
0.190
0.205
0.204
0.206
0.200
0.201
0.194
0.205
0.200
0.203
0.204
0.200
0.209
0.197
0.207
0.200
0.202
0.195
0.202
0.207
0.197
0.194
0.200
0.197
0.203
0.204
0.217
0.200
0.192
0.205
0.208
0.198
0.209
0.199
0.206
0.204
0.205
0.202
0.198
0.175
0.193
0.209
0.206
0.209
0.212
0.196
0.198
0.197
0.198
0.197
0.198
0.190
0.203
0.201
0.202
0.199
0.183
0.194
0.202
0.206
0.201
0.207
0.219
0.197
0.201
0.201
0.204
0.203
0.199
0.204
0.202
0.201
0.204
0.168
0.192
0.199
0.184
0.199
0.199
0.191
0.205
0.203
0.202
0.202
0.209
0.192
0.207
0.203
0.200
0.216
0.192
0.202
0.205
0.207
0.197
0.224
0.198
0.204
0.204
0.207
0.201
0.205
0.208
0.205
0.194
0.199
0.207
0.175
0.190
0.202
0.202
0.202
0.203
0.193
0.200
0.201
0.207
0.209
0.201
0.193
0.204
0.210
0.204
0.192
0.180
0.195
0.202
0.205
0.200
0.206
0.191
0.210
0.202
0.189
0.202
0.199
0.192
0.205
0.196
0.195
0.205
0.170
0.194
0.199
0.202
0.203
0.205
0.195
0.198
0.203
0.202
0.197
0.206
0.195
0.199
0.210
0.203
0.207
0.169
0.202
0.199
0.208
0.194
0.199
0.202
0.204
0.201
0.173
0.198
0.205
0.195
0.202
0.192
0.200
0.206
0.183
0.205
0.207
0.196
0.200
0.199
0.190
0.204
0.201
0.197
0.203
0.201
0.194
0.209
0.197
0.204
0.205
0.169
0.198
0.207
0.205
0.205
0.194
0.207
0.206
0.207
0.201
0.201
0.203
0.188
0.203
0.209
0.203
0.198
0.192
0.203
0.201
0.209
0.203
0.201
0.195
0.207
0.203
0.205
0.202
0.202
0.193
0.197
0.196
0.212
0.200
0.205
0.208
0.205
0.202
0.208
0.210
0.196
0.208
0.202
0.199
0.208
0.204
0.189
0.209
0.203
0.204
0.204
0.197
0.197
0.195
0.202
0.202
0.201
0.196
0.201
0.209
0.220
0.201
0.205
0.195
0.206
0.205
0.203
0.206
0.190
0.203
0.205
0.206
0.196
0.207
0.194
0.202
0.207
0.204
0.198
0.199
0.197
0.197
0.201
0.203
0.208
0.194
0.204
0.201
0.199
0.205
0.204
0.189
0.202
0.201
0.197
0.209
0.205
0.193
0.201
0.203
0.210
0.202
0.196
0.205
0.203
0.211
0.207
0.204
0.191
0.203
0.204
0.206
0.196
0.202
0.191
0.209
0.206
0.197
0.208
0.192
0.207
0.196
0.198
0.201
0.197
0.200
0.195
0.200
0.203
0.206
0.191
0.191
0.201
0.203
0.200
0.199
0.166
0.204
0.199
0.198
0.205
0.202
0.193
0.203
0.196
0.202
0.199
0.182
0.209
0.204
0.203
0.205
0.203
0.191
0.202
0.203
0.197
0.200
0.209
0.193
0.202
0.205
0.200
0.201
0.171
0.199
0.198
0.201
0.201
0.203
0.197
0.198
0.202
0.207
0.208
0.206
0.200
0.197
0.199
0.206
0.205
0.166
0.193
0.200
0.195
0.207
0.202
0.196
0.203
0.206
0.202
0.201
0.201
0.192
0.201
0.201
0.201
0.198
0.167
0.193
0.205
0.196
0.193
0.225
0.192
0.206
0.200
0.196
0.199
0.200
0.190
0.197
0.199
0.203
0.199
0.170
0.193
0.191
0.205
0.199
0.202
0.201
0.205
0.200
0.206
0.206
0.207
0.193
0.193
0.197
0.207
0.201
0.177
0.199
0.197
0.205
0.205
0.202
0.192
0.201
0.207
0.196
0.206
0.203
0.193
0.199
0.203
0.200
0.211
0.167
0.194
0.203
0.198
0.204
0.205
0.194
0.203
0.201
0.200
0.199
0.517
0.194
0.198
0.206
0.202
0.506
0.169
0.196
0.200
0.194
0.479
0.207
0.193
0.204
0.205
0.363
0.209
0.199
0.203
0.209
0.292
0.200
0.191
0.184
0.205
0.238
0.199
0.201
0.198
0.190
0.212
0.208
0.196
0.204
0.203
0.170
0.204
0.201
0.205
0.210
0.130
0.202
0.205
0.199
0.201
0.133
0.188
0.202
0.202
0.202
0.131
0.196
0.190
0.204
0.200
0.129
0.204
0.172
0.199
0.203
0.178
0.194
0.202
0.199
0.203
0.193
0.205
0.202
0.201
0.194
0.194
0.198
0.204
0.192
0.168
0.209
0.196
0.206
0.206
0.207
0.200
0.202
0.203
0.202
0.207
0.194
0.201
0.235
0.199
0.196
0.201
0.196
0.188
0.202
0.198
0.194
0.201
0.189
0.198
0.205
0.197
0.202
0.203
0.195
0.199
0.211
0.209
0.202
0.193
0.204
0.209
0.199
0.193
0.198
0.191
0.206
0.199
0.206
0.205
0.200
0.205
0.210
0.197
0.196
0.213
0.195
0.200
0.198
0.208
0.198
0.205
0.195
0.205
0.200
0.198
0.205
0.186
0.208
0.207
0.207
0.202
0.210
0.188
0.181
0.200
0.207
0.198
0.200
0.191
0.202
0.203
0.201
0.206
0.206
0.187
0.206
0.200
0.203
0.198
0.196
0.209
0.198
0.200
0.194
0.210
0.196
0.190
0.202
0.227
0.196
0.181
0.191
0.195
0.200
0.204
0.204
0.191
0.213
0.198
0.209
0.203
0.197
0.186
0.203
0.202
0.194
0.207
0.181
0.191
0.214
0.202
0.201
0.198
0.191
0.197
0.210
0.194
0.205
0.203
0.201
0.208
0.202
0.198
0.201
0.166
0.198
0.191
0.207
0.204
0.216
0.198
0.204
0.196
0.206
0.201
0.207
0.193
0.190
0.200
0.216
0.203
0.181
0.191
0.205
0.201
0.204
0.202
0.155
0.202
0.206
0.206
0.195
0.201
0.199
0.204
0.197
0.208
0.196
0.163
0.193
0.203
0.188
0.201
0.231
0.188
0.201
0.208
0.200
0.198
0.201
0.196
0.204
0.205
0.198
0.200
0.194
0.194
0.197
0.207
0.207
0.206
0.195
0.206
0.200
0.210
0.201
0.203
0.197
0.204
0.201
0.205
0.206
0.163
0.199
0.207
0.206
0.206
0.201
0.196
0.202
0.202
0.202
0.211
0.199
0.190
0.196
0.197
0.201
0.204
0.165
0.205
0.203
0.202
0.203
0.205
0.201
0.198
0.199
0.197
0.202
0.211
0.194
0.207
0.204
0.202
0.203
0.185
0.204
0.205
0.205
0.202
0.201
0.204
0.200
0.200
0.205
0.207
0.202
0.196
0.205
0.204
0.206
0.201
0.163
0.205
0.202
0.196
0.190
0.201
0.196
0.208
0.195
0.196
0.201
0.198
0.193
0.204
0.201
0.203
0.204
0.164
0.212
0.205
0.191
0.203
0.205
0.189
0.197
0.210
0.196
0.207
0.204
0.189
0.165
0.197
0.207
0.200
0.196
0.199
0.203
0.206
0.197
0.202
0.196
0.204
0.201
0.206
0.197
0.198
0.192
0.201
0.195
0.200
0.198
0.160
0.207
0.197
0.199
0.205
0.197
0.198
0.216
0.198
0.195
0.204
0.206
0.197
0.206
0.199
0.202
0.205
0.191
0.196
0.208
0.201
0.203
0.205
0.193
0.191
0.207
0.203
0.200
0.200
0.193
0.207
0.208
0.193
0.202
0.197
0.178
0.198
0.204
0.202
0.199
0.203
0.210
0.202
0.205
0.200
0.195
0.199
0.202
0.208
0.204
0.198
0.196
0.205
0.197
0.200
0.201
0.206
0.189
0.199
0.195
0.192
0.208
0.204
0.200
0.205
0.196
0.197
0.210
0.186
0.204
0.200
0.201
0.202
0.201
0.186
0.201
0.213
0.204
0.200
0.201
0.193
0.200
0.204
0.203
0.198
0.197
0.202
0.189
0.200
0.205
0.199
0.196
0.202
0.201
0.201
0.203
0.191
0.201
0.202
0.203
0.201
0.199
0.193
0.204
0.196
0.202
0.209
0.202
0.191
0.208
0.197
0.201
0.202
0.167
0.192
0.206
0.205
0.197
0.200
0.196
0.204
0.205
0.197
0.198
0.202
0.189
0.207
0.204
0.211
0.198
0.168
