0.292
0.186
0.194
0.197
0.205
0.196
0.188
0.203
0.228
0.204
0.211
0.202
0.201
0.204
0.205
0.203
0.168
0.201
0.212
0.195
0.210
0.207
0.202
0.209
0.209
0.201
0.206
0.200
0.200
0.201
0.209
0.208
0.210
0.187
0.206
0.207
0.199
0.205
0.205
0.200
0.205
0.208
0.204
0.200
0.208
0.203
0.207
0.196
0.206
0.215
0.207
0.202
0.210
0.189
0.207
0.203
0.198
0.198
0.204
0.201
0.198
0.206
0.205
0.209
0.204
0.192
0.213
0.199
0.209
0.206
0.206
0.203
0.196
0.191
0.201
0.197
0.206
0.205
0.208
0.202
0.203
0.201
0.211
0.208
0.194
0.201
0.209
0.198
0.207
0.193
0.196
0.212
0.204
0.198
0.195
0.201
0.199
0.209
0.196
0.206
0.210
0.195
0.209
0.198
0.198
0.200
0.211
0.201
0.192
0.208
0.210
0.206
0.208
0.204
0.207
0.185
0.197
0.206
0.193
0.208
0.209
0.198
0.205
0.201
0.199
0.201
0.206
0.201
0.205
0.192
0.199
0.201
0.169
0.201
0.205
0.195
0.207
0.205
0.202
0.204
0.209
0.194
0.204
0.201
0.204
0.199
0.204
0.201
0.213
0.193
0.204
0.210
0.171
0.207
0.210
0.194
0.206
0.201
0.204
0.223
0.208
0.202
0.206
0.200
0.212
0.209
0.191
0.203
0.199
0.196
0.208
0.201
0.200
0.203
0.203
0.201
0.207
0.201
0.206
0.211
0.210
0.201
0.206
0.193
0.209
0.202
0.199
0.192
0.206
0.202
0.206
0.210
0.204
0.201
0.210
0.204
0.201
0.204
0.203
0.203
0.176
0.206
0.205
0.189
0.212
0.204
0.199
0.195
0.200
0.203
0.209
0.196
0.212
0.205
0.211
0.205
0.206
0.192
0.217
0.201
0.202
0.208
0.203
0.194
0.199
0.205
0.208
0.200
0.209
0.198
0.209
0.203
0.205
0.196
0.197
0.205
0.211
0.195
0.210
0.208
0.196
0.202
0.211
0.203
0.211
0.205
0.211
0.194
0.183
0.206
0.206
0.195
0.197
0.204
0.206
0.201
0.208
0.193
0.211
0.204
0.204
0.202
0.200
0.206
0.204
0.178
0.209
0.203
0.196
0.209
0.206
0.192
0.197
0.205
0.201
0.203
0.204
0.201
0.200
0.194
0.206
0.193
0.167
0.204
0.209
0.195
0.206
0.204
0.199
0.207
0.204
0.205
0.210
0.208
0.205
0.204
0.208
0.200
0.204
0.198
0.205
0.201
0.201
0.196
0.204
0.200
0.198
0.202
0.208
0.220
0.211
0.204
0.206
0.205
0.209
0.201
0.172
0.201
0.210
0.156
0.211
0.203
0.198
0.199
0.203
0.204
0.203
0.205
0.204
0.195
0.207
0.209
0.202
0.194
0.203
0.202
0.203
0.209
0.207
0.196
0.209
0.203
0.214
0.198
0.205
0.194
0.206
0.205
0.210
0.206
0.167
0.198
0.189
0.197
0.202
0.211
0.202
0.198
0.213
0.210
0.206
0.204
0.203
0.208
0.202
0.156
0.204
0.200
0.200
0.207
0.162
0.201
0.206
0.196
0.201
0.210
0.204
0.398
0.213
0.203
0.200
0.207
0.460
0.210
0.191
0.195
0.201
0.299
0.209
0.204
0.196
0.208
0.177
0.205
0.210
0.210
0.214
0.129
0.185
0.205
0.208
0.203
0.133
0.206
0.194
0.204
0.204
0.204
0.207
0.210
0.206
0.170
0.202
0.200
0.210
0.178
0.205
0.198
0.196
0.204
0.203
0.196
0.196
0.209
0.205
0.204
0.205
0.219
0.203
0.205
0.198
0.205
0.167
0.207
0.203
0.201
0.199
0.204
0.195
0.205
0.207
0.200
0.202
0.205
0.202
0.203
0.202
0.203
0.205
0.171
0.205
0.200
0.202
0.197
0.207
0.192
0.206
0.196
0.215
0.222
0.206
0.212
0.212
0.202
0.211
0.212
0.172
0.201
0.210
0.200
0.206
0.206
0.196
0.197
0.206
0.206
0.210
0.198
0.208
0.207
0.204
0.201
0.206
0.191
0.205
0.202
0.198
0.202
0.211
0.191
0.216
0.208
0.206
0.197
0.204
0.199
0.206
0.195
0.211
0.201
0.197
0.206
0.198
0.201
0.206
0.205
0.197
0.201
0.201
0.206
0.206
0.208
0.204
0.201
0.207
0.210
0.209
0.202
0.202
0.195
0.198
0.206
0.201
0.194
0.212
0.194
0.202
0.208
0.208
0.202
0.205
0.183
0.203
0.202
0.196
0.210
0.208
0.196
0.210
0.205
0.202
0.202
0.196
0.207
0.211
0.200
0.204
0.196
0.184
0.200
0.204
0.194
0.163
0.193
0.200
0.205
0.205
0.196
0.204
0.203
0.209
0.201
0.207
0.202
0.205
0.166
0.206
0.209
0.202
0.205
0.202
0.194
0.206
0.199
0.202
0.203
0.209
0.204
0.204
0.203
0.206
0.196
0.198
0.209
0.213
0.194
0.204
0.202
0.197
0.206
0.199
0.212
0.205
0.204
0.207
0.202
0.204
0.206
0.207
0.167
0.205
0.199
0.197
0.194
0.201
0.193
0.200
0.195
0.193
0.234
0.206
0.202
0.194
0.205
0.203
0.208
0.168
0.204
0.204
0.204
0.213
0.207
0.201
0.213
0.205
0.203
0.195
0.202
0.204
0.204
0.200
0.204
0.200
0.196
0.203
0.213
0.196
0.196
0.204
0.194
0.203
0.208
0.204
0.209
0.203
0.206
0.204
0.204
0.203
0.125
0.199
0.204
0.204
0.201
0.213
0.207
0.200
0.424
0.203
0.205
0.207
0.204
0.210
0.201
0.209
0.195
0.207
0.212
0.205
0.212
0.199
0.196
0.198
0.204
0.205
0.207
0.210
0.205
0.205
0.204
0.208
0.202
0.206
0.201
0.195
0.209
0.201
0.193
0.202
0.205
0.196
0.211
0.202
0.199
0.205
0.212
0.210
0.206
0.166
0.206
0.210
0.197
0.208
0.205
0.200
0.196
0.207
0.200
0.204
0.204
0.203
0.210
0.195
0.205
0.205
0.179
0.208
0.209
0.204
0.203
0.203
0.195
0.211
0.211
0.195
0.209
0.202
0.207
0.203
0.212
0.203
0.205
0.166
0.201
0.204
0.195
0.206
0.214
0.201
0.213
0.202
0.197
0.201
0.211
0.203
0.207
0.203
0.206
0.199
0.173
0.208
0.203
0.196
0.209
0.203
0.202
0.200
0.211
0.212
0.206
0.226
0.210
0.202
0.209
0.204
0.204
0.195
0.209
0.203
0.200
0.202
0.210
0.197
0.207
0.206
0.207
0.205
0.195
0.212
0.205
0.207
0.205
0.205
0.199
0.203
0.208
0.196
0.202
0.205
0.197
0.210
0.205
0.204
0.210
0.204
0.210
0.207
0.204
0.199
0.203
0.194
0.209
0.166
0.196
0.197
0.210
0.208
0.207
0.202
0.208
0.203
0.201
0.212
0.203
0.200
0.209
0.208
0.201
0.200
0.206
0.196
0.205
0.198
0.197
0.204
0.203
0.203
0.210
0.211
0.207
0.207
0.204
0.208
0.205
0.194
0.207
0.202
0.193
0.209
0.199
0.196
0.204
0.201
0.207
0.209
0.205
0.202
0.196
0.166
0.197
0.205
0.195
0.211
0.208
0.196
0.203
0.209
0.195
0.201
0.209
0.203
0.211
0.205
0.205
0.207
0.171
0.209
0.204
0.194
0.206
0.204
0.192
0.207
0.200
0.193
0.207
0.204
0.205
0.200
0.208
0.193
0.208
0.168
0.204
0.211
0.196
0.197
0.208
0.196
0.205
0.208
0.210
0.205
0.195
0.204
0.202
0.202
0.208
0.200
0.170
0.199
0.210
0.158
0.209
0.209
0.202
0.203
0.202
0.202
0.219
0.225
0.202
0.196
0.205
0.203
0.205
0.193
0.207
0.199
0.197
0.213
0.211
0.196
0.210
0.210
0.202
0.207
0.212
0.202
0.195
0.206
0.207
0.204
0.200
0.204
0.206
0.197
0.205
0.199
0.202
0.207
0.209
0.207
0.208
0.204
0.203
0.204
0.203
0.203
0.205
0.200
0.216
0.203
0.195
0.203
0.209
0.196
0.199
0.204
0.206
0.203
0.212
0.205
0.206
0.186
0.215
0.207
0.196
0.220
0.202
0.200
0.206
0.205
0.204
0.202
0.208
0.208
0.205
0.208
0.204
0.203
0.161
0.211
0.204
0.200
0.207
0.201
0.196
0.197
0.205
0.361
0.206
0.202
0.204
0.200
0.215
0.210
0.209
0.170
0.205
