0.273
0.196
0.200
0.202
0.206
0.450
0.192
0.202
0.205
0.209
0.211
0.207
0.207
0.211
0.210
0.336
0.210
0.180
0.210
0.201
0.205
0.193
0.209
0.208
0.205
0.205
0.204
0.198
0.215
0.204
0.208
0.206
0.204
0.202
0.209
0.206
0.197
0.204
0.206
0.206
0.200
0.201
0.204
0.207
0.197
0.207
0.206
0.200
0.208
0.201
0.204
0.166
0.199
0.207
0.204
0.199
0.209
0.202
0.208
0.191
0.204
0.199
0.203
0.208
0.210
0.202
0.169
0.196
0.212
0.207
0.201
0.208
0.208
0.206
0.199
0.207
0.198
0.208
0.200
0.209
0.204
0.201
0.209
0.202
0.201
0.171
0.204
0.210
0.205
0.189
0.210
0.206
0.189
0.195
0.205
0.201
0.210
0.202
0.207
0.202
0.175
0.203
0.208
0.203
0.199
0.193
0.204
0.189
0.204
0.197
0.205
0.206
0.204
0.204
0.203
0.201
0.203
0.194
0.207
0.192
0.207
0.211
0.206
0.196
0.211
0.212
0.212
0.196
0.207
0.204
0.215
0.208
0.209
0.207
0.198
0.206
0.210
0.206
0.202
0.197
0.211
0.201
0.203
0.204
0.202
0.203
0.205
0.181
0.212
0.162
0.205
0.204
0.209
0.193
0.203
0.191
0.210
0.193
0.204
0.190
0.209
0.194
0.177
0.203
0.199
0.201
0.209
0.189
0.172
0.198
0.210
0.202
0.197
0.201
0.207
0.202
0.198
0.197
0.216
0.230
0.204
0.205
0.209
0.161
0.211
0.198
0.211
0.193
0.212
0.201
0.205
0.195
0.201
0.201
0.202
0.199
0.197
0.200
0.198
0.199
0.206
0.208
0.193
0.207
0.202
0.202
0.202
0.206
0.197
0.198
0.201
0.207
0.210
0.201
0.200
0.208
0.203
0.161
0.239
0.201
0.195
0.188
0.197
0.205
0.200
0.199
0.197
0.186
0.213
0.198
0.206
0.207
0.182
0.203
0.203
0.200
0.201
0.201
0.204
0.197
0.198
0.200
0.208
0.206
0.193
0.202
0.203
0.189
0.206
0.199
0.205
0.178
0.207
0.201
0.205
0.194
0.203
0.208
0.206
0.195
0.204
0.201
0.201
0.206
0.204
0.206
0.176
0.189
0.211
0.202
0.195
0.202
0.206
0.198
0.196
0.206
0.202
0.202
0.195
0.192
0.205
0.207
0.199
0.201
0.202
0.199
0.212
0.201
0.214
0.191
0.205
0.206
0.207
0.194
0.200
0.193
0.197
0.205
0.202
0.206
0.191
0.203
0.204
0.201
0.194
0.204
0.203
0.191
0.203
0.200
0.207
0.203
0.208
0.213
0.206
0.209
0.189
0.202
0.215
0.191
0.205
0.203
0.192
0.196
0.199
0.201
0.205
0.194
0.211
0.198
0.211
0.211
0.208
0.205
0.192
0.201
0.217
0.201
0.202
0.193
0.203
0.202
0.202
0.203
0.209
0.201
0.209
0.190
0.210
0.173
0.204
0.207
0.208
0.199
0.206
0.201
0.206
0.212
0.206
0.207
0.204
0.195
0.208
0.207
0.201
0.203
0.204
0.204
0.204
0.202
0.210
0.213
0.202
0.203
0.212
0.204
0.203
0.202
0.212
0.204
0.204
0.201
0.204
0.180
0.210
0.208
0.204
0.185
0.216
0.201
0.205
0.198
0.204
0.208
0.201
0.194
0.208
0.215
0.203
0.199
0.213
0.206
0.159
0.202
0.208
0.201
0.196
0.206
0.205
0.196
0.212
0.206
0.209
0.208
0.199
0.202
0.204
0.166
0.234
0.200
0.214
0.194
0.206
0.194
0.200
0.195
0.209
0.201
0.215
0.201
0.207
0.202
0.189
0.199
0.202
0.205
0.170
0.204
0.209
0.198
0.209
0.205
0.204
0.202
0.197
0.206
0.204
0.203
0.209
0.204
0.204
0.198
0.201
0.202
0.197
0.195
0.204
0.202
0.208
0.195
0.206
0.202
0.201
0.204
0.204
0.201
0.172
0.196
0.215
0.197
0.205
0.203
0.205
0.203
0.203
0.200
0.211
0.205
0.207
0.197
0.204
0.206
0.204
0.208
0.202
0.194
0.209
0.201
0.211
0.189
0.206
0.202
0.247
0.210
0.199
0.198
0.211
0.206
0.210
0.196
0.179
0.202
0.205
0.195
0.197
0.202
0.204
0.196
0.204
0.197
0.209
0.212
0.202
0.202
0.201
0.186
0.212
0.204
0.205
0.190
0.205
0.198
0.201
0.191
0.200
0.203
0.207
0.194
0.205
0.196
0.206
0.210
0.205
0.207
0.193
0.202
0.218
0.204
0.199
0.197
0.210
0.201
0.197
0.207
0.200
0.202
0.204
0.190
0.213
0.176
0.205
0.206
0.206
0.195
0.200
0.205
0.205
0.191
0.197
0.207
0.206
0.194
0.208
0.199
0.204
0.202
0.207
0.208
0.170
0.210
0.205
0.202
0.197
0.207
0.216
0.203
0.201
0.201
0.201
0.189
0.209
0.206
0.203
0.187
0.201
0.203
0.194
0.187
0.213
0.201
0.206
0.205
0.204
0.206
0.207
0.196
0.206
0.202
0.195
0.199
0.210
0.202
0.197
0.202
0.205
0.199
0.198
0.205
0.203
0.200
0.197
0.206
0.205
0.211
0.208
0.201
0.215
0.194
0.221
0.201
0.212
0.195
0.205
0.202
0.200
0.193
0.208
0.189
0.212
0.196
0.207
0.205
0.202
0.201
0.209
0.194
0.192
0.198
0.206
0.198
0.205
0.206
0.205
0.204
0.191
0.202
0.204
0.194
0.204
0.201
0.202
0.165
0.199
0.205
0.204
0.192
0.204
0.204
0.209
0.189
0.197
0.206
0.200
0.210
0.204
0.212
0.195
0.196
0.211
0.198
0.203
0.202
0.204
0.206
0.195
0.211
0.209
0.202
0.211
0.202
0.210
0.199
0.200
0.205
0.206
0.193
0.200
0.200
0.203
0.188
0.203
0.202
0.203
0.197
0.206
0.200
0.204
0.203
0.205
0.200
0.167
0.200
0.207
0.209
0.194
0.206
0.202
0.190
0.205
0.196
0.208
0.199
0.202
0.201
0.200
0.184
0.201
0.159
0.196
0.192
0.205
0.190
0.167
0.198
0.204
0.205
0.158
0.196
0.207
0.197
0.205
0.201
0.203
0.202
0.193
0.202
0.209
0.205
0.199
0.202
0.211
0.203
0.202
0.156
0.201
0.203
0.204
0.196
0.218
0.186
0.205
0.202
0.212
0.195
0.198
0.202
0.208
0.193
0.210
0.203
0.203
0.194
0.211
0.206
0.197
0.201
0.206
0.204
0.196
0.196
0.201
0.207
0.196
0.194
0.201
0.201
0.202
0.202
0.205
0.197
0.205
0.211
0.202
0.165
0.204
0.203
0.204
0.182
0.218
0.198
0.205
0.198
0.205
0.206
0.205
0.203
0.198
0.202
0.206
0.207
0.209
0.211
0.202
0.201
0.207
0.200
0.197
0.201
0.207
0.202
0.196
0.204
0.210
0.204
0.204
0.199
0.206
0.466
0.217
0.218
0.206
0.195
0.410
0.209
0.212
0.190
0.207
0.304
0.212
0.205
0.198
0.204
0.224
0.156
0.207
0.202
0.196
0.132
0.207
0.200
0.203
0.206
0.130
0.212
0.200
0.206
0.207
0.132
0.210
0.208
0.202
0.203
0.192
0.198
0.200
0.198
0.210
0.186
0.205
0.197
0.204
0.202
0.192
0.206
0.200
0.207
0.169
0.183
0.208
0.241
0.197
0.208
0.237
0.211
0.197
0.201
0.206
0.196
0.211
0.206
0.214
0.201
0.206
0.205
0.203
0.198
0.213
0.204
0.212
0.196
0.207
0.204
0.208
0.194
0.206
0.204
0.208
0.222
0.203
0.198
0.169
0.208
0.212
0.208
0.192
0.203
0.206
0.191
0.204
0.198
0.208
0.207
0.204
0.210
0.201
0.185
0.212
0.195
0.205
0.189
0.210
0.201
0.210
0.193
0.205
0.208
0.205
0.193
0.208
0.196
0.189
0.206
0.205
0.201
0.166
0.210
0.214
0.202
0.198
0.208
0.208
0.193
0.197
0.206
0.207
0.197
0.210
0.190
0.222
0.165
0.213
0.205
0.200
0.194
0.202
0.202
0.206
0.198
0.207
0.199
0.195
0.199
0.206
0.205
0.207
0.204
0.210
0.203
0.197
0.203
0.209
0.201
0.198
0.204
0.210
0.202
0.199
0.201
0.217
0.203
0.205
0.202
0.207
0.165
0.202
0.208
0.206
0.185
0.213
0.191
0.207
0.190
0.204
0.208
0.206
0.208
0.205
0.202
0.199
0.203
