0.271
0.188
0.197
0.205
0.214
0.204
0.195
0.208
0.174
0.207
0.211
0.205
0.204
0.199
0.207
0.201
0.202
0.206
0.203
0.210
0.203
0.203
0.201
0.206
0.199
0.204
0.204
0.206
0.207
0.204
0.209
0.204
0.210
0.193
0.203
0.202
0.196
0.204
0.214
0.201
0.196
0.205
0.174
0.217
0.207
0.204
0.205
0.207
0.207
0.199
0.208
0.192
0.206
0.205
0.211
0.208
0.198
0.202
0.197
0.204
0.210
0.204
0.204
0.199
0.206
0.203
0.210
0.195
0.213
0.201
0.204
0.201
0.204
0.199
0.201
0.180
0.201
0.200
0.211
0.204
0.205
0.211
0.205
0.195
0.209
0.187
0.200
0.202
0.205
0.197
0.209
0.204
0.195
0.203
0.206
0.204
0.201
0.208
0.203
0.203
0.204
0.196
0.204
0.208
0.201
0.216
0.203
0.204
0.194
0.209
0.195
0.210
0.200
0.198
0.206
0.203
0.202
0.201
0.211
0.185
0.202
0.206
0.198
0.202
0.213
0.208
0.200
0.205
0.204
0.207
0.209
0.202
0.200
0.206
0.206
0.194
0.202
0.209
0.208
0.210
0.203
0.209
0.194
0.202
0.203
0.206
0.205
0.195
0.208
0.213
0.206
0.203
0.207
0.211
0.203
0.205
0.208
0.205
0.204
0.204
0.200
0.206
0.169
0.206
0.227
0.208
0.215
0.204
0.203
0.196
0.204
0.204
0.208
0.204
0.206
0.207
0.198
0.205
0.199
0.209
0.205
0.205
0.205
0.202
0.212
0.195
0.203
0.202
0.203
0.204
0.203
0.204
0.204
0.210
0.196
0.206
0.171
0.205
0.205
0.176
0.207
0.205
0.207
0.195
0.211
0.177
0.208
0.210
0.189
0.213
0.197
0.211
0.197
0.205
0.211
0.208
0.212
0.229
0.233
0.198
0.204
0.195
0.204
0.205
0.207
0.213
0.207
0.203
0.191
0.212
0.198
0.204
0.204
0.202
0.205
0.202
0.203
0.201
0.207
0.200
0.205
0.209
0.204
0.204
0.214
0.213
0.196
0.205
0.213
0.204
0.194
0.212
0.198
0.204
0.205
0.207
0.223
0.209
0.203
0.203
0.195
0.203
0.194
0.213
0.194
0.208
0.203
0.202
0.199
0.207
0.208
0.204
0.208
0.165
0.204
0.203
0.203
0.204
0.202
0.196
0.194
0.204
0.168
0.201
0.228
0.205
0.202
0.206
0.208
0.210
0.202
0.171
0.205
0.206
0.214
0.204
0.199
0.204
0.202
0.204
0.202
0.212
0.208
0.212
0.201
0.197
0.202
0.204
0.211
0.203
0.206
0.205
0.205
0.205
0.197
0.214
0.168
0.208
0.205
0.202
0.209
0.203
0.205
0.192
0.208
0.180
0.203
0.205
0.202
0.207
0.214
0.203
0.193
0.209
0.205
0.210
0.206
0.211
0.204
0.203
0.204
0.202
0.208
0.204
0.208
0.205
0.209
0.128
0.205
0.207
0.198
0.158
0.210
0.208
0.209
0.209
0.180
0.201
0.204
0.167
0.210
0.200
0.203
0.202
0.204
0.198
0.197
0.204
0.203
0.212
0.202
0.205
0.207
0.202
0.202
0.196
0.205
0.205
0.211
0.208
0.205
0.205
0.203
0.203
0.197
0.207
0.206
0.204
0.206
0.203
0.205
0.196
0.204
0.191
0.204
0.202
0.209
0.205
0.218
0.207
0.199
0.199
0.182
0.207
0.222
0.207
0.207
0.207
0.210
0.196
0.212
0.203
0.206
0.201
0.201
0.207
0.204
0.207
0.195
0.202
0.203
0.209
0.213
0.202
0.205
0.197
0.198
0.200
0.214
0.207
0.206
0.204
0.202
0.203
0.196
0.211
0.169
0.210
0.203
0.205
0.203
0.205
0.203
0.195
0.201
0.170
0.196
0.209
0.203
0.204
0.202
0.212
0.202
0.207
0.204
0.204
0.208
0.205
0.210
0.203
0.202
0.198
0.204
0.202
0.207
0.204
0.203
0.211
0.199
0.210
0.196
0.211
0.204
0.179
0.205
0.209
0.202
0.198
0.207
0.200
0.202
0.202
0.167
0.202
0.209
0.210
0.196
0.203
0.173
0.205
0.203
0.207
0.202
0.203
0.202
0.200
0.203
0.217
0.208
0.209
0.203
0.205
0.196
0.194
0.199
0.204
0.208
0.206
0.210
0.210
0.203
0.201
0.205
0.165
0.203
0.202
0.203
0.203
0.210
0.204
0.198
0.207
0.169
0.207
0.230
0.205
0.209
0.206
0.211
0.202
0.203
0.210
0.202
0.199
0.204
0.218
0.204
0.198
0.194
0.203
0.206
0.210
0.202
0.201
0.204
0.203
0.210
0.197
0.205
0.206
0.208
0.205
0.204
0.194
0.207
0.205
0.199
0.208
0.197
0.203
0.208
0.208
0.204
0.196
0.204
0.168
0.218
0.209
0.203
0.193
0.209
0.208
0.202
0.197
0.228
0.208
0.206
0.208
0.214
0.209
0.204
0.201
0.205
0.205
0.205
0.203
0.204
0.203
0.197
0.207
0.196
0.211
0.204
0.201
0.211
0.160
0.205
0.185
0.210
0.201
0.202
0.202
0.204
0.196
0.206
0.206
0.198
0.204
0.180
0.204
0.207
0.203
0.204
0.200
0.210
0.203
0.211
0.208
0.205
0.205
0.212
0.209
0.196
0.204
0.200
0.204
0.210
0.207
0.204
0.207
0.215
0.196
0.212
0.199
0.211
0.206
0.205
0.205
0.208
0.204
0.195
0.204
0.166
0.204
0.206
0.229
0.202
0.208
0.202
0.182
0.206
0.190
0.211
0.201
0.210
0.214
0.207
0.203
0.201
0.209
0.207
0.205
0.203
0.202
0.207
0.194
0.214
0.193
0.210
0.205
0.182
0.203
0.210
0.202
0.197
0.206
0.196
0.201
0.209
0.207
0.183
0.202
0.206
0.201
0.205
0.193
0.170
0.206
0.213
0.207
0.209
0.215
0.195
0.201
0.204
0.209
0.203
0.205
0.205
0.199
0.202
0.198
0.203
0.203
0.205
0.210
0.206
0.205
0.199
0.204
0.195
0.206
0.207
0.207
0.220
0.195
0.207
0.199
0.203
0.171
0.210
0.206
0.209
0.208
0.206
0.210
0.196
0.209
0.173
0.206
0.207
0.210
0.207
0.203
0.202
0.195
0.207
0.213
0.195
0.207
0.204
0.209
0.204
0.207
0.195
0.206
0.206
0.206
0.204
0.206
0.204
0.202
0.202
0.194
0.202
0.212
0.204
0.210
0.211
0.198
0.196
0.201
0.166
0.206
0.207
0.225
0.202
0.210
0.208
0.197
0.204
0.198
0.204
0.205
0.209
0.199
0.208
0.212
0.201
0.204
0.203
0.204
0.207
0.206
0.202
0.199
0.201
0.199
0.202
0.204
0.206
0.202
0.206
0.210
0.200
0.205
0.201
0.212
0.203
0.204
0.204
0.208
0.214
0.200
0.199
0.175
0.199
0.204
0.210
0.201
0.205
0.204
0.200
0.201
0.200
0.202
0.211
0.207
0.207
0.203
0.205
0.198
0.208
0.205
0.209
0.205
0.212
0.167
0.209
0.202
0.198
0.208
0.208
0.199
0.208
0.210
0.208
0.199
0.208
0.194
0.209
0.205
0.204
0.199
0.204
0.202
0.196
0.210
0.164
0.208
0.209
0.203
0.201
0.204
0.209
0.194
0.206
0.204
0.205
0.207
0.206
0.207
0.212
0.206
0.197
0.204
0.206
0.208
0.205
0.197
0.210
0.204
0.205
0.197
0.204
0.203
0.205
0.203
0.205
0.209
0.198
0.206
0.167
0.207
0.205
0.226
0.196
0.207
0.208
0.196
0.213
0.166
0.207
0.207
0.208
0.208
0.203
0.209
0.203
0.203
0.206
0.202
0.206
0.199
0.197
0.196
0.210
0.194
0.205
0.201
0.207
0.213
0.205
0.201
0.198
0.204
0.202
0.201
0.206
0.202
0.209
0.208
0.209
0.197
0.206
0.167
0.205
0.204
0.207
0.203
0.208
0.203
0.196
0.204
0.178
0.208
0.204
0.209
0.225
0.198
0.195
0.198
0.205
0.200
0.197
0.203
0.204
0.207
0.202
0.206
0.199
0.202
0.205
0.202
0.208
0.209
0.205
0.196
0.210
0.175
0.205
0.204
0.205
0.207
0.204
0.206
0.198
0.208
0.172
0.207
0.209
0.203
0.201
0.206
0.205
0.199
0.207
0.208
0.205
0.204
0.213
0.203
0.211
0.196
0.189
0.205
0.208
0.203
0.210
0.204
0.206
0.201
0.207
0.194
0.422
0.433
0.421
0.380
0.358
0.437
