0.207
0.193
0.189
0.186
0.156
0.187
0.169
0.190
0.160
0.157
0.154
0.156
0.149
0.149
0.157
0.163
0.159
0.157
0.166
0.156
0.149
0.160
0.153
0.151
0.158
0.160
0.156
0.163
0.154
0.110
0.160
0.157
0.160
0.162
0.157
0.155
0.160
0.153
0.161
0.149
0.159
0.154
0.173
0.158
0.161
0.157
0.156
0.159
0.163
0.160
0.147
0.156
0.151
0.195
0.182
0.196
0.188
0.158
0.155
0.157
0.162
0.160
0.158
0.156
0.161
0.158
0.160
0.130
0.161
0.154
0.160
0.157
0.157
0.159
0.163
0.162
0.163
0.152
0.163
0.155
0.165
0.159
0.159
0.159
0.124
0.167
0.157
0.157
0.152
0.162
0.162
0.162
0.155
0.160
0.164
0.159
0.164
0.162
0.163
0.161
0.158
0.122
0.159
0.148
0.157
0.154
0.166
0.159
0.158
0.162
0.158
0.159
0.162
0.161
0.196
0.157
0.159
0.159
0.149
0.164
0.147
0.154
0.164
0.154
0.157
0.162
0.159
0.163
0.159
0.156
0.159
0.172
0.156
0.136
0.177
0.148
0.164
0.154
0.156
0.155
0.187
0.157
0.160
0.161
0.163
0.158
0.199
0.165
0.165
0.157
0.128
0.149
0.151
0.161
0.167
0.173
0.155
0.165
0.164
0.156
0.160
0.157
0.140
0.174
0.155
0.153
0.192
0.137
0.156
0.149
0.161
0.150
0.164
0.157
0.149
0.155
0.167
0.163
0.158
0.151
0.156
0.175
0.161
0.160
0.122
0.154
0.158
0.192
0.157
0.150
0.156
0.150
0.158
0.150
0.159
0.163
0.163
0.162
0.162
0.159
0.160
0.152
0.156
0.156
0.162
0.153
0.161
0.158
0.168
0.158
0.161
0.160
0.159
0.160
0.178
0.167
0.130
0.189
0.120
0.160
0.158
0.167
0.152
0.159
0.166
0.165
0.158
0.161
0.166
0.161
0.161
0.156
0.159
0.119
0.157
0.149
0.160
0.152
0.159
0.154
0.160
0.167
0.160
0.158
0.166
0.159
0.158
0.152
0.162
0.160
0.123
0.158
0.156
0.156
0.149
0.159
0.159
0.160
0.162
0.181
0.197
0.160
0.164
0.157
0.154
0.156
0.157
0.125
0.158
0.149
0.151
0.154
0.174
0.160
0.158
0.371
0.172
0.160
0.160
0.166
0.118
0.196
0.163
0.158
0.155
0.085
0.151
0.158
0.153
0.153
0.125
0.166
0.163
0.157
0.163
0.146
0.171
0.162
0.162
0.156
0.154
0.148
0.164
0.153
0.166
0.112
0.157
0.154
0.159
0.156
0.171
0.156
0.159
0.159
0.185
0.161
0.134
0.159
0.150
0.169
0.149
0.166
0.167
0.159
0.161
0.156
0.153
0.158
0.156
0.160
0.189
0.124
0.158
0.123
0.158
0.150
0.156
0.152
0.158
0.159
0.157
0.157
0.157
0.160
0.166
0.164
0.175
0.165
0.153
0.162
0.154
0.154
0.155
0.156
0.155
0.158
0.151
0.161
0.159
0.168
0.157
0.165
0.162
0.156
0.156
0.132
0.160
0.150
0.157
0.151
0.156
0.148
0.165
0.160
0.167
0.155
0.177
0.161
0.149
0.165
0.151
0.157
0.156
0.166
0.149
0.161
0.154
0.159
0.147
0.161
0.149
0.158
0.158
0.161
0.160
0.162
0.128
0.156
0.164
0.120
0.156
0.148
0.163
0.157
0.159
0.154
0.160
0.159
0.171
0.163
0.161
0.163
0.161
0.155
0.156
0.162
0.120
0.165
0.149
0.172
0.180
0.176
0.150
0.147
0.178
0.161
0.163
0.168
0.163
0.162
0.161
0.156
0.158
0.121
0.156
0.151
0.156
0.347
0.159
0.164
0.156
0.156
0.332
0.189
0.185
0.180
0.192
0.159
0.169
0.188
0.184
0.188
0.152
0.167
0.155
0.160
0.160
0.164
0.158
0.159
0.156
0.162
0.155
0.159
0.154
0.160
0.159
0.157
0.173
0.149
0.157
0.156
0.159
0.160
0.169
0.147
0.188
0.163
0.158
0.160
0.161
0.159
0.122
0.156
0.152
0.161
0.148
0.158
0.149
0.155
0.178
0.162
0.159
0.160
0.161
0.156
0.165
0.164
0.162
0.122
0.163
0.159
0.158
0.154
0.155
0.160
0.179
0.158
0.155
0.160
0.188
0.193
0.156
0.161
0.157
0.157
0.141
0.158
0.150
0.165
0.164
0.148
0.159
0.166
0.188
0.165
0.189
0.157
0.163
0.161
0.162
0.161
0.160
0.156
0.181
0.155
0.182
0.149
0.164
0.157
0.149
0.157
0.161
0.153
0.157
0.162
0.150
0.164
0.159
0.157
0.147
0.156
0.152
0.158
0.149
0.157
0.160
0.164
0.159
0.156
0.156
0.166
0.163
0.191
0.156
0.124
0.156
0.158
0.154
0.151
0.188
0.154
0.162
0.156
0.151
0.162
0.162
0.159
0.162
0.157
0.160
0.160
0.125
0.181
0.188
0.196
0.188
0.157
0.161
0.157
0.157
0.157
0.161
0.156
0.178
0.162
0.157
0.158
0.163
0.123
0.169
0.158
0.150
0.154
0.167
0.154
0.159
0.151
0.156
0.161
0.156
0.148
0.153
0.157
0.171
0.171
0.149
0.160
0.151
0.162
0.168
0.190
0.160
0.163
0.162
0.159
0.161
0.158
0.162
0.158
0.154
0.160
0.158
0.153
0.157
0.151
0.165
0.155
0.157
0.154
0.158
0.162
0.164
0.158
0.157
0.161
0.158
0.159
0.129
0.171
0.177
0.151
0.150
0.159
0.149
0.160
0.163
0.164
0.159
0.162
0.158
0.154
0.158
0.160
0.190
0.121
0.187
0.147
0.166
0.148
0.150
0.164
0.160
0.160
0.162
0.161
0.156
0.155
0.161
0.161
0.157
0.197
0.122
0.157
0.149
0.156
0.194
0.164
0.156
0.156
0.165
0.165
0.166
0.159
0.160
0.159
0.159
0.127
0.160
0.149
0.160
0.152
0.168
0.164
0.158
0.156
0.164
0.159
0.159
0.191
0.147
0.185
0.161
0.163
0.157
0.157
0.152
0.160
0.155
0.156
0.160
0.158
0.165
0.148
0.190
0.166
0.163
0.160
0.157
0.157
0.157
0.131
0.159
0.151
0.155
0.150
0.156
0.156
0.157
0.157
0.157
0.160
0.158
0.156
0.160
0.167
0.159
0.159
0.159
0.150
0.148
0.169
0.158
0.165
0.150
0.160
0.156
0.163
0.161
0.152
0.156
0.160
0.158
0.162
0.167
0.136
0.157
0.150
0.163
0.148
0.160
0.161
0.159
0.157
0.158
0.154
0.157
0.161
0.162
0.180
0.162
0.165
0.123
0.162
0.149
0.157
0.183
0.160
0.192
0.156
0.194
0.182
0.191
0.188
0.195
0.197
0.192
0.160
0.159
0.154
0.153
0.188
0.152
0.150
0.160
0.154
0.157
0.162
0.161
0.158
0.158
0.184
0.164
0.163
0.148
0.158
0.151
0.161
0.150
0.162
0.149
0.162
0.135
0.163
0.158
0.156
0.152
0.168
0.139
0.161
0.160
0.132
0.150
0.155
0.157
0.155
0.159
0.151
0.150
0.171
0.156
0.159
0.164
0.158
0.161
0.154
0.187
0.160
0.136
0.156
0.150
0.178
0.152
0.157
0.158
0.162
0.169
0.162
0.160
0.163
0.162
0.160
0.158
0.159
0.162
0.120
0.161
0.108
0.159
0.150
0.162
0.179
0.208
0.161
0.190
0.191
0.188
0.164
0.157
0.160
0.167
0.162
0.157
0.162
0.150
0.157
0.149
0.154
0.157
0.163
0.192
0.192
0.151
0.160
0.161
0.159
0.199
0.160
0.155
0.155
0.162
0.139
0.164
0.158
0.160
0.158
0.164
0.162
0.165
0.162
0.157
0.182
0.161
0.165
0.132
0.162
0.180
0.159
0.156
0.163
0.149
0.152
0.164
0.162
0.164
0.157
0.164
0.159
0.160
0.153
0.160
0.129
0.163
0.157
0.160
0.149
0.157
0.151
0.160
0.158
0.163
0.156
0.159
0.160
0.159
0.162
0.156
0.162
0.146
0.162
0.149
0.157
0.158
0.156
0.157
0.160
0.162
0.159
0.156
0.162
0.158
0.156
0.165
0.163
0.160
0.127
0.158
0.156
0.150
0.150
0.158
0.154
0.159
0.164
0.163
0.156
0.154
0.155
0.157
0.157
0.158
0.162
0.152
0.154
0.185
0.161
0.150
0.162
0.163
0.161
0.188
0.159
0.159
0.367
0.158
0.161
0.162
0.164
0.169
0.152
