0.210
0.188
0.162
0.188
0.184
0.150
0.178
0.152
0.161
0.154
0.153
0.155
0.156
0.145
0.162
0.154
0.155
0.148
0.148
0.154
0.152
0.150
0.154
0.151
0.157
0.152
0.156
0.154
0.150
0.155
0.154
0.152
0.157
0.157
0.152
0.154
0.151
0.146
0.157
0.127
0.151
0.146
0.164
0.159
0.152
0.155
0.149
0.161
0.155
0.183
0.160
0.175
0.143
0.162
0.185
0.183
0.184
0.154
0.151
0.154
0.159
0.158
0.146
0.153
0.152
0.159
0.153
0.157
0.159
0.155
0.147
0.148
0.153
0.142
0.157
0.156
0.150
0.153
0.155
0.153
0.155
0.153
0.118
0.152
0.158
0.143
0.143
0.158
0.157
0.156
0.160
0.151
0.157
0.160
0.155
0.162
0.143
0.151
0.155
0.156
0.154
0.186
0.161
0.157
0.145
0.147
0.158
0.121
0.149
0.145
0.153
0.154
0.154
0.164
0.152
0.154
0.151
0.158
0.159
0.147
0.161
0.156
0.153
0.151
0.155
0.156
0.160
0.158
0.159
0.156
0.153
0.146
0.156
0.149
0.152
0.155
0.154
0.161
0.156
0.154
0.152
0.115
0.146
0.156
0.153
0.159
0.151
0.155
0.152
0.155
0.153
0.154
0.154
0.144
0.145
0.163
0.152
0.157
0.159
0.155
0.160
0.153
0.156
0.158
0.144
0.144
0.131
0.156
0.154
0.162
0.152
0.144
0.154
0.159
0.155
0.153
0.142
0.154
0.154
0.160
0.155
0.158
0.150
0.145
0.164
0.156
0.123
0.145
0.143
0.150
0.157
0.158
0.156
0.152
0.153
0.153
0.153
0.155
0.147
0.144
0.160
0.159
0.154
0.155
0.157
0.155
0.153
0.151
0.154
0.145
0.149
0.152
0.154
0.154
0.155
0.152
0.150
0.154
0.154
0.151
0.122
0.152
0.147
0.153
0.151
0.152
0.153
0.153
0.158
0.160
0.157
0.151
0.155
0.151
0.157
0.154
0.148
0.153
0.150
0.157
0.159
0.155
0.147
0.149
0.154
0.157
0.156
0.165
0.150
0.157
0.155
0.141
0.160
0.145
0.117
0.150
0.151
0.154
0.153
0.156
0.153
0.158
0.156
0.157
0.143
0.153
0.139
0.146
0.149
0.154
0.154
0.136
0.160
0.155
0.159
0.159
0.151
0.148
0.140
0.152
0.157
0.145
0.161
0.153
0.154
0.157
0.155
0.159
0.147
0.149
0.151
0.151
0.160
0.158
0.146
0.144
0.150
0.150
0.143
0.163
0.146
0.175
0.157
0.165
0.149
0.164
0.159
0.155
0.150
0.155
0.147
0.139
0.149
0.156
0.154
0.156
0.149
0.158
0.155
0.146
0.159
0.150
0.149
0.150
0.151
0.152
0.151
0.159
0.156
0.160
0.156
0.152
0.154
0.164
0.146
0.150
0.152
0.154
0.149
0.158
0.186
0.178
0.160
0.156
0.143
0.145
0.147
0.163
0.157
0.164
0.154
0.159
0.160
0.158
0.154
0.152
0.141
0.149
0.163
0.152
0.153
0.151
0.150
0.156
0.159
0.157
0.154
0.148
0.143
0.144
0.159
0.156
0.164
0.161
0.154
0.153
0.143
0.157
0.160
0.145
0.153
0.156
0.160
0.158
0.153
0.122
0.156
0.159
0.159
0.155
0.181
0.191
0.159
0.148
0.166
0.155
0.143
0.159
0.151
0.159
0.158
0.120
0.148
0.157
0.152
0.184
0.154
0.147
0.148
0.156
0.155
0.154
0.163
0.147
0.146
0.152
0.149
0.159
0.153
0.152
0.153
0.144
0.159
0.155
0.145
0.145
0.155
0.154
0.156
0.147
0.155
0.150
0.155
0.155
0.154
0.148
0.145
0.146
0.154
0.149
0.152
0.157
0.158
0.157
0.166
0.152
0.152
0.146
0.151
0.157
0.107
0.158
0.159
0.152
0.154
0.153
0.152
0.153
0.148
0.152
0.160
0.149
0.155
0.173
0.171
0.175
0.152
0.155
0.157
0.137
0.147
0.149
0.155
0.155
0.110
0.163
0.157
0.160
0.159
0.151
0.158
0.144
0.149
0.156
0.157
0.154
0.152
0.160
0.151
0.154
0.187
0.177
0.154
0.144
0.151
0.157
0.185
0.156
0.153
0.155
0.153
0.153
0.161
0.136
0.146
0.150
0.152
0.159
0.157
0.152
0.155
0.158
0.152
0.152
0.163
0.150
0.144
0.156
0.139
0.144
0.149
0.158
0.162
0.146
0.155
0.153
0.151
0.150
0.158
0.151
0.154
0.153
0.166
0.164
0.153
0.156
0.155
0.120
0.146
0.153
0.154
0.156
0.158
0.156
0.154
0.145
0.155
0.161
0.106
0.144
0.144
0.155
0.155
0.150
0.160
0.152
0.156
0.159
0.157
0.157
0.145
0.145
0.156
0.155
0.156
0.163
0.163
0.154
0.153
0.154
0.154
0.119
0.150
0.152
0.158
0.152
0.151
0.153
0.152
0.154
0.157
0.149
0.152
0.143
0.158
0.151
0.154
0.153
0.154
0.154
0.151
0.145
0.158
0.154
0.146
0.148
0.155
0.153
0.160
0.155
0.156
0.156
0.146
0.161
0.158
0.149
0.150
0.152
0.152
0.157
0.160
0.154
0.154
0.153
0.156
0.155
0.145
0.146
0.150
0.158
0.155
0.165
0.156
0.157
0.155
0.156
0.156
0.136
0.176
0.171
0.176
0.184
0.147
0.154
0.148
0.156
0.154
0.159
0.158
0.148
0.160
0.185
0.156
0.148
0.157
0.155
0.150
0.152
0.164
0.156
0.118
0.145
0.149
0.158
0.158
0.152
0.153
0.154
0.156
0.157
0.154
0.157
0.152
0.149
0.160
0.157
0.156
0.153
0.155
0.153
0.160
0.188
0.154
0.144
0.147
0.152
0.159
0.155
0.162
0.158
0.158
0.153
0.157
0.161
0.130
0.145
0.145
0.160
0.162
0.158
0.162
0.153
0.158
0.159
0.154
0.156
0.145
0.142
0.151
0.153
0.158
0.152
0.157
0.153
0.157
0.153
0.163
0.145
0.149
0.158
0.154
0.157
0.152
0.154
0.156
0.155
0.149
0.153
0.121
0.152
0.149
0.153
0.153
0.153
0.154
0.152
0.153
0.154
0.151
0.161
0.146
0.145
0.160
0.156
0.153
0.153
0.156
0.154
0.154
0.155
0.149
0.146
0.148
0.158
0.145
0.156
0.157
0.153
0.162
0.159
0.156
0.157
0.129
0.148
0.152
0.153
0.153
0.156
0.175
0.158
0.179
0.184
0.157
0.158
0.150
0.142
0.159
0.151
0.153
0.159
0.151
0.154
0.161
0.154
0.151
0.149
0.142
0.121
0.162
0.146
0.152
0.153
0.153
0.155
0.153
0.159
0.117
0.152
0.155
0.154
0.156
0.163
0.157
0.153
0.155
0.154
0.166
0.123
0.177
0.159
0.184
0.188
0.160
0.156
0.154
0.148
0.154
0.158
0.152
0.145
0.146
0.152
0.153
0.154
0.152
0.153
0.153
0.146
0.149
0.154
0.128
0.146
0.155
0.155
0.159
0.160
0.155
0.153
0.154
0.154
0.153
0.120
0.148
0.153
0.152
0.158
0.186
0.161
0.153
0.160
0.160
0.158
0.157
0.148
0.148
0.156
0.153
0.153
0.164
0.182
0.162
0.185
0.158
0.155
0.118
0.145
0.154
0.148
0.150
0.154
0.154
0.152
0.155
0.155
0.153
0.127
0.147
0.160
0.152
0.155
0.156
0.158
0.160
0.154
0.155
0.154
0.117
0.147
0.153
0.152
0.155
0.155
0.152
0.154
0.164
0.156
0.157
0.162
0.149
0.145
0.155
0.161
0.159
0.154
0.158
0.157
0.155
0.153
0.151
0.123
0.144
0.145
0.162
0.152
0.160
0.144
0.151
0.154
0.156
0.153
0.174
0.154
0.155
0.159
0.160
0.155
0.149
0.155
0.158
0.158
0.158
0.153
0.142
0.148
0.154
0.158
0.158
0.157
0.153
0.158
0.150
0.153
0.156
0.140
0.153
0.147
0.149
0.155
0.460
0.158
0.176
0.153
0.152
0.433
0.155
0.149
0.151
0.155
0.444
0.155
0.159
0.154
0.158
0.377
0.156
0.152
0.143
0.153
0.377
0.158
0.158
0.154
0.165
0.275
0.173
0.159
0.163
0.120
0.305
0.156
0.148
0.153
0.154
0.236
0.153
0.155
0.150
0.159
0.219
0.153
0.144
0.153
0.150
0.193
0.152
0.158
0.186
0.153
0.156
0.155
0.146
0.150
0.152
0.110
0.153
0.153
0.151
0.154
0.082
0.148
