0.208
0.178
0.169
0.153
0.151
0.154
0.152
0.155
0.162
0.154
0.151
0.152
0.161
0.155
0.168
0.159
0.159
0.158
0.138
0.157
0.158
0.148
0.160
0.112
0.154
0.158
0.158
0.158
0.151
0.160
0.159
0.157
0.156
0.160
0.155
0.134
0.195
0.158
0.147
0.164
0.150
0.160
0.152
0.160
0.158
0.163
0.156
0.163
0.155
0.163
0.155
0.150
0.145
0.157
0.161
0.151
0.163
0.160
0.149
0.163
0.159
0.161
0.147
0.158
0.155
0.163
0.155
0.157
0.156
0.154
0.160
0.161
0.153
0.158
0.156
0.154
0.156
0.191
0.156
0.155
0.160
0.157
0.153
0.149
0.161
0.158
0.148
0.159
0.160
0.154
0.160
0.160
0.146
0.160
0.146
0.114
0.147
0.153
0.159
0.157
0.123
0.164
0.153
0.154
0.153
0.159
0.151
0.155
0.110
0.154
0.152
0.157
0.159
0.160
0.156
0.159
0.156
0.183
0.148
0.161
0.152
0.154
0.165
0.150
0.163
0.154
0.393
0.153
0.158
0.153
0.155
0.154
0.163
0.154
0.135
0.143
0.160
0.151
0.159
0.155
0.159
0.153
0.158
0.155
0.159
0.159
0.373
0.155
0.158
0.156
0.160
0.149
0.187
0.162
0.146
0.160
0.156
0.177
0.156
0.155
0.157
0.160
0.157
0.162
0.158
0.156
0.154
0.157
0.132
0.155
0.159
0.156
0.161
0.161
0.150
0.161
0.155
0.157
0.162
0.157
0.160
0.156
0.157
0.157
0.157
0.147
0.168
0.174
0.149
0.156
0.157
0.146
0.155
0.154
0.156
0.161
0.157
0.155
0.147
0.161
0.145
0.155
0.152
0.163
0.159
0.149
0.157
0.156
0.150
0.157
0.158
0.157
0.186
0.160
0.155
0.155
0.144
0.159
0.149
0.152
0.160
0.159
0.149
0.161
0.162
0.147
0.157
0.165
0.155
0.153
0.162
0.158
0.160
0.126
0.162
0.156
0.148
0.156
0.157
0.147
0.153
0.156
0.147
0.160
0.157
0.164
0.147
0.148
0.161
0.171
0.136
0.156
0.147
0.148
0.161
0.154
0.158
0.153
0.163
0.152
0.156
0.158
0.163
0.157
0.162
0.154
0.159
0.155
0.427
0.156
0.157
0.153
0.161
0.381
0.161
0.147
0.164
0.152
0.230
0.157
0.157
0.158
0.161
0.129
0.122
0.152
0.157
0.149
0.086
0.160
0.146
0.151
0.154
0.120
0.156
0.155
0.157
0.154
0.150
0.147
0.156
0.154
0.165
0.150
0.153
0.156
0.159
0.151
0.148
0.156
0.157
0.157
0.157
0.147
0.158
0.152
0.162
0.156
0.169
0.159
0.160
0.142
0.157
0.159
0.153
0.154
0.162
0.150
0.159
0.158
0.162
0.151
0.126
0.159
0.159
0.154
0.176
0.178
0.148
0.154
0.159
0.154
0.149
0.155
0.162
0.163
0.156
0.161
0.158
0.121
0.156
0.156
0.148
0.155
0.158
0.151
0.161
0.152
0.153
0.149
0.163
0.160
0.182
0.158
0.155
0.162
0.128
0.160
0.160
0.147
0.157
0.155
0.151
0.149
0.156
0.163
0.163
0.162
0.158
0.156
0.156
0.154
0.156
0.147
0.154
0.155
0.150
0.147
0.158
0.148
0.153
0.164
0.157
0.157
0.159
0.157
0.157
0.154
0.156
0.163
0.150
0.156
0.155
0.155
0.163
0.162
0.149
0.161
0.155
0.160
0.157
0.157
0.157
0.155
0.159
0.152
0.167
0.153
0.157
0.161
0.150
0.157
0.155
0.161
0.161
0.159
0.156
0.159
0.155
0.157
0.158
0.155
0.163
0.159
0.148
0.156
0.156
0.149
0.158
0.156
0.153
0.160
0.160
0.159
0.157
0.151
0.155
0.158
0.135
0.157
0.158
0.148
0.147
0.155
0.157
0.156
0.157
0.149
0.154
0.162
0.160
0.159
0.145
0.156
0.158
0.147
0.161
0.155
0.148
0.155
0.114
0.149
0.155
0.161
0.152
0.156
0.156
0.153
0.166
0.155
0.148
0.158
0.119
0.163
0.155
0.154
0.158
0.184
0.148
0.165
0.156
0.164
0.151
0.160
0.154
0.158
0.124
0.186
0.154
0.124
0.160
0.159
0.146
0.160
0.156
0.150
0.155
0.159
0.153
0.158
0.162
0.157
0.153
0.163
0.155
0.158
0.147
0.172
0.156
0.152
0.154
0.157
0.141
0.154
0.159
0.158
0.160
0.152
0.156
0.163
0.159
0.158
0.152
0.155
0.154
0.163
0.146
0.161
0.157
0.147
0.147
0.158
0.156
0.156
0.154
0.159
0.157
0.155
0.156
0.157
0.149
0.161
0.156
0.151
0.159
0.129
0.151
0.164
0.155
0.157
0.153
0.159
0.157
0.157
0.158
0.138
0.155
0.151
0.151
0.155
0.145
0.157
0.151
0.150
0.157
0.163
0.155
0.158
0.154
0.159
0.165
0.180
0.181
0.164
0.148
0.160
0.155
0.150
0.154
0.157
0.147
0.160
0.155
0.158
0.157
0.155
0.154
0.171
0.120
0.163
0.151
0.152
0.171
0.163
0.145
0.157
0.153
0.162
0.159
0.154
0.160
0.159
0.159
0.158
0.158
0.135
0.158
0.161
0.147
0.162
0.160
0.150
0.156
0.164
0.154
0.159
0.154
0.165
0.147
0.161
0.155
0.154
0.141
0.159
0.155
0.150
0.155
0.171
0.147
0.160
0.155
0.155
0.155
0.163
0.160
0.149
0.157
0.152
0.156
0.123
0.157
0.159
0.148
0.156
0.154
0.146
0.157
0.153
0.165
0.151
0.157
0.155
0.154
0.154
0.157
0.155
0.148
0.154
0.162
0.146
0.157
0.155
0.159
0.160
0.160
0.156
0.158
0.154
0.158
0.162
0.155
0.124
0.187
0.147
0.159
0.163
0.154
0.156
0.158
0.157
0.158
0.160
0.162
0.152
0.159
0.154
0.161
0.130
0.157
0.153
0.148
0.159
0.185
0.145
0.157
0.159
0.149
0.161
0.160
0.157
0.156
0.153
0.157
0.161
0.125
0.157
0.158
0.157
0.158
0.147
0.156
0.156
0.158
0.152
0.160
0.151
0.158
0.155
0.168
0.160
0.166
0.118
0.160
0.155
0.149
0.157
0.159
0.148
0.157
0.161
0.158
0.161
0.162
0.156
0.156
0.155
0.156
0.130
0.137
0.152
0.158
0.151
0.158
0.157
0.151
0.151
0.155
0.161
0.162
0.158
0.159
0.154
0.154
0.161
0.161
0.123
0.158
0.149
0.151
0.155
0.164
0.155
0.159
0.155
0.159
0.159
0.158
0.153
0.123
0.160
0.164
0.155
0.149
0.154
0.158
0.149
0.156
0.148
0.160
0.151
0.163
0.158
0.176
0.156
0.161
0.159
0.156
0.157
0.156
0.146
0.159
0.159
0.152
0.154
0.159
0.147
0.158
0.156
0.164
0.155
0.160
0.158
0.165
0.137
0.158
0.157
0.150
0.148
0.157
0.147
0.157
0.156
0.159
0.161
0.156
0.157
0.161
0.147
0.158
0.156
0.122
0.160
0.163
0.147
0.170
0.153
0.163
0.155
0.157
0.151
0.158
0.158
0.153
0.161
0.159
0.156
0.157
0.120
0.161
0.153
0.149
0.162
0.187
0.148
0.161
0.157
0.155
0.173
0.156
0.158
0.169
0.154
0.156
0.154
0.121
0.153
0.164
0.180
0.163
0.154
0.154
0.154
0.154
0.159
0.162
0.157
0.155
0.154
0.166
0.151
0.160
0.149
0.171
0.161
0.153
0.161
0.157
0.168
0.160
0.150
0.163
0.153
0.157
0.161
0.160
0.158
0.158
0.157
0.128
0.153
0.159
0.145
0.159
0.155
0.148
0.156
0.156
0.160
0.159
0.162
0.157
0.155
0.152
0.157
0.160
0.154
0.158
0.159
0.150
0.160
0.148
0.151
0.162
0.158
0.172
0.160
0.162
0.155
0.163
0.157
0.158
0.155
0.146
0.157
0.154
0.154
0.154
0.157
0.156
0.156
0.153
0.155
0.150
0.164
0.157
0.159
0.126
0.158
0.157
0.149
0.158
0.152
0.152
0.149
0.163
0.147
0.157
0.153
0.157
0.148
0.157
0.156
0.157
0.124
0.154
0.157
0.152
0.189
0.150
0.149
0.158
0.162
0.143
0.157
0.191
0.118
0.151
0.153
0.160
0.155
0.120
0.163
0.152
0.148
0.156
0.161
0.151
0.123
0.164
0.152
0.157
0.159
0.153
0.158
0.160
0.164
0.155
0.121
0.156
0.162
