0.222
0.203
0.191
0.191
0.196
0.193
0.203
0.186
0.167
0.170
0.166
0.195
0.196
0.158
0.158
0.161
0.162
0.162
0.168
0.164
0.166
0.166
0.156
0.166
0.170
0.157
0.163
0.166
0.169
0.163
0.172
0.168
0.159
0.165
0.158
0.162
0.157
0.159
0.164
0.145
0.164
0.172
0.171
0.163
0.161
0.165
0.156
0.127
0.172
0.169
0.161
0.162
0.157
0.164
0.164
0.164
0.169
0.157
0.175
0.161
0.158
0.161
0.167
0.175
0.161
0.164
0.169
0.171
0.164
0.162
0.154
0.158
0.174
0.163
0.168
0.165
0.161
0.165
0.172
0.160
0.161
0.171
0.153
0.164
0.165
0.161
0.162
0.167
0.164
0.163
0.167
0.162
0.136
0.157
0.154
0.171
0.168
0.163
0.163
0.162
0.168
0.168
0.168
0.164
0.153
0.154
0.165
0.167
0.172
0.162
0.164
0.161
0.171
0.170
0.165
0.147
0.154
0.162
0.163
0.168
0.170
0.166
0.154
0.165
0.164
0.167
0.138
0.156
0.157
0.166
0.162
0.180
0.182
0.165
0.161
0.169
0.165
0.159
0.160
0.160
0.169
0.160
0.167
0.170
0.167
0.162
0.175
0.186
0.163
0.129
0.157
0.162
0.156
0.169
0.161
0.161
0.162
0.164
0.156
0.155
0.124
0.157
0.158
0.165
0.169
0.162
0.165
0.155
0.165
0.165
0.162
0.161
0.155
0.157
0.167
0.167
0.165
0.159
0.153
0.164
0.167
0.162
0.116
0.145
0.155
0.171
0.166
0.164
0.165
0.165
0.163
0.164
0.164
0.170
0.162
0.153
0.159
0.169
0.171
0.167
0.155
0.161
0.168
0.165
0.164
0.164
0.166
0.155
0.164
0.164
0.166
0.166
0.162
0.157
0.169
0.167
0.167
0.155
0.160
0.169
0.169
0.176
0.168
0.173
0.170
0.166
0.165
0.172
0.141
0.154
0.160
0.163
0.162
0.164
0.167
0.166
0.164
0.169
0.164
0.165
0.143
0.162
0.163
0.168
0.166
0.163
0.165
0.163
0.169
0.163
0.166
0.153
0.155
0.165
0.166
0.153
0.160
0.162
0.169
0.156
0.163
0.168
0.127
0.156
0.157
0.162
0.162
0.167
0.165
0.166
0.166
0.152
0.164
0.168
0.157
0.155
0.172
0.162
0.162
0.161
0.161
0.164
0.166
0.167
0.164
0.158
0.159
0.163
0.168
0.161
0.164
0.161
0.160
0.165
0.169
0.170
0.123
0.159
0.158
0.172
0.171
0.196
0.203
0.165
0.168
0.161
0.169
0.136
0.159
0.163
0.162
0.165
0.165
0.166
0.167
0.171
0.157
0.191
0.172
0.156
0.158
0.161
0.162
0.161
0.168
0.164
0.164
0.162
0.164
0.166
0.134
0.161
0.161
0.166
0.166
0.165
0.168
0.162
0.154
0.164
0.169
0.124
0.158
0.156
0.171
0.163
0.162
0.163
0.173
0.168
0.170
0.164
0.159
0.157
0.159
0.171
0.161
0.161
0.164
0.164
0.168
0.192
0.192
0.169
0.148
0.159
0.120
0.166
0.168
0.164
0.179
0.160
0.165
0.167
0.165
0.125
0.157
0.162
0.169
0.164
0.165
0.164
0.156
0.160
0.177
0.174
0.164
0.156
0.157
0.164
0.166
0.166
0.161
0.165
0.164
0.160
0.167
0.164
0.131
0.156
0.165
0.170
0.167
0.165
0.164
0.166
0.165
0.175
0.180
0.136
0.155
0.148
0.134
0.169
0.173
0.169
0.161
0.162
0.170
0.168
0.164
0.157
0.155
0.168
0.169
0.165
0.176
0.164
0.170
0.163
0.186
0.186
0.164
0.156
0.172
0.172
0.162
0.170
0.167
0.164
0.156
0.163
0.170
0.154
0.162
0.163
0.161
0.158
0.173
0.162
0.165
0.165
0.164
0.164
0.156
0.156
0.168
0.185
0.165
0.161
0.168
0.163
0.166
0.164
0.164
0.168
0.154
0.163
0.176
0.165
0.165
0.161
0.165
0.168
0.168
0.167
0.161
0.127
0.158
0.160
0.168
0.172
0.190
0.165
0.169
0.167
0.170
0.179
0.169
0.156
0.162
0.169
0.169
0.167
0.155
0.165
0.163
0.171
0.174
0.168
0.154
0.167
0.193
0.167
0.160
0.171
0.160
0.169
0.163
0.156
0.172
0.157
0.153
0.167
0.163
0.165
0.166
0.171
0.163
0.169
0.173
0.168
0.133
0.156
0.156
0.167
0.193
0.166
0.168
0.161
0.165
0.161
0.161
0.169
0.159
0.159
0.164
0.164
0.166
0.163
0.173
0.167
0.163
0.163
0.163
0.157
0.157
0.167
0.164
0.167
0.117
0.162
0.168
0.165
0.164
0.170
0.127
0.155
0.164
0.164
0.176
0.161
0.160
0.162
0.168
0.167
0.162
0.163
0.163
0.160
0.173
0.162
0.169
0.163
0.168
0.167
0.164
0.168
0.163
0.130
0.157
0.162
0.173
0.168
0.169
0.161
0.163
0.163
0.170
0.169
0.165
0.154
0.154
0.168
0.180
0.163
0.153
0.165
0.169
0.169
0.176
0.169
0.153
0.161
0.168
0.170
0.159
0.159
0.156
0.165
0.171
0.167
0.169
0.159
0.154
0.164
0.160
0.163
0.168
0.163
0.170
0.163
0.167
0.164
0.159
0.158
0.159
0.165
0.168
0.164
0.168
0.165
0.162
0.162
0.163
0.167
0.158
0.156
0.162
0.169
0.165
0.161
0.168
0.167
0.164
0.174
0.162
0.154
0.162
0.165
0.166
0.167
0.167
0.164
0.171
0.164
0.168
0.164
0.162
0.156
0.169
0.167
0.168
0.166
0.167
0.169
0.172
0.175
0.170
0.169
0.159
0.155
0.169
0.165
0.168
0.163
0.166
0.166
0.168
0.169
0.164
0.157
0.161
0.174
0.168
0.163
0.168
0.167
0.172
0.167
0.169
0.161
0.128
0.161
0.168
0.164
0.166
0.161
0.157
0.164
0.162
0.161
0.176
0.164
0.156
0.156
0.168
0.165
0.175
0.164
0.162
0.164
0.160
0.163
0.171
0.162
0.190
0.166
0.164
0.159
0.198
0.192
0.198
0.165
0.163
0.161
0.150
0.161
0.169
0.164
0.160
0.168
0.165
0.173
0.119
0.163
0.165
0.134
0.162
0.160
0.163
0.159
0.169
0.170
0.175
0.171
0.168
0.167
0.168
0.159
0.160
0.166
0.160
0.165
0.168
0.169
0.163
0.161
0.175
0.170
0.164
0.151
0.169
0.163
0.166
0.161
0.159
0.170
0.168
0.129
0.166
0.124
0.154
0.161
0.174
0.167
0.164
0.162
0.163
0.165
0.171
0.161
0.158
0.156
0.163
0.161
0.163
0.170
0.162
0.166
0.164
0.162
0.174
0.163
0.161
0.158
0.162
0.167
0.169
0.167
0.167
0.158
0.165
0.166
0.172
0.128
0.151
0.163
0.163
0.166
0.168
0.157
0.170
0.171
0.157
0.164
0.157
0.155
0.166
0.161
0.165
0.114
0.168
0.161
0.167
0.165
0.116
0.162
0.133
0.159
0.159
0.121
0.163
0.162
0.169
0.165
0.165
0.170
0.163
0.155
0.164
0.154
0.165
0.169
0.165
0.174
0.169
0.166
0.164
0.170
0.159
0.155
0.157
0.166
0.162
0.163
0.165
0.166
0.172
0.164
0.159
0.162
0.160
0.155
0.169
0.164
0.162
0.163
0.171
0.165
0.168
0.188
0.163
0.375
0.170
0.164
0.166
0.156
0.165
0.166
0.162
0.162
0.173
0.163
0.171
0.154
0.154
0.163
0.172
0.170
0.167
0.161
0.162
0.162
0.164
0.165
0.126
0.157
0.163
0.170
0.163
0.161
0.167
0.169
0.164
0.192
0.187
0.157
0.159
0.173
0.161
0.165
0.165
0.169
0.167
0.170
0.163
0.167
0.160
0.159
0.153
0.166
0.162
0.174
0.156
0.165
0.165
0.126
0.162
0.176
0.154
0.155
0.163
0.165
0.164
0.173
0.179
0.163
0.164
0.163
0.164
0.131
0.159
0.157
0.169
0.165
0.162
0.166
0.140
0.165
0.161
0.161
0.126
0.165
0.162
0.163
0.166
0.165
0.164
0.173
0.161
0.193
0.162
0.168
0.159
0.163
0.166
0.161
0.163
0.168
0.163
0.169
0.151
0.163
0.165
0.142
0.157
0.166
0.166
0.169
0.163
0.162
0.130
0.168
0.161
0.162
0.127
0.155
0.160
0.169
0.166
0.163
0.156
0.165
0.161
0.171
0.162
0.168
0.156
0.162
