0.167
0.190
0.189
0.168
0.157
0.161
0.168
0.161
0.156
0.175
0.165
0.159
0.167
0.127
0.164
0.154
0.201
0.163
0.171
0.156
0.162
0.168
0.170
0.168
0.171
0.161
0.168
0.174
0.163
0.161
0.146
0.173
0.162
0.391
0.165
0.164
0.163
0.166
0.169
0.167
0.162
0.163
0.166
0.164
0.165
0.166
0.161
0.126
0.171
0.169
0.162
0.173
0.161
0.159
0.168
0.156
0.164
0.163
0.165
0.160
0.158
0.169
0.160
0.168
0.144
0.163
0.180
0.162
0.166
0.162
0.154
0.170
0.180
0.163
0.157
0.166
0.161
0.164
0.186
0.161
0.162
0.159
0.165
0.164
0.187
0.182
0.171
0.164
0.165
0.169
0.166
0.164
0.164
0.165
0.163
0.176
0.171
0.167
0.158
0.171
0.169
0.164
0.165
0.163
0.160
0.170
0.164
0.164
0.164
0.163
0.151
0.177
0.161
0.169
0.165
0.159
0.133
0.185
0.164
0.163
0.164
0.157
0.164
0.168
0.163
0.169
0.173
0.156
0.164
0.169
0.169
0.164
0.160
0.164
0.155
0.177
0.163
0.174
0.161
0.159
0.166
0.165
0.160
0.163
0.161
0.168
0.161
0.168
0.167
0.156
0.165
0.158
0.170
0.167
0.121
0.157
0.173
0.161
0.166
0.170
0.162
0.156
0.173
0.166
0.169
0.167
0.160
0.160
0.169
0.173
0.164
0.170
0.150
0.168
0.171
0.168
0.164
0.164
0.156
0.163
0.166
0.168
0.171
0.164
0.161
0.168
0.173
0.163
0.166
0.165
0.165
0.163
0.178
0.178
0.145
0.161
0.167
0.166
0.171
0.161
0.161
0.168
0.157
0.166
0.167
0.164
0.157
0.164
0.157
0.161
0.167
0.137
0.159
0.168
0.167
0.160
0.170
0.156
0.169
0.168
0.165
0.168
0.174
0.161
0.163
0.169
0.165
0.164
0.138
0.160
0.168
0.172
0.160
0.164
0.154
0.141
0.164
0.168
0.165
0.159
0.159
0.168
0.181
0.158
0.175
0.146
0.164
0.165
0.164
0.171
0.163
0.156
0.170
0.157
0.165
0.159
0.163
0.159
0.174
0.160
0.163
0.173
0.153
0.156
0.172
0.159
0.165
0.166
0.158
0.169
0.169
0.170
0.117
0.172
0.157
0.169
0.172
0.162
0.167
0.130
0.161
0.174
0.172
0.166
0.167
0.157
0.164
0.162
0.173
0.166
0.160
0.167
0.165
0.164
0.170
0.164
0.127
0.173
0.163
0.166
0.171
0.157
0.157
0.168
0.164
0.162
0.168
0.162
0.160
0.169
0.159
0.168
0.165
0.129
0.160
0.161
0.169
0.162
0.171
0.160
0.161
0.167
0.172
0.164
0.169
0.157
0.164
0.186
0.166
0.166
0.131
0.168
0.162
0.173
0.192
0.164
0.162
0.167
0.166
0.169
0.162
0.156
0.160
0.169
0.166
0.165
0.168
0.154
0.169
0.168
0.167
0.169
0.170
0.157
0.169
0.158
0.167
0.173
0.162
0.159
0.166
0.165
0.164
0.169
0.153
0.162
0.169
0.159
0.169
0.169
0.154
0.163
0.168
0.157
0.163
0.187
0.161
0.162
0.170
0.156
0.166
0.166
0.167
0.167
0.171
0.162
0.170
0.156
0.167
0.161
0.212
0.164
0.168
0.165
0.164
0.171
0.175
0.157
0.138
0.165
0.165
0.167
0.168
0.170
0.163
0.165
0.165
0.161
0.171
0.161
0.153
0.179
0.170
0.164
0.172
0.158
0.165
0.178
0.167
0.163
0.164
0.161
0.169
0.172
0.161
0.162
0.177
0.156
0.167
0.164
0.169
0.165
0.157
0.165
0.165
0.166
0.170
0.183
0.160
0.168
0.165
0.175
0.161
0.171
0.161
0.164
0.164
0.165
0.162
0.151
0.167
0.167
0.170
0.159
0.174
0.157
0.169
0.186
0.157
0.173
0.145
0.162
0.173
0.172
0.161
0.167
0.158
0.161
0.165
0.194
0.192
0.172
0.156
0.164
0.168
0.163
0.164
0.135
0.157
0.165
0.165
0.171
0.162
0.166
0.165
0.162
0.173
0.171
0.168
0.160
0.167
0.171
0.167
0.169
0.127
0.158
0.158
0.183
0.166
0.164
0.157
0.177
0.187
0.163
0.168
0.168
0.161
0.167
0.164
0.156
0.166
0.153
0.132
0.169
0.183
0.173
0.172
0.198
0.165
0.168
0.116
0.164
0.167
0.155
0.156
0.150
0.171
0.161
0.159
0.156
0.171
0.167
0.161
0.165
0.161
0.164
0.169
0.165
0.164
0.167
0.163
0.165
0.173
0.168
0.171
0.144
0.172
0.165
0.164
0.171
0.163
0.158
0.170
0.163
0.162
0.170
0.167
0.157
0.173
0.174
0.178
0.172
0.140
0.156
0.169
0.153
0.166
0.171
0.156
0.163
0.171
0.166
0.161
0.165
0.156
0.191
0.172
0.173
0.162
0.133
0.164
0.171
0.176
0.169
0.157
0.157
0.165
0.166
0.164
0.164
0.161
0.162
0.162
0.163
0.170
0.160
0.160
0.199
0.168
0.163
0.171
0.155
0.154
0.168
0.163
0.162
0.170
0.161
0.155
0.169
0.163
0.165
0.165
0.340
0.190
0.163
0.170
0.162
0.170
0.158
0.164
0.161
0.169
0.164
0.170
0.153
0.163
0.164
0.169
0.171
0.158
0.163
0.169
0.162
0.165
0.159
0.161
0.153
0.164
0.173
0.158
0.176
0.154
0.163
0.166
0.167
0.163
0.155
0.172
0.166
0.162
0.168
0.168
0.157
0.170
0.162
0.171
0.171
0.170
0.160
0.173
0.164
0.166
0.171
0.153
0.168
0.165
0.168
0.164
0.167
0.154
0.163
0.173
0.164
0.162
0.167
0.154
0.160
0.168
0.163
0.167
0.161
0.164
0.164
0.170
0.163
0.165
0.157
0.170
0.157
0.183
0.165
0.141
0.160
0.164
0.172
0.170
0.164
0.158
0.168
0.164
0.166
0.191
0.173
0.171
0.172
0.163
0.163
0.170
0.144
0.157
0.169
0.168
0.173
0.167
0.155
0.168
0.189
0.171
0.172
0.166
0.160
0.165
0.170
0.160
0.170
0.135
0.168
0.167
0.169
0.192
0.165
0.158
0.164
0.167
0.168
0.149
0.166
0.169
0.165
0.170
0.169
0.162
0.128
0.168
0.169
0.168
0.166
0.169
0.156
0.168
0.165
0.165
0.161
0.170
0.162
0.169
0.187
0.166
0.160
0.136
0.162
0.191
0.162
0.161
0.166
0.156
0.161
0.168
0.169
0.166
0.179
0.156
0.171
0.165
0.176
0.173
0.149
0.160
0.162
0.166
0.163
0.167
0.160
0.164
0.153
0.167
0.162
0.164
0.161
0.166
0.166
0.168
0.163
0.138
0.183
0.163
0.162
0.170
0.166
0.155
0.166
0.161
0.163
0.166
0.164
0.156
0.173
0.170
0.169
0.165
0.129
0.164
0.164
0.169
0.161
0.172
0.154
0.164
0.179
0.167
0.155
0.170
0.153
0.173
0.165
0.164
0.161
0.135
0.174
0.165
0.175
0.162
0.173
0.161
0.161
0.165
0.166
0.166
0.164
0.161
0.163
0.165
0.170
0.164
0.128
0.172
0.166
0.168
0.167
0.163
0.160
0.165
0.164
0.161
0.168
0.170
0.159
0.171
0.166
0.169
0.170
0.131
0.164
0.172
0.169
0.167
0.166
0.156
0.168
0.162
0.163
0.162
0.169
0.153
0.165
0.173
0.161
0.167
0.162
0.164
0.164
0.169
0.161
0.163
0.155
0.165
0.172
0.167
0.166
0.163
0.163
0.166
0.164
0.162
0.162
0.161
0.159
0.168
0.165
0.166
0.160
0.162
0.168
0.168
0.170
0.169
0.162
0.156
0.166
0.162
0.132
0.166
0.154
0.162
0.167
0.161
0.165
0.166
0.161
0.164
0.168
0.165
0.165
0.174
0.157
0.163
0.166
0.169
0.166
0.166
0.180
0.173
0.168
0.164
0.161
0.160
0.163
0.164
0.169
0.165
0.144
0.166
0.169
0.157
0.165
0.166
0.154
0.169
0.173
0.154
0.170
0.167
0.161
0.168
0.161
0.169
0.158
0.162
0.156
0.169
0.168
0.153
0.171
0.161
0.164
0.168
0.166
0.167
0.168
0.153
0.164
0.188
0.170
0.165
0.146
0.153
0.184
0.173
0.164
0.162
0.159
0.151
0.169
0.171
0.161
0.164
0.161
0.164
0.164
0.185
0.163
0.127
0.159
0.164
0.161
0.168
0.167
0.161
0.172
