0.231
0.193
0.131
0.160
0.178
0.175
0.162
0.171
0.196
0.168
0.176
0.150
0.173
0.163
0.165
0.170
0.167
0.174
0.155
0.173
0.164
0.172
0.169
0.174
0.161
0.160
0.164
0.165
0.165
0.174
0.171
0.167
0.171
0.166
0.154
0.170
0.156
0.171
0.168
0.170
0.156
0.168
0.165
0.161
0.171
0.133
0.160
0.165
0.173
0.164
0.170
0.169
0.175
0.167
0.166
0.168
0.170
0.174
0.172
0.171
0.198
0.165
0.165
0.186
0.165
0.168
0.163
0.161
0.162
0.160
0.157
0.168
0.162
0.158
0.164
0.170
0.156
0.161
0.165
0.165
0.164
0.174
0.169
0.166
0.164
0.168
0.156
0.172
0.160
0.163
0.172
0.168
0.169
0.168
0.167
0.160
0.156
0.169
0.168
0.169
0.164
0.173
0.156
0.168
0.157
0.173
0.165
0.174
0.164
0.179
0.164
0.164
0.164
0.160
0.161
0.168
0.169
0.172
0.164
0.174
0.157
0.170
0.129
0.166
0.171
0.162
0.168
0.168
0.168
0.155
0.170
0.141
0.170
0.202
0.173
0.165
0.168
0.164
0.162
0.169
0.174
0.165
0.175
0.164
0.173
0.160
0.175
0.160
0.168
0.164
0.168
0.164
0.173
0.164
0.166
0.163
0.164
0.163
0.174
0.160
0.172
0.162
0.165
0.165
0.164
0.132
0.168
0.173
0.164
0.168
0.153
0.170
0.158
0.173
0.127
0.169
0.164
0.170
0.197
0.177
0.163
0.160
0.163
0.173
0.175
0.177
0.164
0.168
0.156
0.168
0.156
0.166
0.164
0.168
0.165
0.171
0.164
0.162
0.169
0.162
0.166
0.162
0.167
0.167
0.172
0.165
0.161
0.169
0.135
0.168
0.166
0.171
0.167
0.165
0.168
0.159
0.172
0.153
0.171
0.169
0.166
0.165
0.168
0.161
0.157
0.170
0.161
0.165
0.169
0.165
0.170
0.158
0.171
0.157
0.169
0.170
0.171
0.166
0.170
0.165
0.161
0.169
0.162
0.168
0.171
0.170
0.203
0.171
0.166
0.168
0.193
0.130
0.170
0.171
0.163
0.167
0.165
0.164
0.160
0.165
0.155
0.166
0.166
0.165
0.170
0.170
0.168
0.159
0.162
0.165
0.167
0.166
0.168
0.169
0.157
0.171
0.169
0.170
0.167
0.166
0.166
0.166
0.166
0.160
0.167
0.146
0.176
0.181
0.164
0.167
0.170
0.172
0.160
0.165
0.127
0.172
0.156
0.167
0.161
0.176
0.163
0.164
0.156
0.152
0.173
0.172
0.164
0.167
0.164
0.169
0.155
0.172
0.165
0.173
0.165
0.173
0.166
0.159
0.171
0.161
0.161
0.168
0.168
0.170
0.171
0.167
0.155
0.166
0.154
0.167
0.169
0.167
0.164
0.168
0.163
0.165
0.163
0.130
0.155
0.167
0.163
0.167
0.164
0.167
0.157
0.169
0.170
0.171
0.171
0.169
0.164
0.168
0.167
0.164
0.169
0.178
0.164
0.168
0.169
0.167
0.159
0.167
0.156
0.168
0.163
0.173
0.170
0.168
0.160
0.160
0.164
0.169
0.164
0.168
0.163
0.172
0.174
0.168
0.157
0.170
0.131
0.172
0.164
0.169
0.171
0.169
0.164
0.161
0.165
0.169
0.172
0.168
0.163
0.162
0.168
0.168
0.156
0.165
0.163
0.174
0.163
0.167
0.167
0.161
0.164
0.165
0.164
0.176
0.169
0.165
0.163
0.167
0.129
0.167
0.156
0.169
0.174
0.168
0.169
0.167
0.165
0.161
0.164
0.134
0.165
0.168
0.163
0.167
0.165
0.167
0.160
0.173
0.163
0.168
0.164
0.170
0.169
0.160
0.168
0.163
0.161
0.165
0.164
0.122
0.167
0.169
0.161
0.167
0.157
0.173
0.163
0.169
0.163
0.168
0.168
0.158
0.164
0.165
0.170
0.178
0.171
0.169
0.167
0.168
0.159
0.166
0.156
0.174
0.171
0.171
0.167
0.169
0.167
0.158
0.166
0.137
0.167
0.172
0.171
0.171
0.162
0.165
0.159
0.166
0.167
0.166
0.170
0.171
0.166
0.162
0.168
0.162
0.164
0.169
0.168
0.163
0.168
0.170
0.156
0.166
0.132
0.168
0.161
0.176
0.167
0.168
0.165
0.164
0.169
0.135
0.168
0.170
0.156
0.167
0.169
0.167
0.163
0.169
0.170
0.167
0.168
0.172
0.164
0.168
0.164
0.163
0.169
0.168
0.167
0.170
0.165
0.168
0.156
0.169
0.163
0.167
0.167
0.175
0.166
0.171
0.163
0.166
0.169
0.132
0.168
0.182
0.169
0.167
0.163
0.174
0.161
0.172
0.142
0.170
0.164
0.175
0.168
0.168
0.168
0.166
0.168
0.176
0.170
0.160
0.163
0.170
0.158
0.168
0.161
0.169
0.171
0.168
0.165
0.167
0.163
0.161
0.165
0.165
0.165
0.167
0.164
0.172
0.170
0.168
0.170
0.168
0.134
0.167
0.164
0.167
0.164
0.166
0.171
0.163
0.169
0.133
0.159
0.161
0.169
0.175
0.165
0.164
0.162
0.174
0.165
0.176
0.166
0.166
0.156
0.167
0.172
0.161
0.168
0.170
0.171
0.167
0.163
0.157
0.159
0.165
0.158
0.171
0.168
0.165
0.157
0.171
0.170
0.154
0.157
0.128
0.168
0.164
0.167
0.169
0.168
0.165
0.160
0.164
0.158
0.170
0.175
0.166
0.166
0.166
0.178
0.162
0.167
0.181
0.163
0.168
0.171
0.163
0.191
0.174
0.161
0.168
0.165
0.171
0.173
0.168
0.169
0.165
0.163
0.159
0.165
0.177
0.169
0.168
0.165
0.169
0.161
0.167
0.130
0.174
0.198
0.171
0.170
0.170
0.169
0.160
0.165
0.143
0.168
0.165
0.167
0.171
0.167
0.166
0.166
0.165
0.170
0.164
0.172
0.164
0.169
0.161
0.169
0.157
0.167
0.170
0.168
0.164
0.167
0.164
0.165
0.169
0.136
0.155
0.168
0.169
0.174
0.165
0.174
0.157
0.168
0.145
0.171
0.168
0.164
0.166
0.165
0.157
0.159
0.167
0.170
0.170
0.171
0.171
0.170
0.175
0.172
0.163
0.169
0.168
0.168
0.169
0.167
0.169
0.166
0.203
0.165
0.167
0.167
0.166
0.173
0.173
0.169
0.161
0.170
0.159
0.169
0.165
0.169
0.163
0.175
0.166
0.159
0.165
0.160
0.171
0.175
0.203
0.170
0.173
0.164
0.161
0.168
0.164
0.167
0.169
0.169
0.165
0.173
0.166
0.160
0.161
0.167
0.161
0.169
0.167
0.168
0.154
0.170
0.158
0.168
0.174
0.171
0.168
0.165
0.166
0.161
0.169
0.152
0.166
0.171
0.173
0.165
0.165
0.165
0.158
0.166
0.132
0.131
0.165
0.165
0.165
0.172
0.174
0.158
0.158
0.167
0.163
0.164
0.171
0.167
0.164
0.172
0.163
0.167
0.166
0.172
0.165
0.168
0.172
0.172
0.164
0.163
0.172
0.167
0.165
0.170
0.168
0.165
0.156
0.173
0.130
0.167
0.165
0.172
0.163
0.168
0.156
0.165
0.153
0.137
0.164
0.168
0.165
0.168
0.170
0.176
0.161
0.169
0.166
0.161
0.172
0.167
0.170
0.156
0.168
0.159
0.167
0.164
0.170
0.170
0.172
0.164
0.163
0.164
0.160
0.163
0.167
0.165
0.167
0.169
0.167
0.160
0.168
0.133
0.174
0.169
0.168
0.165
0.168
0.163
0.155
0.161
0.158
0.166
0.168
0.165
0.167
0.171
0.166
0.161
0.164
0.162
0.170
0.168
0.164
0.168
0.161
0.163
0.156
0.169
0.160
0.186
0.168
0.167
0.164
0.160
0.165
0.143
0.168
0.166
0.164
0.169
0.164
0.176
0.158
0.159
0.128
0.168
0.166
0.164
0.168
0.170
0.169
0.163
0.169
0.166
0.161
0.163
0.167
0.170
0.166
0.163
0.160
0.200
0.170
0.169
0.166
0.165
0.167
0.170
0.163
0.160
0.163
0.170
0.164
0.167
0.166
0.168
0.146
0.169
0.131
0.174
0.167
0.169
0.163
0.167
0.165
0.159
0.164
0.137
0.167
0.159
0.161
0.176
0.163
0.177
0.164
0.167
0.164
0.169
0.164
0.168
0.163
0.173
0.164
0.158
0.163
0.165
0.172
0.161
0.170
0.174
0.161
0.166
0.163
0.163
0.168
0.164
0.173
0.164
0.167
0.159
0.157
0.153
0.169
