0.305
0.162
0.194
0.150
0.167
0.155
0.159
0.154
0.156
0.157
0.165
0.148
0.160
0.154
0.160
0.154
0.158
0.171
0.137
0.154
0.157
0.157
0.155
0.153
0.158
0.150
0.155
0.122
0.162
0.171
0.158
0.154
0.156
0.142
0.155
0.159
0.150
0.147
0.157
0.141
0.159
0.142
0.123
0.154
0.157
0.149
0.165
0.157
0.165
0.156
0.160
0.152
0.157
0.158
0.156
0.155
0.174
0.183
0.160
0.187
0.151
0.158
0.157
0.154
0.160
0.161
0.159
0.123
0.161
0.157
0.158
0.153
0.204
0.142
0.157
0.151
0.158
0.152
0.162
0.146
0.163
0.156
0.158
0.156
0.156
0.160
0.154
0.152
0.163
0.153
0.151
0.154
0.155
0.153
0.148
0.158
0.157
0.157
0.159
0.150
0.157
0.121
0.158
0.155
0.156
0.145
0.158
0.158
0.157
0.151
0.160
0.155
0.162
0.154
0.159
0.154
0.152
0.151
0.163
0.158
0.162
0.159
0.155
0.154
0.151
0.163
0.150
0.154
0.156
0.171
0.161
0.154
0.161
0.159
0.158
0.118
0.160
0.151
0.163
0.151
0.159
0.158
0.158
0.181
0.156
0.153
0.164
0.159
0.124
0.155
0.125
0.158
0.187
0.156
0.153
0.153
0.170
0.154
0.151
0.157
0.161
0.155
0.154
0.151
0.158
0.161
0.161
0.164
0.158
0.150
0.162
0.144
0.158
0.147
0.161
0.159
0.163
0.149
0.158
0.152
0.158
0.158
0.176
0.157
0.151
0.150
0.110
0.196
0.152
0.187
0.157
0.149
0.150
0.156
0.153
0.142
0.158
0.183
0.160
0.156
0.155
0.159
0.161
0.147
0.159
0.151
0.160
0.150
0.158
0.158
0.462
0.153
0.160
0.159
0.122
0.378
0.164
0.147
0.124
0.157
0.289
0.158
0.150
0.153
0.159
0.167
0.154
0.152
0.166
0.154
0.090
0.187
0.177
0.118
0.159
0.081
0.156
0.146
0.159
0.156
0.087
0.148
0.193
0.156
0.159
0.144
0.157
0.151
0.158
0.146
0.163
0.153
0.159
0.151
0.159
0.160
0.159
0.162
0.146
0.158
0.159
0.154
0.159
0.153
0.116
0.154
0.158
0.162
0.151
0.159
0.168
0.153
0.155
0.159
0.160
0.154
0.162
0.156
0.152
0.134
0.159
0.156
0.163
0.146
0.181
0.154
0.160
0.147
0.164
0.151
0.164
0.146
0.160
0.164
0.145
0.152
0.164
0.155
0.157
0.153
0.164
0.152
0.151
0.156
0.161
0.157
0.152
0.151
0.158
0.154
0.159
0.155
0.158
0.134
0.164
0.159
0.163
0.178
0.157
0.154
0.159
0.146
0.182
0.154
0.158
0.149
0.114
0.158
0.158
0.161
0.160
0.158
0.155
0.157
0.156
0.159
0.151
0.156
0.160
0.185
0.150
0.154
0.149
0.159
0.163
0.153
0.159
0.146
0.162
0.151
0.158
0.151
0.163
0.153
0.156
0.146
0.159
0.152
0.157
0.152
0.150
0.155
0.132
0.154
0.158
0.159
0.152
0.152
0.164
0.148
0.153
0.143
0.159
0.157
0.151
0.151
0.160
0.154
0.164
0.154
0.164
0.147
0.161
0.155
0.160
0.150
0.162
0.145
0.161
0.144
0.159
0.157
0.163
0.154
0.158
0.159
0.131
0.158
0.161
0.157
0.157
0.153
0.157
0.155
0.151
0.155
0.158
0.151
0.160
0.160
0.157
0.154
0.154
0.155
0.148
0.145
0.162
0.151
0.149
0.143
0.159
0.154
0.157
0.145
0.162
0.158
0.159
0.155
0.164
0.150
0.122
0.154
0.158
0.153
0.151
0.155
0.164
0.155
0.157
0.155
0.158
0.156
0.155
0.158
0.149
0.126
0.151
0.156
0.159
0.151
0.160
0.154
0.159
0.179
0.159
0.155
0.161
0.151
0.159
0.157
0.164
0.158
0.158
0.153
0.147
0.156
0.158
0.158
0.116
0.164
0.169
0.161
0.154
0.154
0.158
0.157
0.161
0.154
0.159
0.143
0.165
0.150
0.166
0.148
0.171
0.154
0.159
0.143
0.158
0.153
0.165
0.151
0.161
0.161
0.135
0.157
0.163
0.160
0.151
0.169
0.168
0.153
0.151
0.155
0.155
0.154
0.160
0.187
0.151
0.150
0.158
0.159
0.150
0.151
0.162
0.154
0.157
0.148
0.159
0.152
0.158
0.151
0.152
0.161
0.155
0.159
0.163
0.153
0.157
0.169
0.157
0.154
0.150
0.153
0.155
0.151
0.154
0.152
0.158
0.153
0.152
0.155
0.170
0.156
0.156
0.154
0.172
0.153
0.158
0.160
0.164
0.150
0.176
0.159
0.159
0.147
0.150
0.153
0.162
0.151
0.163
0.156
0.122
0.154
0.156
0.152
0.152
0.156
0.156
0.186
0.151
0.154
0.157
0.160
0.156
0.153
0.160
0.152
0.158
0.148
0.162
0.148
0.162
0.179
0.167
0.147
0.168
0.157
0.165
0.142
0.159
0.153
0.152
0.145
0.154
0.156
0.155
0.158
0.159
0.152
0.152
0.146
0.152
0.157
0.153
0.151
0.164
0.155
0.166
0.151
0.161
0.122
0.159
0.161
0.153
0.145
0.159
0.153
0.159
0.144
0.158
0.153
0.157
0.145
0.157
0.152
0.157
0.159
0.160
0.156
0.151
0.159
0.157
0.154
0.149
0.158
0.160
0.154
0.151
0.151
0.157
0.158
0.157
0.153
0.159
0.120
0.165
0.150
0.159
0.144
0.162
0.153
0.163
0.146
0.156
0.153
0.159
0.156
0.168
0.157
0.144
0.194
0.163
0.159
0.150
0.153
0.159
0.156
0.151
0.152
0.158
0.158
0.150
0.154
0.158
0.148
0.160
0.154
0.157
0.148
0.159
0.160
0.157
0.146
0.161
0.154
0.155
0.145
0.163
0.151
0.157
0.153
0.163
0.153
0.183
0.159
0.159
0.153
0.148
0.155
0.159
0.152
0.152
0.157
0.166
0.153
0.162
0.155
0.162
0.146
0.159
0.154
0.166
0.146
0.167
0.151
0.161
0.145
0.157
0.151
0.162
0.151
0.157
0.154
0.156
0.153
0.163
0.159
0.119
0.149
0.166
0.155
0.182
0.157
0.182
0.159
0.156
0.154
0.161
0.156
0.164
0.157
0.164
0.115
0.181
0.153
0.164
0.146
0.161
0.155
0.162
0.143
0.169
0.147
0.151
0.150
0.159
0.156
0.164
0.158
0.150
0.155
0.152
0.154
0.162
0.160
0.152
0.157
0.160
0.159
0.153
0.187
0.167
0.153
0.155
0.153
0.160
0.154
0.162
0.157
0.151
0.145
0.163
0.155
0.157
0.164
0.156
0.161
0.158
0.157
0.156
0.362
0.154
0.158
0.156
0.159
0.152
0.159
0.161
0.151
0.151
0.154
0.163
0.157
0.169
0.158
0.158
0.159
0.162
0.155
0.154
0.365
0.159
0.151
0.160
0.145
0.158
0.153
0.158
0.149
0.162
0.159
0.156
0.155
0.159
0.158
0.130
0.152
0.157
0.155
0.116
0.154
0.156
0.155
0.147
0.157
0.159
0.153
0.152
0.149
0.158
0.153
0.163
0.153
0.157
0.129
0.166
0.156
0.159
0.145
0.159
0.154
0.157
0.155
0.184
0.146
0.158
0.153
0.162
0.151
0.132
0.159
0.171
0.144
0.148
0.157
0.161
0.154
0.151
0.143
0.162
0.156
0.149
0.153
0.155
0.151
0.158
0.159
0.159
0.146
0.165
0.154
0.161
0.150
0.155
0.157
0.161
0.144
0.160
0.153
0.165
0.158
0.156
0.154
0.117
0.158
0.162
0.159
0.156
0.151
0.169
0.153
0.151
0.154
0.161
0.148
0.152
0.151
0.160
0.144
0.130
0.160
0.161
0.147
0.153
0.151
0.158
0.143
0.157
0.125
0.161
0.148
0.165
0.154
0.157
0.153
0.168
0.154
0.123
0.156
0.151
0.155
0.152
0.158
0.155
0.158
0.154
0.151
0.166
0.153
0.164
0.153
0.158
0.117
0.165
0.160
0.162
0.143
0.162
0.154
0.164
0.155
0.164
0.158
0.160
0.147
0.165
0.185
0.161
0.157
0.158
0.154
0.150
0.153
0.159
0.155
0.153
0.146
0.156
0.410
0.154
0.156
0.156
0.153
0.172
0.152
0.158
0.123
0.165
0.155
0.159
0.146
0.156
0.153
0.160
0.145
0.158
0.149
0.158
0.146
0.162
0.154
0.162
0.152
0.108
0.153
0.150
0.158
0.162
0.152
