0.212
0.190
0.169
0.172
0.166
0.159
0.122
0.169
0.169
0.169
0.169
0.163
0.171
0.167
0.173
0.162
0.172
0.170
0.159
0.165
0.166
0.157
0.160
0.162
0.168
0.165
0.169
0.163
0.172
0.152
0.164
0.166
0.162
0.173
0.168
0.155
0.161
0.173
0.155
0.166
0.163
0.165
0.169
0.166
0.163
0.165
0.137
0.168
0.162
0.160
0.163
0.161
0.158
0.167
0.163
0.165
0.164
0.165
0.161
0.170
0.164
0.165
0.157
0.128
0.171
0.163
0.164
0.167
0.161
0.167
0.166
0.172
0.156
0.170
0.163
0.167
0.170
0.173
0.171
0.167
0.126
0.168
0.163
0.176
0.169
0.165
0.157
0.173
0.166
0.159
0.163
0.167
0.167
0.167
0.163
0.173
0.167
0.164
0.178
0.170
0.154
0.168
0.165
0.163
0.162
0.176
0.168
0.167
0.160
0.409
0.162
0.168
0.170
0.165
0.160
0.165
0.170
0.165
0.175
0.167
0.154
0.168
0.156
0.166
0.164
0.163
0.172
0.164
0.169
0.169
0.165
0.162
0.167
0.162
0.160
0.161
0.168
0.163
0.169
0.164
0.165
0.171
0.170
0.175
0.179
0.171
0.167
0.163
0.163
0.164
0.165
0.155
0.173
0.183
0.157
0.166
0.171
0.164
0.171
0.168
0.171
0.465
0.175
0.168
0.168
0.153
0.362
0.171
0.158
0.163
0.172
0.196
0.174
0.164
0.176
0.161
0.096
0.166
0.174
0.134
0.166
0.093
0.160
0.162
0.174
0.163
0.105
0.168
0.155
0.168
0.162
0.159
0.165
0.166
0.167
0.165
0.165
0.168
0.162
0.165
0.165
0.160
0.156
0.170
0.166
0.159
0.162
0.173
0.172
0.178
0.162
0.176
0.156
0.133
0.164
0.165
0.168
0.165
0.174
0.162
0.168
0.168
0.166
0.166
0.166
0.167
0.164
0.165
0.167
0.166
0.159
0.167
0.171
0.161
0.176
0.169
0.168
0.169
0.177
0.171
0.169
0.168
0.169
0.164
0.171
0.158
0.167
0.157
0.172
0.166
0.157
0.162
0.168
0.154
0.164
0.162
0.175
0.202
0.167
0.167
0.166
0.166
0.167
0.178
0.164
0.130
0.169
0.155
0.178
0.164
0.162
0.165
0.172
0.169
0.175
0.167
0.169
0.169
0.168
0.163
0.171
0.155
0.173
0.158
0.160
0.166
0.168
0.156
0.166
0.174
0.177
0.165
0.175
0.178
0.170
0.144
0.165
0.161
0.157
0.171
0.167
0.162
0.166
0.165
0.165
0.168
0.202
0.174
0.167
0.168
0.166
0.167
0.129
0.174
0.169
0.158
0.162
0.168
0.153
0.169
0.163
0.180
0.177
0.197
0.166
0.163
0.174
0.169
0.164
0.136
0.171
0.165
0.160
0.166
0.166
0.155
0.167
0.169
0.156
0.166
0.163
0.163
0.166
0.166
0.172
0.196
0.135
0.170
0.174
0.163
0.169
0.166
0.162
0.164
0.171
0.170
0.167
0.166
0.165
0.165
0.129
0.173
0.169
0.131
0.171
0.162
0.160
0.164
0.179
0.174
0.164
0.164
0.168
0.161
0.171
0.165
0.169
0.165
0.163
0.169
0.155
0.171
0.166
0.157
0.177
0.166
0.161
0.171
0.168
0.166
0.165
0.173
0.166
0.174
0.159
0.165
0.165
0.135
0.172
0.166
0.156
0.159
0.165
0.178
0.166
0.168
0.174
0.165
0.170
0.164
0.163
0.166
0.169
0.167
0.167
0.165
0.167
0.163
0.157
0.167
0.165
0.179
0.165
0.206
0.169
0.166
0.170
0.172
0.137
0.169
0.160
0.161
0.168
0.167
0.157
0.163
0.165
0.159
0.162
0.172
0.162
0.172
0.168
0.170
0.163
0.130
0.164
0.168
0.120
0.174
0.161
0.164
0.167
0.173
0.162
0.166
0.165
0.184
0.164
0.181
0.154
0.168
0.150
0.165
0.164
0.165
0.160
0.167
0.169
0.173
0.163
0.170
0.167
0.161
0.164
0.165
0.156
0.167
0.164
0.130
0.159
0.171
0.160
0.162
0.168
0.160
0.173
0.164
0.169
0.171
0.171
0.164
0.173
0.167
0.124
0.163
0.140
0.164
0.173
0.168
0.169
0.169
0.158
0.162
0.168
0.165
0.174
0.159
0.166
0.164
0.171
0.166
0.168
0.159
0.168
0.162
0.167
0.165
0.168
0.158
0.160
0.165
0.173
0.164
0.172
0.166
0.168
0.165
0.172
0.157
0.156
0.167
0.174
0.157
0.178
0.168
0.162
0.165
0.165
0.171
0.119
0.166
0.159
0.163
0.164
0.168
0.167
0.164
0.167
0.166
0.159
0.164
0.167
0.169
0.166
0.159
0.167
0.163
0.164
0.164
0.167
0.147
0.173
0.163
0.162
0.165
0.171
0.162
0.163
0.172
0.157
0.165
0.165
0.166
0.165
0.165
0.170
0.164
0.133
0.166
0.164
0.158
0.166
0.169
0.160
0.156
0.118
0.178
0.169
0.162
0.164
0.167
0.164
0.170
0.174
0.127
0.176
0.171
0.179
0.170
0.170
0.158
0.178
0.161
0.162
0.164
0.173
0.166
0.166
0.164
0.168
0.208
0.135
0.158
0.173
0.161
0.173
0.163
0.180
0.165
0.168
0.168
0.169
0.160
0.169
0.162
0.157
0.166
0.171
0.147
0.170
0.167
0.124
0.162
0.156
0.159
0.173
0.172
0.166
0.164
0.166
0.163
0.168
0.166
0.168
0.162
0.131
0.165
0.169
0.164
0.170
0.165
0.159
0.162
0.167
0.166
0.166
0.172
0.164
0.171
0.162
0.168
0.157
0.180
0.165
0.164
0.156
0.168
0.164
0.165
0.162
0.171
0.164
0.165
0.169
0.165
0.164
0.165
0.157
0.173
0.153
0.173
0.166
0.174
0.197
0.177
0.153
0.173
0.164
0.173
0.165
0.168
0.166
0.162
0.162
0.175
0.169
0.159
0.165
0.175
0.158
0.173
0.168
0.161
0.164
0.175
0.164
0.170
0.210
0.169
0.163
0.132
0.136
0.170
0.156
0.169
0.169
0.160
0.120
0.162
0.157
0.169
0.170
0.169
0.166
0.154
0.168
0.155
0.157
0.164
0.173
0.189
0.173
0.169
0.160
0.162
0.161
0.156
0.165
0.168
0.167
0.166
0.172
0.173
0.168
0.128
0.172
0.164
0.158
0.162
0.166
0.156
0.177
0.153
0.173
0.164
0.172
0.165
0.165
0.171
0.172
0.170
0.155
0.163
0.168
0.159
0.170
0.164
0.163
0.168
0.168
0.166
0.168
0.165
0.172
0.172
0.171
0.166
0.172
0.129
0.172
0.160
0.163
0.163
0.170
0.155
0.163
0.168
0.165
0.168
0.171
0.164
0.172
0.164
0.169
0.162
0.165
0.170
0.171
0.167
0.167
0.168
0.164
0.171
0.174
0.170
0.168
0.169
0.166
0.168
0.165
0.165
0.171
0.160
0.168
0.166
0.157
0.163
0.166
0.169
0.166
0.174
0.178
0.158
0.164
0.166
0.169
0.168
0.171
0.196
0.155
0.169
0.168
0.158
0.173
0.177
0.161
0.127
0.165
0.165
0.164
0.171
0.164
0.168
0.163
0.163
0.170
0.158
0.173
0.166
0.161
0.169
0.171
0.173
0.172
0.172
0.169
0.165
0.166
0.165
0.166
0.130
0.165
0.169
0.165
0.162
0.169
0.159
0.167
0.165
0.161
0.156
0.169
0.176
0.171
0.163
0.175
0.170
0.173
0.163
0.166
0.162
0.174
0.154
0.165
0.161
0.167
0.169
0.166
0.164
0.170
0.163
0.168
0.161
0.167
0.124
0.169
0.163
0.168
0.202
0.173
0.156
0.169
0.161
0.160
0.165
0.205
0.170
0.163
0.163
0.165
0.165
0.133
0.174
0.175
0.154
0.168
0.169
0.165
0.170
0.158
0.164
0.168
0.165
0.168
0.162
0.183
0.167
0.172
0.127
0.178
0.165
0.159
0.171
0.168
0.159
0.170
0.165
0.169
0.164
0.168
0.167
0.167
0.169
0.170
0.163
0.161
0.163
0.172
0.157
0.166
0.165
0.164
0.163
0.157
0.162
0.167
0.169
0.199
0.169
0.149
0.164
0.170
0.158
0.173
0.161
0.165
0.160
0.172
0.156
0.171
0.164
0.168
0.170
0.174
0.162
0.172
0.163
0.172
0.165
0.159
0.164
0.166
0.156
0.168
0.167
0.176
0.165
0.170
0.165
0.168
0.166
0.169
0.164
0.137
0.165
0.174
0.155
0.165
0.170
