0.216
0.188
0.187
0.158
0.186
0.148
0.191
0.143
0.159
0.152
0.159
0.147
0.160
0.156
0.152
0.163
0.155
0.150
0.157
0.158
0.159
0.156
0.152
0.156
0.158
0.153
0.155
0.149
0.151
0.153
0.158
0.157
0.144
0.164
0.144
0.159
0.161
0.143
0.155
0.147
0.154
0.162
0.148
0.159
0.151
0.152
0.155
0.144
0.162
0.140
0.131
0.154
0.148
0.154
0.163
0.151
0.149
0.162
0.160
0.155
0.159
0.158
0.148
0.164
0.150
0.153
0.180
0.144
0.154
0.156
0.152
0.158
0.152
0.146
0.148
0.164
0.154
0.144
0.157
0.149
0.153
0.166
0.143
0.155
0.121
0.156
0.159
0.153
0.153
0.152
0.153
0.159
0.148
0.160
0.153
0.159
0.154
0.148
0.152
0.157
0.157
0.115
0.156
0.154
0.150
0.166
0.151
0.144
0.157
0.153
0.155
0.156
0.148
0.146
0.157
0.155
0.155
0.149
0.136
0.151
0.160
0.154
0.144
0.151
0.155
0.153
0.156
0.147
0.151
0.161
0.145
0.151
0.148
0.160
0.157
0.122
0.156
0.143
0.164
0.143
0.159
0.112
0.158
0.157
0.157
0.153
0.159
0.149
0.157
0.155
0.163
0.151
0.115
0.158
0.150
0.154
0.157
0.143
0.145
0.161
0.155
0.153
0.157
0.156
0.144
0.162
0.159
0.143
0.156
0.116
0.159
0.163
0.150
0.155
0.157
0.145
0.159
0.149
0.155
0.144
0.163
0.150
0.147
0.160
0.143
0.158
0.150
0.152
0.186
0.188
0.163
0.167
0.158
0.181
0.173
0.158
0.152
0.147
0.152
0.146
0.154
0.161
0.149
0.146
0.154
0.149
0.153
0.148
0.153
0.145
0.161
0.157
0.151
0.161
0.147
0.148
0.159
0.149
0.158
0.155
0.146
0.151
0.149
0.153
0.150
0.156
0.150
0.152
0.159
0.154
0.154
0.154
0.116
0.139
0.161
0.150
0.158
0.156
0.181
0.153
0.157
0.151
0.144
0.153
0.157
0.357
0.158
0.147
0.147
0.157
0.317
0.155
0.156
0.150
0.149
0.399
0.151
0.147
0.157
0.156
0.148
0.186
0.153
0.153
0.153
0.147
0.183
0.148
0.163
0.153
0.163
0.174
0.151
0.163
0.152
0.154
0.185
0.150
0.159
0.158
0.160
0.157
0.120
0.148
0.153
0.160
0.151
0.151
0.154
0.152
0.159
0.151
0.152
0.153
0.146
0.155
0.158
0.156
0.152
0.120
0.157
0.154
0.148
0.153
0.150
0.145
0.160
0.107
0.159
0.179
0.153
0.177
0.161
0.149
0.151
0.152
0.105
0.149
0.134
0.158
0.153
0.158
0.145
0.158
0.162
0.148
0.163
0.148
0.146
0.156
0.158
0.154
0.110
0.121
0.148
0.159
0.163
0.148
0.160
0.156
0.154
0.153
0.149
0.158
0.149
0.150
0.150
0.121
0.148
0.154
0.115
0.155
0.144
0.156
0.181
0.154
0.149
0.149
0.155
0.154
0.160
0.150
0.145
0.164
0.154
0.147
0.159
0.114
0.154
0.162
0.157
0.156
0.149
0.148
0.152
0.162
0.163
0.149
0.158
0.146
0.143
0.164
0.151
0.158
0.148
0.159
0.152
0.149
0.155
0.158
0.151
0.153
0.144
0.160
0.149
0.154
0.149
0.143
0.156
0.159
0.150
0.115
0.161
0.154
0.147
0.158
0.152
0.152
0.158
0.157
0.153
0.155
0.147
0.150
0.154
0.145
0.172
0.160
0.132
0.153
0.160
0.156
0.149
0.159
0.141
0.154
0.155
0.150
0.152
0.164
0.146
0.158
0.150
0.153
0.151
0.150
0.155
0.143
0.151
0.157
0.149
0.146
0.144
0.159
0.154
0.154
0.145
0.148
0.153
0.151
0.161
0.155
0.152
0.155
0.152
0.149
0.158
0.148
0.145
0.160
0.147
0.157
0.158
0.151
0.139
0.158
0.168
0.144
0.158
0.145
0.156
0.156
0.149
0.150
0.163
0.150
0.152
0.147
0.155
0.152
0.141
0.144
0.153
0.160
0.154
0.153
0.151
0.156
0.158
0.168
0.155
0.153
0.151
0.157
0.154
0.158
0.151
0.122
0.163
0.182
0.161
0.157
0.143
0.142
0.184
0.153
0.161
0.148
0.162
0.152
0.164
0.151
0.147
0.165
0.125
0.146
0.157
0.144
0.153
0.155
0.146
0.157
0.154
0.156
0.151
0.158
0.145
0.154
0.159
0.143
0.156
0.154
0.146
0.159
0.159
0.153
0.152
0.152
0.162
0.152
0.158
0.159
0.147
0.151
0.149
0.154
0.160
0.146
0.117
0.149
0.154
0.151
0.150
0.162
0.143
0.157
0.152
0.147
0.157
0.162
0.150
0.161
0.152
0.151
0.155
0.115
0.143
0.152
0.160
0.148
0.158
0.144
0.152
0.165
0.144
0.155
0.159
0.143
0.151
0.162
0.154
0.152
0.141
0.152
0.151
0.158
0.154
0.145
0.152
0.154
0.158
0.163
0.160
0.154
0.160
0.155
0.152
0.152
0.154
0.120
0.165
0.142
0.146
0.159
0.153
0.146
0.176
0.144
0.158
0.157
0.157
0.143
0.148
0.154
0.150
0.152
0.116
0.151
0.165
0.155
0.159
0.156
0.156
0.155
0.161
0.154
0.156
0.149
0.149
0.154
0.166
0.154
0.144
0.153
0.156
0.158
0.156
0.144
0.159
0.150
0.154
0.151
0.159
0.159
0.150
0.156
0.156
0.142
0.159
0.151
0.151
0.161
0.148
0.159
0.159
0.159
0.144
0.157
0.153
0.153
0.159
0.158
0.142
0.158
0.148
0.160
0.158
0.123
0.154
0.158
0.160
0.174
0.149
0.150
0.154
0.164
0.169
0.143
0.164
0.148
0.159
0.157
0.144
0.156
0.135
0.154
0.159
0.148
0.157
0.150
0.149
0.152
0.143
0.155
0.150
0.159
0.149
0.152
0.160
0.160
0.157
0.146
0.162
0.160
0.148
0.159
0.153
0.147
0.159
0.152
0.159
0.159
0.147
0.146
0.156
0.154
0.155
0.148
0.146
0.152
0.157
0.155
0.148
0.165
0.149
0.160
0.166
0.148
0.159
0.162
0.147
0.152
0.148
0.154
0.149
0.155
0.153
0.143
0.158
0.159
0.156
0.165
0.157
0.157
0.156
0.155
0.174
0.150
0.159
0.154
0.155
0.151
0.148
0.162
0.157
0.158
0.158
0.148
0.145
0.156
0.155
0.151
0.156
0.121
0.150
0.159
0.155
0.143
0.162
0.144
0.158
0.159
0.142
0.156
0.154
0.149
0.135
0.150
0.156
0.143
0.122
0.145
0.145
0.156
0.154
0.152
0.151
0.151
0.154
0.160
0.155
0.156
0.156
0.153
0.148
0.158
0.155
0.114
0.149
0.156
0.158
0.149
0.145
0.148
0.158
0.153
0.152
0.148
0.145
0.147
0.160
0.153
0.146
0.154
0.135
0.149
0.159
0.153
0.162
0.161
0.149
0.154
0.157
0.176
0.172
0.161
0.155
0.149
0.159
0.156
0.153
0.141
0.152
0.154
0.164
0.156
0.154
0.149
0.154
0.158
0.155
0.154
0.149
0.148
0.149
0.151
0.157
0.144
0.116
0.156
0.159
0.160
0.154
0.152
0.146
0.165
0.154
0.142
0.157
0.157
0.151
0.166
0.155
0.175
0.176
0.151
0.153
0.156
0.155
0.157
0.159
0.146
0.153
0.163
0.140
0.156
0.155
0.145
0.152
0.450
0.157
0.152
0.124
0.159
0.404
0.166
0.156
0.144
0.151
0.377
0.164
0.160
0.143
0.154
0.288
0.155
0.158
0.148
0.157
0.178
0.158
0.154
0.144
0.158
0.140
0.160
0.161
0.149
0.149
0.092
0.157
0.143
0.149
0.161
0.081
0.158
0.117
0.156
0.162
0.080
0.158
0.162
0.149
0.160
0.086
0.153
0.157
0.151
0.148
0.085
0.162
0.153
0.148
0.152
0.146
0.158
0.148
0.143
0.148
0.150
0.186
0.147
0.167
0.157
0.146
0.154
0.153
0.148
0.160
0.145
0.161
0.155
0.155
0.176
0.190
0.154
0.150
0.156
0.154
0.144
0.159
0.158
0.144
0.162
0.150
0.158
0.159
0.144
0.154
0.146
0.159
0.155
0.148
0.149
0.150
0.163
0.152
0.148
0.163
0.154
0.157
0.164
0.146
0.159
0.154
0.164
0.157
0.148
0.160
0.156
0.156
0.157
0.149
0.163
0.155
0.128
0.150
0.146
0.153
0.163
