0.221
0.198
0.198
0.193
0.198
0.197
0.197
0.192
0.172
0.176
0.166
0.176
0.164
0.172
0.170
0.145
0.179
0.161
0.179
0.173
0.163
0.199
0.162
0.169
0.170
0.171
0.198
0.202
0.171
0.170
0.162
0.172
0.130
0.171
0.161
0.174
0.157
0.166
0.169
0.161
0.187
0.171
0.189
0.161
0.173
0.173
0.157
0.166
0.174
0.133
0.182
0.162
0.168
0.159
0.172
0.169
0.171
0.180
0.169
0.158
0.172
0.171
0.184
0.175
0.168
0.174
0.161
0.193
0.168
0.170
0.162
0.199
0.171
0.176
0.167
0.171
0.175
0.190
0.173
0.168
0.174
0.166
0.123
0.161
0.205
0.170
0.315
0.158
0.173
0.161
0.172
0.170
0.202
0.173
0.167
0.174
0.169
0.198
0.147
0.169
0.166
0.181
0.158
0.167
0.165
0.170
0.205
0.170
0.168
0.165
0.165
0.170
0.169
0.169
0.170
0.152
0.169
0.167
0.165
0.160
0.176
0.168
0.168
0.180
0.160
0.201
0.168
0.203
0.172
0.169
0.176
0.203
0.166
0.176
0.160
0.171
0.157
0.170
0.159
0.172
0.174
0.206
0.171
0.169
0.178
0.169
0.177
0.166
0.168
0.160
0.171
0.159
0.170
0.164
0.169
0.187
0.197
0.180
0.168
0.169
0.169
0.159
0.167
0.168
0.169
0.182
0.146
0.170
0.166
0.171
0.163
0.166
0.186
0.165
0.170
0.162
0.169
0.183
0.170
0.170
0.182
0.180
0.172
0.161
0.167
0.162
0.180
0.195
0.170
0.168
0.166
0.156
0.171
0.174
0.168
0.165
0.188
0.166
0.133
0.166
0.170
0.176
0.164
0.170
0.166
0.168
0.166
0.168
0.168
0.167
0.174
0.171
0.166
0.168
0.169
0.131
0.170
0.160
0.173
0.209
0.204
0.203
0.202
0.169
0.165
0.169
0.168
0.173
0.168
0.165
0.171
0.164
0.160
0.168
0.159
0.175
0.190
0.184
0.168
0.159
0.201
0.195
0.200
0.167
0.163
0.171
0.174
0.173
0.168
0.162
0.172
0.178
0.181
0.160
0.174
0.169
0.167
0.182
0.179
0.169
0.175
0.199
0.167
0.173
0.170
0.168
0.191
0.197
0.160
0.167
0.157
0.171
0.185
0.165
0.173
0.159
0.201
0.166
0.168
0.167
0.165
0.135
0.169
0.160
0.171
0.182
0.168
0.164
0.160
0.164
0.173
0.170
0.173
0.166
0.175
0.186
0.180
0.166
0.169
0.174
0.159
0.197
0.164
0.173
0.161
0.169
0.197
0.166
0.170
0.167
0.160
0.171
0.167
0.170
0.167
0.135
0.170
0.157
0.169
0.178
0.173
0.198
0.201
0.173
0.169
0.182
0.170
0.169
0.166
0.170
0.170
0.161
0.175
0.167
0.161
0.171
0.158
0.185
0.167
0.178
0.193
0.205
0.188
0.173
0.168
0.161
0.151
0.165
0.169
0.158
0.190
0.174
0.157
0.159
0.169
0.160
0.164
0.167
0.167
0.165
0.167
0.167
0.169
0.169
0.173
0.171
0.190
0.173
0.160
0.176
0.165
0.165
0.167
0.168
0.168
0.178
0.174
0.163
0.161
0.166
0.171
0.194
0.171
0.167
0.170
0.166
0.171
0.158
0.169
0.170
0.166
0.166
0.167
0.168
0.169
0.177
0.167
0.172
0.135
0.166
0.165
0.162
0.186
0.172
0.168
0.166
0.168
0.177
0.169
0.163
0.173
0.167
0.170
0.172
0.172
0.166
0.171
0.175
0.168
0.159
0.184
0.196
0.189
0.179
0.167
0.165
0.199
0.174
0.167
0.169
0.158
0.168
0.160
0.174
0.161
0.167
0.191
0.168
0.172
0.170
0.166
0.166
0.171
0.159
0.169
0.166
0.172
0.145
0.168
0.125
0.171
0.165
0.206
0.160
0.175
0.173
0.165
0.167
0.172
0.160
0.171
0.169
0.170
0.159
0.140
0.169
0.159
0.176
0.160
0.171
0.167
0.197
0.205
0.389
0.167
0.166
0.161
0.165
0.173
0.167
0.174
0.132
0.170
0.161
0.172
0.163
0.167
0.168
0.164
0.167
0.167
0.165
0.189
0.171
0.176
0.170
0.168
0.168
0.134
0.166
0.171
0.195
0.162
0.171
0.169
0.173
0.173
0.171
0.168
0.166
0.174
0.202
0.120
0.169
0.162
0.186
0.167
0.158
0.168
0.170
0.163
0.200
0.183
0.173
0.165
0.174
0.169
0.170
0.171
0.173
0.173
0.173
0.157
0.172
0.161
0.166
0.158
0.167
0.168
0.169
0.170
0.162
0.170
0.174
0.177
0.167
0.187
0.137
0.172
0.160
0.169
0.200
0.168
0.165
0.170
0.171
0.165
0.165
0.168
0.170
0.168
0.166
0.166
0.172
0.169
0.169
0.158
0.167
0.162
0.178
0.167
0.172
0.165
0.176
0.170
0.177
0.168
0.165
0.179
0.161
0.173
0.179
0.186
0.167
0.168
0.163
0.171
0.168
0.159
0.166
0.166
0.169
0.472
0.172
0.163
0.167
0.201
0.321
0.133
0.171
0.162
0.167
0.103
0.166
0.122
0.161
0.168
0.097
0.168
0.165
0.172
0.203
0.175
0.168
0.169
0.184
0.170
0.162
0.168
0.168
0.172
0.167
0.167
0.201
0.172
0.179
0.200
0.171
0.161
0.167
0.154
0.169
0.164
0.167
0.163
0.171
0.159
0.168
0.206
0.161
0.170
0.177
0.168
0.178
0.162
0.169
0.166
0.130
0.177
0.162
0.170
0.161
0.207
0.165
0.168
0.180
0.168
0.166
0.174
0.173
0.167
0.168
0.209
0.167
0.137
0.170
0.160
0.199
0.161
0.172
0.190
0.165
0.165
0.168
0.169
0.171
0.203
0.174
0.170
0.170
0.169
0.157
0.166
0.158
0.172
0.162
0.139
0.169
0.173
0.161
0.166
0.162
0.192
0.175
0.196
0.182
0.149
0.196
0.163
0.196
0.189
0.199
0.197
0.170
0.190
0.201
0.202
0.197
0.170
0.180
0.173
0.179
0.210
0.176
0.170
0.161
0.169
0.158
0.171
0.159
0.182
0.172
0.166
0.156
0.169
0.166
0.180
0.178
0.173
0.179
0.133
0.177
0.160
0.161
0.159
0.167
0.157
0.177
0.173
0.187
0.173
0.168
0.178
0.162
0.165
0.168
0.185
0.142
0.172
0.161
0.197
0.157
0.176
0.166
0.168
0.170
0.173
0.166
0.171
0.172
0.165
0.172
0.164
0.169
0.133
0.165
0.162
0.165
0.165
0.160
0.168
0.172
0.166
0.170
0.169
0.159
0.174
0.211
0.173
0.163
0.168
0.161
0.174
0.168
0.171
0.163
0.202
0.183
0.158
0.174
0.175
0.179
0.201
0.170
0.165
0.176
0.170
0.165
0.167
0.173
0.167
0.185
0.208
0.169
0.176
0.205
0.171
0.171
0.168
0.174
0.166
0.200
0.202
0.173
0.169
0.167
0.158
0.161
0.170
0.198
0.157
0.190
0.212
0.177
0.169
0.158
0.169
0.171
0.174
0.167
0.133
0.167
0.167
0.166
0.159
0.167
0.164
0.207
0.168
0.168
0.173
0.193
0.205
0.171
0.171
0.169
0.183
0.140
0.170
0.159
0.168
0.161
0.185
0.176
0.161
0.168
0.168
0.212
0.169
0.169
0.166
0.169
0.158
0.174
0.302
0.170
0.157
0.185
0.170
0.178
0.199
0.202
0.194
0.171
0.176
0.205
0.174
0.198
0.168
0.170
0.121
0.163
0.164
0.162
0.170
0.161
0.184
0.178
0.169
0.158
0.166
0.165
0.181
0.174
0.168
0.172
0.169
0.185
0.159
0.169
0.161
0.172
0.161
0.171
0.168
0.173
0.165
0.167
0.169
0.163
0.160
0.169
0.180
0.135
0.166
0.166
0.166
0.160
0.168
0.168
0.176
0.204
0.197
0.176
0.182
0.161
0.181
0.181
0.168
0.168
0.163
0.185
0.165
0.175
0.166
0.175
0.174
0.185
0.172
0.170
0.170
0.169
0.192
0.160
0.179
0.122
0.175
0.129
0.170
0.160
0.178
0.161
0.203
0.169
0.198
0.172
0.169
0.206
0.170
0.171
0.173
0.164
0.159
0.174
0.128
0.168
0.173
0.166
0.161
0.169
0.168
0.202
0.198
0.170
0.184
0.167
0.175
0.207
0.173
0.168
0.171
0.135
0.165
0.169
0.200
0.161
0.197
0.202
0.176
0.206
0.197
0.196
0.194
0.180
0.168
0.171
0.162
0.166
0.162
0.171
