0.217
0.191
0.180
0.163
0.171
0.158
0.170
0.165
0.173
0.165
0.164
0.165
0.140
0.164
0.162
0.162
0.160
0.169
0.172
0.164
0.169
0.170
0.171
0.164
0.168
0.154
0.173
0.127
0.179
0.164
0.160
0.156
0.168
0.162
0.167
0.119
0.171
0.156
0.165
0.163
0.167
0.168
0.167
0.168
0.177
0.169
0.132
0.170
0.167
0.164
0.171
0.165
0.182
0.165
0.163
0.179
0.172
0.167
0.160
0.157
0.166
0.155
0.176
0.191
0.167
0.159
0.169
0.164
0.173
0.157
0.169
0.163
0.174
0.163
0.167
0.166
0.139
0.168
0.178
0.163
0.173
0.158
0.170
0.165
0.158
0.169
0.165
0.170
0.160
0.165
0.169
0.164
0.169
0.170
0.168
0.160
0.169
0.153
0.169
0.165
0.180
0.167
0.179
0.157
0.174
0.163
0.166
0.166
0.170
0.172
0.131
0.164
0.169
0.169
0.160
0.159
0.169
0.161
0.174
0.170
0.172
0.164
0.170
0.167
0.168
0.138
0.171
0.164
0.169
0.155
0.164
0.166
0.168
0.157
0.169
0.161
0.167
0.157
0.166
0.171
0.170
0.167
0.168
0.162
0.165
0.171
0.169
0.163
0.159
0.163
0.157
0.170
0.160
0.154
0.161
0.167
0.167
0.166
0.172
0.150
0.171
0.168
0.168
0.161
0.168
0.168
0.174
0.155
0.169
0.164
0.174
0.156
0.437
0.162
0.172
0.162
0.174
0.364
0.158
0.168
0.164
0.161
0.250
0.165
0.175
0.167
0.161
0.158
0.170
0.170
0.177
0.165
0.098
0.163
0.169
0.162
0.168
0.091
0.166
0.163
0.176
0.161
0.103
0.165
0.167
0.164
0.168
0.156
0.133
0.163
0.166
0.164
0.160
0.388
0.172
0.163
0.159
0.156
0.132
0.161
0.162
0.166
0.158
0.166
0.163
0.164
0.169
0.127
0.167
0.163
0.168
0.162
0.160
0.160
0.172
0.152
0.172
0.168
0.171
0.164
0.174
0.166
0.384
0.165
0.179
0.171
0.170
0.161
0.199
0.161
0.156
0.171
0.179
0.192
0.167
0.193
0.161
0.163
0.178
0.165
0.163
0.166
0.169
0.168
0.169
0.154
0.166
0.382
0.166
0.162
0.164
0.165
0.168
0.164
0.168
0.173
0.152
0.165
0.165
0.169
0.159
0.154
0.178
0.162
0.163
0.159
0.169
0.162
0.165
0.174
0.167
0.170
0.176
0.153
0.174
0.159
0.169
0.171
0.169
0.157
0.165
0.163
0.131
0.159
0.172
0.169
0.168
0.170
0.166
0.170
0.157
0.156
0.169
0.161
0.160
0.164
0.168
0.172
0.157
0.163
0.169
0.165
0.167
0.156
0.169
0.153
0.173
0.168
0.158
0.161
0.166
0.169
0.405
0.157
0.168
0.163
0.169
0.156
0.166
0.161
0.178
0.164
0.173
0.165
0.163
0.171
0.168
0.167
0.151
0.167
0.198
0.165
0.160
0.164
0.169
0.166
0.172
0.163
0.169
0.132
0.163
0.165
0.166
0.153
0.168
0.168
0.174
0.161
0.163
0.156
0.183
0.164
0.170
0.199
0.170
0.164
0.165
0.161
0.196
0.164
0.202
0.165
0.160
0.163
0.166
0.172
0.159
0.163
0.172
0.164
0.174
0.170
0.169
0.146
0.167
0.185
0.169
0.158
0.168
0.166
0.184
0.160
0.166
0.169
0.168
0.152
0.169
0.162
0.136
0.168
0.170
0.168
0.161
0.166
0.169
0.168
0.164
0.163
0.169
0.165
0.161
0.164
0.174
0.164
0.173
0.160
0.171
0.161
0.169
0.169
0.177
0.161
0.169
0.165
0.171
0.158
0.170
0.164
0.177
0.172
0.168
0.163
0.135
0.167
0.169
0.163
0.163
0.165
0.177
0.165
0.171
0.157
0.154
0.173
0.177
0.161
0.172
0.166
0.157
0.165
0.155
0.156
0.172
0.170
0.127
0.154
0.169
0.166
0.170
0.161
0.175
0.162
0.170
0.164
0.169
0.168
0.156
0.164
0.169
0.168
0.156
0.165
0.170
0.169
0.161
0.167
0.174
0.170
0.166
0.164
0.169
0.127
0.167
0.161
0.168
0.153
0.171
0.167
0.163
0.170
0.164
0.173
0.170
0.165
0.174
0.168
0.167
0.164
0.201
0.157
0.162
0.163
0.174
0.156
0.160
0.161
0.175
0.139
0.155
0.165
0.160
0.164
0.172
0.167
0.170
0.125
0.168
0.169
0.159
0.153
0.184
0.164
0.170
0.157
0.172
0.164
0.168
0.169
0.168
0.170
0.140
0.167
0.172
0.166
0.167
0.163
0.170
0.168
0.165
0.169
0.159
0.169
0.160
0.166
0.171
0.179
0.171
0.169
0.170
0.157
0.199
0.164
0.168
0.156
0.161
0.166
0.169
0.160
0.170
0.171
0.168
0.170
0.168
0.163
0.137
0.168
0.172
0.165
0.158
0.165
0.167
0.170
0.166
0.168
0.173
0.170
0.161
0.164
0.172
0.164
0.172
0.166
0.166
0.131
0.170
0.165
0.168
0.167
0.171
0.167
0.168
0.160
0.170
0.164
0.173
0.169
0.173
0.163
0.134
0.169
0.172
0.162
0.168
0.167
0.166
0.165
0.161
0.169
0.167
0.163
0.164
0.171
0.165
0.168
0.168
0.163
0.168
0.155
0.170
0.168
0.175
0.158
0.169
0.164
0.169
0.155
0.168
0.166
0.167
0.164
0.166
0.165
0.134
0.163
0.171
0.169
0.159
0.163
0.169
0.164
0.159
0.164
0.162
0.177
0.167
0.196
0.164
0.134
0.173
0.166
0.160
0.160
0.167
0.167
0.167
0.156
0.170
0.157
0.170
0.160
0.204
0.166
0.170
0.162
0.169
0.161
0.162
0.164
0.165
0.173
0.155
0.166
0.168
0.170
0.162
0.165
0.173
0.165
0.165
0.168
0.169
0.131
0.168
0.163
0.161
0.154
0.167
0.161
0.167
0.156
0.165
0.165
0.168
0.173
0.159
0.164
0.173
0.163
0.178
0.164
0.157
0.164
0.171
0.163
0.160
0.163
0.174
0.164
0.161
0.169
0.171
0.164
0.172
0.168
0.171
0.128
0.174
0.168
0.172
0.162
0.165
0.156
0.168
0.157
0.168
0.167
0.169
0.164
0.168
0.171
0.145
0.164
0.170
0.168
0.166
0.169
0.169
0.129
0.171
0.163
0.168
0.168
0.165
0.170
0.169
0.162
0.169
0.170
0.171
0.129
0.163
0.163
0.171
0.187
0.171
0.197
0.170
0.161
0.167
0.163
0.172
0.164
0.175
0.173
0.130
0.164
0.170
0.156
0.157
0.157
0.167
0.165
0.167
0.168
0.174
0.171
0.168
0.163
0.168
0.164
0.167
0.164
0.168
0.161
0.170
0.169
0.169
0.154
0.174
0.164
0.164
0.156
0.168
0.163
0.168
0.167
0.161
0.168
0.133
0.168
0.169
0.166
0.163
0.162
0.172
0.165
0.165
0.164
0.164
0.166
0.165
0.157
0.168
0.142
0.174
0.163
0.172
0.160
0.163
0.170
0.183
0.162
0.168
0.164
0.170
0.159
0.161
0.165
0.123
0.165
0.164
0.158
0.159
0.162
0.168
0.162
0.166
0.169
0.167
0.160
0.159
0.134
0.171
0.196
0.164
0.165
0.174
0.135
0.157
0.161
0.152
0.162
0.152
0.168
0.169
0.159
0.174
0.174
0.161
0.166
0.166
0.164
0.173
0.168
0.170
0.181
0.162
0.175
0.168
0.166
0.157
0.165
0.170
0.164
0.161
0.171
0.175
0.163
0.167
0.165
0.169
0.127
0.168
0.164
0.167
0.154
0.166
0.169
0.174
0.156
0.169
0.162
0.167
0.169
0.168
0.169
0.145
0.163
0.169
0.165
0.160
0.164
0.173
0.182
0.165
0.168
0.166
0.169
0.164
0.169
0.176
0.163
0.169
0.163
0.176
0.132
0.168
0.163
0.193
0.164
0.176
0.164
0.166
0.158
0.173
0.165
0.173
0.170
0.174
0.164
0.147
0.168
0.166
0.169
0.170
0.164
0.173
0.171
0.162
0.169
0.167
0.169
0.167
0.165
0.168
0.156
0.160
0.164
0.170
0.153
0.164
0.159
0.167
0.162
0.174
0.164
0.165
0.156
0.177
0.164
0.164
0.170
0.167
0.163
0.131
0.169
0.160
0.168
0.167
0.166
0.193
0.167
0.166
0.192
0.173
0.166
0.172
0.165
0.171
0.129
0.171
0.164
0.168
0.153
0.164
0.165
0.175
0.160
0.167
0.165
