0.201
0.185
0.159
0.150
0.156
0.160
0.160
0.148
0.158
0.157
0.158
0.155
0.151
0.155
0.159
0.160
0.159
0.160
0.157
0.146
0.158
0.121
0.158
0.155
0.158
0.152
0.165
0.155
0.155
0.153
0.153
0.156
0.159
0.159
0.161
0.154
0.158
0.153
0.162
0.123
0.157
0.160
0.161
0.159
0.147
0.157
0.152
0.162
0.159
0.189
0.158
0.158
0.157
0.158
0.162
0.149
0.162
0.156
0.158
0.155
0.159
0.158
0.157
0.113
0.150
0.156
0.157
0.156
0.154
0.159
0.149
0.148
0.159
0.123
0.158
0.161
0.112
0.161
0.162
0.161
0.148
0.157
0.125
0.160
0.161
0.156
0.155
0.164
0.148
0.149
0.158
0.161
0.155
0.156
0.155
0.153
0.158
0.162
0.148
0.154
0.155
0.151
0.162
0.156
0.161
0.164
0.156
0.148
0.158
0.158
0.161
0.159
0.158
0.158
0.150
0.159
0.125
0.161
0.158
0.156
0.160
0.156
0.160
0.150
0.160
0.154
0.159
0.163
0.156
0.149
0.160
0.154
0.149
0.149
0.160
0.156
0.155
0.156
0.157
0.155
0.158
0.148
0.156
0.156
0.155
0.156
0.156
0.162
0.148
0.154
0.148
0.161
0.156
0.158
0.156
0.156
0.158
0.151
0.161
0.158
0.157
0.160
0.155
0.157
0.162
0.161
0.149
0.157
0.156
0.156
0.124
0.155
0.162
0.157
0.163
0.149
0.155
0.159
0.147
0.159
0.159
0.159
0.149
0.163
0.145
0.164
0.161
0.160
0.156
0.160
0.161
0.161
0.156
0.120
0.162
0.162
0.159
0.168
0.157
0.162
0.144
0.158
0.123
0.162
0.154
0.150
0.149
0.159
0.154
0.151
0.155
0.167
0.155
0.152
0.159
0.162
0.157
0.160
0.147
0.167
0.147
0.158
0.162
0.147
0.155
0.155
0.155
0.148
0.162
0.163
0.378
0.155
0.163
0.158
0.157
0.153
0.126
0.162
0.163
0.150
0.165
0.160
0.164
0.147
0.164
0.149
0.155
0.153
0.158
0.155
0.158
0.161
0.155
0.154
0.155
0.163
0.148
0.162
0.160
0.150
0.156
0.149
0.157
0.160
0.160
0.157
0.157
0.156
0.160
0.158
0.156
0.157
0.159
0.154
0.163
0.161
0.157
0.149
0.160
0.122
0.163
0.153
0.149
0.157
0.162
0.157
0.152
0.161
0.121
0.167
0.155
0.163
0.160
0.157
0.156
0.158
0.164
0.156
0.156
0.155
0.161
0.162
0.156
0.157
0.149
0.160
0.156
0.157
0.160
0.159
0.156
0.150
0.158
0.156
0.156
0.149
0.159
0.159
0.159
0.160
0.154
0.158
0.124
0.161
0.159
0.172
0.159
0.158
0.190
0.153
0.157
0.145
0.158
0.151
0.158
0.133
0.157
0.163
0.153
0.157
0.122
0.162
0.153
0.151
0.160
0.158
0.152
0.147
0.153
0.150
0.167
0.156
0.158
0.157
0.153
0.156
0.117
0.147
0.157
0.159
0.157
0.156
0.166
0.153
0.157
0.132
0.148
0.156
0.189
0.151
0.156
0.158
0.152
0.165
0.156
0.159
0.148
0.160
0.156
0.157
0.158
0.151
0.160
0.159
0.154
0.157
0.155
0.159
0.146
0.158
0.145
0.163
0.147
0.162
0.155
0.158
0.156
0.151
0.159
0.123
0.159
0.160
0.151
0.169
0.161
0.157
0.154
0.162
0.123
0.156
0.189
0.159
0.154
0.158
0.161
0.155
0.154
0.158
0.160
0.163
0.154
0.159
0.157
0.158
0.150
0.159
0.155
0.162
0.154
0.158
0.159
0.149
0.082
0.153
0.155
0.158
0.161
0.159
0.160
0.160
0.144
0.376
0.123
0.166
0.156
0.158
0.159
0.158
0.155
0.150
0.160
0.126
0.155
0.158
0.161
0.160
0.155
0.167
0.148
0.164
0.154
0.158
0.156
0.160
0.159
0.148
0.162
0.158
0.187
0.159
0.164
0.158
0.161
0.150
0.149
0.156
0.124
0.155
0.165
0.160
0.157
0.159
0.157
0.147
0.157
0.148
0.158
0.149
0.157
0.159
0.159
0.156
0.152
0.160
0.157
0.152
0.163
0.155
0.158
0.158
0.158
0.150
0.154
0.163
0.156
0.161
0.161
0.161
0.151
0.165
0.153
0.158
0.156
0.156
0.139
0.159
0.156
0.153
0.162
0.159
0.111
0.170
0.152
0.115
0.155
0.161
0.150
0.158
0.138
0.162
0.155
0.158
0.156
0.156
0.152
0.150
0.154
0.153
0.159
0.158
0.158
0.159
0.154
0.158
0.148
0.163
0.159
0.163
0.150
0.159
0.158
0.150
0.165
0.153
0.161
0.157
0.156
0.150
0.165
0.153
0.148
0.158
0.148
0.156
0.155
0.157
0.156
0.164
0.157
0.152
0.161
0.130
0.161
0.159
0.156
0.160
0.155
0.165
0.152
0.163
0.156
0.158
0.153
0.156
0.156
0.153
0.170
0.149
0.154
0.162
0.156
0.158
0.156
0.162
0.155
0.161
0.147
0.162
0.156
0.158
0.158
0.157
0.149
0.151
0.150
0.153
0.156
0.152
0.155
0.157
0.158
0.138
0.151
0.164
0.123
0.158
0.159
0.163
0.155
0.162
0.155
0.154
0.154
0.156
0.156
0.161
0.159
0.158
0.164
0.156
0.150
0.159
0.157
0.161
0.157
0.162
0.156
0.153
0.156
0.154
0.156
0.149
0.162
0.156
0.159
0.157
0.154
0.148
0.148
0.156
0.155
0.155
0.165
0.158
0.154
0.148
0.158
0.118
0.151
0.165
0.162
0.156
0.159
0.159
0.153
0.163
0.161
0.159
0.158
0.146
0.162
0.159
0.159
0.146
0.159
0.149
0.162
0.154
0.158
0.155
0.151
0.157
0.151
0.160
0.160
0.155
0.159
0.155
0.159
0.157
0.158
0.148
0.164
0.155
0.158
0.155
0.167
0.154
0.150
0.161
0.121
0.165
0.154
0.153
0.169
0.108
0.192
0.151
0.157
0.155
0.163
0.164
0.162
0.190
0.155
0.155
0.151
0.154
0.157
0.152
0.155
0.155
0.159
0.157
0.121
0.152
0.158
0.147
0.149
0.156
0.157
0.162
0.148
0.158
0.138
0.156
0.158
0.150
0.164
0.157
0.156
0.149
0.157
0.121
0.156
0.160
0.156
0.161
0.159
0.157
0.146
0.170
0.157
0.156
0.156
0.157
0.148
0.149
0.159
0.150
0.162
0.149
0.159
0.164
0.159
0.156
0.150
0.158
0.152
0.164
0.160
0.156
0.161
0.158
0.154
0.154
0.165
0.121
0.161
0.156
0.156
0.146
0.154
0.154
0.153
0.156
0.122
0.148
0.162
0.158
0.157
0.161
0.190
0.148
0.161
0.157
0.162
0.165
0.156
0.157
0.163
0.157
0.148
0.157
0.157
0.154
0.160
0.161
0.157
0.152
0.163
0.146
0.161
0.153
0.163
0.154
0.158
0.158
0.152
0.155
0.131
0.156
0.163
0.154
0.164
0.153
0.159
0.154
0.148
0.121
0.157
0.151
0.157
0.158
0.160
0.162
0.148
0.150
0.159
0.156
0.157
0.155
0.161
0.159
0.154
0.149
0.157
0.157
0.161
0.149
0.161
0.159
0.147
0.164
0.150
0.161
0.166
0.159
0.159
0.156
0.155
0.152
0.156
0.124
0.163
0.162
0.160
0.156
0.157
0.165
0.147
0.160
0.120
0.152
0.153
0.158
0.158
0.158
0.156
0.152
0.156
0.163
0.155
0.158
0.159
0.166
0.149
0.158
0.156
0.156
0.110
0.163
0.121
0.158
0.161
0.159
0.155
0.155
0.151
0.162
0.154
0.164
0.159
0.159
0.155
0.156
0.115
0.166
0.154
0.157
0.159
0.164
0.159
0.152
0.153
0.129
0.159
0.158
0.154
0.156
0.160
0.170
0.150
0.160
0.159
0.158
0.159
0.160
0.155
0.148
0.160
0.158
0.156
0.158
0.154
0.158
0.156
0.161
0.145
0.163
0.134
0.083
0.159
0.159
0.155
0.158
0.154
0.162
0.156
0.123
0.161
0.158
0.154
0.166
0.154
0.159
0.158
0.159
0.117
0.166
0.144
0.158
0.155
0.162
0.147
0.152
0.155
0.162
0.153
0.165
0.158
0.161
0.153
0.158
0.152
0.159
0.163
0.163
0.155
0.159
0.155
0.154
0.154
0.159
0.156
0.152
0.155
0.162
0.160
0.162
0.151
0.160
0.122
0.156
0.156
0.163
0.163
0.156
0.148
0.146
