0.138
0.118
0.117
0.105
0.117
0.129
0.147
0.108
0.127
0.097
0.097
0.091
0.089
0.125
0.106
0.112
0.107
0.108
0.143
0.128
0.122
0.108
0.109
0.108
0.106
0.126
0.141
0.071
0.143
0.095
0.096
0.105
0.106
0.126
0.125
0.072
0.142
0.096
0.139
0.125
0.088
0.118
0.119
0.105
0.145
0.123
0.124
0.132
0.141
0.095
0.157
0.125
0.120
0.131
0.141
0.107
0.129
0.127
0.134
0.135
0.122
0.115
0.120
0.130
0.106
0.125
0.111
0.107
0.148
0.096
0.130
0.097
0.099
0.127
0.141
0.125
0.106
0.131
0.152
0.125
0.087
0.116
0.108
0.105
0.124
0.100
0.140
0.131
0.122
0.098
0.128
0.124
0.123
0.125
0.142
0.124
0.144
0.133
0.109
0.109
