0.087
0.102
0.092
0.095
0.090
0.082
0.070
0.104
0.095
0.099
0.070
0.102
0.088
0.100
0.069
0.113
0.110
0.101
0.062
0.100
0.096
0.092
0.071
0.098
0.110
0.068
0.070
0.068
0.096
0.070
0.102
0.101
0.104
0.069
0.069
0.083
0.106
0.108
0.102
0.101
0.082
0.115
0.095
0.100
0.084
0.082
0.082
0.078
0.114
0.100
0.070
0.101
0.115
0.097
0.102
0.101
0.105
0.101
0.061
0.101
0.094
0.091
0.100
0.092
0.112
0.067
0.069
0.067
0.096
0.067
0.101
0.091
0.113
0.092
0.092
0.101
0.115
0.103
0.108
0.101
0.082
0.097
0.061
0.101
0.086
0.044
0.070
0.100
0.115
0.092
0.093
0.110
0.111
0.099
0.103
0.083
0.106
0.101
0.101
0.104
