0.153
0.134
0.143
0.094
0.081
0.133
0.125
0.130
0.139
0.125
0.128
0.139
0.124
0.089
0.128
0.094
0.138
0.141
0.113
0.110
0.137
0.119
0.113
0.136
0.136
0.136
0.125
0.138
0.137
0.137
0.109
0.146
0.111
0.136
0.087
0.117
0.137
0.119
0.133
0.133
0.108
0.115
0.135
0.139
0.110
0.096
0.135
0.132
0.103
0.082
0.114
0.096
0.115
0.127
0.122
0.119
0.137
0.132
0.081
0.155
0.133
0.114
0.109
0.110
0.137
0.146
0.095
0.122
0.110
0.132
0.109
0.083
0.137
0.128
0.122
0.120
0.110
0.115
0.134
0.118
0.137
0.136
0.134
0.081
0.135
0.095
0.124
0.119
0.136
0.114
0.110
0.135
0.137
0.128
0.121
0.122
0.082
0.115
0.115
0.110
