0.124
0.136
0.143
0.141
0.080
0.084
0.141
0.141
0.154
0.155
0.115
0.139
0.137
0.111
0.138
0.141
0.146
0.095
0.113
0.135
0.112
0.140
0.135
0.134
0.108
0.082
0.119
0.142
0.135
0.115
0.137
0.112
0.121
0.113
0.138
0.098
0.127
0.097
0.138
0.125
0.139
0.126
0.099
0.129
0.109
0.081
0.138
0.125
0.135
0.120
0.137
0.125
0.112
0.114
0.121
0.141
0.139
0.127
0.133
0.137
0.148
0.084
0.136
0.124
0.082
0.134
0.140
0.112
0.139
0.137
0.112
0.144
0.113
0.136
0.139
0.141
0.097
0.124
0.134
0.116
0.125
0.140
0.142
0.087
0.082
0.118
0.110
0.138
0.110
0.136
0.111
0.137
0.137
0.118
0.125
0.137
0.136
0.146
0.130
0.108
