0.115
0.106
0.107
0.106
0.109
0.109
0.127
0.127
0.141
0.083
0.107
0.107
0.144
0.126
0.127
0.127
0.108
0.122
0.107
0.096
0.089
0.091
0.071
0.099
0.139
0.124
0.114
0.125
0.143
0.083
0.106
0.108
0.109
0.126
0.105
0.111
0.125
0.099
0.096
0.092
0.141
0.105
0.091
0.125
0.141
0.125
0.127
0.091
0.149
0.085
0.134
0.106
0.127
0.124
0.132
0.108
0.133
0.095
0.094
0.098
0.106
0.064
0.090
0.124
0.141
0.106
0.127
0.126
0.143
0.067
0.107
0.097
0.107
0.125
0.125
0.126
0.046
0.046
0.098
0.090
0.133
0.125
0.089
0.047
0.106
0.046
0.104
0.048
0.126
0.087
0.109
0.107
0.100
0.104
0.141
0.106
0.125
0.088
0.128
0.098
