0.104
0.139
0.115
0.082
0.116
0.136
0.114
0.129
0.126
0.127
0.125
0.134
0.136
0.111
0.109
0.135
0.133
0.126
0.107
0.081
0.109
0.109
0.114
0.136
0.113
0.145
0.134
0.134
0.110
0.136
0.137
0.144
0.136
0.136
0.125
0.081
0.120
0.126
0.126
0.081
0.140
0.136
0.154
0.135
0.109
0.134
0.134
0.137
0.137
0.138
0.138
0.125
0.096
0.119
0.109
0.135
0.110
0.121
0.086
0.081
0.122
0.117
0.131
0.111
0.117
0.119
0.110
0.133
0.137
0.095
0.136
0.094
0.136
0.115
0.113
0.111
0.115
0.086
0.120
0.082
0.133
0.114
0.134
0.135
0.134
0.139
0.115
0.147
0.136
0.126
0.143
0.144
0.134
0.134
0.133
0.124
0.137
0.126
0.121
0.081
