0.123
0.110
0.107
0.109
0.094
0.105
0.104
0.117
0.089
0.065
0.105
0.123
0.096
0.106
0.127
0.122
0.105
0.104
0.126
0.106
0.071
0.096
0.117
0.108
0.114
0.072
0.126
0.127
0.089
0.091
0.129
0.106
0.108
0.126
0.103
0.089
0.103
0.132
0.106
0.106
0.104
0.116
0.104
0.106
0.095
0.126
0.125
0.127
0.069
0.063
0.091
0.140
0.105
0.127
0.071
0.105
0.104
0.124
0.100
0.106
0.073
0.106
0.107
0.156
0.123
0.091
0.127
0.097
0.069
0.090
0.105
0.088
0.099
0.105
0.126
0.111
0.105
0.129
0.126
0.117
0.113
0.104
0.104
0.109
0.120
0.126
0.122
0.127
0.122
0.083
0.108
0.146
0.123
0.126
0.107
0.123
0.109
0.126
0.123
0.127
