0.146
0.133
0.135
0.097
0.148
0.124
0.159
0.136
0.159
0.118
0.125
0.138
0.139
0.122
0.104
0.122
0.138
0.125
0.128
0.107
0.128
0.114
0.083
0.138
0.136
0.125
0.126
0.063
0.118
0.111
0.116
0.139
0.141
0.138
0.113
0.122
0.137
0.141
0.096
0.138
0.125
0.133
0.138
0.141
0.115
0.088
0.130
0.083
0.124
0.136
0.134
0.138
0.136
0.115
0.111
0.139
0.139
0.149
0.146
0.138
0.135
0.131
0.136
0.139
0.137
0.139
0.125
0.132
0.124
0.120
0.130
0.137
0.139
0.136
0.136
0.081
0.110
0.137
0.124
0.133
0.139
0.133
0.110
0.121
0.134
0.127
0.110
0.127
0.081
0.115
0.116
0.136
0.118
0.115
0.120
0.154
0.123
0.138
0.137
0.124
