0.099
0.091
0.107
0.096
0.097
0.096
0.093
0.090
0.125
0.126
0.107
0.127
0.141
0.125
0.141
0.115
0.110
0.109
0.084
0.130
0.088
0.123
0.104
0.097
0.099
0.098
0.087
0.125
0.089
0.132
0.143
0.091
0.125
0.125
0.089
0.117
0.109
0.106
0.143
0.106
0.106
0.104
0.110
0.098
0.100
0.092
0.124
0.096
0.108
0.107
0.134
0.092
0.110
0.125
0.110
0.118
0.123
0.108
0.108
0.107
0.142
0.129
0.147
0.109
0.131
0.098
0.142
0.107
0.144
0.126
0.107
0.106
0.107
0.111
0.109
0.116
0.109
0.096
0.109
0.125
0.129
0.129
0.122
0.095
0.126
0.071
0.122
0.091
0.147
0.100
0.139
0.108
0.089
0.106
0.108
0.117
0.108
0.114
0.142
0.115
