0.111
0.106
0.085
0.081
0.081
0.075
0.071
0.111
0.069
0.092
0.095
0.095
0.103
0.099
0.102
0.094
0.094
0.096
0.069
0.112
0.092
0.111
0.074
0.103
0.083
0.107
0.106
0.111
0.066
0.080
0.084
0.111
0.093
0.113
0.090
0.080
0.063
0.096
0.059
0.091
0.110
0.076
0.101
0.083
0.083
0.094
0.101
0.092
0.095
0.099
0.093
0.111
0.092
0.121
0.102
0.111
0.073
0.105
0.091
0.107
0.092
0.093
0.082
0.082
0.037
0.112
0.093
0.123
0.096
0.090
0.111
0.113
0.069
0.095
0.074
0.099
0.096
0.094
0.082
0.112
0.105
0.100
0.077
0.100
0.074
0.094
0.070
0.090
0.086
0.090
0.070
0.111
0.096
0.111
0.077
0.082
0.098
0.079
0.091
0.112
