0.095
0.084
0.082
0.115
0.080
0.110
0.113
0.132
0.119
0.135
0.123
0.119
0.115
0.120
0.134
0.111
0.082
0.110
0.133
0.087
0.124
0.112
0.081
0.118
0.108
0.119
0.118
0.111
0.111
0.096
0.117
0.106
0.142
0.144
0.133
0.134
0.120
0.134
0.117
0.088
0.122
0.122
0.116
0.114
0.139
0.136
0.128
0.082
0.113
0.108
0.113
0.136
0.093
0.103
0.121
0.083
0.153
0.120
0.133
0.085
0.086
0.119
0.098
0.137
0.131
0.137
0.134
0.110
0.103
0.140
0.081
0.116
0.123
0.170
0.109
0.140
0.122
0.077
0.109
0.121
0.086
0.135
0.124
0.118
0.109
0.110
0.115
0.138
0.119
0.174
0.131
0.136
0.135
0.135
0.134
0.072
0.109
0.134
0.133
0.121
