0.122
0.139
0.112
0.115
0.142
0.140
0.138
0.126
0.119
0.133
0.133
0.143
0.136
0.135
0.110
0.084
0.109
0.114
0.135
0.135
0.128
0.144
0.110
0.143
0.109
0.146
0.133
0.114
0.080
0.082
0.119
0.114
0.137
0.137
0.108
0.111
0.108
0.114
0.118
0.139
0.134
0.112
0.110
0.119
0.135
0.095
0.110
0.125
0.095
0.081
0.114
0.124
0.118
0.112
0.121
0.136
0.133
0.143
0.143
0.126
0.134
0.156
0.109
0.148
0.133
0.138
0.134
0.125
0.118
0.103
0.120
0.112
0.109
0.138
0.153
0.114
0.134
0.084
0.109
0.138
0.135
0.133
0.139
0.136
0.134
0.125
0.138
0.125
0.126
0.133
0.109
0.109
0.139
0.111
0.134
0.136
0.133
0.118
0.135
0.115
