0.110
0.092
0.094
0.083
0.081
0.103
0.101
0.101
0.074
0.089
0.073
0.107
0.100
0.092
0.103
0.111
0.076
0.069
0.071
0.079
0.069
0.098
0.094
0.125
0.102
0.093
0.101
0.113
0.103
0.070
0.095
0.090
0.074
0.100
0.086
0.112
0.082
0.085
0.069
0.097
0.101
0.092
0.100
0.091
0.101
0.106
0.101
0.113
0.102
0.118
0.100
0.113
0.103
0.070
0.090
0.117
0.070
0.069
0.069
0.094
0.094
0.101
0.090
0.110
0.102
0.100
0.069
0.123
0.064
0.092
0.099
0.093
0.096
0.100
0.101
0.112
0.072
0.071
0.087
0.114
0.104
0.090
0.109
0.094
0.071
0.109
0.101
0.113
0.105
0.082
0.101
0.093
0.102
0.098
0.081
0.125
0.070
0.081
0.069
0.094
