0.084
0.120
0.104
0.119
0.092
0.098
0.093
0.101
0.070
0.102
0.109
0.099
0.082
0.070
0.086
0.069
0.100
0.101
0.095
0.111
0.093
0.094
0.124
0.094
0.095
0.091
0.098
0.117
0.094
0.102
0.113
0.070
0.081
0.100
0.094
0.094
0.101
0.069
0.115
0.101
0.099
0.104
0.111
0.100
0.092
0.096
0.081
0.100
0.105
0.099
0.095
0.071
0.070
0.085
0.068
0.101
0.114
0.059
0.102
0.101
0.115
0.114
0.099
0.095
0.082
0.096
0.096
0.101
0.113
0.127
0.092
0.085
0.095
0.103
0.099
0.108
0.095
0.102
0.099
0.100
0.115
0.083
0.092
0.087
0.097
0.072
0.093
0.100
0.094
0.102
0.094
0.102
0.095
0.070
0.083
0.101
0.095
0.094
0.101
0.094
