0.131
0.136
0.146
0.139
0.126
0.135
0.132
0.083
0.138
0.122
0.137
0.082
0.081
0.119
0.082
0.136
0.135
0.115
0.137
0.115
0.112
0.100
0.152
0.137
0.096
0.144
0.136
0.135
0.116
0.134
0.132
0.118
0.147
0.141
0.118
0.145
0.157
0.136
0.134
0.137
0.110
0.135
0.082
0.135
0.094
0.135
0.092
0.105
0.134
0.133
0.118
0.108
0.102
0.121
0.109
0.119
0.110
0.136
0.143
0.114
0.136
0.135
0.137
0.138
0.136
0.125
0.135
0.143
0.135
0.115
0.104
0.088
0.121
0.086
0.136
0.140
0.118
0.119
0.135
0.111
0.135
0.137
0.134
0.127
0.143
0.094
0.145
0.062
0.080
0.131
0.120
0.128
0.133
0.085
0.119
0.103
0.128
0.149
0.109
0.136
