0.120
0.090
0.083
0.082
0.082
0.081
0.138
0.137
0.116
0.109
0.110
0.129
0.093
0.133
0.135
0.106
0.114
0.116
0.111
0.113
0.127
0.127
0.082
0.120
0.137
0.133
0.114
0.113
0.119
0.134
0.140
0.080
0.148
0.135
0.132
0.091
0.135
0.133
0.122
0.126
0.101
0.086
0.106
0.133
0.113
0.117
0.119
0.112
0.137
0.133
0.118
0.110
0.137
0.136
0.136
0.131
0.140
0.110
0.113
0.088
0.127
0.072
0.086
0.093
0.086
0.117
0.087
0.146
0.087
0.073
0.073
0.071
0.138
0.134
0.072
0.110
0.074
0.155
0.135
0.113
0.109
0.084
0.119
0.102
0.119
0.081
0.111
0.133
0.111
0.135
0.111
0.138
0.095
0.125
0.116
0.118
0.137
0.133
0.095
0.135
