0.103
0.106
0.116
0.095
0.135
0.105
0.098
0.126
0.141
0.123
0.104
0.094
0.090
0.122
0.126
0.127
0.109
0.125
0.128
0.108
0.141
0.123
0.117
0.107
0.144
0.122
0.088
0.128
0.141
0.123
0.097
0.091
0.090
0.096
0.125
0.107
0.111
0.125
0.105
0.125
0.141
0.096
0.118
0.109
0.112
0.105
0.105
0.107
0.096
0.106
0.095
0.091
0.123
0.106
0.123
0.125
0.107
0.132
0.107
0.071
0.108
0.106
0.135
0.107
0.107
0.100
0.111
0.125
0.141
0.071
0.096
0.095
0.089
0.105
0.113
0.097
0.111
0.089
0.126
0.094
0.108
0.123
0.118
0.106
0.142
0.123
0.107
0.107
0.135
0.103
0.095
0.091
0.122
0.105
0.099
0.125
0.106
0.126
0.097
0.065
