0.100
0.111
0.107
0.096
0.095
0.105
0.112
0.101
0.128
0.108
0.127
0.117
0.130
0.144
0.122
0.133
0.085
0.126
0.105
0.095
0.097
0.129
0.093
0.124
0.090
0.146
0.108
0.129
0.109
0.140
0.120
0.115
0.106
0.110
0.090
0.171
0.096
0.143
0.127
0.088
0.072
0.122
0.091
0.071
0.091
0.142
0.105
0.105
0.127
0.108
0.125
0.115
0.106
0.128
0.106
0.127
0.106
0.108
0.127
0.096
0.098
0.125
0.126
0.126
0.114
0.107
0.101
0.123
0.086
0.141
0.107
0.116
0.105
0.118
0.105
0.108
0.127
0.141
0.116
0.095
0.093
0.097
0.096
0.098
0.116
0.143
0.122
0.124
0.126
0.134
0.124
0.116
0.106
0.124
0.124
0.126
0.125
0.106
0.105
0.097
