0.130
0.089
0.107
0.105
0.106
0.113
0.114
0.120
0.116
0.125
0.134
0.107
0.090
0.088
0.097
0.122
0.092
0.125
0.096
0.139
0.130
0.126
0.105
0.144
0.099
0.114
0.116
0.118
0.113
0.118
0.115
0.125
0.107
0.099
0.095
0.135
0.125
0.071
0.126
0.090
0.092
0.093
0.095
0.143
0.089
0.092
0.114
0.118
0.113
0.125
0.126
0.138
0.123
0.100
0.100
0.133
0.092
0.092
0.127
0.141
0.126
0.126
0.108
0.120
0.126
0.115
0.115
0.120
0.115
0.115
0.114
0.110
0.124
0.088
0.091
0.136
0.106
0.125
0.126
0.088
0.106
0.108
0.109
0.122
0.124
0.115
0.118
0.119
0.115
0.129
0.126
0.140
0.124
0.098
0.097
0.121
0.094
0.091
0.128
0.141
