0.119
0.113
0.095
0.145
0.134
0.112
0.114
0.136
0.080
0.086
0.127
0.082
0.081
0.136
0.135
0.111
0.112
0.135
0.114
0.081
0.136
0.124
0.096
0.075
0.120
0.095
0.094
0.120
0.114
0.127
0.121
0.109
0.126
0.111
0.115
0.136
0.135
0.139
0.118
0.138
0.109
0.146
0.122
0.144
0.131
0.134
0.110
0.158
0.080
0.120
0.121
0.122
0.087
0.119
0.110
0.123
0.134
0.136
0.133
0.136
0.139
0.126
0.142
0.136
0.133
0.143
0.143
0.110
0.136
0.136
0.109
0.126
0.121
0.135
0.135
0.112
0.134
0.136
0.118
0.135
0.110
0.137
0.139
0.135
0.152
0.112
0.135
0.125
0.133
0.121
0.087
0.127
0.088
0.115
0.160
0.115
0.120
0.134
0.137
0.134
