0.084
0.082
0.093
0.092
0.095
0.092
0.083
0.092
0.081
0.032
0.039
0.038
0.091
0.036
0.038
0.101
0.103
0.097
0.083
0.074
0.083
0.080
0.119
0.068
0.111
0.065
0.061
0.098
0.114
0.097
0.061
0.100
0.106
0.110
0.112
0.091
0.112
0.096
0.083
0.083
0.095
0.080
0.102
0.068
0.113
0.093
0.110
0.080
0.070
0.092
0.106
0.098
0.062
0.099
0.097
0.095
0.093
0.094
0.100
0.074
0.068
0.090
0.074
0.101
0.101
0.092
0.093
0.111
0.113
0.092
0.101
0.102
0.103
0.056
0.093
0.099
0.096
0.069
0.075
0.075
0.099
0.080
0.075
0.100
0.114
0.092
0.103
0.111
0.100
0.099
0.082
0.100
0.102
0.097
0.104
0.099
0.100
0.111
0.089
0.072
