0.096
0.093
0.105
0.094
0.092
0.093
0.070
0.101
0.112
0.097
0.094
0.093
0.098
0.066
0.081
0.100
0.092
0.113
0.101
0.098
0.112
0.097
0.100
0.094
0.094
0.084
0.060
0.105
0.114
0.097
0.094
0.093
0.082
0.068
0.070
0.092
0.103
0.093
0.112
0.091
0.075
0.081
0.094
0.070
0.093
0.101
0.123
0.098
0.100
0.093
0.115
0.092
0.082
0.080
0.080
0.069
0.066
0.095
0.094
0.098
0.097
0.101
0.118
0.108
0.092
0.068
0.102
0.113
0.114
0.093
0.102
0.112
0.084
0.083
0.069
0.099
0.111
0.092
0.082
0.109
0.113
0.105
0.109
0.100
0.095
0.097
0.093
0.101
0.100
0.069
0.094
0.091
0.083
0.069
0.093
0.066
0.093
0.099
0.094
0.088
