0.105
0.098
0.092
0.097
0.090
0.074
0.113
0.095
0.073
0.084
0.090
0.096
0.107
0.109
0.096
0.111
0.095
0.114
0.102
0.093
0.101
0.095
0.095
0.111
0.092
0.084
0.060
0.091
0.074
0.100
0.083
0.093
0.100
0.098
0.087
0.093
0.091
0.110
0.043
0.112
0.101
0.097
0.092
0.093
0.068
0.092
0.068
0.090
0.072
0.098
0.111
0.109
0.100
0.079
0.101
0.119
0.059
0.111
0.091
0.093
0.060
0.100
0.092
0.109
0.100
0.101
0.101
0.093
0.082
0.091
0.068
0.091
0.083
0.110
0.109
0.092
0.092
0.101
0.102
0.095
0.102
0.088
0.097
0.092
0.098
0.113
0.102
0.091
0.075
0.091
0.060
0.113
0.103
0.103
0.101
0.099
0.100
0.110
0.070
0.110
