0.109
0.093
0.093
0.075
0.092
0.091
0.074
0.097
0.094
0.124
0.092
0.107
0.094
0.075
0.075
0.102
0.080
0.082
0.061
0.092
0.100
0.105
0.059
0.094
0.069
0.111
0.091
0.107
0.093
0.080
0.096
0.095
0.072
0.111
0.083
0.111
0.070
0.093
0.101
0.112
0.104
0.087
0.093
0.092
0.091
0.109
0.096
0.095
0.058
0.093
0.102
0.093
0.108
0.092
0.104
0.082
0.082
0.091
0.083
0.079
0.093
0.108
0.101
0.094
0.092
0.124
0.091
0.094
0.083
0.093
0.097
0.096
0.122
0.094
0.075
0.100
0.083
0.093
0.070
0.123
0.095
0.095
0.095
0.113
0.100
0.101
0.096
0.092
0.090
0.112
0.092
0.093
0.095
0.112
0.084
0.090
0.083
0.079
0.068
0.067
