0.082
0.079
0.080
0.074
0.100
0.112
0.096
0.111
0.103
0.102
0.094
0.112
0.061
0.092
0.084
0.095
0.096
0.114
0.100
0.095
0.098
0.080
0.084
0.101
0.102
0.093
0.085
0.099
0.112
0.092
0.068
0.097
0.114
0.096
0.090
0.093
0.102
0.092
0.070
0.112
0.084
0.110
0.083
0.082
0.070
0.110
0.101
0.092
0.101
0.093
0.100
0.093
0.101
0.113
0.092
0.114
0.094
0.095
0.082
0.123
0.082
0.089
0.075
0.112
0.101
0.111
0.101
0.101
0.101
0.114
0.059
0.117
0.115
0.095
0.092
0.095
0.068
0.114
0.092
0.123
0.075
0.081
0.081
0.097
0.102
0.093
0.101
0.110
0.108
0.090
0.099
0.091
0.100
0.094
0.094
0.094
0.094
0.093
0.097
0.098
