0.133
0.121
0.115
0.118
0.116
0.118
0.121
0.139
0.147
0.153
0.136
0.142
0.137
0.144
0.138
0.102
0.082
0.101
0.148
0.140
0.148
0.138
0.119
0.137
0.135
0.138
0.110
0.139
0.127
0.141
0.093
0.138
0.082
0.126
0.136
0.122
0.118
0.127
0.118
0.126
0.123
0.085
0.071
0.112
0.082
0.144
0.119
0.128
0.096
0.141
0.135
0.138
0.133
0.112
0.113
0.127
0.112
0.133
0.140
0.121
0.113
0.139
0.135
0.114
0.136
0.114
0.082
0.141
0.138
0.102
0.094
0.115
0.118
0.137
0.135
0.127
0.082
0.126
0.118
0.122
0.141
0.114
0.139
0.114
0.115
0.117
0.113
0.139
0.147
0.141
0.135
0.130
0.143
0.139
0.098
0.089
0.083
0.132
0.081
0.133
