0.108
0.101
0.092
0.093
0.083
0.074
0.074
0.089
0.070
0.095
0.093
0.116
0.069
0.112
0.100
0.111
0.102
0.111
0.100
0.105
0.101
0.103
0.100
0.112
0.095
0.083
0.075
0.095
0.069
0.093
0.093
0.094
0.098
0.114
0.108
0.092
0.108
0.074
0.101
0.105
0.100
0.104
0.094
0.112
0.108
0.096
0.084
0.099
0.082
0.122
0.100
0.115
0.093
0.110
0.100
0.075
0.100
0.129
0.101
0.106
0.099
0.105
0.068
0.093
0.100
0.093
0.073
0.081
0.070
0.114
0.042
0.078
0.085
0.110
0.091
0.095
0.092
0.097
0.061
0.104
0.100
0.103
0.117
0.113
0.090
0.094
0.072
0.078
0.070
0.091
0.103
0.112
0.092
0.093
0.100
0.112
0.106
0.111
0.114
0.107
