0.101
0.098
0.096
0.094
0.133
0.107
0.091
0.109
0.108
0.125
0.108
0.092
0.123
0.074
0.121
0.083
0.119
0.115
0.142
0.103
0.109
0.091
0.134
0.066
0.139
0.104
0.152
0.107
0.108
0.124
0.125
0.125
0.122
0.117
0.120
0.116
0.120
0.098
0.111
0.126
0.106
0.095
0.123
0.089
0.124
0.125
0.126
0.108
0.122
0.128
0.143
0.097
0.091
0.114
0.124
0.073
0.120
0.115
0.144
0.125
0.142
0.092
0.093
0.125
0.140
0.128
0.088
0.125
0.142
0.091
0.141
0.130
0.143
0.114
0.118
0.106
0.107
0.129
0.107
0.106
0.139
0.091
0.123
0.125
0.142
0.127
0.110
0.082
0.125
0.090
0.119
0.130
0.110
0.114
0.118
0.116
0.118
0.115
0.108
0.108
