0.120
0.119
0.116
0.105
0.107
0.090
0.143
0.117
0.098
0.106
0.110
0.101
0.126
0.106
0.106
0.097
0.099
0.100
0.125
0.097
0.141
0.111
0.109
0.131
0.124
0.126
0.147
0.088
0.110
0.071
0.108
0.110
0.125
0.126
0.108
0.096
0.124
0.096
0.107
0.107
0.140
0.137
0.118
0.113
0.107
0.092
0.124
0.114
0.108
0.109
0.110
0.109
0.147
0.106
0.150
0.089
0.096
0.096
0.088
0.090
0.092
0.106
0.142
0.126
0.105
0.098
0.108
0.131
0.123
0.109
0.109
0.105
0.108
0.105
0.108
0.072
0.131
0.097
0.144
0.106
0.124
0.111
0.141
0.104
0.124
0.129
0.142
0.056
0.110
0.106
0.109
0.130
0.140
0.126
0.125
0.097
0.120
0.097
0.124
0.068
