0.154
0.111
0.108
0.106
0.111
0.127
0.092
0.093
0.094
0.145
0.123
0.092
0.127
0.125
0.109
0.132
0.124
0.141
0.107
0.116
0.108
0.134
0.128
0.092
0.127
0.130
0.091
0.092
0.104
0.151
0.106
0.126
0.128
0.110
0.108
0.107
0.126
0.123
0.097
0.072
0.107
0.142
0.124
0.134
0.125
0.100
0.091
0.096
0.126
0.151
0.106
0.126
0.125
0.126
0.125
0.109
0.127
0.132
0.110
0.109
0.120
0.144
0.127
0.131
0.110
0.100
0.091
0.094
0.072
0.131
0.092
0.091
0.124
0.151
0.124
0.112
0.108
0.130
0.099
0.111
0.106
0.121
0.125
0.093
0.128
0.100
0.095
0.092
0.134
0.109
0.124
0.127
0.112
0.142
0.090
0.108
0.127
0.127
0.109
0.110
