0.101
0.061
0.104
0.082
0.103
0.104
0.075
0.082
0.083
0.103
0.103
0.083
0.087
0.094
0.084
0.067
0.067
0.066
0.096
0.098
0.062
0.096
0.081
0.078
0.062
0.096
0.099
0.100
0.100
0.097
0.098
0.095
0.106
0.082
0.088
0.066
0.088
0.078
0.081
0.060
0.104
0.082
0.096
0.095
0.096
0.061
0.064
0.061
0.099
0.100
0.092
0.099
0.092
0.080
0.084
0.086
0.067
0.103
0.130
0.092
0.097
0.094
0.097
0.078
0.098
0.081
0.092
0.098
0.101
0.098
0.081
0.123
0.094
0.107
0.088
0.086
0.083
0.096
0.084
0.062
0.096
0.080
0.096
0.095
0.084
0.078
0.094
0.092
0.101
0.097
0.098
0.101
0.120
0.097
0.088
0.066
0.081
0.094
0.080
0.094
