0.106
0.104
0.063
0.099
0.098
0.098
0.098
0.103
0.080
0.103
0.089
0.088
0.088
0.077
0.097
0.104
0.093
0.095
0.110
0.079
0.096
0.084
0.093
0.102
0.101
0.062
0.100
0.043
0.096
0.062
0.083
0.088
0.088
0.089
0.098
0.062
0.098
0.095
0.125
0.103
0.105
0.095
0.064
0.092
0.063
0.061
0.101
0.046
0.103
0.092
0.089
0.066
0.046
0.078
0.080
0.079
0.105
0.097
0.088
0.099
0.096
0.094
0.101
0.100
0.098
0.063
0.063
0.098
0.105
0.096
0.081
0.066
0.067
0.078
0.101
0.080
0.066
0.097
0.082
0.092
0.081
0.079
0.099
0.092
0.099
0.049
0.080
0.094
0.121
0.094
0.067
0.069
0.090
0.077
0.080
0.096
0.105
0.096
0.053
0.042
