0.110
0.085
0.081
0.063
0.097
0.099
0.095
0.096
0.093
0.062
0.090
0.099
0.098
0.096
0.082
0.095
0.082
0.086
0.062
0.097
0.095
0.077
0.080
0.097
0.104
0.097
0.076
0.093
0.092
0.102
0.093
0.091
0.081
0.092
0.078
0.078
0.082
0.067
0.084
0.078
0.061
0.096
0.080
0.103
0.062
0.097
0.105
0.094
0.093
0.099
0.063
0.092
0.101
0.104
0.103
0.102
0.085
0.071
0.078
0.104
0.079
0.100
0.091
0.076
0.081
0.097
0.099
0.061
0.101
0.063
0.093
0.100
0.098
0.094
0.084
0.060
0.093
0.088
0.087
0.077
0.106
0.103
0.098
0.126
0.103
0.096
0.096
0.096
0.103
0.093
0.080
0.061
0.093
0.099
0.096
0.081
0.082
0.084
0.088
0.103
