0.086
0.062
0.062
0.106
0.104
0.064
0.106
0.080
0.066
0.083
0.083
0.085
0.082
0.091
0.104
0.080
0.105
0.104
0.082
0.066
0.061
0.097
0.117
0.094
0.097
0.079
0.097
0.096
0.096
0.094
0.098
0.098
0.100
0.079
0.097
0.097
0.096
0.078
0.087
0.086
0.089
0.062
0.080
0.102
0.104
0.098
0.092
0.091
0.083
0.061
0.101
0.091
0.063
0.098
0.097
0.103
0.097
0.095
0.086
0.087
0.079
0.104
0.097
0.095
0.098
0.102
0.097
0.097
0.111
0.094
0.100
0.090
0.100
0.086
0.096
0.103
0.099
0.079
0.083
0.087
0.067
0.078
0.080
0.104
0.080
0.081
0.096
0.103
0.062
0.096
0.101
0.100
0.091
0.099
0.099
0.078
0.096
0.092
0.088
0.083
