0.116
0.062
0.082
0.064
0.089
0.093
0.069
0.103
0.098
0.099
0.068
0.108
0.068
0.095
0.108
0.093
0.102
0.081
0.081
0.102
0.097
0.096
0.099
0.097
0.100
0.098
0.100
0.100
0.105
0.096
0.096
0.106
0.080
0.079
0.105
0.095
0.097
0.105
0.097
0.097
0.080
0.093
0.082
0.099
0.064
0.092
0.098
0.091
0.079
0.097
0.081
0.060
0.080
0.079
0.079
0.079
0.097
0.093
0.096
0.094
0.100
0.080
0.098
0.095
0.085
0.098
0.099
0.104
0.097
0.123
0.098
0.102
0.064
0.080
0.106
0.094
0.101
0.121
0.103
0.102
0.097
0.061
0.097
0.103
0.085
0.100
0.092
0.101
0.063
0.078
0.097
0.103
0.062
0.077
0.063
0.080
0.097
0.118
0.081
0.097
