0.105
0.104
0.068
0.045
0.062
0.081
0.098
0.078
0.099
0.135
0.098
0.093
0.080
0.061
0.101
0.064
0.101
0.079
0.085
0.077
0.105
0.091
0.088
0.067
0.080
0.080
0.119
0.096
0.098
0.125
0.103
0.096
0.094
0.077
0.102
0.101
0.102
0.092
0.093
0.078
0.108
0.083
0.088
0.073
0.082
0.095
0.109
0.094
0.093
0.074
0.082
0.102
0.096
0.097
0.101
0.100
0.101
0.081
0.098
0.102
0.104
0.095
0.066
0.086
0.080
0.061
0.097
0.098
0.098
0.061
0.066
0.105
0.104
0.092
0.093
0.062
0.101
0.092
0.100
0.096
0.081
0.079
0.083
0.066
0.079
0.094
0.117
0.105
0.064
0.080
0.096
0.080
0.095
0.081
0.065
0.100
0.101
0.081
0.042
0.096
