0.105
0.063
0.112
0.065
0.064
0.105
0.085
0.101
0.100
0.098
0.102
0.083
0.103
0.104
0.066
0.098
0.102
0.105
0.104
0.106
0.093
0.062
0.080
0.075
0.090
0.096
0.100
0.105
0.094
0.088
0.099
0.097
0.082
0.102
0.099
0.099
0.091
0.099
0.095
0.097
0.084
0.078
0.081
0.101
0.104
0.094
0.098
0.101
0.081
0.107
0.099
0.078
0.095
0.064
0.099
0.099
0.103
0.097
0.111
0.104
0.080
0.062
0.082
0.079
0.080
0.105
0.081
0.095
0.105
0.099
0.097
0.095
0.094
0.103
0.100
0.100
0.106
0.097
0.097
0.096
0.081
0.099
0.081
0.096
0.105
0.097
0.097
0.103
0.085
0.079
0.106
0.103
0.101
0.102
0.102
0.092
0.065
0.099
0.099
0.111
