0.123
0.100
0.082
0.081
0.068
0.067
0.117
0.095
0.120
0.103
0.079
0.079
0.098
0.072
0.096
0.078
0.101
0.099
0.061
0.096
0.079
0.077
0.080
0.043
0.089
0.060
0.079
0.078
0.103
0.095
0.097
0.094
0.098
0.098
0.103
0.078
0.099
0.080
0.084
0.097
0.091
0.099
0.083
0.094
0.067
0.096
0.112
0.104
0.097
0.096
0.103
0.106
0.096
0.104
0.065
0.124
0.065
0.077
0.098
0.098
0.062
0.104
0.096
0.093
0.066
0.045
0.082
0.061
0.100
0.103
0.101
0.081
0.096
0.046
0.100
0.095
0.085
0.093
0.100
0.097
0.098
0.098
0.063
0.092
0.088
0.086
0.098
0.095
0.097
0.060
0.093
0.105
0.063
0.075
0.097
0.103
0.085
0.103
0.099
0.042
