0.119
0.099
0.099
0.106
0.080
0.083
0.094
0.079
0.078
0.104
0.103
0.080
0.096
0.095
0.098
0.063
0.080
0.093
0.064
0.063
0.100
0.098
0.121
0.095
0.104
0.068
0.079
0.079
0.062
0.078
0.096
0.102
0.093
0.097
0.078
0.124
0.080
0.081
0.100
0.101
0.091
0.100
0.098
0.104
0.095
0.065
0.061
0.079
0.073
0.096
0.096
0.062
0.097
0.104
0.097
0.061
0.095
0.094
0.080
0.068
0.092
0.063
0.105
0.061
0.079
0.088
0.078
0.063
0.061
0.082
0.075
0.103
0.100
0.104
0.106
0.098
0.095
0.101
0.101
0.101
0.092
0.120
0.098
0.098
0.081
0.100
0.067
0.062
0.080
0.096
0.079
0.074
0.095
0.098
0.103
0.080
0.092
0.094
0.099
0.104
