0.105
0.101
0.103
0.104
0.063
0.103
0.082
0.102
0.088
0.078
0.080
0.061
0.076
0.102
0.101
0.096
0.081
0.082
0.097
0.091
0.101
0.063
0.062
0.097
0.096
0.103
0.120
0.077
0.068
0.079
0.083
0.124
0.080
0.080
0.104
0.088
0.083
0.082
0.104
0.095
0.112
0.098
0.100
0.096
0.097
0.089
0.103
0.097
0.088
0.078
0.091
0.061
0.080
0.061
0.112
0.079
0.081
0.099
0.098
0.095
0.100
0.066
0.100
0.098
0.061
0.095
0.081
0.103
0.088
0.079
0.079
0.095
0.097
0.061
0.098
0.108
0.097
0.094
0.084
0.099
0.062
0.098
0.062
0.097
0.096
0.096
0.083
0.103
0.088
0.079
0.096
0.078
0.080
0.079
0.096
0.096
0.081
0.091
0.079
0.095
