0.234
0.228
0.219
0.217
0.238
0.200
0.208
0.205
0.200
0.214
0.224
0.200
0.208
0.205
0.194
0.218
0.208
0.208
0.210
0.196
0.209
0.210
0.205
0.203
0.209
0.200
0.204
0.208
0.190
0.206
0.212
0.209
0.198
0.208
0.205
0.195
0.210
0.196
0.205
0.208
0.196
0.191
0.211
0.210
0.207
0.208
0.198
0.205
0.215
0.205
0.174
0.215
0.211
0.209
0.224
0.200
0.214
0.208
0.220
0.181
0.207
0.211
0.211
0.215
0.194
0.209
0.210
0.221
0.141
0.217
0.205
0.214
0.223
0.195
0.216
0.210
0.214
0.171
0.214
0.206
0.209
0.209
0.201
0.211
0.243
0.207
0.176
0.207
0.240
0.207
0.218
0.206
0.211
0.210
0.197
0.174
0.217
0.207
0.202
0.213
