0.343
0.249
0.245
0.216
0.237
0.221
0.256
0.221
0.219
0.225
0.219
0.219
0.226
0.215
0.214
0.217
0.212
0.216
0.220
0.215
0.244
0.221
0.210
0.212
0.218
0.215
0.223
0.224
0.209
0.214
0.222
0.205
0.215
0.211
0.212
0.215
0.226
0.209
0.202
0.218
0.247
0.216
0.229
0.218
0.224
0.219
0.207
0.222
0.220
0.216
0.216
0.221
0.220
0.230
0.215
0.207
0.224
0.220
0.220
0.215
0.212
0.216
0.216
0.223
0.214
0.220
0.224
0.219
0.222
0.212
0.218
0.216
0.222
0.208
0.217
0.218
0.219
0.219
0.207
0.212
0.219
0.224
0.213
0.215
0.221
0.215
0.216
0.216
0.222
0.216
0.221
0.209
0.228
0.226
0.218
0.219
0.219
0.219
0.224
0.199
