0.214
0.192
0.158
0.154
0.158
0.148
0.160
0.146
0.154
0.160
0.148
0.157
0.158
0.165
0.152
0.158
0.157
0.158
0.162
0.145
0.160
0.170
0.155
0.146
0.159
0.161
0.152
0.158
0.151
0.157
0.156
0.153
0.146
0.157
0.157
0.158
0.155
0.146
0.146
0.156
0.156
0.118
0.157
0.323
0.145
0.156
0.149
0.150
0.159
0.151
0.147
0.144
0.154
0.159
0.162
0.158
0.158
0.156
0.153
0.116
0.157
0.158
0.160
0.158
0.148
0.166
0.174
0.143
0.141
0.159
0.156
0.155
0.158
0.146
0.154
0.159
0.156
0.119
0.157
0.154
0.153
0.158
0.147
0.150
0.157
0.152
0.120
0.156
0.151
0.156
0.147
0.148
0.156
0.155
0.154
0.123
0.158
0.161
0.159
0.160
