0.225
0.161
0.184
0.151
0.155
0.161
0.163
0.151
0.153
0.168
0.154
0.138
0.155
0.165
0.153
0.168
0.144
0.171
0.160
0.160
0.159
0.122
0.171
0.153
0.167
0.148
0.157
0.146
0.183
0.152
0.157
0.154
0.159
0.155
0.151
0.152
0.160
0.154
0.153
0.157
0.154
0.142
0.162
0.149
0.154
0.157
0.147
0.151
0.156
0.155
0.161
0.157
0.149
0.154
0.162
0.151
0.149
0.155
0.105
0.150
0.159
0.145
0.151
0.165
0.155
0.142
0.156
0.151
0.159
0.148
0.149
0.155
0.146
0.155
0.155
0.162
0.160
0.153
0.157
0.146
0.154
0.156
0.182
0.153
0.156
0.157
0.154
0.157
0.145
0.158
0.158
0.159
0.157
0.154
0.159
0.155
0.159
0.152
0.143
0.163
