0.247
0.240
0.242
0.251
0.239
0.241
0.219
0.216
0.216
0.220
0.182
0.211
0.219
0.225
0.235
0.210
0.229
0.215
0.213
0.192
0.221
0.228
0.215
0.258
0.228
0.245
0.221
0.222
0.192
0.217
0.221
0.211
0.215
0.207
0.215
0.225
0.221
0.181
0.216
0.193
0.217
0.219
0.218
0.219
0.210
0.219
0.179
0.219
0.222
0.220
0.218
0.215
0.220
0.219
0.221
0.201
0.220
0.230
0.221
0.210
0.215
0.214
0.217
0.205
0.195
0.215
0.224
0.211
0.222
0.211
0.217
0.215
0.217
0.237
0.217
0.228
0.209
0.210
0.213
0.221
0.225
0.238
0.211
0.219
0.227
0.218
0.216
0.212
0.219
0.249
0.221
0.208
0.217
0.226
0.221
0.220
0.211
0.219
0.211
0.218
