0.306
0.232
0.206
0.226
0.214
0.201
0.209
0.200
0.198
0.199
0.215
0.213
0.201
0.206
0.206
0.207
0.210
0.201
0.212
0.205
0.208
0.200
0.210
0.202
0.213
0.197
0.198
0.209
0.203
0.206
0.176
0.214
0.207
0.211
0.204
0.197
0.214
0.205
0.211
0.201
0.198
0.204
0.216
0.210
0.199
0.209
0.206
0.205
0.200
0.209
0.209
0.212
0.214
0.163
0.213
0.209
0.211
0.179
0.214
0.205
0.213
0.200
0.195
0.209
0.201
0.204
0.173
0.201
0.211
0.235
0.203
0.200
0.213
0.206
0.207
0.188
0.212
0.208
0.212
0.201
0.206
0.216
0.208
0.197
0.179
0.214
0.207
0.226
0.211
0.203
0.206
0.198
0.207
0.179
0.206
0.204
0.208
0.203
0.202
0.209
