0.251
0.227
0.225
0.209
0.202
0.245
0.215
0.207
0.199
0.210
0.203
0.207
0.210
0.202
0.206
0.211
0.212
0.195
0.210
0.202
0.206
0.211
0.199
0.204
0.212
0.202
0.200
0.207
0.204
0.197
0.211
0.203
0.207
0.208
0.209
0.198
0.220
0.221
0.211
0.210
0.200
0.202
0.214
0.201
0.204
0.206
0.205
0.194
0.210
0.206
0.205
0.207
0.207
0.198
0.209
0.200
0.204
0.209
0.199
0.202
0.212
0.202
0.203
0.203
0.207
0.204
0.205
0.204
0.211
0.233
0.211
0.197
0.209
0.203
0.208
0.203
0.204
0.201
0.210
0.201
0.198
0.207
0.210
0.207
0.215
0.199
0.204
0.205
0.211
0.217
0.181
0.202
0.206
0.207
0.206
0.229
0.214
0.207
0.197
0.210
