0.205
0.157
0.149
0.672
0.155
0.158
0.160
0.146
0.165
0.120
0.159
0.146
0.156
0.153
0.159
0.122
0.164
0.159
0.156
0.160
0.149
0.159
0.160
0.155
0.156
0.147
0.160
0.156
0.161
0.147
0.155
0.158
0.156
0.172
0.149
0.159
0.161
0.150
0.148
0.155
0.154
0.159
0.160
0.117
0.159
0.155
0.155
0.147
0.155
0.184
0.147
0.181
0.147
0.157
0.155
0.183
0.147
0.152
0.156
0.155
0.160
0.148
0.157
0.152
0.155
0.146
0.161
0.153
0.156
0.146
0.145
0.156
0.161
0.151
0.151
0.160
0.161
0.156
0.156
0.143
0.161
0.161
0.152
0.146
0.152
0.152
0.156
0.153
0.149
0.154
0.166
0.151
0.149
0.159
0.155
0.156
0.153
0.155
0.156
0.149
