0.323
0.236
0.222
0.228
0.222
0.221
0.220
0.213
0.222
0.223
0.212
0.213
0.226
0.212
0.208
0.216
0.226
0.219
0.218
0.209
0.219
0.221
0.222
0.221
0.218
0.216
0.225
0.222
0.212
0.223
0.234
0.217
0.222
0.218
0.218
0.234
0.211
0.242
0.225
0.219
0.219
0.218
0.220
0.210
0.212
0.220
0.219
0.236
0.220
0.220
0.229
0.210
0.217
0.224
0.220
0.204
0.227
0.212
0.216
0.249
0.217
0.181
0.223
0.215
0.213
0.217
0.210
0.207
0.223
0.208
0.215
0.222
0.218
0.204
0.218
0.219
0.217
0.250
0.210
0.206
0.221
0.221
0.215
0.221
0.220
0.210
0.218
0.248
0.222
0.219
0.219
0.212
0.232
0.253
0.221
0.231
0.219
0.239
0.219
0.219
