0.399
0.231
0.226
0.208
0.203
0.225
0.220
0.223
0.221
0.221
0.219
0.210
0.220
0.208
0.223
0.218
0.228
0.215
0.221
0.217
0.220
0.219
0.208
0.212
0.213
0.215
0.225
0.224
0.220
0.224
0.221
0.211
0.216
0.223
0.212
0.214
0.221
0.220
0.218
0.221
0.211
0.234
0.219
0.219
0.235
0.211
0.214
0.214
0.221
0.211
0.221
0.219
0.256
0.220
0.213
0.218
0.217
0.221
0.213
0.226
0.219
0.206
0.170
0.211
0.220
0.221
0.251
0.210
0.227
0.226
0.221
0.221
0.210
0.207
0.227
0.221
0.211
0.223
0.256
0.233
0.213
0.211
0.236
0.217
0.228
0.203
0.218
0.217
0.233
0.217
0.212
0.215
0.224
0.217
0.213
0.231
0.222
0.218
0.214
0.213
