0.286
0.230
0.235
0.246
0.210
0.211
0.224
0.213
0.223
0.192
0.214
0.213
0.223
0.210
0.213
0.219
0.216
0.249
0.194
0.217
0.222
0.225
0.215
0.214
0.221
0.216
0.221
0.178
0.217
0.226
0.219
0.224
0.209
0.218
0.214
0.222
0.192
0.238
0.217
0.225
0.221
0.207
0.228
0.220
0.220
0.194
0.217
0.223
0.218
0.220
0.209
0.231
0.215
0.245
0.217
0.223
0.224
0.223
0.213
0.223
0.225
0.216
0.219
0.221
0.217
0.214
0.220
0.262
0.210
0.222
0.215
0.236
0.219
0.210
0.215
0.220
0.225
0.206
0.220
0.219
0.216
0.219
0.214
0.227
0.222
0.218
0.210
0.221
0.219
0.221
0.224
0.223
0.217
0.211
0.218
0.215
0.232
0.214
0.216
0.227
