0.211
0.119
0.152
0.156
0.151
0.165
0.184
0.154
0.154
0.157
0.150
0.156
0.160
0.156
0.152
0.150
0.184
0.153
0.162
0.117
0.159
0.156
0.154
0.152
0.156
0.153
0.149
0.158
0.135
0.166
0.154
0.153
0.167
0.158
0.154
0.159
0.152
0.147
0.185
0.159
0.155
0.146
0.146
0.159
0.155
0.154
0.116
0.159
0.159
0.154
0.153
0.156
0.159
0.154
0.185
0.120
0.160
0.156
0.154
0.387
0.149
0.152
0.158
0.159
0.181
0.154
0.186
0.153
0.153
0.155
0.188
0.159
0.161
0.123
0.163
0.150
0.190
0.158
0.146
0.159
0.159
0.377
0.124
0.159
0.156
0.154
0.156
0.148
0.154
0.158
0.145
0.162
0.185
0.145
0.170
0.159
0.149
0.154
0.141
0.149
