0.288
0.235
0.196
0.234
0.232
0.232
0.232
0.231
0.213
0.208
0.206
0.208
0.212
0.227
0.164
0.206
0.210
0.210
0.199
0.207
0.211
0.246
0.175
0.235
0.216
0.200
0.211
0.201
0.205
0.204
0.209
0.169
0.210
0.207
0.212
0.204
0.201
0.234
0.206
0.209
0.178
0.201
0.209
0.190
0.205
0.203
0.211
0.222
0.209
0.230
0.204
0.238
0.208
0.209
0.215
0.206
0.207
0.203
0.207
0.205
0.216
0.211
0.207
0.225
0.206
0.246
0.212
0.191
0.213
0.219
0.210
0.202
0.208
0.203
0.208
0.211
0.206
0.204
0.212
0.221
0.205
0.197
0.214
0.215
0.211
0.202
0.208
0.212
0.210
0.210
0.210
0.243
0.202
0.209
0.206
0.208
0.216
0.243
0.208
0.204
