0.303
0.249
0.233
0.220
0.244
0.209
0.236
0.217
0.221
0.220
0.216
0.220
0.225
0.220
0.206
0.221
0.217
0.215
0.225
0.216
0.249
0.213
0.218
0.207
0.236
0.211
0.244
0.221
0.216
0.222
0.220
0.219
0.213
0.223
0.211
0.215
0.225
0.214
0.221
0.219
0.215
0.210
0.252
0.218
0.219
0.224
0.220
0.220
0.230
0.216
0.206
0.215
0.214
0.216
0.221
0.215
0.231
0.212
0.215
0.222
0.229
0.211
0.208
0.236
0.217
0.215
0.223
0.215
0.207
0.219
0.222
0.221
0.223
0.213
0.216
0.218
0.206
0.206
0.235
0.215
0.217
0.218
0.221
0.215
0.219
0.214
0.201
0.219
0.220
0.215
0.213
0.210
0.234
0.224
0.212
0.208
0.237
0.215
0.218
0.225
