0.217
0.156
0.150
0.161
0.183
0.155
0.156
0.146
0.155
0.162
0.152
0.119
0.163
0.154
0.152
0.157
0.147
0.145
0.163
0.158
0.116
0.158
0.154
0.153
0.156
0.149
0.160
0.158
0.153
0.119
0.158
0.153
0.145
0.161
0.151
0.154
0.158
0.154
0.135
0.156
0.158
0.142
0.157
0.150
0.151
0.165
0.155
0.119
0.156
0.154
0.160
0.157
0.152
0.158
0.161
0.144
0.115
0.156
0.156
0.151
0.158
0.144
0.175
0.156
0.160
0.117
0.159
0.154
0.157
0.161
0.151
0.156
0.159
0.155
0.137
0.158
0.159
0.158
0.163
0.142
0.154
0.158
0.157
0.135
0.161
0.159
0.155
0.157
0.144
0.153
0.163
0.155
0.159
0.158
0.152
0.159
0.162
0.150
0.153
0.163
