0.265
0.227
0.228
0.240
0.240
0.224
0.221
0.207
0.206
0.210
0.199
0.244
0.215
0.212
0.198
0.213
0.205
0.211
0.203
0.201
0.206
0.204
0.206
0.201
0.209
0.203
0.206
0.249
0.207
0.239
0.216
0.205
0.203
0.208
0.206
0.211
0.210
0.196
0.206
0.218
0.211
0.216
0.213
0.215
0.201
0.183
0.206
0.214
0.213
0.211
0.170
0.209
0.210
0.204
0.213
0.196
0.203
0.207
0.207
0.198
0.211
0.238
0.206
0.215
0.198
0.200
0.210
0.215
0.169
0.208
0.211
0.205
0.213
0.203
0.210
0.209
0.211
0.196
0.220
0.206
0.196
0.215
0.202
0.190
0.221
0.201
0.198
0.205
0.201
0.235
0.207
0.200
0.212
0.206
0.207
0.177
0.218
0.215
0.212
0.218
