0.224
0.188
0.183
0.154
0.144
0.157
0.161
0.147
0.153
0.158
0.154
0.158
0.154
0.108
0.155
0.163
0.143
0.113
0.161
0.159
0.153
0.149
0.155
0.161
0.158
0.149
0.162
0.279
0.153
0.153
0.149
0.112
0.154
0.159
0.109
0.158
0.148
0.157
0.158
0.146
0.151
0.161
0.153
0.154
0.157
0.155
0.158
0.160
0.154
0.153
0.158
0.159
0.149
0.157
0.154
0.154
0.154
0.146
0.157
0.160
0.153
0.143
0.156
0.161
0.156
0.155
0.151
0.151
0.166
0.184
0.143
0.155
0.113
0.110
0.159
0.111
0.151
0.156
0.156
0.145
0.158
0.146
0.161
0.152
0.154
0.153
0.154
0.160
0.148
0.113
0.155
0.153
0.157
0.152
0.155
0.152
0.144
0.143
0.153
0.150
