0.205
0.158
0.154
0.158
0.153
0.153
0.161
0.150
0.147
0.156
0.159
0.158
0.155
0.158
0.154
0.156
0.184
0.143
0.163
0.153
0.155
0.161
0.152
0.152
0.150
0.151
0.154
0.160
0.153
0.152
0.157
0.152
0.184
0.154
0.159
0.150
0.153
0.152
0.159
0.160
0.152
0.149
0.158
0.153
0.149
0.158
0.161
0.154
0.150
0.150
0.155
0.156
0.155
0.150
0.163
0.153
0.152
0.153
0.156
0.157
0.156
0.153
0.144
0.156
0.152
0.160
0.156
0.155
0.156
0.151
0.190
0.150
0.159
0.150
0.144
0.162
0.152
0.149
0.155
0.155
0.147
0.157
0.148
0.108
0.160
0.155
0.153
0.160
0.158
0.144
0.167
0.149
0.154
0.162
0.153
0.153
0.186
0.154
0.147
0.157
