0.216
0.157
0.155
0.120
0.154
0.155
0.165
0.159
0.152
0.157
0.159
0.162
0.121
0.153
0.157
0.157
0.156
0.148
0.158
0.158
0.158
0.123
0.157
0.155
0.163
0.153
0.146
0.157
0.145
0.151
0.121
0.153
0.155
0.157
0.159
0.150
0.159
0.151
0.154
0.118
0.159
0.149
0.162
0.152
0.150
0.158
0.154
0.158
0.144
0.154
0.154
0.154
0.143
0.145
0.159
0.152
0.153
0.133
0.159
0.157
0.159
0.157
0.151
0.159
0.155
0.154
0.145
0.151
0.154
0.159
0.154
0.146
0.164
0.158
0.155
0.118
0.154
0.155
0.161
0.154
0.149
0.160
0.155
0.185
0.125
0.158
0.155
0.151
0.156
0.149
0.146
0.142
0.156
0.115
0.154
0.156
0.157
0.151
0.151
0.155
