0.257
0.194
0.238
0.259
0.239
0.248
0.251
0.247
0.241
0.260
0.248
0.248
0.249
0.226
0.249
0.253
0.241
0.204
0.249
0.249
0.241
0.199
0.238
0.236
0.260
0.255
0.247
0.248
0.249
0.247
0.255
0.244
0.246
0.260
0.248
0.211
0.256
0.246
0.252
0.253
0.240
0.204
0.251
0.248
0.211
0.250
0.248
0.257
0.255
0.257
0.247
0.252
0.240
0.222
0.253
0.253
0.248
0.255
0.240
0.247
0.257
0.202
0.219
0.246
0.240
0.242
0.249
0.239
0.249
0.242
0.205
0.234
0.251
0.232
0.253
0.249
0.239
0.250
0.251
0.250
0.210
0.212
0.248
0.250
0.251
0.242
0.252
0.255
0.249
0.211
0.252
0.249
0.258
0.227
0.246
0.247
0.243
0.245
0.209
0.255
