0.238
0.225
0.230
0.253
0.233
0.206
0.174
0.208
0.203
0.205
0.209
0.210
0.220
0.210
0.202
0.178
0.206
0.204
0.217
0.204
0.199
0.211
0.205
0.204
0.170
0.208
0.206
0.209
0.206
0.209
0.205
0.184
0.200
0.190
0.207
0.204
0.220
0.204
0.198
0.208
0.218
0.209
0.187
0.203
0.201
0.211
0.206
0.189
0.204
0.209
0.207
0.184
0.215
0.196
0.210
0.206
0.209
0.210
0.205
0.205
0.238
0.204
0.234
0.212
0.212
0.201
0.202
0.203
0.204
0.207
0.214
0.208
0.205
0.211
0.200
0.208
0.205
0.209
0.215
0.210
0.203
0.213
0.201
0.196
0.208
0.203
0.227
0.209
0.209
0.207
0.206
0.188
0.211
0.213
0.212
0.214
0.203
0.194
0.211
0.212
