0.312
0.255
0.252
0.234
0.254
0.164
0.202
0.211
0.197
0.212
0.206
0.203
0.212
0.197
0.248
0.202
0.239
0.215
0.205
0.206
0.198
0.209
0.206
0.204
0.172
0.206
0.208
0.207
0.208
0.189
0.223
0.203
0.207
0.192
0.207
0.205
0.214
0.203
0.200
0.213
0.205
0.205
0.182
0.212
0.212
0.210
0.218
0.199
0.220
0.207
0.202
0.171
0.214
0.210
0.211
0.204
0.199
0.208
0.214
0.209
0.182
0.208
0.241
0.208
0.209
0.197
0.207
0.210
0.206
0.172
0.214
0.204
0.204
0.213
0.228
0.193
0.201
0.198
0.182
0.208
0.214
0.210
0.210
0.200
0.210
0.205
0.202
0.196
0.213
0.205
0.202
0.213
0.203
0.204
0.219
0.211
0.169
0.201
0.199
0.201
