0.687
0.228
0.194
0.253
0.218
0.213
0.219
0.210
0.217
0.228
0.219
0.179
0.220
0.243
0.203
0.229
0.209
0.211
0.220
0.225
0.187
0.213
0.219
0.208
0.225
0.207
0.219
0.219
0.223
0.188
0.220
0.217
0.223
0.211
0.216
0.243
0.217
0.212
0.196
0.215
0.219
0.241
0.255
0.220
0.210
0.226
0.220
0.201
0.189
0.218
0.216
0.218
0.220
0.222
0.224
0.223
0.195
0.217
0.223
0.219
0.217
0.215
0.217
0.229
0.221
0.209
0.223
0.223
0.218
0.209
0.213
0.213
0.219
0.221
0.231
0.213
0.216
0.222
0.207
0.215
0.223
0.214
0.222
0.213
0.220
0.230
0.224
0.215
0.219
0.223
0.225
0.229
0.228
0.234
0.224
0.217
0.220
0.206
0.217
0.223
