0.267
0.234
0.238
0.229
0.224
0.186
0.202
0.190
0.209
0.163
0.199
0.209
0.209
0.205
0.203
0.208
0.173
0.204
0.211
0.200
0.213
0.236
0.207
0.204
0.208
0.170
0.205
0.205
0.209
0.204
0.208
0.204
0.206
0.215
0.171
0.209
0.219
0.211
0.206
0.209
0.208
0.210
0.211
0.163
0.210
0.204
0.206
0.218
0.206
0.211
0.207
0.212
0.177
0.206
0.209
0.210
0.208
0.204
0.208
0.211
0.212
0.177
0.209
0.198
0.205
0.221
0.206
0.155
0.207
0.204
0.200
0.233
0.174
0.233
0.181
0.203
0.223
0.182
0.183
0.202
0.224
0.182
0.182
0.211
0.201
0.200
0.198
0.205
0.212
0.205
0.214
0.212
0.213
0.208
0.209
0.198
0.207
0.206
0.205
0.209
