0.206
0.173
0.148
0.190
0.153
0.171
0.158
0.151
0.155
0.160
0.158
0.158
0.158
0.149
0.150
0.162
0.158
0.151
0.158
0.149
0.155
0.153
0.154
0.151
0.150
0.147
0.143
0.159
0.158
0.160
0.158
0.151
0.150
0.160
0.153
0.179
0.158
0.151
0.154
0.154
0.159
0.142
0.163
0.147
0.153
0.154
0.154
0.151
0.163
0.149
0.148
0.155
0.158
0.152
0.149
0.153
0.158
0.155
0.154
0.147
0.153
0.152
0.154
0.156
0.179
0.150
0.162
0.148
0.146
0.154
0.153
0.150
0.159
0.153
0.153
0.150
0.153
0.171
0.166
0.150
0.160
0.158
0.150
0.146
0.151
0.150
0.152
0.158
0.144
0.155
0.163
0.150
0.153
0.155
0.155
0.117
0.162
0.148
0.164
0.157
