0.269
0.230
0.221
0.228
0.235
0.230
0.241
0.206
0.205
0.206
0.201
0.204
0.246
0.197
0.215
0.207
0.207
0.204
0.202
0.204
0.202
0.210
0.199
0.209
0.215
0.206
0.207
0.204
0.206
0.206
0.217
0.197
0.210
0.210
0.201
0.204
0.210
0.204
0.209
0.212
0.198
0.207
0.204
0.207
0.213
0.196
0.201
0.205
0.207
0.172
0.212
0.211
0.211
0.209
0.199
0.204
0.206
0.207
0.222
0.210
0.244
0.205
0.210
0.202
0.214
0.212
0.201
0.167
0.208
0.203
0.210
0.206
0.215
0.210
0.208
0.215
0.186
0.212
0.215
0.197
0.212
0.203
0.206
0.206
0.207
0.171
0.207
0.209
0.208
0.215
0.197
0.208
0.208
0.206
0.228
0.209
0.208
0.205
0.208
0.199
