0.215
0.190
0.141
0.151
0.147
0.156
0.147
0.158
0.149
0.157
0.109
0.149
0.111
0.152
0.107
0.147
0.156
0.154
0.160
0.150
0.150
0.158
0.154
0.154
0.379
0.157
0.153
0.154
0.156
0.142
0.158
0.151
0.156
0.148
0.154
0.152
0.162
0.150
0.147
0.154
0.153
0.154
0.153
0.156
0.155
0.152
0.153
0.149
0.157
0.158
0.157
0.147
0.155
0.158
0.165
0.155
0.135
0.160
0.139
0.149
0.142
0.151
0.148
0.156
0.155
0.148
0.159
0.158
0.157
0.150
0.154
0.148
0.161
0.158
0.148
0.158
0.146
0.155
0.149
0.157
0.158
0.156
0.155
0.144
0.155
0.152
0.155
0.152
0.155
0.152
0.161
0.156
0.150
0.160
0.154
0.155
0.119
0.152
0.156
0.155
