0.258
0.204
0.234
0.259
0.222
0.209
0.218
0.216
0.217
0.220
0.208
0.227
0.219
0.212
0.199
0.228
0.218
0.209
0.220
0.206
0.222
0.219
0.217
0.214
0.213
0.219
0.221
0.222
0.213
0.226
0.222
0.216
0.221
0.213
0.218
0.220
0.226
0.236
0.217
0.212
0.218
0.223
0.214
0.218
0.215
0.221
0.212
0.220
0.222
0.219
0.216
0.227
0.221
0.213
0.220
0.208
0.232
0.219
0.216
0.216
0.219
0.226
0.208
0.214
0.210
0.215
0.226
0.212
0.217
0.213
0.215
0.207
0.229
0.208
0.223
0.220
0.222
0.213
0.219
0.232
0.217
0.227
0.210
0.218
0.220
0.218
0.216
0.211
0.219
0.217
0.220
0.179
0.217
0.222
0.218
0.216
0.219
0.220
0.218
0.227
