0.272
0.212
0.222
0.210
0.197
0.202
0.211
0.214
0.241
0.208
0.221
0.205
0.209
0.204
0.205
0.197
0.213
0.204
0.200
0.208
0.230
0.208
0.202
0.205
0.215
0.198
0.214
0.199
0.209
0.212
0.238
0.176
0.234
0.211
0.210
0.208
0.204
0.208
0.206
0.217
0.201
0.211
0.166
0.209
0.221
0.206
0.213
0.210
0.206
0.206
0.221
0.208
0.208
0.209
0.215
0.203
0.202
0.209
0.202
0.207
0.206
0.211
0.222
0.205
0.210
0.205
0.214
0.185
0.236
0.208
0.198
0.213
0.189
0.206
0.207
0.209
0.207
0.197
0.203
0.206
0.199
0.202
0.197
0.206
0.211
0.210
0.200
0.212
0.238
0.211
0.217
0.205
0.201
0.211
0.213
0.208
0.211
0.207
0.228
0.206
