0.292
0.233
0.226
0.234
0.261
0.223
0.204
0.217
0.218
0.203
0.252
0.227
0.220
0.215
0.217
0.227
0.211
0.184
0.246
0.211
0.217
0.224
0.207
0.216
0.215
0.218
0.217
0.223
0.207
0.219
0.224
0.215
0.219
0.211
0.222
0.218
0.225
0.207
0.217
0.221
0.220
0.216
0.216
0.216
0.217
0.219
0.211
0.215
0.223
0.220
0.216
0.219
0.223
0.216
0.227
0.209
0.220
0.220
0.216
0.220
0.216
0.212
0.242
0.222
0.212
0.215
0.219
0.215
0.221
0.211
0.220
0.217
0.236
0.179
0.217
0.217
0.221
0.234
0.244
0.220
0.207
0.260
0.209
0.258
0.208
0.227
0.244
0.206
0.212
0.219
0.217
0.173
0.209
0.237
0.211
0.209
0.212
0.218
0.219
0.222
