0.310
0.153
0.159
0.161
0.164
0.149
0.164
0.160
0.165
0.166
0.165
0.160
0.163
0.151
0.134
0.160
0.165
0.158
0.159
0.152
0.158
0.162
0.155
0.129
0.164
0.160
0.157
0.160
0.153
0.161
0.160
0.154
0.142
0.165
0.164
0.158
0.157
0.145
0.165
0.159
0.156
0.183
0.160
0.160
0.162
0.160
0.153
0.160
0.158
0.165
0.160
0.155
0.165
0.163
0.157
0.152
0.162
0.161
0.160
0.163
0.168
0.160
0.164
0.163
0.158
0.158
0.161
0.162
0.155
0.159
0.161
0.157
0.169
0.160
0.158
0.148
0.165
0.159
0.163
0.166
0.161
0.160
0.158
0.163
0.164
0.160
0.155
0.160
0.161
0.163
0.157
0.152
0.156
0.159
0.160
0.159
0.161
0.162
0.156
0.166
