0.212
0.190
0.162
0.128
0.153
0.161
0.167
0.150
0.156
0.158
0.161
0.159
0.165
0.156
0.154
0.165
0.157
0.159
0.152
0.164
0.158
0.169
0.156
0.152
0.154
0.156
0.165
0.159
0.157
0.159
0.160
0.145
0.147
0.167
0.157
0.156
0.151
0.156
0.157
0.169
0.162
0.149
0.161
0.156
0.152
0.154
0.155
0.165
0.159
0.158
0.158
0.165
0.160
0.161
0.157
0.163
0.162
0.161
0.160
0.153
0.158
0.158
0.168
0.156
0.160
0.159
0.161
0.188
0.149
0.147
0.156
0.152
0.150
0.155
0.159
0.160
0.156
0.150
0.158
0.159
0.158
0.153
0.156
0.165
0.162
0.164
0.151
0.166
0.157
0.158
0.154
0.163
0.168
0.152
0.156
0.154
0.161
0.157
0.159
0.167
