0.221
0.161
0.168
0.167
0.161
0.159
0.166
0.164
0.180
0.161
0.157
0.171
0.171
0.148
0.162
0.162
0.156
0.150
0.162
0.169
0.163
0.163
0.161
0.152
0.165
0.159
0.152
0.169
0.188
0.157
0.160
0.159
0.161
0.168
0.157
0.157
0.163
0.162
0.163
0.163
0.158
0.160
0.165
0.159
0.152
0.167
0.161
0.163
0.159
0.159
0.156
0.167
0.153
0.147
0.150
0.121
0.158
0.161
0.151
0.163
0.175
0.161
0.153
0.162
0.152
0.141
0.162
0.153
0.160
0.162
0.169
0.160
0.164
0.157
0.164
0.164
0.149
0.163
0.161
0.162
0.155
0.163
0.159
0.166
0.160
0.148
0.158
0.161
0.160
0.150
0.161
0.164
0.160
0.163
0.153
0.163
0.161
0.158
0.153
0.164
