0.212
0.187
0.194
0.192
0.160
0.158
0.155
0.150
0.160
0.157
0.150
0.159
0.163
0.159
0.165
0.155
0.162
0.160
0.164
0.129
0.161
0.161
0.165
0.160
0.156
0.155
0.164
0.163
0.150
0.157
0.166
0.158
0.156
0.193
0.160
0.171
0.167
0.148
0.158
0.162
0.163
0.156
0.154
0.168
0.158
0.162
0.155
0.158
0.162
0.159
0.158
0.154
0.160
0.158
0.168
0.151
0.160
0.160
0.159
0.161
0.162
0.157
0.159
0.161
0.151
0.172
0.162
0.188
0.162
0.187
0.158
0.179
0.165
0.188
0.162
0.190
0.151
0.156
0.155
0.158
0.169
0.196
0.157
0.187
0.165
0.167
0.160
0.158
0.159
0.155
0.164
0.155
0.161
0.161
0.163
0.149
0.163
0.169
0.161
0.167
