0.185
0.161
0.166
0.164
0.153
0.151
0.163
0.162
0.144
0.166
0.159
0.160
0.154
0.158
0.159
0.157
0.160
0.149
0.166
0.162
0.156
0.166
0.148
0.163
0.172
0.165
0.122
0.166
0.158
0.159
0.168
0.150
0.162
0.162
0.156
0.149
0.166
0.158
0.157
0.156
0.148
0.158
0.165
0.159
0.155
0.161
0.157
0.163
0.165
0.154
0.158
0.161
0.162
0.124
0.162
0.157
0.159
0.153
0.153
0.157
0.168
0.158
0.132
0.168
0.160
0.159
0.174
0.156
0.157
0.162
0.167
0.122
0.164
0.159
0.157
0.169
0.146
0.152
0.164
0.158
0.123
0.162
0.159
0.129
0.167
0.152
0.162
0.166
0.157
0.134
0.160
0.157
0.160
0.159
0.151
0.159
0.163
0.162
0.150
0.162
