0.176
0.183
0.180
0.182
0.194
0.163
0.166
0.151
0.160
0.166
0.158
0.154
0.163
0.157
0.158
0.161
0.151
0.158
0.170
0.157
0.155
0.169
0.157
0.157
0.167
0.152
0.160
0.171
0.163
0.156
0.172
0.163
0.159
0.163
0.188
0.158
0.176
0.161
0.150
0.163
0.164
0.157
0.165
0.152
0.159
0.164
0.160
0.151
0.127
0.156
0.147
0.159
0.162
0.149
0.119
0.151
0.154
0.163
0.163
0.164
0.165
0.183
0.161
0.122
0.157
0.127
0.160
0.159
0.158
0.163
0.151
0.159
0.162
0.157
0.165
0.161
0.158
0.155
0.165
0.147
0.161
0.170
0.162
0.152
0.161
0.163
0.162
0.168
0.150
0.158
0.166
0.160
0.157
0.163
0.159
0.116
0.163
0.159
0.156
0.162
