0.217
0.186
0.159
0.197
0.157
0.167
0.164
0.161
0.125
0.160
0.160
0.165
0.166
0.152
0.162
0.161
0.166
0.133
0.162
0.163
0.166
0.157
0.152
0.179
0.174
0.156
0.137
0.161
0.154
0.153
0.157
0.142
0.149
0.155
0.160
0.154
0.169
0.162
0.164
0.159
0.151
0.164
0.161
0.168
0.126
0.165
0.164
0.158
0.167
0.152
0.159
0.160
0.160
0.145
0.171
0.158
0.151
0.164
0.159
0.161
0.166
0.155
0.127
0.159
0.159
0.162
0.160
0.154
0.168
0.157
0.155
0.130
0.160
0.156
0.167
0.158
0.152
0.162
0.163
0.161
0.126
0.157
0.158
0.166
0.190
0.148
0.163
0.157
0.114
0.124
0.160
0.165
0.166
0.156
0.152
0.166
0.162
0.155
0.169
0.161
