0.240
0.177
0.166
0.165
0.160
0.160
0.156
0.154
0.163
0.160
0.146
0.159
0.155
0.165
0.159
0.156
0.158
0.160
0.154
0.121
0.150
0.156
0.166
0.159
0.154
0.157
0.162
0.159
0.151
0.160
0.167
0.152
0.167
0.153
0.164
0.162
0.160
0.122
0.162
0.157
0.163
0.164
0.157
0.154
0.159
0.159
0.149
0.164
0.161
0.161
0.167
0.152
0.158
0.164
0.168
0.121
0.162
0.161
0.162
0.159
0.160
0.148
0.162
0.157
0.156
0.193
0.154
0.161
0.161
0.152
0.169
0.159
0.164
0.128
0.157
0.162
0.167
0.163
0.153
0.170
0.157
0.156
0.142
0.155
0.160
0.158
0.160
0.150
0.162
0.159
0.161
0.120
0.160
0.160
0.166
0.158
0.154
0.327
0.163
0.187
