0.220
0.172
0.165
0.161
0.149
0.155
0.165
0.157
0.147
0.162
0.188
0.158
0.159
0.150
0.156
0.161
0.165
0.125
0.161
0.157
0.155
0.164
0.153
0.148
0.163
0.160
0.129
0.161
0.157
0.159
0.158
0.150
0.183
0.161
0.157
0.159
0.183
0.158
0.159
0.162
0.155
0.158
0.160
0.157
0.136
0.158
0.164
0.147
0.166
0.150
0.164
0.162
0.158
0.144
0.164
0.158
0.163
0.162
0.181
0.160
0.157
0.151
0.135
0.161
0.161
0.160
0.158
0.153
0.183
0.162
0.157
0.166
0.167
0.158
0.191
0.160
0.150
0.160
0.159
0.157
0.162
0.163
0.192
0.160
0.167
0.151
0.169
0.160
0.163
0.165
0.161
0.158
0.160
0.151
0.155
0.165
0.159
0.158
0.162
0.163
