0.215
0.195
0.159
0.167
0.136
0.162
0.164
0.164
0.159
0.156
0.165
0.160
0.163
0.157
0.160
0.164
0.138
0.158
0.166
0.164
0.163
0.155
0.163
0.160
0.163
0.157
0.164
0.157
0.162
0.163
0.162
0.163
0.163
0.167
0.164
0.152
0.154
0.161
0.159
0.159
0.153
0.159
0.156
0.165
0.163
0.158
0.162
0.188
0.163
0.159
0.166
0.172
0.163
0.157
0.159
0.157
0.162
0.156
0.158
0.162
0.162
0.148
0.165
0.158
0.153
0.157
0.168
0.158
0.162
0.159
0.164
0.161
0.161
0.155
0.166
0.161
0.163
0.168
0.163
0.161
0.158
0.160
0.167
0.157
0.168
0.162
0.153
0.167
0.161
0.163
0.156
0.159
0.162
0.176
0.160
0.148
0.170
0.158
0.165
0.153
