0.742
0.180
0.220
0.226
0.224
0.202
0.205
0.202
0.198
0.199
0.196
0.205
0.220
0.201
0.202
0.205
0.200
0.200
0.195
0.203
0.215
0.211
0.200
0.202
0.206
0.200
0.197
0.197
0.201
0.200
0.210
0.195
0.203
0.179
0.210
0.200
0.193
0.205
0.199
0.203
0.198
0.190
0.204
0.202
0.203
0.204
0.202
0.209
0.205
0.205
0.199
0.207
0.239
0.206
0.202
0.200
0.200
0.215
0.210
0.199
0.209
0.207
0.208
0.196
0.618
0.205
0.201
0.213
0.196
0.205
0.198
0.207
0.198
0.242
0.199
0.203
0.189
0.158
0.200
0.208
0.201
0.199
0.206
0.204
0.198
0.204
0.197
0.209
0.217
0.205
0.189
0.207
0.209
0.208
0.207
0.199
0.201
0.214
0.195
0.200
