0.207
0.202
0.180
0.186
0.170
0.161
0.171
0.168
0.180
0.134
0.137
0.171
0.165
0.169
0.168
0.176
0.172
0.172
0.137
0.176
0.179
0.169
0.176
0.170
0.155
0.176
0.171
0.132
0.172
0.174
0.178
0.177
0.170
0.170
0.170
0.173
0.153
0.174
0.175
0.174
0.164
0.159
0.173
0.174
0.178
0.159
0.174
0.183
0.171
0.174
0.168
0.159
0.174
0.178
0.167
0.171
0.177
0.166
0.173
0.164
0.176
0.173
0.177
0.171
0.174
0.168
0.173
0.177
0.171
0.173
0.172
0.173
0.170
0.163
0.177
0.172
0.176
0.201
0.172
0.172
0.172
0.168
0.174
0.178
0.171
0.172
0.164
0.160
0.173
0.169
0.173
0.171
0.175
0.172
0.178
0.166
0.171
0.169
0.173
0.172
