0.219
0.199
0.181
0.195
0.179
0.173
0.180
0.191
0.176
0.190
0.188
0.169
0.172
0.168
0.171
0.171
0.171
0.167
0.175
0.167
0.161
0.134
0.174
0.177
0.174
0.175
0.167
0.178
0.175
0.176
0.143
0.177
0.176
0.173
0.188
0.195
0.174
0.213
0.173
0.138
0.189
0.172
0.180
0.176
0.161
0.170
0.172
0.169
0.153
0.168
0.171
0.178
0.172
0.170
0.175
0.179
0.172
0.160
0.173
0.170
0.181
0.176
0.163
0.170
0.179
0.169
0.175
0.173
0.172
0.174
0.178
0.161
0.174
0.177
0.175
0.168
0.173
0.161
0.173
0.172
0.165
0.173
0.160
0.169
0.175
0.171
0.174
0.176
0.172
0.164
0.181
0.174
0.172
0.175
0.171
0.171
0.181
0.170
0.167
0.174
