0.261
0.240
0.219
0.204
0.215
0.215
0.219
0.239
0.210
0.251
0.217
0.213
0.207
0.221
0.208
0.223
0.219
0.622
0.217
0.215
0.219
0.207
0.213
0.173
0.215
0.252
0.206
0.231
0.218
0.217
0.191
0.216
0.227
0.217
0.214
0.208
0.213
0.172
0.223
0.220
0.217
0.217
0.212
0.245
0.217
0.214
0.216
0.220
0.176
0.216
0.217
0.217
0.212
0.212
0.218
0.208
0.222
0.179
0.254
0.216
0.215
0.255
0.188
0.188
0.213
0.224
0.154
0.201
0.214
0.216
0.215
0.216
0.190
0.216
0.220
0.459
0.214
0.253
0.216
0.163
0.218
0.215
0.214
0.217
0.199
0.217
0.217
0.216
0.218
0.169
0.219
0.248
0.220
0.181
0.212
0.220
0.214
0.229
0.206
0.237
