0.210
0.230
0.245
0.237
0.238
0.225
0.166
0.225
0.190
0.222
0.180
0.201
0.224
0.263
0.245
0.208
0.227
0.721
0.215
0.222
0.206
0.214
0.225
0.211
0.206
0.245
0.224
0.211
0.211
0.163
0.212
0.243
0.205
0.195
0.227
0.219
0.212
0.244
0.212
0.212
0.214
0.233
0.205
0.216
0.227
0.216
0.222
0.208
0.207
0.243
0.211
0.184
0.224
0.213
0.219
0.242
0.204
0.215
0.220
0.208
0.205
0.239
0.216
0.218
0.217
0.209
0.213
0.267
0.206
0.183
0.224
0.200
0.237
0.229
0.207
0.238
0.221
0.212
0.214
0.212
0.219
0.213
0.224
0.206
0.204
0.219
0.204
0.200
0.214
0.243
0.212
0.218
0.205
0.232
0.222
0.262
0.216
0.218
0.215
0.726
