0.292
0.220
0.144
0.186
0.231
0.206
0.214
0.189
0.177
0.218
0.203
0.184
0.205
0.205
0.204
0.201
0.191
0.492
0.228
0.205
0.166
0.178
0.200
0.204
0.175
0.169
0.177
0.178
0.247
0.184
0.207
0.171
0.206
0.201
0.196
0.206
0.202
0.198
0.181
0.206
0.202
0.202
0.202
0.205
0.208
0.216
0.199
0.194
0.201
0.204
0.190
0.211
0.191
0.201
0.204
0.200
0.191
0.207
0.200
0.203
0.206
0.199
0.231
0.203
0.202
0.204
0.207
0.207
0.244
0.204
0.199
0.205
0.209
0.203
0.191
0.208
0.206
0.202
0.202
0.199
0.226
0.216
0.207
0.200
0.207
0.204
0.227
0.203
0.193
0.202
0.205
0.209
0.198
0.201
0.202
0.208
0.204
0.197
0.207
0.204
