0.759
0.228
0.235
0.212
0.243
0.204
0.211
0.199
0.168
0.208
0.177
0.188
0.210
0.202
0.211
0.203
0.195
0.207
0.207
0.203
0.202
0.196
0.226
0.201
0.206
0.201
0.210
0.207
0.201
0.200
0.202
0.206
0.203
0.214
0.196
0.202
0.208
0.203
0.201
0.201
0.202
0.202
0.208
0.195
0.220
0.206
0.194
0.165
0.245
0.215
0.183
0.210
0.203
0.203
0.205
0.211
0.203
0.196
0.201
0.202
0.209
0.194
0.212
0.202
0.206
0.206
0.198
0.201
0.203
0.211
0.200
0.206
0.206
0.202
0.203
0.194
0.211
0.209
0.207
0.199
0.203
0.209
0.198
0.213
0.215
0.200
0.206
0.224
0.201
0.202
0.210
0.202
0.202
0.194
0.695
0.208
0.205
0.196
0.242
0.195
