0.220
0.204
0.198
0.207
0.138
0.169
0.179
0.175
0.171
0.162
0.164
0.168
0.164
0.160
0.172
0.176
0.177
0.172
0.165
0.171
0.170
0.173
0.140
0.172
0.182
0.170
0.171
0.166
0.177
0.190
0.174
0.139
0.177
0.173
0.164
0.171
0.166
0.172
0.172
0.179
0.140
0.169
0.175
0.168
0.174
0.163
0.167
0.164
0.175
0.133
0.171
0.185
0.180
0.171
0.164
0.171
0.171
0.182
0.165
0.172
0.180
0.187
0.171
0.169
0.178
0.175
0.174
0.134
0.176
0.192
0.172
0.169
0.165
0.171
0.175
0.174
0.143
0.208
0.173
0.173
0.172
0.164
0.171
0.162
0.179
0.138
0.171
0.168
0.178
0.176
0.167
0.172
0.173
0.171
0.175
0.177
0.175
0.170
0.182
0.165
