0.259
0.225
0.223
0.224
0.235
0.212
0.220
0.217
0.220
0.215
0.176
0.213
0.216
0.213
0.220
0.211
0.202
0.665
0.221
0.204
0.214
0.409
0.210
0.219
0.224
0.212
0.214
0.223
0.185
0.219
0.212
0.212
0.441
0.207
0.212
0.210
0.248
0.212
0.214
0.220
0.216
0.214
0.206
0.214
0.213
0.233
0.215
0.219
0.217
0.217
0.213
0.210
0.216
0.214
0.219
0.203
0.218
0.218
0.212
0.219
0.220
0.214
0.219
0.223
0.208
0.213
0.218
0.219
0.215
0.207
0.218
0.215
0.219
0.219
0.220
0.218
0.212
0.217
0.210
0.230
0.215
0.639
0.239
0.216
0.219
0.219
0.212
0.213
0.217
0.221
0.217
0.212
0.210
0.216
0.199
0.204
0.214
0.218
0.213
0.215
