0.288
0.229
0.223
0.214
0.204
0.212
0.192
0.206
0.185
0.200
0.207
0.201
0.209
0.201
0.204
0.230
0.198
0.686
0.204
0.212
0.195
0.192
0.201
0.241
0.204
0.201
0.195
0.195
0.196
0.206
0.169
0.198
0.211
0.249
0.196
0.200
0.202
0.205
0.214
0.177
0.201
0.206
0.200
0.205
0.195
0.208
0.201
0.240
0.193
0.206
0.204
0.200
0.204
0.195
0.201
0.207
0.206
0.174
0.203
0.215
0.202
0.194
0.199
0.231
0.203
0.199
0.168
0.201
0.203
0.202
0.206
0.182
0.212
0.204
0.206
0.193
0.500
0.237
0.201
0.213
0.194
0.202
0.199
0.204
0.193
0.202
0.200
0.206
0.191
0.200
0.200
0.217
0.202
0.160
0.209
0.254
0.204
0.220
0.186
0.206
