0.728
0.240
0.234
0.210
0.222
0.202
0.217
0.199
0.229
0.222
0.219
0.211
0.217
0.204
0.208
0.221
0.237
0.212
0.222
0.214
0.212
0.220
0.219
0.213
0.211
0.201
0.212
0.221
0.212
0.184
0.214
0.215
0.219
0.216
0.200
0.212
0.216
0.213
0.191
0.218
0.216
0.205
0.229
0.209
0.228
0.212
0.244
0.177
0.220
0.213
0.216
0.219
0.214
0.212
0.216
0.216
0.177
0.221
0.217
0.214
0.221
0.209
0.199
0.206
0.251
0.175
0.215
0.214
0.239
0.217
0.222
0.213
0.211
0.230
0.214
0.219
0.207
0.182
0.219
0.210
0.216
0.222
0.216
0.200
0.218
0.217
0.242
0.209
0.208
0.215
0.221
0.212
0.182
0.223
0.256
0.214
0.218
0.211
0.221
0.217
