0.267
0.247
0.223
0.214
0.199
0.235
0.224
0.219
0.196
0.225
0.228
0.214
0.250
0.212
0.225
0.215
0.245
0.697
0.228
0.224
0.231
0.215
0.201
0.224
0.224
0.208
0.239
0.221
0.217
0.225
0.248
0.202
0.232
0.212
0.248
0.185
0.199
0.234
0.236
0.218
0.203
0.223
0.232
0.204
0.199
0.224
0.210
0.213
0.221
0.211
0.211
0.212
0.207
0.215
0.212
0.212
0.205
0.224
0.203
0.225
0.210
0.224
0.213
0.215
0.212
0.210
0.212
0.208
0.230
0.217
0.215
0.208
0.211
0.212
0.214
0.224
0.206
0.220
0.218
0.212
0.213
0.213
0.209
0.215
0.210
0.205
0.214
0.209
0.224
0.212
0.244
0.216
0.213
0.212
0.205
0.219
0.261
0.223
0.201
0.217
