0.246
0.215
0.206
0.230
0.249
0.208
0.190
0.218
0.195
0.215
0.202
0.189
0.172
0.207
0.205
0.205
0.208
0.701
0.205
0.207
0.209
0.172
0.210
0.215
0.206
0.201
0.202
0.205
0.200
0.203
0.176
0.202
0.199
0.203
0.208
0.235
0.201
0.232
0.203
0.176
0.206
0.235
0.201
0.233
0.196
0.204
0.202
0.246
0.196
0.202
0.193
0.187
0.201
0.530
0.190
0.201
0.214
0.181
0.186
0.195
0.184
0.190
0.178
0.217
0.213
0.203
0.189
0.191
0.203
0.189
0.217
0.215
0.200
0.234
0.204
0.202
0.203
0.241
0.200
0.189
0.201
0.201
0.201
0.206
0.200
0.208
0.207
0.203
0.208
0.204
0.203
0.205
0.206
0.206
0.202
0.202
0.208
0.217
0.198
0.198
