0.321
0.232
0.225
0.219
0.211
0.206
0.236
0.204
0.208
0.211
0.190
0.216
0.212
0.205
0.239
0.204
0.207
0.627
0.240
0.196
0.198
0.210
0.190
0.169
0.232
0.207
0.225
0.207
0.196
0.208
0.204
0.207
0.239
0.204
0.235
0.210
0.203
0.195
0.190
0.158
0.204
0.204
0.198
0.203
0.204
0.210
0.209
0.208
0.214
0.158
0.194
0.198
0.198
0.203
0.211
0.198
0.204
0.203
0.210
0.209
0.192
0.204
0.195
0.208
0.196
0.206
0.219
0.208
0.202
0.196
0.209
0.210
0.208
0.201
0.214
0.206
0.207
0.203
0.205
0.204
0.628
0.206
0.197
0.204
0.212
0.204
0.202
0.205
0.199
0.203
0.210
0.204
0.228
0.201
0.236
0.202
0.196
0.204
0.200
0.204
