0.708
0.226
0.224
0.238
0.254
0.206
0.215
0.204
0.207
0.218
0.213
0.210
0.210
0.247
0.212
0.217
0.210
0.212
0.214
0.204
0.196
0.235
0.217
0.206
0.207
0.206
0.211
0.216
0.213
0.212
0.205
0.213
0.211
0.213
0.215
0.218
0.212
0.216
0.214
0.210
0.214
0.216
0.217
0.212
0.211
0.226
0.213
0.211
0.208
0.204
0.217
0.218
0.214
0.214
0.533
0.210
0.213
0.236
0.213
0.245
0.219
0.177
0.230
0.226
0.203
0.211
0.167
0.212
0.217
0.210
0.213
0.219
0.218
0.251
0.220
0.200
0.222
0.216
0.210
0.191
0.205
0.223
0.202
0.163
0.206
0.213
0.216
0.209
0.214
0.208
0.223
0.248
0.215
0.205
0.214
0.230
0.211
0.227
0.205
0.213
