1.74
0.206
0.227
0.236
0.200
0.189
0.221
0.194
0.206
0.201
0.217
0.212
0.213
0.203
0.168
0.202
0.208
0.157
0.217
0.192
0.206
0.212
0.201
0.168
0.209
0.202
0.200
0.193
0.199
0.209
0.204
0.208
0.169
0.206
0.200
0.189
0.208
0.194
0.204
0.199
0.208
0.199
0.206
0.206
0.204
0.202
0.194
0.194
0.204
0.201
0.173
0.241
0.206
0.203
0.204
0.195
0.206
0.204
0.160
0.201
0.207
0.204
0.204
0.209
0.194
0.219
0.208
0.203
0.203
0.199
0.207
0.204
0.213
0.193
0.205
0.198
0.202
0.204
0.210
0.205
0.205
0.205
0.200
0.247
0.205
0.203
0.209
0.203
0.199
0.193
0.206
0.191
0.197
0.200
0.211
0.203
0.626
0.238
0.202
0.201
