0.221
0.200
0.204
0.194
0.168
0.172
0.174
0.168
0.166
0.173
0.168
0.172
0.174
0.164
0.168
0.174
0.174
0.131
0.182
0.173
0.178
0.174
0.170
0.170
0.175
0.178
0.164
0.171
0.173
0.199
0.173
0.172
0.174
0.179
0.164
0.170
0.173
0.239
0.172
0.172
0.568
0.176
0.173
0.386
0.168
0.171
0.173
0.169
0.163
0.206
0.173
0.171
0.178
0.193
0.347
0.171
0.177
0.180
0.169
0.168
0.178
0.206
0.172
0.171
0.166
0.175
0.185
0.174
0.176
0.171
0.178
0.198
0.174
0.174
0.175
0.171
0.172
0.208
0.129
0.162
0.135
0.174
0.176
0.165
0.177
0.206
0.173
0.176
0.177
0.163
0.175
0.386
0.174
0.172
0.173
0.205
0.173
0.391
0.167
0.178
