0.305
0.209
0.202
0.172
0.173
0.164
0.177
0.175
0.172
0.133
0.172
0.172
0.170
0.174
0.163
0.173
0.168
0.172
0.148
0.193
0.175
0.173
0.174
0.174
0.163
0.130
0.177
0.144
0.174
0.179
0.178
0.186
0.169
0.182
0.170
0.174
0.134
0.174
0.169
0.173
0.173
0.164
0.172
0.178
0.183
0.138
0.173
0.172
0.176
0.174
0.166
0.173
0.169
0.178
0.170
0.174
0.173
0.174
0.170
0.169
0.181
0.175
0.173
0.137
0.174
0.171
0.177
0.177
0.164
0.174
0.173
0.187
0.195
0.176
0.169
0.170
0.178
0.169
0.173
0.172
0.167
0.155
0.171
0.171
0.199
0.175
0.163
0.177
0.173
0.172
0.160
0.177
0.185
0.178
0.178
0.166
0.171
0.164
0.169
0.136
