0.230
0.243
0.235
0.243
0.239
0.250
0.213
0.200
0.212
0.219
0.216
0.219
0.206
0.231
0.215
0.242
0.216
0.647
0.218
0.212
0.218
0.216
0.213
0.241
0.217
0.216
0.207
0.217
0.215
0.216
0.214
0.219
0.216
0.216
0.217
0.211
0.219
0.217
0.216
0.203
0.215
0.219
0.214
0.232
0.203
0.231
0.212
0.248
0.211
0.217
0.213
0.253
0.214
0.203
0.220
0.217
0.218
0.205
0.215
0.234
0.217
0.253
0.212
0.216
0.220
0.155
0.207
0.212
0.218
0.204
0.208
0.212
0.211
0.177
0.215
0.203
0.217
0.210
0.216
0.209
0.211
0.225
0.231
0.223
0.208
0.214
0.221
0.213
0.212
0.214
0.218
0.215
0.221
0.212
0.213
0.220
0.212
0.213
0.209
0.214
