0.335
0.212
0.243
0.238
0.236
0.240
0.223
0.214
0.216
0.212
0.212
0.215
0.216
0.207
0.214
0.246
0.202
0.659
0.210
0.210
0.218
0.214
0.209
0.244
0.219
0.212
0.206
0.213
0.214
0.209
0.214
0.210
0.215
0.215
0.216
0.215
0.208
0.208
0.215
0.213
0.207
0.214
0.219
0.216
0.205
0.205
0.216
0.219
0.219
0.204
0.218
0.213
0.211
0.236
0.208
0.220
0.218
0.214
0.203
0.248
0.219
0.211
0.214
0.211
0.213
0.215
0.213
0.217
0.218
0.213
0.211
0.213
0.213
0.206
0.214
0.216
0.205
0.212
0.205
0.213
0.220
0.208
0.216
0.217
0.221
0.208
0.215
0.201
0.213
0.220
0.212
0.236
0.222
0.200
0.207
0.217
0.218
0.228
0.228
0.202
