0.312
0.203
0.202
0.177
0.171
0.169
0.179
0.172
0.166
0.173
0.178
0.170
0.174
0.174
0.167
0.172
0.160
0.173
0.172
0.171
0.191
0.176
0.170
0.166
0.177
0.172
0.175
0.177
0.179
0.178
0.169
0.173
0.163
0.174
0.168
0.178
0.176
0.176
0.168
0.170
0.171
0.173
0.188
0.174
0.175
0.172
0.171
0.185
0.170
0.171
0.172
0.177
0.171
0.175
0.181
0.180
0.195
0.172
0.172
0.172
0.193
0.176
0.178
0.162
0.168
0.177
0.176
0.172
0.169
0.176
0.168
0.172
0.154
0.173
0.176
0.176
0.172
0.168
0.176
0.172
0.171
0.172
0.172
0.173
0.170
0.180
0.164
0.173
0.168
0.173
0.171
0.170
0.197
0.172
0.186
0.182
0.084
0.171
0.173
0.174
