0.180
0.205
0.189
0.173
0.173
0.178
0.169
0.176
0.176
0.174
0.167
0.169
0.166
0.180
0.172
0.158
0.177
0.173
0.176
0.174
0.163
0.173
0.174
0.178
0.165
0.172
0.172
0.166
0.188
0.166
0.172
0.172
0.178
0.142
0.172
0.173
0.172
0.175
0.166
0.164
0.171
0.165
0.134
0.177
0.180
0.171
0.171
0.170
0.170
0.171
0.175
0.137
0.172
0.175
0.176
0.175
0.165
0.182
0.169
0.166
0.137
0.174
0.171
0.178
0.187
0.167
0.170
0.166
0.171
0.154
0.180
0.177
0.170
0.174
0.158
0.172
0.179
0.177
0.134
0.173
0.175
0.173
0.170
0.164
0.172
0.174
0.161
0.144
0.175
0.173
0.173
0.173
0.172
0.171
0.195
0.352
0.333
0.359
0.343
0.304
