0.204
0.172
0.170
0.181
0.169
0.166
0.172
0.174
0.173
0.173
0.183
0.172
0.179
0.175
0.165
0.174
0.173
0.181
0.173
0.166
0.178
0.173
0.172
0.166
0.176
0.176
0.165
0.173
0.168
0.171
0.174
0.173
0.165
0.176
0.198
0.166
0.179
0.164
0.178
0.174
0.176
0.171
0.175
0.172
0.170
0.174
0.161
0.175
0.175
0.177
0.163
0.174
0.164
0.176
0.179
0.164
0.183
0.178
0.170
0.165
0.188
0.178
0.171
0.174
0.168
0.173
0.177
0.174
0.167
0.182
0.157
0.177
0.173
0.164
0.172
0.192
0.172
0.137
0.192
0.164
0.173
0.175
0.165
0.173
0.174
0.177
0.163
0.178
0.172
0.173
0.171
0.168
0.175
0.177
0.174
0.163
0.171
0.169
0.180
0.179
