0.335
0.235
0.236
0.171
0.232
0.218
0.209
0.212
0.219
0.217
0.217
0.217
0.246
0.217
0.212
0.213
0.212
0.662
0.216
0.211
0.218
0.212
0.241
0.213
0.214
0.214
0.212
0.217
0.213
0.206
0.226
0.218
0.239
0.207
0.212
0.231
0.169
0.212
0.206
0.215
0.211
0.217
0.224
0.213
0.227
0.216
0.222
0.206
0.231
0.213
0.213
0.207
0.223
0.213
0.217
0.213
0.207
0.214
0.212
0.207
0.202
0.212
0.222
0.225
0.251
0.211
0.222
0.211
0.215
0.211
0.212
0.217
0.216
0.216
0.208
0.219
0.220
0.213
0.213
0.219
0.625
0.217
0.212
0.204
0.236
0.214
0.244
0.204
0.215
0.220
0.213
0.212
0.243
0.213
0.214
0.223
0.212
0.214
0.165
0.214
