0.812
0.241
0.219
0.244
0.178
0.160
0.208
0.211
0.188
0.240
0.230
0.231
0.240
0.216
0.218
0.237
0.218
0.277
0.231
0.203
0.218
0.227
0.214
0.187
0.242
0.211
0.213
0.221
0.202
0.218
0.258
0.212
0.232
0.201
0.211
0.215
0.250
0.215
0.204
0.225
0.196
0.209
0.203
0.225
0.243
0.211
0.233
0.213
0.215
0.211
0.227
0.222
0.235
0.223
0.209
0.207
0.232
0.207
0.237
0.225
0.209
0.221
0.215
0.219
0.234
0.227
0.224
0.209
0.198
0.204
0.200
0.240
0.213
0.204
0.213
0.208
0.235
0.214
0.208
0.255
0.253
0.215
0.229
0.213
0.211
0.215
0.230
0.223
0.245
0.224
0.230
0.202
0.208
0.215
0.239
0.225
0.211
0.739
0.243
0.212
