0.746
0.236
0.215
0.194
0.201
0.209
0.224
0.231
0.244
0.202
0.201
0.203
0.225
0.186
0.208
0.208
0.203
0.203
0.196
0.216
0.209
0.209
0.201
0.202
0.208
0.207
0.202
0.199
0.203
0.210
0.203
0.199
0.204
0.225
0.202
0.204
0.196
0.203
0.205
0.167
0.206
0.203
0.206
0.204
0.196
0.195
0.205
0.201
0.203
0.202
0.205
0.208
0.208
0.209
0.195
0.216
0.210
0.198
0.202
0.204
0.201
0.193
0.211
0.195
0.206
0.204
0.204
0.189
0.200
0.218
0.201
0.200
0.200
0.223
0.210
0.204
0.195
0.210
0.209
0.208
0.209
0.196
0.206
0.209
0.208
0.191
0.209
0.204
0.202
0.213
0.199
0.618
0.213
0.200
0.202
0.197
0.203
0.204
0.203
0.194
