0.793
0.220
0.229
0.205
0.197
0.202
0.191
0.190
0.209
0.206
0.218
0.213
0.248
0.200
0.194
0.170
0.198
0.193
0.210
0.201
0.193
0.210
0.202
0.204
0.172
0.205
0.201
0.207
0.197
0.195
0.208
0.203
0.217
0.171
0.202
0.196
0.203
0.201
0.189
0.203
0.201
0.207
0.172
0.206
0.198
0.203
0.230
0.196
0.204
0.208
0.202
0.169
0.202
0.205
0.203
0.202
0.201
0.205
0.200
0.204
0.173
0.194
0.227
0.205
0.208
0.197
0.211
0.205
0.182
0.184
0.202
0.201
0.202
0.209
0.199
0.199
0.192
0.201
0.170
0.208
0.205
0.209
0.209
0.199
0.198
0.205
0.209
0.202
0.237
0.204
0.204
0.205
0.190
0.210
0.201
0.208
0.169
0.210
0.205
0.213
