0.215
0.239
0.213
0.195
0.203
0.209
0.212
0.169
0.202
0.201
0.208
0.199
0.204
0.216
0.194
0.212
0.187
0.624
0.207
0.207
0.210
0.199
0.205
0.200
0.208
0.168
0.204
0.205
0.202
0.208
0.197
0.203
0.202
0.209
0.177
0.202
0.208
0.204
0.201
0.198
0.205
0.203
0.204
0.200
0.204
0.198
0.205
0.154
0.194
0.211
0.204
0.205
0.208
0.226
0.206
0.206
0.204
0.188
0.209
0.195
0.207
0.171
0.208
0.195
0.204
0.194
0.193
0.198
0.209
0.199
0.179
0.199
0.202
0.236
0.199
0.187
0.228
0.200
0.207
0.169
0.201
0.207
0.209
0.204
0.193
0.205
0.207
0.200
0.165
0.214
0.212
0.194
0.199
0.613
0.209
0.212
0.205
0.210
0.203
0.199
