0.189
0.205
0.196
0.181
0.168
0.173
0.177
0.162
0.182
0.167
0.172
0.178
0.178
0.167
0.176
0.174
0.175
0.172
0.172
0.164
0.171
0.181
0.164
0.171
0.171
0.179
0.174
0.165
0.174
0.170
0.166
0.160
0.174
0.173
0.171
0.174
0.166
0.175
0.176
0.176
0.136
0.170
0.174
0.169
0.167
0.170
0.185
0.177
0.179
0.142
0.183
0.178
0.177
0.177
0.165
0.173
0.171
0.173
0.142
0.171
0.177
0.175
0.175
0.170
0.169
0.173
0.174
0.143
0.169
0.176
0.170
0.174
0.167
0.166
0.173
0.174
0.147
0.173
0.175
0.173
0.178
0.172
0.175
0.171
0.179
0.138
0.169
0.178
0.168
0.176
0.165
0.169
0.169
0.166
0.140
0.170
0.171
0.177
0.171
0.169
