0.214
0.203
0.170
0.175
0.179
0.175
0.174
0.178
0.179
0.181
0.165
0.171
0.178
0.176
0.163
0.171
0.165
0.169
0.173
0.160
0.176
0.179
0.172
0.156
0.169
0.169
0.173
0.176
0.168
0.170
0.174
0.167
0.165
0.177
0.177
0.172
0.176
0.162
0.171
0.177
0.173
0.165
0.179
0.173
0.174
0.177
0.169
0.168
0.174
0.170
0.164
0.176
0.178
0.164
0.180
0.159
0.174
0.170
0.172
0.164
0.171
0.173
0.172
0.176
0.165
0.168
0.173
0.169
0.164
0.188
0.173
0.180
0.177
0.165
0.172
0.186
0.165
0.169
0.173
0.177
0.163
0.174
0.164
0.172
0.173
0.172
0.169
0.182
0.177
0.171
0.177
0.164
0.171
0.170
0.175
0.165
0.174
0.173
0.179
0.175
