0.216
0.208
0.169
0.216
0.218
0.176
0.184
0.177
0.169
0.183
0.178
0.176
0.179
0.170
0.174
0.179
0.184
0.142
0.176
0.179
0.182
0.181
0.177
0.176
0.176
0.178
0.143
0.184
0.178
0.177
0.180
0.180
0.186
0.177
0.189
0.141
0.179
0.184
0.176
0.183
0.169
0.175
0.173
0.181
0.141
0.178
0.179
0.180
0.175
0.173
0.174
0.178
0.175
0.155
0.184
0.178
0.181
0.168
0.166
0.176
0.180
0.176
0.163
0.177
0.174
0.178
0.170
0.177
0.178
0.135
0.210
0.169
0.177
0.173
0.166
0.132
0.167
0.176
0.185
0.180
0.142
0.169
0.175
0.170
0.187
0.168
0.178
0.178
0.197
0.176
0.177
0.180
0.177
0.172
0.167
0.180
0.180
0.177
0.141
0.179
