0.179
0.207
0.199
0.182
0.176
0.181
0.181
0.172
0.176
0.179
0.177
0.171
0.178
0.176
0.189
0.179
0.177
0.181
0.184
0.174
0.174
0.182
0.217
0.196
0.189
0.194
0.143
0.185
0.231
0.182
0.193
0.195
0.189
0.191
0.145
0.189
0.187
0.190
0.200
0.193
0.191
0.192
0.230
0.193
0.212
0.183
0.201
0.193
0.178
0.177
0.178
0.181
0.167
0.186
0.175
0.180
0.151
0.183
0.177
0.184
0.178
0.168
0.183
0.178
0.174
0.156
0.174
0.170
0.183
0.169
0.166
0.184
0.177
0.182
0.169
0.176
0.179
0.184
0.187
0.168
0.185
0.181
0.180
0.144
0.174
0.177
0.178
0.187
0.129
0.178
0.181
0.180
0.140
0.178
0.193
0.138
0.175
0.165
0.180
0.174
