0.222
0.192
0.180
0.173
0.179
0.180
0.177
0.173
0.177
0.180
0.187
0.176
0.179
0.177
0.174
0.192
0.170
0.181
0.215
0.186
0.183
0.170
0.180
0.178
0.178
0.168
0.176
0.177
0.178
0.171
0.171
0.178
0.174
0.179
0.154
0.179
0.182
0.176
0.171
0.171
0.179
0.190
0.185
0.173
0.177
0.178
0.180
0.177
0.174
0.179
0.173
0.178
0.168
0.180
0.213
0.176
0.184
0.173
0.178
0.168
0.168
0.171
0.178
0.182
0.175
0.175
0.168
0.179
0.180
0.179
0.167
0.182
0.184
0.176
0.177
0.172
0.177
0.177
0.180
0.170
0.177
0.192
0.211
0.177
0.171
0.177
0.195
0.190
0.169
0.176
0.171
0.179
0.181
0.175
0.177
0.176
0.178
0.168
0.181
0.183
