0.216
0.199
0.199
0.219
0.170
0.174
0.170
0.173
0.176
0.095
0.183
0.223
0.180
0.182
0.179
0.147
0.176
0.175
0.174
0.178
0.170
0.178
0.178
0.182
0.164
0.175
0.193
0.185
0.164
0.173
0.181
0.181
0.176
0.160
0.181
0.178
0.180
0.182
0.170
0.186
0.175
0.173
0.173
0.177
0.177
0.188
0.177
0.174
0.179
0.179
0.178
0.180
0.176
0.176
0.180
0.175
0.174
0.181
0.184
0.176
0.178
0.176
0.175
0.181
0.179
0.168
0.168
0.218
0.183
0.183
0.179
0.180
0.179
0.168
0.169
0.181
0.181
0.182
0.178
0.175
0.177
0.181
0.177
0.171
0.184
0.211
0.176
0.180
0.177
0.177
0.185
0.168
0.174
0.180
0.177
0.180
0.172
0.175
0.181
0.182
