0.223
0.198
0.207
0.182
0.175
0.178
0.173
0.178
0.180
0.187
0.170
0.185
0.177
0.177
0.179
0.171
0.181
0.177
0.179
0.170
0.198
0.177
0.167
0.173
0.196
0.177
0.180
0.174
0.170
0.176
0.180
0.182
0.185
0.170
0.175
0.181
0.184
0.169
0.186
0.181
0.182
0.176
0.176
0.181
0.176
0.182
0.169
0.182
0.177
0.176
0.181
0.176
0.171
0.185
0.187
0.168
0.184
0.185
0.175
0.181
0.213
0.183
0.178
0.172
0.176
0.180
0.183
0.172
0.176
0.174
0.176
0.178
0.188
0.175
0.188
0.179
0.190
0.180
0.167
0.177
0.180
0.169
0.169
0.175
0.184
0.182
0.188
0.168
0.205
0.180
0.179
0.175
0.186
0.176
0.188
0.180
0.172
0.183
0.184
0.181
