0.217
0.205
0.179
0.219
0.209
0.199
0.199
0.170
0.161
0.185
0.188
0.182
0.178
0.168
0.176
0.194
0.182
0.173
0.184
0.177
0.176
0.186
0.171
0.179
0.178
0.183
0.139
0.181
0.176
0.181
0.178
0.166
0.177
0.201
0.184
0.135
0.178
0.180
0.181
0.181
0.168
0.178
0.184
0.177
0.156
0.184
0.182
0.188
0.197
0.174
0.179
0.185
0.181
0.158
0.182
0.176
0.181
0.183
0.174
0.188
0.174
0.175
0.158
0.182
0.178
0.181
0.178
0.168
0.181
0.179
0.177
0.175
0.185
0.181
0.176
0.183
0.168
0.174
0.180
0.182
0.176
0.176
0.186
0.178
0.184
0.168
0.168
0.186
0.183
0.192
0.178
0.178
0.176
0.178
0.177
0.180
0.183
0.177
0.178
0.170
