0.208
0.205
0.208
0.209
0.177
0.176
0.170
0.179
0.176
0.179
0.172
0.175
0.175
0.189
0.180
0.175
0.176
0.196
0.179
0.168
0.180
0.183
0.175
0.176
0.176
0.175
0.180
0.185
0.171
0.178
0.184
0.176
0.179
0.168
0.181
0.174
0.186
0.168
0.177
0.179
0.182
0.178
0.170
0.177
0.191
0.161
0.175
0.178
0.182
0.157
0.172
0.176
0.177
0.173
0.182
0.166
0.177
0.181
0.183
0.140
0.185
0.183
0.175
0.182
0.168
0.179
0.179
0.183
0.172
0.167
0.182
0.170
0.169
0.170
0.180
0.180
0.178
0.176
0.176
0.175
0.172
0.183
0.168
0.177
0.179
0.180
0.177
0.173
0.179
0.179
0.179
0.166
0.182
0.184
0.167
0.176
0.168
0.182
0.181
0.178
