0.212
0.199
0.189
0.183
0.179
0.181
0.176
0.165
0.182
0.176
0.179
0.177
0.170
0.177
0.182
0.178
0.142
0.180
0.166
0.130
0.177
0.171
0.178
0.182
0.184
0.154
0.185
0.180
0.174
0.168
0.170
0.176
0.174
0.180
0.144
0.176
0.185
0.183
0.185
0.169
0.205
0.178
0.176
0.170
0.177
0.179
0.175
0.185
0.175
0.183
0.173
0.178
0.145
0.170
0.178
0.177
0.178
0.176
0.182
0.180
0.184
0.140
0.176
0.181
0.178
0.182
0.170
0.213
0.178
0.178
0.153
0.179
0.182
0.172
0.174
0.173
0.176
0.177
0.184
0.162
0.176
0.180
0.178
0.177
0.172
0.174
0.193
0.171
0.143
0.176
0.177
0.171
0.173
0.171
0.179
0.181
0.178
0.176
0.174
0.178
