0.219
0.206
0.208
0.218
0.171
0.206
0.179
0.175
0.178
0.184
0.186
0.168
0.184
0.180
0.177
0.190
0.179
0.166
0.180
0.177
0.136
0.176
0.176
0.168
0.183
0.181
0.175
0.180
0.184
0.173
0.179
0.179
0.173
0.178
0.179
0.182
0.178
0.174
0.180
0.183
0.177
0.168
0.179
0.173
0.182
0.131
0.177
0.175
0.181
0.181
0.136
0.189
0.176
0.181
0.180
0.178
0.188
0.180
0.177
0.168
0.179
0.166
0.174
0.181
0.183
0.187
0.183
0.135
0.168
0.175
0.182
0.180
0.178
0.180
0.183
0.177
0.178
0.169
0.182
0.176
0.178
0.176
0.172
0.175
0.179
0.175
0.134
0.182
0.173
0.185
0.182
0.093
0.182
0.103
0.178
0.167
0.180
0.177
0.169
0.179
