0.213
0.212
0.205
0.207
0.207
0.199
0.170
0.179
0.176
0.183
0.176
0.174
0.175
0.166
0.178
0.165
0.184
0.189
0.178
0.175
0.168
0.185
0.176
0.183
0.147
0.173
0.182
0.176
0.184
0.169
0.184
0.180
0.180
0.169
0.175
0.176
0.183
0.166
0.164
0.182
0.213
0.182
0.146
0.181
0.176
0.170
0.186
0.172
0.191
0.168
0.175
0.140
0.176
0.195
0.185
0.174
0.173
0.190
0.176
0.173
0.165
0.179
0.184
0.179
0.178
0.167
0.178
0.190
0.178
0.144
0.178
0.182
0.184
0.176
0.170
0.169
0.179
0.176
0.142
0.176
0.176
0.175
0.175
0.167
0.178
0.184
0.181
0.143
0.177
0.176
0.173
0.180
0.173
0.176
0.176
0.180
0.139
0.187
0.178
0.164
