0.245
0.196
0.205
0.208
0.201
0.210
0.202
0.206
0.207
0.214
0.214
0.203
0.218
0.158
0.209
0.206
0.211
0.207
0.210
0.273
0.199
0.209
0.198
0.205
0.209
0.206
0.206
0.205
0.210
0.201
0.214
0.177
0.211
0.209
0.198
0.204
0.209
0.208
0.205
0.206
0.198
0.208
0.215
0.206
0.135
0.207
0.216
0.197
0.212
0.210
0.210
0.204
0.210
0.210
0.199
0.211
0.203
0.224
0.207
0.204
0.208
0.206
0.208
0.196
0.206
0.201
0.210
0.197
0.214
0.210
0.210
0.204
0.199
0.203
0.202
0.145
0.206
0.205
0.213
0.162
0.209
0.195
0.205
0.195
0.207
0.207
0.211
0.209
0.207
0.214
0.198
0.209
0.187
0.205
0.201
0.214
0.202
0.205
0.210
0.200
0.209
0.211
0.208
0.205
0.206
0.205
0.161
0.211
0.206
0.206
0.211
0.205
0.206
0.211
0.216
0.202
0.207
0.197
0.207
0.205
0.208
0.206
0.205
0.204
0.201
0.204
0.199
0.205
0.209
0.215
0.207
0.207
0.214
0.201
0.198
0.172
0.207
0.158
0.208
0.300
0.215
0.206
0.199
0.205
0.193
0.214
0.217
0.203
0.208
0.211
0.202
0.199
0.209
0.182
0.205
0.209
0.210
0.203
0.208
0.217
0.199
0.204
0.209
0.211
0.205
0.205
0.209
0.211
0.196
0.202
0.212
0.211
0.216
0.203
0.207
0.214
0.203
0.217
0.207
0.201
0.206
0.199
0.213
0.207
0.163
0.192
0.211
0.176
0.200
0.205
0.202
0.206
0.204
0.210
0.200
0.211
0.201
0.212
0.209
0.158
0.207
0.195
0.210
0.196
0.210
0.174
0.206
0.208
0.212
0.205
0.210
0.204
0.216
0.207
0.205
0.206
0.210
0.212
0.210
0.205
0.208
0.160
0.211
0.211
0.207
0.208
0.210
0.207
0.206
0.205
0.160
0.206
0.208
0.209
0.206
0.207
0.206
0.200
0.213
0.206
0.206
0.206
0.209
0.215
0.208
0.210
0.199
0.209
0.179
0.204
0.210
0.203
0.207
0.208
0.162
0.198
0.208
0.168
0.210
0.161
0.205
0.164
0.209
0.204
0.202
0.204
0.205
0.206
0.210
0.200
0.210
0.205
0.214
0.201
0.211
0.210
0.211
0.205
0.210
0.204
0.207
0.212
0.198
0.205
0.201
0.209
0.206
0.210
0.205
0.204
0.211
0.196
0.157
0.203
0.208
0.206
0.207
0.218
0.203
0.205
0.198
0.209
0.208
0.207
0.207
0.209
0.211
0.193
0.207
0.197
0.214
0.204
0.211
0.197
0.211
0.205
0.198
0.204
0.162
0.157
0.206
0.207
0.207
0.198
0.205
0.201
0.206
0.168
0.207
0.204
0.211
0.214
0.206
0.209
0.203
0.207
0.212
0.214
0.210
0.204
0.211
0.204
0.209
0.197
0.213
0.204
0.207
0.208
0.210
0.209
0.198
0.210
0.197
0.203
0.159
0.210
0.205
0.204
0.205
0.197
0.210
0.203
0.213
0.204
0.206
0.204
0.208
0.208
0.209
0.206
0.198
0.198
0.210
0.209
0.206
0.221
0.211
0.196
0.211
0.158
0.206
0.203
0.212
0.211
0.207
0.158
0.198
0.207
0.167
0.205
0.211
0.209
0.212
0.218
0.207
0.199
0.198
0.208
0.198
0.197
0.207
0.203
0.207
0.206
0.199
0.205
0.199
0.205
0.209
0.210
0.203
0.205
0.207
0.199
0.208
0.210
0.161
0.209
0.221
0.176
0.199
0.205
0.199
0.206
0.204
0.197
0.207
0.204
0.207
0.197
0.215
0.199
0.205
0.216
0.206
0.204
0.225
0.210
0.164
0.162
0.176
0.211
0.215
0.210
0.207
0.208
0.207
0.241
0.207
0.172
0.206
0.204
0.207
0.210
0.212
0.210
0.197
0.203
0.210
0.199
0.211
0.215
0.202
0.199
0.211
0.199
0.208
0.194
0.204
0.199
0.193
0.208
0.197
0.215
0.203
0.212
0.210
0.206
0.161
0.213
0.207
0.198
0.208
0.196
0.207
0.202
0.208
0.203
0.208
0.204
0.202
0.205
0.196
0.211
0.202
0.210
0.207
0.205
0.206
0.160
0.212
0.169
0.208
0.203
0.220
0.218
0.221
0.205
0.198
0.214
0.204
0.211
0.206
0.211
0.211
0.209
0.210
0.201
0.213
0.201
0.207
0.206
0.211
0.196
0.209
0.209
0.198
0.203
0.210
0.205
0.206
0.209
0.212
0.201
0.211
0.196
0.214
0.196
0.195
0.208
0.161
0.204
0.201
0.211
0.179
0.183
0.207
0.185
0.210
0.212
0.205
0.204
0.207
0.172
0.211
0.203
0.216
0.208
0.205
0.161
0.204
0.208
0.205
0.208
0.206
0.209
0.205
0.205
0.182
0.196
0.204
0.159
0.203
0.205
0.200
0.210
0.209
0.207
0.210
0.211
0.207
0.210
0.207
0.210
0.218
0.209
0.209
0.202
0.210
0.206
0.205
0.208
0.215
0.205
0.198
0.202
0.204
0.204
0.206
0.212
0.206
0.206
0.160
0.196
0.198
0.202
0.206
0.198
0.209
0.206
0.205
0.205
0.206
0.210
0.199
0.209
0.208
0.206
0.207
0.161
0.210
0.198
0.213
0.197
0.212
0.203
0.208
0.213
0.204
0.211
0.199
0.201
0.204
0.204
0.210
0.215
0.211
0.205
0.202
0.206
0.205
0.218
0.164
0.207
0.211
0.205
0.212
0.212
0.199
0.201
0.209
0.210
0.211
0.212
0.205
0.197
0.212
0.201
0.227
0.203
0.205
0.211
0.211
0.205
0.160
0.210
0.199
0.209
0.209
0.211
0.209
0.207
0.209
0.195
0.206
0.197
0.210
0.198
0.215
0.158
0.207
0.206
0.203
0.212
0.189
0.211
0.207
0.209
0.210
0.208
0.212
0.202
0.199
0.209
0.207
0.219
0.211
0.211
0.206
0.204
0.199
0.209
0.218
0.209
0.209
0.203
0.206
0.196
0.210
0.201
0.205
0.211
0.213
0.201
0.213
0.209
0.201
0.204
0.206
0.205
0.209
0.205
0.208
0.208
0.218
0.197
0.220
0.160
0.202
0.207
0.206
0.158
0.207
0.205
0.207
0.209
0.207
0.214
0.210
0.159
0.209
0.206
0.210
0.197
0.209
0.173
0.204
0.161
0.207
0.197
0.219
0.159
0.204
0.205
0.195
0.209
0.206
0.132
0.209
0.153
0.212
0.200
0.210
0.205
0.206
0.205
0.205
0.208
0.205
0.198
0.199
0.207
0.209
0.203
0.206
0.208
0.205
0.197
0.211
0.213
0.205
0.208
0.210
0.197
0.213
0.209
0.200
0.204
0.234
0.204
0.160
0.206
0.205
0.202
0.197
0.201
0.209
0.197
0.209
0.236
0.207
0.204
0.210
0.208
0.198
0.204
0.195
0.204
0.216
0.210
0.212
0.209
0.207
0.196
0.215
0.212
0.211
0.210
0.212
0.173
0.163
0.218
0.198
0.205
0.202
0.210
0.205
0.196
0.197
0.199
0.207
0.202
0.206
0.208
0.206
0.205
0.207
0.209
0.199
0.208
0.199
0.195
0.212
0.204
0.208
0.209
0.212
0.198
0.206
0.197
0.162
0.223
0.167
0.207
0.215
0.209
0.200
0.215
0.198
0.337
0.216
0.204
0.210
0.208
0.209
0.197
0.206
0.170
0.211
0.200
0.213
0.204
0.218
0.203
0.198
0.208
0.185
0.209
0.211
0.208
0.212
0.256
0.170
0.162
0.208
0.212
0.206
0.203
0.213
0.205
0.203
0.210
0.198
0.206
0.199
0.202
0.215
0.213
0.215
0.224
0.209
0.198
0.206
0.205
0.212
0.210
0.214
0.210
0.198
0.204
0.169
0.205
0.162
0.162
0.160
0.205
0.207
0.197
0.207
0.164
0.208
0.207
0.209
0.214
0.206
0.205
0.198
0.211
0.202
0.211
0.207
0.204
0.211
0.203
0.207
0.201
0.211
0.210
0.206
0.205
0.207
0.205
0.207
0.150
0.164
0.222
0.215
0.209
0.208
0.204
0.207
0.199
0.207
0.201
0.198
0.207
0.205
0.206
0.207
0.210
0.206
0.204
0.171
0.204
0.205
0.208
0.206
0.208
0.207
0.204
0.206
0.201
0.210
0.209
0.160
0.200
0.162
0.203
0.198
0.158
0.204
0.211
0.213
0.208
0.201
0.204
0.208
0.199
0.207
0.172
0.215
0.204
0.207
0.205
0.209
0.204
0.203
0.205
0.171
0.208
0.206
0.220
0.205
0.204
0.210
0.246
0.160
0.167
0.210
0.207
0.210
0.203
0.203
0.201
0.201
0.211
0.207
0.205
0.207
0.207
0.225
0.201
0.206
0.204
0.205
0.205
0.209
0.207
0.207
0.205
0.203
0.203
0.199
0.203
0.212
0.214
0.237
0.184
0.160
0.269
0.213
0.177
0.215
0.209
0.211
0.198
0.201
0.212
0.206
0.209
0.190
0.215
0.210
0.205
0.218
0.206
0.208
0.198
0.211
0.197
0.205
0.205
0.206
0.209
0.217
0.208
0.204
0.197
0.131
0.160
0.206
0.203
0.210
0.199
0.200
0.199
0.198
0.204
0.209
0.205
0.213
0.214
0.214
0.209
0.204
0.214
0.208
0.213
0.208
0.206
0.217
0.196
0.206
0.197
0.210
0.210
0.206
0.203
0.141
0.158
0.131
0.203
0.175
0.208
0.210
0.205
0.209
0.204
0.212
0.202
0.217
0.177
0.208
0.206
0.222
0.207
0.211
0.210
0.199
0.202
0.207
0.210
0.206
0.209
0.208
0.205
0.207
0.201
0.211
0.220
0.199
0.160
0.211
0.205
0.198
0.203
0.198
0.212
0.207
0.205
0.224
0.203
0.207
0.198
0.204
0.197
0.207
0.206
0.200
0.209
0.216
0.212
0.204
0.205
0.195
0.206
0.207
0.203
0.216
0.366
0.223
0.253
0.162
0.168
0.207
0.205
0.207
0.208
0.209
0.211
0.198
0.208
0.184
0.212
0.208
0.210
0.205
0.209
0.204
0.200
0.206
0.200
0.206
0.211
0.208
0.218
0.212
0.204
0.205
0.212
0.206
0.162
0.162
0.207
0.211
0.201
0.206
0.198
0.207
0.205
0.211
0.205
0.207
0.204
0.199
0.211
0.201
0.206
0.162
0.203
0.210
0.214
0.210
0.200
0.209
0.165
0.204
0.205
0.207
0.159
0.210
0.207
0.272
0.225
0.180
0.211
0.209
0.210
0.208
0.206
0.211
0.204
0.206
0.177
0.208
0.208
0.207
0.216
0.207
0.205
0.199
0.206
0.210
0.197
0.199
0.204
0.209
0.204
0.215
0.197
0.207
0.205
0.207
0.234
0.220
0.211
0.203
0.207
0.200
0.206
0.225
0.207
0.206
0.213
0.214
0.199
0.213
0.203
0.206
0.205
0.211
0.211
0.212
0.198
0.200
0.211
0.200
0.197
0.208
0.159
0.213
0.206
0.210
0.195
0.134
0.160
0.208
0.160
0.209
0.195
0.215
0.204
0.195
0.209
0.181
0.205
0.209
0.204
0.204
0.209
0.208
0.203
0.212
0.210
0.212
0.209
0.206
0.447
0.395
0.395
0.381
0.359
0.172
0.204
0.445
0.166
0.132
0.195
0.163
0.202
0.208
0.206
0.212
0.205
0.210
0.209
0.203
0.216
0.200
0.205
0.216
0.210
0.195
0.213
0.204
0.190
0.213
0.168
0.204
0.158
0.210
0.209
0.209
0.200
0.199
0.204
0.159
0.186
0.210
0.161
0.213
0.220
0.205
0.196
0.214
0.176
0.206
0.212
0.210
0.198
0.209
0.217
0.205
0.207
0.206
0.204
0.208
0.204
0.209
0.197
0.207
0.202
0.205
0.207
0.207
0.205
0.206
0.253
0.161
0.204
0.231
0.222
0.210
0.204
0.206
0.204
0.205
0.198
0.206
0.169
0.205
0.212
0.206
0.213
0.213
0.207
0.202
0.206
0.176
0.161
0.208
0.206
0.208
0.205
0.211
0.193
0.205
0.174
0.134
0.228
0.213
0.159
0.205
0.203
0.201
0.211
0.204
0.216
0.245
0.210
0.199
0.204
0.206
0.197
0.208
0.209
0.206
0.204
0.219
0.210
0.209
0.206
0.197
0.211
0.207
0.208
0.212
0.206
0.206
0.230
0.236
0.200
0.162
0.209
0.213
0.210
0.212
0.210
0.198
0.209
0.203
0.205
0.210
0.216
0.209
0.207
0.215
0.196
0.206
0.424
0.211
0.203
0.209
0.209
0.210
0.205
0.199
0.210
0.202
0.204
0.242
0.156
0.207
0.225
0.211
0.197
0.226
0.199
0.218
0.214
0.207
0.205
0.212
0.202
0.199
0.210
0.211
0.203
0.197
0.203
0.206
0.201
0.205
0.203
0.205
0.204
0.215
0.204
0.211
0.209
0.198
0.176
0.161
0.210
0.163
0.206
0.208
0.212
0.205
0.201
0.198
0.196
0.207
0.216
0.207
0.209
0.208
0.208
0.204
0.163
0.204
0.205
0.202
0.203
0.210
0.210
0.206
0.196
0.213
0.195
0.213
0.205
0.261
0.244
0.205
0.160
0.208
0.212
0.207
0.205
0.210
0.209
0.208
0.203
0.278
0.199
0.205
0.207
0.204
0.207
0.206
0.213
0.202
0.211
0.201
0.211
0.207
0.206
0.209
0.213
0.211
0.203
0.169
0.275
0.160
0.180
0.192
0.212
0.204
0.211
0.195
0.208
0.203
0.205
0.203
0.220
0.209
0.214
0.205
0.164
0.211
0.171
0.215
0.212
0.213
0.214
0.211
0.210
0.198
0.198
0.199
0.212
0.214
0.213
0.160
0.234
0.205
0.317
0.204
0.220
0.209
0.200
0.205
0.211
0.204
0.212
0.197
0.209
0.209
0.207
0.205
0.212
0.208
0.198
0.205
0.198
0.204
0.207
0.205
0.211
0.204
0.241
0.203
0.203
0.168
0.160
0.178
0.206
0.158
0.206
0.216
0.162
0.205
0.200
0.206
0.214
0.208
0.208
0.213
0.165
0.201
0.201
0.171
0.208
0.208
0.208
0.205
0.206
0.204
0.203
0.202
0.175
0.209
0.211
0.205
0.213
0.162
0.165
0.196
0.314
0.208
0.209
0.205
0.213
0.205
0.200
0.210
0.200
0.224
0.206
0.204
0.206
0.206
0.212
0.202
0.209
0.202
0.211
0.204
0.210
0.207
0.212
0.204
0.200
0.211
0.202
0.421
0.254
0.159
0.170
0.159
0.208
0.197
0.207
0.176
0.204
0.210
0.206
0.204
0.411
0.210
0.201
0.203
0.184
0.206
0.211
0.206
0.215
0.211
0.209
0.199
0.210
0.202
0.215
0.213
0.208
0.200
0.208
0.128
0.283
0.161
0.240
0.210
0.205
0.204
0.211
0.203
0.208
0.202
0.207
0.209
0.212
0.205
0.205
0.208
0.203
0.207
0.198
0.204
0.205
0.204
0.211
0.220
0.207
0.196
0.212
0.201
0.212
0.208
0.302
0.160
0.208
0.160
0.202
0.205
0.191
0.211
0.215
0.204
0.163
0.209
0.207
0.197
0.212
0.172
0.216
0.205
0.206
0.197
0.207
0.204
0.197
0.207
0.209
0.205
0.205
0.210
0.213
0.205
0.205
0.161
0.252
0.198
0.215
0.216
0.208
0.211
0.201
0.205
0.202
0.205
0.214
0.211
0.211
0.213
0.207
0.196
0.214
0.196
0.209
0.199
0.212
0.206
0.219
0.205
0.198
0.207
0.205
0.197
0.206
0.203
0.258
0.240
0.200
0.264
0.202
0.171
0.205
0.204
0.376
0.211
0.208
0.204
0.199
0.205
0.176
0.212
0.206
0.209
0.211
0.206
0.214
0.200
0.160
0.193
0.200
0.206
0.210
0.205
0.214
0.203
0.198
0.252
0.164
0.204
0.215
0.214
0.208
0.207
0.205
0.198
0.212
0.205
0.213
0.204
0.205
0.207
0.197
0.206
0.199
0.204
0.203
0.217
0.207
0.204
0.212
0.196
0.215
0.203
0.207
0.207
0.211
0.205
0.160
0.152
0.203
0.158
0.206
0.206
0.162
0.196
0.211
0.205
0.214
0.204
0.206
0.201
0.207
0.198
0.207
0.212
0.207
0.206
0.202
0.205
0.173
0.204
0.211
0.207
0.204
0.205
0.206
0.221
0.211
0.166
0.219
0.205
0.164
0.206
0.205
0.212
0.202
0.214
0.211
0.207
0.206
0.213
0.205
0.208
0.214
0.202
0.206
0.213
0.211
0.205
0.207
0.209
0.198
0.208
0.199
0.205
0.217
0.209
0.205
0.209
0.175
0.156
0.207
0.157
0.161
0.206
0.206
0.206
0.211
0.207
0.212
0.211
0.200
0.198
0.211
0.207
0.205
0.213
0.218
0.197
0.209
0.184
0.210
0.210
0.206
0.204
0.206
0.205
0.162
0.204
0.211
0.163
0.141
0.196
0.235
0.200
0.206
0.199
0.197
0.205
0.210
0.198
0.206
0.206
0.198
0.205
0.201
0.224
0.179
0.205
0.206
0.209
0.100
0.168
0.207
0.197
0.176
0.168
0.178
0.214
0.205
0.205
0.160
0.130
0.161
