0.286
0.200
0.204
0.201
0.204
0.203
0.160
0.216
0.246
0.209
0.206
0.209
0.198
0.209
0.206
0.203
0.203
0.203
0.215
0.195
0.204
0.195
0.209
0.203
0.207
0.203
0.208
0.211
0.197
0.211
0.158
0.207
0.208
0.201
0.208
0.211
0.211
0.197
0.205
0.198
0.211
0.207
0.203
0.195
0.204
0.205
0.199
0.206
0.196
0.159
0.209
0.204
0.207
0.233
0.218
0.202
0.210
0.197
0.203
0.210
0.207
0.157
0.210
0.203
0.199
0.203
0.198
0.203
0.205
0.202
0.207
0.194
0.206
0.199
0.206
0.203
0.204
0.196
0.214
0.203
0.201
0.208
0.197
0.209
0.224
0.205
0.204
0.203
0.205
0.199
0.206
0.193
0.159
0.202
0.212
0.204
0.211
0.209
0.196
0.205
0.169
0.203
0.206
0.206
0.209
0.203
0.210
0.199
0.209
0.173
0.202
0.199
0.205
0.215
0.205
0.194
0.197
0.207
0.204
0.203
0.205
0.206
0.239
0.158
0.209
0.197
0.208
0.212
0.197
0.196
0.209
0.203
0.196
0.205
0.199
0.204
0.203
0.202
0.203
0.202
0.205
0.203
0.210
0.195
0.182
0.203
0.210
0.205
0.206
0.203
0.209
0.203
0.171
0.205
0.162
0.203
0.212
0.210
0.209
0.197
0.214
0.170
0.198
0.203
0.205
0.203
0.205
0.203
0.202
0.208
0.175
0.205
0.215
0.195
0.228
0.209
0.215
0.196
0.207
0.205
0.212
0.207
0.212
0.203
0.205
0.157
0.200
0.205
0.205
0.191
0.215
0.201
0.207
0.205
0.208
0.195
0.205
0.204
0.207
0.209
0.206
0.204
0.198
0.203
0.200
0.161
0.212
0.205
0.205
0.204
0.211
0.194
0.204
0.167
0.204
0.204
0.160
0.202
0.205
0.204
0.198
0.204
0.172
0.207
0.204
0.161
0.210
0.211
0.207
0.197
0.207
0.197
0.205
0.217
0.207
0.204
0.206
0.205
0.198
0.205
0.211
0.203
0.211
0.208
0.210
0.205
0.211
0.157
0.206
0.196
0.198
0.208
0.204
0.204
0.203
0.208
0.198
0.203
0.204
0.207
0.207
0.203
0.208
0.200
0.206
0.197
0.204
0.197
0.211
0.209
0.213
0.203
0.198
0.209
0.200
0.212
0.207
0.204
0.160
0.211
0.205
0.206
0.209
0.169
0.206
0.200
0.205
0.204
0.204
0.208
0.197
0.206
0.171
0.202
0.225
0.203
0.205
0.206
0.206
0.196
0.211
0.196
0.204
0.202
0.211
0.202
0.206
0.203
0.197
0.157
0.210
0.210
0.211
0.207
0.204
0.197
0.211
0.197
0.206
0.207
0.208
0.207
0.206
0.195
0.201
0.211
0.198
0.214
0.211
0.161
0.220
0.200
0.207
0.197
0.213
0.195
0.208
0.203
0.206
0.202
0.159
0.206
0.198
0.209
0.179
0.199
0.202
0.202
0.204
0.207
0.203
0.194
0.204
0.172
0.213
0.207
0.211
0.210
0.205
0.195
0.198
0.206
0.171
0.204
0.207
0.203
0.205
0.206
0.207
0.195
0.206
0.156
0.206
0.207
0.212
0.204
0.199
0.165
0.201
0.204
0.212
0.204
0.206
0.208
0.211
0.158
0.213
0.205
0.219
0.218
0.206
0.220
0.212
0.203
0.197
0.203
0.201
0.204
0.216
0.202
0.210
0.210
0.160
0.196
0.206
0.194
0.205
0.212
0.205
0.209
0.204
0.212
0.195
0.195
0.203
0.204
0.208
0.209
0.208
0.205
0.205
0.196
0.210
0.210
0.205
0.204
0.205
0.207
0.206
0.204
0.197
0.206
0.210
0.157
0.209
0.168
0.205
0.197
0.207
0.195
0.206
0.202
0.210
0.206
0.205
0.214
0.199
0.192
0.206
0.207
0.205
0.213
0.212
0.208
0.168
0.195
0.204
0.169
0.209
0.206
0.205
0.202
0.201
0.210
0.158
0.203
0.186
0.202
0.203
0.201
0.205
0.209
0.205
0.195
0.203
0.186
0.204
0.205
0.209
0.210
0.213
0.160
0.197
0.204
0.206
0.209
0.205
0.203
0.214
0.196
0.206
0.442
0.441
0.390
0.407
0.346
0.364
0.440
0.452
0.204
0.198
0.203
0.209
0.203
0.213
0.206
0.210
0.190
0.205
0.200
0.211
0.207
0.212
0.208
0.207
0.206
0.175
0.381
0.188
0.209
0.209
0.202
0.205
0.201
0.210
0.207
0.158
0.170
0.217
0.201
0.209
0.212
0.204
0.203
0.208
0.221
0.181
0.202
0.205
0.202
0.207
0.206
0.211
0.195
0.207
0.204
0.206
0.205
0.206
0.204
0.206
0.203
0.197
0.205
0.203
0.206
0.204
0.158
0.205
0.208
0.209
0.200
0.204
0.204
0.204
0.209
0.208
0.212
0.211
0.204
0.202
0.204
0.209
0.210
0.207
0.206
0.206
0.199
0.207
0.196
0.213
0.204
0.207
0.203
0.206
0.202
0.197
0.206
0.160
0.204
0.204
0.203
0.198
0.203
0.205
0.195
0.210
0.208
0.205
0.206
0.207
0.210
0.209
0.208
0.199
0.208
0.205
0.203
0.209
0.205
0.205
0.196
0.211
0.198
0.204
0.202
0.209
0.208
0.211
0.157
0.212
0.208
0.198
0.210
0.208
0.203
0.198
0.198
0.212
0.197
0.204
0.203
0.214
0.207
0.165
0.203
0.203
0.208
0.203
0.202
0.205
0.203
0.205
0.201
0.208
0.208
0.208
0.196
0.205
0.166
0.158
0.204
0.205
0.203
0.162
0.222
0.198
0.207
0.189
0.195
0.207
0.202
0.204
0.204
0.207
0.204
0.208
0.206
0.210
0.213
0.205
0.206
0.196
0.203
0.163
0.207
0.207
0.201
0.204
0.208
0.203
0.158
0.164
0.199
0.205
0.204
0.211
0.210
0.207
0.208
0.202
0.203
0.197
0.198
0.211
0.206
0.208
0.206
0.208
0.200
0.210
0.169
0.207
0.208
0.205
0.209
0.204
0.203
0.200
0.212
0.172
0.211
0.159
0.204
0.226
0.204
0.209
0.202
0.209
0.196
0.136
0.205
0.208
0.209
0.205
0.196
0.195
0.207
0.210
0.202
0.160
0.210
0.205
0.195
0.234
0.200
0.223
0.206
0.210
0.202
0.206
0.204
0.202
0.159
0.197
0.201
0.210
0.212
0.206
0.202
0.210
0.200
0.202
0.184
0.206
0.205
0.208
0.209
0.212
0.185
0.204
0.208
0.176
0.208
0.206
0.205
0.206
0.210
0.212
0.198
0.206
0.167
0.209
0.203
0.158
0.208
0.177
0.206
0.200
0.203
0.174
0.208
0.206
0.204
0.203
0.206
0.210
0.194
0.205
0.207
0.211
0.207
0.212
0.206
0.202
0.203
0.202
0.203
0.205
0.202
0.204
0.208
0.206
0.196
0.207
0.157
0.208
0.207
0.210
0.210
0.213
0.207
0.202
0.158
0.199
0.203
0.209
0.203
0.204
0.208
0.213
0.200
0.214
0.175
0.207
0.204
0.214
0.203
0.208
0.205
0.198
0.209
0.183
0.158
0.203
0.207
0.157
0.208
0.196
0.194
0.210
0.203
0.209
0.203
0.204
0.203
0.201
0.203
0.196
0.209
0.209
0.210
0.205
0.207
0.209
0.195
0.207
0.198
0.207
0.202
0.205
0.206
0.209
0.205
0.198
0.204
0.200
0.151
0.204
0.208
0.206
0.207
0.209
0.197
0.205
0.173
0.208
0.203
0.208
0.205
0.205
0.215
0.201
0.200
0.179
0.208
0.206
0.202
0.205
0.204
0.208
0.195
0.204
0.182
0.219
0.203
0.218
0.210
0.158
0.209
0.196
0.204
0.206
0.210
0.205
0.208
0.205
0.197
0.205
0.199
0.208
0.203
0.219
0.209
0.209
0.208
0.202
0.204
0.208
0.203
0.207
0.203
0.209
0.203
0.204
0.196
0.210
0.164
0.205
0.158
0.206
0.207
0.209
0.205
0.203
0.203
0.201
0.203
0.204
0.203
0.206
0.203
0.209
0.200
0.208
0.182
0.206
0.204
0.209
0.205
0.206
0.209
0.201
0.203
0.171
0.203
0.204
0.207
0.206
0.208
0.161
0.195
0.212
0.203
0.206
0.204
0.206
0.206
0.199
0.197
0.195
0.205
0.203
0.207
0.203
0.204
0.211
0.196
0.208
0.203
0.212
0.209
0.205
0.204
0.208
0.206
0.202
0.201
0.190
0.202
0.235
0.156
0.206
0.207
0.206
0.201
0.212
0.197
0.211
0.205
0.206
0.207
0.213
0.204
0.197
0.209
0.171
0.205
0.208
0.207
0.211
0.205
0.205
0.195
0.211
0.202
0.231
0.197
0.206
0.202
0.205
0.204
0.159
0.203
0.212
0.202
0.208
0.208
0.205
0.194
0.205
0.199
0.204
0.206
0.209
0.203
0.209
0.203
0.198
0.214
0.198
0.160
0.209
0.204
0.215
0.204
0.196
0.197
0.205
0.183
0.215
0.202
0.214
0.164
0.163
0.209
0.198
0.207
0.190
0.202
0.205
0.203
0.199
0.202
0.206
0.194
0.203
0.192
0.207
0.203
0.204
0.206
0.214
0.206
0.215
0.202
0.182
0.205
0.213
0.202
0.196
0.208
0.214
0.203
0.159
0.202
0.213
0.200
0.205
0.204
0.207
0.205
0.203
0.196
0.205
0.201
0.165
0.202
0.204
0.196
0.199
0.194
0.207
0.204
0.205
0.207
0.207
0.127
0.195
0.201
0.206
0.203
0.211
0.204
0.210
0.157
0.200
0.199
0.204
0.201
0.204
0.209
0.207
0.206
0.205
0.209
0.201
0.204
0.170
0.206
0.203
0.203
0.208
0.207
0.211
0.195
0.219
0.209
0.206
0.204
0.208
0.204
0.204
0.209
0.196
0.210
0.158
0.206
0.207
0.205
0.205
0.199
0.207
0.202
0.210
0.209
0.205
0.211
0.210
0.203
0.198
0.200
0.200
0.202
0.176
0.207
0.210
0.201
0.213
0.196
0.204
0.201
0.163
0.208
0.196
0.204
0.211
0.157
0.196
0.207
0.181
0.211
0.211
0.202
0.207
0.208
0.207
0.196
0.206
0.180
0.206
0.198
0.204
0.201
0.209
0.204
0.198
0.203
0.205
0.201
0.206
0.201
0.205
0.210
0.206
0.198
0.211
0.202
0.158
0.208
0.210
0.205
0.205
0.204
0.197
0.206
0.210
0.204
0.207
0.207
0.206
0.212
0.212
0.167
0.204
0.204
0.206
0.198
0.199
0.202
0.197
0.205
0.199
0.208
0.206
0.205
0.206
0.206
0.208
0.157
0.211
0.173
0.201
0.207
0.198
0.201
0.206
0.209
0.201
0.207
0.171
0.203
0.206
0.206
0.218
0.204
0.207
0.207
0.214
0.214
0.208
0.204
0.214
0.204
0.204
0.211
0.201
0.206
0.205
0.212
0.159
0.203
0.209
0.200
0.210
0.159
0.209
0.203
0.205
0.209
0.206
0.207
0.199
0.204
0.198
0.203
0.206
0.137
0.205
0.197
0.206
0.196
0.209
0.201
0.209
0.203
0.207
0.210
0.204
0.207
0.201
0.157
0.178
0.204
0.205
0.201
0.222
0.204
0.199
0.197
0.198
0.199
0.211
0.204
0.209
0.203
0.209
0.209
0.200
0.208
0.210
0.203
0.204
0.208
0.206
0.208
0.207
0.196
0.211
0.207
0.212
0.203
0.158
0.207
0.197
0.208
0.163
0.210
0.205
0.208
0.161
0.202
0.209
0.203
0.157
0.203
0.206
0.210
0.216
0.209
0.204
0.198
0.203
0.201
0.169
0.207
0.206
0.204
0.197
0.208
0.204
0.202
0.207
0.156
0.210
0.206
0.210
0.205
0.204
0.209
0.202
0.202
0.207
0.207
0.213
0.204
0.207
0.225
0.206
0.196
0.208
0.210
0.211
0.208
0.206
0.188
0.179
0.204
0.202
0.205
0.204
0.213
0.208
0.204
0.159
0.196
0.210
0.196
0.205
0.207
0.205
0.208
0.206
0.209
0.203
0.203
0.204
0.210
0.210
0.129
0.206
0.204
0.209
0.201
0.210
0.199
0.207
0.203
0.211
0.202
0.206
0.202
0.198
0.205
0.168
0.159
0.209
0.209
0.204
0.208
0.208
0.214
0.202
0.204
0.209
0.204
0.205
0.204
0.217
0.213
0.198
0.230
0.230
0.211
0.210
0.204
0.212
0.209
0.212
0.197
0.206
0.205
0.207
0.202
0.205
0.210
0.165
0.205
0.202
0.203
0.207
0.198
0.216
0.207
0.203
0.124
0.212
0.167
0.206
0.199
0.204
0.202
0.204
0.206
0.205
0.204
0.202
0.204
0.210
0.206
0.205
0.205
0.209
0.201
0.207
0.192
0.207
0.158
0.209
0.207
0.210
0.208
0.201
0.202
0.207
0.203
0.209
0.225
0.204
0.204
0.209
0.199
0.205
0.203
0.210
0.207
0.205
0.203
0.208
0.208
0.197
0.206
0.214
0.205
0.209
0.201
0.217
0.201
0.159
0.196
0.197
0.213
0.212
0.202
0.205
0.205
0.199
0.203
0.202
0.160
0.211
0.208
0.196
0.204
0.205
0.200
0.209
0.194
0.206
0.204
0.204
0.209
0.205
0.205
0.197
0.203
0.171
0.207
0.204
0.158
0.210
0.209
0.208
0.200
0.207
0.203
0.209
0.215
0.209
0.209
0.210
0.203
0.202
0.204
0.198
0.203
0.211
0.203
0.205
0.196
0.205
0.201
0.212
0.211
0.210
0.204
0.204
0.206
0.197
0.204
0.162
0.195
0.197
0.207
0.205
0.202
0.207
0.193
0.207
0.181
0.205
0.205
0.208
0.211
0.207
0.205
0.205
0.207
0.173
0.197
0.205
0.203
0.208
0.209
0.207
0.196
0.205
0.203
0.206
0.207
0.210
0.156
0.214
0.205
0.206
0.207
0.210
0.208
0.225
0.215
0.212
0.200
0.208
0.199
0.206
0.207
0.210
0.208
0.209
0.201
0.198
0.204
0.199
0.210
0.204
0.200
0.206
0.208
0.205
0.196
0.207
0.198
0.161
0.207
0.197
0.210
0.210
0.205
0.201
0.202
0.168
0.208
0.204
0.207
0.212
0.208
0.206
0.198
0.212
0.191
0.206
0.203
0.215
0.207
0.210
0.205
0.197
0.197
0.200
0.207
0.208
0.209
0.210
0.156
0.205
0.194
0.208
0.204
0.215
0.204
0.206
0.204
0.210
0.205
0.199
0.202
0.206
0.207
0.209
0.201
0.202
0.166
0.217
0.200
0.206
0.204
0.206
0.203
0.227
0.205
0.196
0.206
0.202
0.204
0.162
0.207
0.210
0.203
0.204
0.201
0.204
0.170
0.209
0.205
0.212
0.210
0.206
0.204
0.196
0.202
0.174
0.207
0.210
0.160
0.211
0.203
0.195
0.195
0.206
0.208
0.211
0.212
0.208
0.203
0.206
0.157
0.200
0.210
0.186
0.190
0.212
0.208
0.213
0.200
0.204
0.196
0.210
0.173
0.209
0.208
0.204
0.202
0.203
0.206
0.199
0.209
0.199
0.207
0.201
0.203
0.208
0.203
0.211
0.196
0.212
0.208
0.159
0.203
0.207
0.207
0.202
0.204
0.173
0.195
0.209
0.204
0.207
0.204
0.202
0.197
0.205
0.186
0.166
0.207
0.212
0.206
0.208
0.214
0.163
0.208
0.204
0.193
0.204
0.209
0.211
0.203
0.207
0.157
0.206
0.203
0.210
0.207
0.196
0.206
0.199
0.207
0.206
0.203
0.206
0.204
0.210
0.206
0.209
0.200
0.205
0.196
0.196
0.203
0.203
0.204
0.205
0.209
0.194
0.202
0.203
0.207
0.207
0.202
0.173
0.198
0.208
0.196
0.212
0.167
0.164
0.209
0.210
0.202
0.205
0.205
0.200
0.202
0.188
0.207
0.207
0.205
0.200
0.208
0.209
0.199
0.205
0.203
0.210
0.204
0.203
0.208
0.211
0.203
0.215
0.130
0.206
0.189
0.179
0.177
0.177
0.183
0.179
0.132
0.175
0.180
0.211
0.206
0.177
0.203
0.198
0.204
0.199
0.204
0.204
0.202
0.204
0.207
0.206
0.195
0.204
0.171
0.205
0.202
0.209
0.202
0.159
0.202
0.199
0.208
0.167
0.208
0.204
0.207
0.205
0.202
0.206
0.204
0.196
0.181
0.205
0.204
0.198
0.207
0.207
0.203
0.207
0.207
0.205
0.208
0.205
0.204
0.207
0.204
0.161
0.200
0.203
0.157
0.209
0.203
0.210
0.207
0.199
0.206
0.198
0.215
0.206
0.208
0.215
0.203
0.208
0.197
0.204
0.195
0.218
0.202
0.206
0.205
0.205
0.207
0.197
0.206
0.169
0.203
0.208
0.194
0.214
0.209
0.158
0.203
0.205
0.172
0.210
0.206
0.206
0.203
0.208
0.208
0.196
0.202
0.198
0.210
0.208
0.206
0.203
0.202
0.205
0.201
0.208
0.209
0.216
0.205
0.213
0.208
0.204
0.191
0.179
0.209
0.182
0.127
0.174
0.178
0.135
0.206
0.176
0.195
0.207
0.173
0.175
0.213
0.215
0.209
0.198
0.208
0.161
0.205
