0.259
0.197
0.200
0.197
0.195
0.198
0.193
0.197
0.194
0.418
0.202
0.191
0.198
0.190
0.186
0.193
0.200
0.123
0.194
0.200
0.187
0.128
0.201
0.154
0.173
0.190
0.151
0.199
0.200
0.198
0.201
0.157
0.198
0.195
0.195
0.197
0.241
0.193
0.196
0.199
0.194
0.681
0.205
0.192
0.194
0.197
0.160
0.194
0.191
0.194
0.187
0.188
0.259
0.189
0.191
0.188
0.195
0.152
0.192
0.188
0.201
0.195
0.199
0.193
0.205
0.201
0.185
0.154
0.197
0.167
0.191
0.189
0.196
0.147
0.196
0.197
0.194
0.199
0.189
0.194
0.201
0.191
0.184
0.286
0.200
0.196
0.193
0.201
0.133
0.196
0.195
0.195
0.189
0.185
0.193
0.186
0.200
0.206
0.290
0.201
0.190
0.192
0.202
0.169
0.191
0.193
0.197
0.203
0.194
0.208
0.197
0.193
0.203
0.200
0.367
0.187
0.196
0.197
0.198
0.289
0.195
0.198
0.204
0.153
0.205
0.198
0.198
0.191
0.203
0.153
0.197
0.193
0.200
0.176
0.413
0.193
0.194
0.171
0.197
0.395
0.192
0.197
0.202
0.199
0.401
0.244
0.193
0.201
0.192
0.190
0.148
0.195
0.199
0.193
0.341
0.198
0.185
0.201
0.193
0.413
0.226
0.163
0.201
0.193
0.414
0.198
0.193
0.197
0.193
0.204
0.198
0.185
0.195
0.148
0.202
0.191
0.148
0.198
0.192
0.199
0.198
0.143
0.183
0.191
0.197
0.194
0.200
0.199
0.197
0.204
0.202
0.131
0.203
0.199
0.195
0.188
0.199
0.191
0.202
0.194
0.202
0.193
0.194
0.198
0.198
0.186
0.190
0.148
0.207
0.199
0.198
0.200
0.287
0.200
0.199
0.193
0.190
0.195
0.199
0.204
0.192
0.201
0.246
0.151
0.186
0.204
0.194
0.204
0.190
0.190
0.198
0.193
0.203
0.201
0.198
0.193
0.203
0.199
0.270
0.189
0.194
0.192
0.198
0.148
0.190
0.202
0.194
0.202
0.184
0.199
0.187
0.192
0.199
0.252
0.199
0.198
0.194
0.198
0.197
0.194
0.201
0.192
0.195
0.191
0.193
0.201
0.193
0.197
0.189
0.154
0.200
0.205
0.198
0.190
0.150
0.201
0.193
0.206
0.197
0.194
0.666
0.201
0.201
0.194
0.147
0.185
0.194
0.197
0.196
0.197
0.192
0.193
0.197
0.194
0.193
0.165
0.185
0.189
0.193
0.203
0.155
0.194
0.197
0.191
0.198
0.133
0.157
0.195
0.194
0.197
0.192
0.205
0.198
0.193
0.197
0.244
0.196
0.198
0.161
0.195
0.196
0.198
0.198
0.151
0.198
0.192
0.197
0.189
0.192
0.159
0.180
0.158
0.198
0.185
0.200
0.202
0.159
0.200
0.194
0.202
0.173
0.188
0.190
0.198
0.199
0.198
0.135
0.197
0.198
0.207
0.199
0.198
0.189
0.191
0.194
0.193
0.199
0.203
0.201
0.197
0.201
0.194
0.266
0.196
0.191
0.199
0.199
0.265
0.206
0.193
0.192
0.193
0.197
0.154
0.162
0.189
0.186
0.252
0.207
0.196
0.192
0.192
0.196
0.203
0.189
0.184
0.188
0.189
0.206
0.187
0.198
0.204
0.197
0.146
0.198
0.201
0.200
0.190
0.134
0.196
0.193
0.197
0.193
0.194
0.198
0.192
0.214
0.200
0.152
0.196
0.191
0.193
0.198
0.207
0.151
0.196
0.192
0.197
0.200
0.194
0.194
0.186
0.204
0.143
0.250
0.193
0.185
0.198
0.197
0.155
0.189
0.187
0.189
0.192
0.192
0.196
0.195
0.202
0.199
0.242
0.206
0.198
0.194
0.190
0.193
0.195
0.198
0.152
0.201
0.193
0.199
0.193
0.193
0.187
0.186
0.157
0.192
0.173
0.192
0.197
0.159
0.198
0.199
0.146
0.192
0.191
0.190
0.197
0.195
0.198
0.146
0.192
0.198
0.149
0.200
0.192
0.183
0.190
0.197
0.194
0.197
0.190
0.197
0.184
0.199
0.205
0.146
0.164
0.190
0.187
0.209
0.161
0.199
0.194
0.185
0.200
0.197
0.189
0.184
0.198
0.192
0.218
0.197
0.193
0.195
0.194
0.203
0.199
0.202
0.190
0.195
0.184
0.199
0.198
0.201
0.198
0.189
0.158
0.199
0.676
0.197
0.190
0.150
0.147
0.193
0.193
0.193
0.196
0.197
0.205
0.197
0.196
0.151
0.190
0.190
0.203
0.192
0.196
0.197
0.195
0.193
0.147
0.197
0.193
0.184
0.192
0.194
0.192
0.156
0.197
0.199
0.198
0.198
0.132
0.193
0.186
0.186
0.204
0.197
0.192
0.192
0.193
0.182
0.148
0.198
0.203
0.169
0.190
0.184
0.198
0.200
0.193
0.151
0.152
0.201
0.198
0.194
0.203
0.190
0.149
0.194
0.197
0.197
0.202
0.132
0.188
0.196
0.198
0.192
0.189
0.199
0.198
0.197
0.210
0.129
0.193
0.187
0.204
0.199
0.198
0.163
0.194
0.190
0.197
0.197
0.193
0.201
0.202
0.202
0.182
0.151
0.193
0.189
0.191
0.197
0.155
0.196
0.199
0.194
0.195
0.192
0.192
0.200
0.153
0.197
0.133
0.194
0.201
0.195
0.192
0.193
0.192
0.203
0.192
0.159
0.195
0.196
0.194
0.202
0.193
0.194
0.151
0.202
0.197
0.199
0.193
0.132
0.195
0.195
0.204
0.200
0.199
0.205
0.203
0.193
0.200
0.148
0.190
0.196
0.196
0.194
0.192
0.198
0.194
0.202
0.503
0.194
0.192
0.185
0.191
0.197
0.195
0.276
0.154
0.193
0.194
0.199
0.150
0.197
0.159
0.195
0.200
0.199
0.204
0.197
0.200
0.192
0.271
0.201
0.190
0.197
0.186
0.199
0.198
0.194
0.189
0.192
0.198
0.199
0.194
0.194
0.194
0.163
0.258
0.193
0.194
0.160
0.197
0.161
0.195
0.193
0.193
0.197
0.159
0.151
0.188
0.196
0.197
0.153
0.192
0.193
0.185
0.189
0.153
0.197
0.195
0.185
0.198
0.196
0.193
0.192
0.193
0.198
0.194
0.120
0.195
0.186
0.195
0.199
0.227
0.186
0.196
0.197
0.197
0.198
0.195
0.192
0.192
0.190
0.145
0.202
0.190
0.207
0.192
0.199
0.197
0.196
0.202
0.197
0.189
0.185
0.193
0.206
0.186
0.201
0.129
0.195
0.206
0.202
0.163
0.162
0.187
0.198
0.148
0.194
0.202
0.193
0.205
0.200
0.194
0.248
0.161
0.191
0.199
0.192
0.193
0.197
0.198
0.200
0.194
0.192
0.195
0.169
0.191
0.189
0.191
0.149
0.200
0.187
0.199
0.204
0.149
0.199
0.197
0.190
0.194
0.194
0.205
0.194
0.194
0.197
0.611
0.205
0.204
0.193
0.190
0.189
0.197
0.198
0.199
0.199
0.194
0.189
0.159
0.198
0.193
0.181
0.156
0.197
0.199
0.191
0.198
0.275
0.195
0.184
0.196
0.204
0.198
0.195
0.202
0.193
0.196
0.254
0.199
0.201
0.199
0.188
0.201
0.197
0.198
0.185
0.197
0.201
0.198
0.193
0.193
0.192
0.198
0.143
0.198
0.186
0.190
0.197
0.126
0.202
0.194
0.193
0.197
0.200
0.202
0.194
0.178
0.190
0.152
0.193
0.194
0.193
0.201
0.197
0.201
0.194
0.192
0.198
0.188
0.189
0.202
0.193
0.202
0.188
0.151
0.192
0.192
0.204
0.205
0.149
0.191
0.200
0.203
0.196
0.194
0.196
0.188
0.202
0.190
0.215
0.161
0.185
0.194
0.206
0.201
0.194
0.193
0.198
0.203
0.198
0.198
0.202
0.190
0.185
0.188
0.239
0.197
0.197
0.148
0.199
0.133
0.201
0.198
0.168
0.191
0.203
0.195
0.197
0.194
0.196
0.148
0.198
0.199
0.198
0.170
0.193
0.194
0.201
0.195
0.194
0.190
0.185
0.203
0.194
0.194
0.190
0.144
0.192
0.194
0.193
0.204
0.152
0.507
0.205
0.195
0.199
0.198
0.189
0.185
0.123
0.199
0.130
0.202
0.202
0.194
0.193
0.195
0.199
0.193
0.186
0.200
0.193
0.201
0.201
0.197
0.194
0.188
0.157
0.129
0.159
0.188
0.192
0.152
0.200
0.199
0.193
0.199
0.203
0.202
0.187
0.197
0.185
0.152
0.202
0.199
0.193
0.197
0.200
0.199
0.198
0.200
0.196
0.189
0.198
0.195
0.195
0.195
0.197
0.261
0.146
0.197
0.198
0.203
0.132
0.190
0.196
0.183
0.197
0.154
0.196
0.192
0.194
0.202
0.149
0.204
0.195
0.199
0.198
0.195
0.198
0.195
0.193
0.196
0.184
0.196
0.197
0.185
0.194
0.194
0.165
0.201
0.194
0.199
0.198
0.132
0.201
0.194
0.166
0.191
0.192
0.194
0.170
0.192
0.186
0.153
0.200
0.185
0.201
0.151
0.190
0.195
0.195
0.201
0.168
0.193
0.194
0.196
0.198
0.149
0.192
0.159
0.188
0.204
0.194
0.200
0.152
0.194
0.189
0.193
0.110
0.198
0.185
0.192
0.191
0.195
0.150
0.193
0.202
0.194
0.194
0.195
0.204
0.167
0.184
0.193
0.196
0.200
0.196
0.193
0.683
0.189
0.151
0.199
0.191
0.194
0.197
0.131
0.197
0.194
0.199
0.193
0.203
0.202
0.192
0.192
0.186
0.267
0.197
0.149
0.197
0.195
0.195
0.193
0.189
0.190
0.196
0.188
0.187
0.203
0.186
0.187
0.207
0.146
0.185
0.187
0.185
0.201
0.262
0.186
0.185
0.194
0.199
0.203
0.197
0.198
0.196
0.198
0.150
0.205
0.190
0.190
0.191
0.198
0.192
0.199
0.193
0.194
0.195
0.192
0.197
0.195
0.189
0.185
0.290
0.191
0.185
0.198
0.200
0.117
0.195
0.185
0.195
0.190
0.189
0.202
0.194
0.196
0.197
0.276
0.200
0.198
0.202
0.196
0.190
0.194
0.193
0.196
0.200
0.192
0.198
0.195
0.215
0.199
0.196
0.147
0.198
0.199
0.197
0.198
0.130
0.200
0.196
0.202
0.199
0.228
0.161
0.185
0.189
0.198
0.146
0.195
0.193
0.204
0.193
0.198
0.202
0.200
0.189
0.148
0.197
0.191
0.194
0.200
0.193
0.188
0.144
0.193
0.195
0.186
0.190
0.135
0.195
0.205
0.192
0.201
0.200
0.184
0.191
0.193
0.160
0.262
0.204
0.202
0.202
0.195
0.503
0.159
0.199
0.201
0.192
0.186
0.149
0.163
0.192
0.196
0.189
0.151
0.203
0.198
0.198
0.198
0.157
0.193
0.191
0.192
0.193
0.192
0.198
0.149
0.197
0.188
0.239
0.198
0.180
0.197
0.195
0.184
0.190
0.200
0.199
0.199
0.200
0.203
0.192
0.180
0.185
0.190
0.237
0.193
0.192
0.193
0.202
0.265
0.197
0.198
0.197
0.191
0.190
0.195
0.194
0.193
0.195
0.151
0.201
0.197
0.195
0.195
0.164
0.189
0.121
0.202
0.193
0.198
0.195
0.184
0.198
0.193
0.203
0.149
0.185
0.199
0.158
0.203
0.134
0.194
0.194
0.194
0.197
0.193
0.200
0.185
0.192
0.204
0.145
0.194
0.193
0.194
0.202
0.192
0.194
0.196
0.187
0.197
0.191
0.193
0.196
0.192
0.200
0.188
0.158
0.197
0.200
0.172
0.184
0.148
0.199
0.195
0.202
0.199
0.198
0.202
0.193
0.199
0.169
0.148
0.185
0.202
0.198
0.149
0.198
0.204
0.195
0.200
0.201
0.199
0.185
0.198
0.199
0.194
0.189
0.153
0.195
0.198
0.200
0.198
0.155
0.187
0.208
0.193
0.195
0.195
0.654
0.206
0.198
0.197
0.152
0.197
0.167
0.188
0.185
0.204
0.194
0.203
0.197
0.200
0.192
0.191
0.198
0.192
0.185
0.191
0.148
0.198
0.204
0.202
0.201
0.132
0.201
0.153
0.194
0.187
0.195
0.201
0.194
0.194
0.183
0.161
0.199
0.196
0.188
0.198
0.180
0.196
0.208
0.193
0.206
0.133
0.198
0.194
0.194
0.200
0.191
0.157
0.190
0.186
0.199
0.198
0.151
0.197
0.198
0.205
0.189
0.197
0.195
0.185
0.192
0.194
0.278
0.193
0.190
0.199
0.193
0.197
0.197
0.200
0.187
0.189
0.198
0.149
0.193
0.193
0.196
0.193
0.159
0.193
0.197
0.179
0.195
0.131
0.199
0.195
0.195
0.198
0.193
0.196
0.201
0.197
0.203
0.161
0.198
0.197
0.194
0.198
0.197
0.190
0.200
0.197
0.198
0.199
0.194
0.190
0.197
0.203
0.200
0.144
0.193
0.201
0.198
0.198
0.119
0.187
0.191
0.190
0.198
0.193
0.199
0.194
0.199
0.149
0.231
0.199
0.237
0.197
0.185
0.200
0.203
0.203
0.199
0.201
0.193
0.148
0.198
0.204
0.184
0.189
0.158
0.197
0.503
0.204
0.203
0.149
0.199
0.200
0.197
0.188
0.157
0.193
0.207
0.198
0.193
0.221
0.196
0.204
0.198
0.199
0.152
0.198
0.199
0.196
0.194
0.194
0.192
0.200
0.193
0.194
0.187
0.268
0.197
0.147
0.197
0.201
0.133
0.204
0.198
0.194
0.199
0.196
0.197
0.193
0.185
0.199
0.258
0.202
0.193
0.194
0.193
0.193
0.189
0.192
0.159
0.189
0.184
0.215
0.193
0.199
0.192
0.217
0.150
0.186
0.203
0.159
0.180
0.271
0.190
0.192
0.201
0.194
0.198
0.192
0.146
0.185
0.161
0.144
0.185
0.216
0.199
0.205
0.198
0.146
0.208
0.201
0.196
0.198
0.161
0.193
0.191
0.194
0.193
0.273
0.199
0.199
0.199
0.208
0.146
0.158
0.198
0.194
0.199
0.193
0.191
0.193
0.193
0.198
0.151
0.196
0.199
0.189
0.196
0.212
0.195
0.194
0.196
0.200
0.194
0.192
0.188
0.200
0.175
0.144
0.271
0.199
0.198
0.201
0.191
0.147
0.201
0.195
0.198
0.148
0.189
0.195
0.193
0.197
0.194
0.147
0.198
0.197
0.203
0.200
0.204
0.185
0.198
0.203
0.195
0.658
0.208
0.195
0.203
0.197
0.203
0.145
0.191
0.190
0.202
0.204
0.147
0.201
0.198
0.198
0.198
0.198
0.197
0.177
0.183
0.194
0.152
0.195
0.198
0.198
0.194
0.199
0.190
0.203
0.192
0.191
0.186
0.202
0.202
0.148
0.192
0.189
0.152
0.198
0.158
0.190
0.201
0.157
0.197
0.186
0.193
0.197
0.194
0.201
0.192
0.202
0.201
0.148
0.190
0.199
0.199
0.193
0.193
0.198
0.193
0.192
0.198
0.194
0.198
0.185
0.186
0.192
0.202
0.158
0.193
0.190
0.197
0.198
0.279
0.201
0.185
0.191
0.199
0.116
0.205
0.203
0.197
0.205
0.289
0.154
0.197
0.158
0.185
0.198
0.195
0.197
0.197
0.193
0.200
0.198
0.197
0.187
0.193
0.194
0.151
0.202
0.199
0.193
0.198
0.133
0.197
0.187
0.211
0.204
0.192
0.190
0.202
0.196
0.206
0.264
0.194
0.194
0.193
0.198
0.196
0.156
0.199
0.186
0.205
0.198
0.195
0.200
0.194
0.199
0.188
0.152
0.164
0.191
0.190
0.146
0.146
0.187
0.200
0.198
0.199
0.187
0.201
0.196
0.195
0.191
0.235
0.483
0.195
0.197
0.190
0.198
0.195
0.186
0.196
0.184
0.170
0.203
0.193
0.203
0.197
0.196
0.259
0.193
0.197
0.197
0.190
0.133
0.197
0.203
0.193
0.192
0.194
0.195
0.202
0.193
0.115
0.154
0.190
0.189
0.195
0.184
0.186
0.198
0.198
0.149
0.177
0.197
0.194
0.188
0.161
0.204
0.210
0.142
0.196
0.203
0.193
0.191
0.160
0.202
0.193
0.174
0.197
0.196
0.203
0.193
0.199
0.195
0.133
0.200
0.197
0.168
0.184
0.186
0.200
0.194
0.131
0.193
0.192
0.200
0.192
0.193
0.185
0.181
0.160
0.194
0.126
0.194
0.202
0.152
0.196
0.198
0.194
0.194
0.193
0.151
0.202
0.199
0.196
0.152
0.188
0.198
0.193
0.197
0.196
0.164
0.189
0.190
0.196
0.199
0.195
0.208
0.223
0.193
0.200
0.333
0.167
0.184
0.200
0.197
0.132
0.197
0.190
0.190
0.186
0.180
0.197
0.199
0.185
0.164
0.179
0.210
0.197
0.195
0.199
0.200
0.203
0.203
0.200
0.164
0.184
0.199
0.199
0.200
0.197
0.175
0.157
0.200
0.206
0.197
0.162
0.166
0.198
0.694
0.202
0.192
0.202
0.201
0.198
0.198
0.196
0.151
0.186
0.183
0.196
0.198
0.194
0.186
0.195
0.197
0.197
0.199
