0.242
0.188
0.191
0.186
0.195
0.196
0.198
0.196
0.198
0.185
0.197
0.207
0.201
0.189
0.207
0.195
0.199
0.622
0.202
0.204
0.196
0.186
0.196
0.195
0.195
0.193
0.193
0.195
0.197
0.197
0.183
0.197
0.202
0.193
0.197
0.183
0.197
0.201
0.199
0.156
0.202
0.192
0.196
0.202
0.188
0.197
0.199
0.197
0.167
0.197
0.195
0.193
0.199
0.188
0.200
0.207
0.195
0.163
0.201
0.152
0.198
0.153
0.194
0.192
0.197
0.390
0.167
0.193
0.202
0.196
0.196
0.189
0.201
0.198
0.508
0.192
0.197
0.193
0.199
0.208
0.193
0.193
0.195
0.199
0.196
0.198
0.190
0.153
0.203
0.184
0.199
0.197
0.196
0.200
0.189
0.196
0.199
0.194
0.192
0.198
0.196
0.203
0.198
0.190
0.202
0.189
0.202
0.184
0.200
0.197
0.199
0.189
0.192
0.195
0.197
0.195
0.188
0.196
0.197
0.192
0.196
0.147
0.198
0.406
0.201
0.194
0.200
0.160
0.198
0.197
0.190
0.664
0.199
0.199
0.194
0.204
0.241
0.199
0.189
0.196
0.195
0.199
0.156
0.195
0.198
0.197
0.196
0.201
0.193
0.198
0.196
0.191
0.160
0.197
0.198
0.189
0.189
0.193
0.192
0.196
0.201
0.162
0.197
0.195
0.196
0.196
0.203
0.192
0.197
0.186
0.164
0.197
0.203
0.192
0.197
0.188
0.200
0.193
0.202
0.161
0.198
0.198
0.197
0.153
0.198
0.415
0.199
0.187
0.482
0.414
0.202
0.201
0.198
0.182
0.196
0.198
0.196
0.203
0.201
0.191
0.203
0.202
0.214
0.183
0.197
0.199
0.200
0.197
0.202
0.199
0.202
0.192
0.201
0.195
0.195
0.199
0.189
0.192
0.201
0.190
0.188
0.196
0.219
0.118
0.196
0.185
0.195
0.200
0.196
0.189
0.204
0.201
0.196
0.196
0.190
0.199
0.198
0.201
0.189
0.202
0.196
0.204
0.203
0.196
0.199
0.602
0.201
0.159
0.196
0.196
0.196
0.158
0.188
0.191
0.200
0.190
0.186
0.199
0.199
0.191
0.195
0.190
0.196
0.190
0.209
0.198
0.198
0.184
0.199
0.191
0.192
0.151
0.197
0.189
0.195
0.194
0.202
0.196
0.200
0.187
0.198
0.188
0.198
0.161
0.157
0.191
0.200
0.196
0.189
0.197
0.201
0.197
0.162
0.192
0.164
0.191
0.198
0.189
0.197
0.191
0.197
0.169
0.200
0.196
0.195
0.193
0.194
0.168
0.195
0.392
0.178
0.199
0.198
0.404
0.192
0.190
0.198
0.192
0.196
0.177
0.199
0.206
0.240
0.203
0.188
0.196
0.201
0.199
0.180
0.197
0.197
0.193
0.198
0.184
0.198
0.198
0.203
0.201
0.198
0.200
0.680
0.200
0.190
0.196
0.196
0.192
0.199
0.184
0.197
0.195
0.193
0.193
0.200
0.195
0.196
0.193
0.190
0.196
0.197
0.195
0.184
0.206
0.191
0.196
0.202
0.185
0.197
0.200
0.201
0.154
0.200
0.433
0.206
0.159
0.189
0.154
0.201
0.202
0.193
0.195
0.197
0.192
0.194
0.204
0.198
0.194
0.202
0.192
0.194
0.198
0.196
0.192
0.198
0.193
0.196
0.203
0.195
0.195
0.205
0.196
0.196
0.188
0.200
0.201
0.201
0.161
0.195
0.183
0.195
0.197
0.193
0.197
0.203
0.201
0.160
0.196
0.198
0.192
0.208
0.190
0.205
0.193
0.197
0.164
0.197
0.199
0.204
0.194
0.191
0.197
0.196
0.148
0.173
0.154
0.196
0.678
0.203
0.193
0.199
0.193
0.199
0.158
0.202
0.196
0.195
0.206
0.182
0.200
0.201
0.195
0.162
0.194
0.192
0.202
0.195
0.187
0.200
0.192
0.195
0.164
0.190
0.205
0.196
0.196
0.188
0.196
0.196
0.201
0.196
0.189
0.206
0.192
0.201
0.192
0.196
0.193
0.197
0.189
0.183
0.196
0.208
0.198
0.199
0.201
0.209
0.212
0.215
0.188
0.204
0.194
0.195
0.194
0.200
0.161
0.201
0.150
0.192
0.196
0.157
0.156
0.188
0.199
0.199
0.154
0.200
0.189
0.184
0.198
0.227
0.190
0.209
0.188
0.206
0.199
0.190
0.210
0.197
0.198
0.162
0.194
0.197
0.197
0.202
0.189
0.197
0.198
0.204
0.186
0.200
0.198
0.673
0.198
0.194
0.201
0.200
0.195
0.192
0.192
0.197
0.196
0.199
0.165
0.201
0.197
0.196
0.189
0.195
0.197
0.200
0.170
0.189
0.201
0.191
0.198
0.173
0.156
0.195
0.411
0.200
0.190
0.200
0.407
0.201
0.196
0.195
0.203
0.199
0.192
0.189
0.213
0.197
0.188
0.171
0.193
0.198
0.184
0.195
0.188
0.196
0.196
0.198
0.198
0.188
0.200
0.199
0.196
0.194
0.199
0.195
0.199
0.204
0.186
0.196
0.190
0.196
0.188
0.200
0.196
0.201
0.195
0.190
0.197
0.196
0.197
0.188
0.193
0.201
0.197
0.190
0.193
0.200
0.201
0.196
0.191
0.197
0.197
0.198
0.160
0.192
0.151
0.197
0.206
0.153
0.160
0.199
0.691
0.203
0.191
0.198
0.200
0.197
0.200
0.197
0.205
0.195
0.210
0.190
0.194
0.197
0.203
0.190
0.197
0.187
0.201
0.198
0.185
0.196
0.194
0.197
0.166
0.196
0.192
0.195
0.183
0.194
0.194
0.196
0.201
0.162
0.195
0.195
0.198
0.196
0.188
0.200
0.196
0.202
0.162
0.195
0.196
0.201
0.203
0.193
0.195
0.200
0.202
0.196
0.201
0.196
0.146
0.198
0.150
0.195
0.193
0.202
0.417
0.200
0.187
0.200
0.184
0.197
0.191
0.197
0.197
0.198
0.207
0.203
0.196
0.199
0.192
0.197
0.192
0.197
0.200
0.235
0.191
0.201
0.197
0.188
0.195
0.196
0.200
0.202
0.194
0.199
0.192
0.203
0.193
0.193
0.200
0.687
0.204
0.190
0.196
0.197
0.196
0.191
0.192
0.202
0.200
0.198
0.184
0.205
0.199
0.198
0.185
0.195
0.195
0.196
0.200
0.192
0.153
0.188
0.155
0.161
0.194
0.195
0.403
0.199
0.183
0.200
0.196
0.175
0.189
0.195
0.208
0.194
0.196
0.191
0.199
0.194
0.198
0.194
0.194
0.195
0.191
0.197
0.184
0.197
0.198
0.198
0.176
0.196
0.194
0.200
0.195
0.189
0.191
0.196
0.195
0.161
0.194
0.195
0.192
0.197
0.183
0.201
0.192
0.195
0.175
0.193
0.196
0.199
0.201
0.192
0.195
0.164
0.199
0.192
0.196
0.199
0.191
0.194
0.178
0.187
0.149
0.201
0.197
0.204
0.167
0.189
0.203
0.192
0.193
0.199
0.695
0.196
0.209
0.206
0.213
0.195
0.192
0.216
0.204
0.212
0.185
0.200
0.193
0.199
0.195
0.193
0.184
0.201
0.200
0.199
0.195
0.210
0.185
0.197
0.193
0.197
0.197
0.203
0.192
0.191
0.198
0.196
0.200
0.194
0.191
0.194
0.193
0.201
0.188
0.207
0.188
0.201
0.185
0.200
0.193
0.202
0.197
0.189
0.202
0.195
0.410
0.170
0.152
0.198
0.162
0.194
0.154
0.197
0.200
0.196
0.193
0.193
0.196
0.194
0.199
0.183
0.208
0.195
0.193
0.210
0.192
0.196
0.162
0.201
0.194
0.194
0.196
0.197
0.180
0.196
0.190
0.198
0.189
0.189
0.194
0.195
0.199
0.162
0.194
0.200
0.197
0.207
0.188
0.199
0.198
0.658
0.160
0.200
0.192
0.196
0.198
0.196
0.200
0.195
0.196
0.197
0.191
0.207
0.195
0.197
0.191
0.198
0.166
0.196
0.406
0.200
0.196
0.200
0.145
0.193
0.191
0.195
0.197
0.196
0.197
0.201
0.206
0.203
0.179
0.209
0.203
0.195
0.164
0.198
0.197
0.195
0.202
0.190
0.196
0.202
0.198
0.201
0.184
0.197
0.195
0.197
0.189
0.196
0.190
0.197
0.190
0.192
0.198
0.196
0.192
0.194
0.195
0.197
0.204
0.200
0.191
0.196
0.205
0.195
0.187
0.198
0.195
0.196
0.202
0.192
0.186
0.198
0.198
0.165
0.147
0.203
0.147
0.202
0.193
0.189
0.414
0.200
0.192
0.202
0.191
0.200
0.190
0.696
0.263
0.239
0.202
0.191
0.188
0.196
0.200
0.200
0.189
0.201
0.196
0.204
0.178
0.197
0.195
0.197
0.195
0.200
0.203
0.198
0.193
0.184
0.193
0.214
0.209
0.198
0.189
0.196
0.191
0.197
0.171
0.201
0.200
0.195
0.190
0.191
0.195
0.188
0.193
0.202
0.196
0.197
0.193
0.195
0.190
0.201
0.192
0.196
0.153
0.200
0.410
0.199
0.197
0.187
0.421
0.209
0.205
0.173
0.195
0.192
0.195
0.197
0.195
0.196
0.208
0.196
0.167
0.421
0.196
0.196
0.191
0.192
0.192
0.196
0.201
0.198
0.184
0.203
0.195
0.200
0.191
0.201
0.190
0.201
0.200
0.191
0.193
0.203
0.200
0.182
0.202
0.672
0.197
0.198
0.191
0.188
0.197
0.201
0.189
0.200
0.191
0.198
0.201
0.187
0.194
0.197
0.202
0.191
0.195
0.202
0.159
0.202
0.424
0.201
0.195
0.188
0.407
0.201
0.192
0.202
0.191
0.204
0.192
0.195
0.226
0.202
0.187
0.202
0.195
0.198
0.184
0.196
0.192
0.196
0.161
0.200
0.208
0.200
0.192
0.200
0.191
0.200
0.187
0.181
0.195
0.195
0.196
0.202
0.195
0.196
0.200
0.200
0.193
0.197
0.185
0.197
0.194
0.187
0.197
0.194
0.196
0.197
0.201
0.198
0.203
0.193
0.198
0.195
0.206
0.195
0.199
0.200
0.166
0.191
0.159
0.195
0.191
0.203
0.151
0.197
0.198
0.198
0.207
0.696
0.193
0.197
0.203
0.191
0.174
0.207
0.192
0.191
0.198
0.187
0.195
0.196
0.192
0.199
0.193
0.188
0.198
0.197
0.188
0.196
0.201
0.197
0.196
0.188
0.195
0.197
0.189
0.189
0.191
0.196
0.205
0.196
0.193
0.197
0.189
0.202
0.191
0.201
0.196
0.201
0.202
0.192
0.197
0.200
0.190
0.185
0.200
0.197
0.203
0.195
0.165
0.201
0.150
0.195
0.188
0.196
0.417
0.206
0.191
0.193
0.191
0.196
0.203
0.163
0.206
0.191
0.203
0.122
0.183
0.196
0.195
0.194
0.176
0.199
0.190
0.204
0.198
0.188
0.188
0.197
0.196
0.197
0.197
0.197
0.196
0.197
0.191
0.197
0.197
0.198
0.202
0.686
0.200
0.201
0.192
0.188
0.196
0.198
0.196
0.195
0.197
0.196
0.197
0.197
0.187
0.197
0.195
0.198
0.197
0.197
0.192
0.200
0.136
0.192
0.404
0.194
0.192
0.201
0.175
0.200
0.174
0.202
0.180
0.200
0.191
0.202
0.204
0.198
0.191
0.201
0.188
0.195
0.191
0.161
0.198
0.198
0.193
0.201
0.198
0.197
0.192
0.200
0.196
0.201
0.196
0.188
0.196
0.195
0.193
0.193
0.196
0.195
0.196
0.201
0.188
0.199
0.202
0.202
0.188
0.200
0.188
0.197
0.193
0.189
0.199
0.189
0.201
0.193
0.222
0.192
0.196
0.194
0.188
0.201
0.161
0.199
0.153
0.201
0.195
0.201
0.212
0.194
0.201
0.660
0.201
0.187
0.190
0.194
0.189
0.198
0.208
0.202
0.188
0.199
0.190
0.205
0.193
0.196
0.192
0.187
0.192
0.197
0.196
0.195
0.202
0.190
0.201
0.204
0.188
0.195
0.195
0.196
0.191
0.196
0.191
0.195
0.198
0.193
0.184
0.195
0.195
0.195
0.206
0.197
0.191
0.198
0.194
0.194
0.203
0.196
0.200
0.196
0.195
0.198
0.196
0.189
0.161
0.197
0.163
0.210
0.186
0.197
0.146
0.198
0.187
0.194
0.194
0.195
0.193
0.198
0.205
0.253
0.193
0.189
0.201
0.201
0.198
0.201
0.188
0.202
0.191
0.196
0.194
0.198
0.207
0.201
0.200
0.194
0.199
0.202
0.199
0.195
0.191
0.199
0.200
0.689
0.201
0.193
0.192
0.197
0.186
0.200
0.200
0.195
0.189
0.188
0.192
0.200
0.206
0.162
0.196
0.200
0.199
0.199
0.192
0.196
0.199
0.196
0.162
0.196
0.163
0.155
0.200
0.188
0.413
0.192
0.195
0.167
0.199
0.198
0.192
0.196
0.195
0.197
0.189
0.203
0.182
0.200
0.191
0.192
0.146
0.193
0.190
0.195
0.204
0.181
0.198
0.199
0.192
0.194
0.187
0.199
0.188
0.198
0.184
0.198
0.194
0.204
0.195
0.193
0.202
0.200
0.188
0.198
0.197
0.196
0.199
0.196
0.194
0.200
0.197
0.196
0.203
0.197
0.199
0.198
0.202
0.189
0.197
0.204
0.160
0.196
0.192
0.196
0.191
0.196
0.151
0.198
0.183
0.197
0.189
0.194
0.196
0.197
0.230
0.657
0.199
0.202
0.201
0.215
0.200
0.210
0.196
0.201
0.184
0.198
0.197
0.199
0.197
0.194
0.191
0.156
0.195
0.189
0.196
0.196
0.192
0.200
0.188
0.197
0.196
0.195
0.188
0.195
0.194
0.195
0.196
0.187
0.191
0.197
0.196
0.189
0.196
0.195
0.191
0.201
0.189
0.203
0.200
0.195
0.180
0.199
0.148
0.201
0.406
0.195
0.192
0.202
0.185
0.188
0.201
0.196
0.198
0.191
0.188
0.203
0.197
0.202
0.203
0.205
0.191
0.201
0.202
0.189
0.200
0.200
0.192
0.189
0.199
0.197
0.196
0.198
0.190
0.175
0.202
0.203
0.196
0.200
0.197
0.196
0.205
0.192
0.193
0.197
0.197
0.196
0.197
0.196
0.198
0.199
0.184
0.199
0.192
0.201
0.189
0.663
0.198
0.196
0.197
0.194
0.197
0.203
0.192
0.195
0.189
0.196
0.162
0.196
0.189
0.201
0.410
0.201
0.158
0.202
0.192
0.203
0.200
0.199
0.203
0.197
0.187
0.205
0.197
0.199
0.192
0.197
0.194
0.204
0.195
0.197
0.197
0.187
0.196
0.200
0.190
0.187
0.199
0.197
0.188
0.200
0.178
0.195
0.197
0.200
0.188
0.197
0.198
0.201
0.198
0.202
0.191
0.195
0.197
0.160
0.201
0.197
0.200
0.196
0.190
0.200
0.199
0.197
0.164
0.194
0.192
0.196
0.172
0.189
0.149
0.199
0.196
0.194
0.201
0.199
0.200
0.199
0.189
0.201
0.198
0.150
0.199
0.206
0.192
0.187
0.193
0.198
0.197
0.198
0.197
0.197
0.200
0.197
0.196
0.194
0.189
0.691
0.198
0.199
0.193
0.201
0.194
0.203
0.201
0.187
0.196
0.199
0.204
0.196
0.198
0.206
0.199
0.197
0.193
0.199
0.201
0.198
0.155
0.199
0.197
0.196
0.193
0.194
0.201
0.196
0.197
0.198
0.189
0.195
0.179
0.196
0.165
0.156
0.192
0.200
0.455
0.194
0.196
0.196
0.196
0.189
0.191
0.193
0.202
0.193
0.199
0.192
0.196
0.196
0.190
0.196
0.191
0.195
0.180
0.187
0.192
0.197
0.205
0.194
0.200
0.192
0.192
0.202
0.188
0.201
0.201
0.196
0.189
0.202
0.192
0.202
0.196
0.194
0.199
0.190
0.195
0.159
0.200
0.206
0.202
0.201
0.188
0.201
0.194
0.206
0.185
0.195
0.191
0.201
0.199
0.189
0.173
0.199
0.159
0.194
0.195
0.653
0.416
0.201
0.188
0.197
0.198
0.199
0.161
0.195
0.207
0.193
0.187
0.212
0.195
0.202
0.194
0.192
0.198
0.200
0.202
0.200
0.191
0.161
0.196
0.199
0.198
0.196
0.192
0.197
0.193
0.188
0.197
0.180
0.194
0.195
0.199
0.189
0.196
0.195
0.183
0.198
0.191
0.197
0.201
0.193
0.220
0.195
0.198
0.188
0.201
0.197
0.195
0.198
0.192
0.201
0.198
0.195
0.160
0.202
0.152
0.199
0.198
0.191
0.409
0.192
0.199
0.188
0.196
0.205
0.191
0.182
0.196
0.194
0.203
0.197
0.186
0.207
0.196
0.196
0.204
0.200
0.197
0.197
0.198
0.166
0.192
0.196
0.200
0.197
0.190
0.200
0.195
0.201
0.189
0.202
0.193
0.187
0.199
0.191
0.196
0.651
0.204
0.159
0.200
0.202
0.183
0.197
0.187
0.200
0.197
0.510
0.164
0.505
0.499
0.509
0.501
0.478
0.488
0.469
0.158
0.393
0.356
0.428
0.414
0.392
0.320
0.356
0.316
0.296
0.131
0.123
0.122
0.246
0.244
0.278
0.134
0.124
0.121
