0.249
0.186
0.190
0.203
0.195
0.199
0.191
0.198
0.200
0.678
0.190
0.194
0.201
0.187
0.193
0.197
0.197
0.197
0.195
0.202
0.201
0.202
0.199
0.197
0.187
0.204
0.202
0.199
0.201
0.200
0.201
0.199
0.190
0.182
0.198
0.196
0.204
0.202
0.198
0.195
0.195
0.200
0.164
0.199
0.197
0.196
0.199
0.196
0.201
0.190
0.196
0.197
0.205
0.201
0.203
0.692
0.200
0.189
0.187
0.199
0.203
0.197
0.189
0.196
0.200
0.190
0.196
0.192
0.150
0.203
0.200
0.201
0.198
0.193
0.205
0.191
0.192
0.166
0.197
0.195
0.201
0.200
0.196
0.188
0.203
0.195
0.201
0.196
0.196
0.203
0.196
0.198
0.191
0.197
0.161
0.204
0.202
0.196
0.198
0.199
0.194
0.661
0.198
0.187
0.197
0.200
0.195
0.199
0.198
0.196
0.188
0.207
0.184
0.197
0.197
0.200
0.203
0.203
0.198
0.188
0.201
0.190
0.194
0.199
0.197
0.201
0.197
0.199
0.190
0.198
0.191
0.200
0.201
0.195
0.201
0.188
0.206
0.194
0.197
0.190
0.207
0.676
0.203
0.197
0.190
0.193
0.168
0.212
0.198
0.197
0.190
0.199
0.200
0.190
0.197
0.161
0.189
0.202
0.201
0.197
0.204
0.201
0.196
0.200
0.160
0.196
0.195
0.198
0.197
0.201
0.198
0.191
0.206
0.196
0.197
0.189
0.197
0.202
0.205
0.203
0.194
0.663
0.198
0.200
0.195
0.197
0.203
0.194
0.202
0.194
0.200
0.198
0.204
0.196
0.196
0.200
0.192
0.206
0.188
0.201
0.199
0.197
0.197
0.200
0.196
0.188
0.197
0.187
0.202
0.191
0.199
0.203
0.207
0.200
0.194
0.200
0.174
0.195
0.199
0.199
0.197
0.700
0.203
0.189
0.194
0.188
0.194
0.196
0.197
0.201
0.198
0.200
0.190
0.203
0.171
0.199
0.192
0.200
0.191
0.203
0.203
0.188
0.155
0.196
0.197
0.196
0.208
0.195
0.189
0.198
0.195
0.196
0.206
0.200
0.201
0.202
0.196
0.189
0.199
0.190
0.203
0.693
0.201
0.189
0.201
0.203
0.188
0.219
0.187
0.196
0.203
0.198
0.202
0.201
0.202
0.191
0.197
0.161
0.197
0.196
0.203
0.196
0.195
0.205
0.193
0.200
0.172
0.196
0.203
0.207
0.197
0.198
0.205
0.192
0.198
0.180
0.201
0.200
0.198
0.201
0.202
0.615
0.193
0.200
0.194
0.197
0.202
0.201
0.193
0.194
0.202
0.192
0.196
0.194
0.196
0.201
0.199
0.200
0.191
0.195
0.189
0.198
0.200
0.199
0.197
0.199
0.200
0.189
0.196
0.167
0.197
0.192
0.205
0.197
0.205
0.202
0.190
0.198
0.162
0.201
0.205
0.655
0.200
0.202
0.198
0.193
0.188
0.164
0.189
0.197
0.212
0.198
0.201
0.201
0.187
0.201
0.198
0.196
0.204
0.202
0.198
0.197
0.196
0.199
0.196
0.197
0.200
0.196
0.190
0.198
0.204
0.200
0.198
0.198
0.201
0.197
0.197
0.196
0.199
0.195
0.198
0.662
0.198
0.197
0.194
0.201
0.208
0.211
0.189
0.196
0.195
0.196
0.199
0.196
0.204
0.196
0.196
0.193
0.200
0.165
0.198
0.201
0.200
0.195
0.197
0.188
0.195
0.196
0.161
0.207
0.201
0.202
0.196
0.202
0.200
0.189
0.196
0.197
0.202
0.203
0.199
0.194
0.203
0.196
0.183
0.212
0.165
0.202
0.663
0.200
0.202
0.195
0.196
0.193
0.208
0.202
0.195
0.201
0.199
0.199
0.188
0.198
0.191
0.198
0.196
0.151
0.198
0.209
0.197
0.189
0.200
0.190
0.199
0.200
0.196
0.192
0.204
0.199
0.195
0.198
0.161
0.199
0.202
0.197
0.197
0.201
0.124
0.197
0.201
0.195
0.196
0.196
0.198
0.202
0.197
0.198
0.654
0.202
0.201
0.196
0.188
0.198
0.196
0.199
0.203
0.188
0.198
0.192
0.200
0.210
0.203
0.198
0.190
0.201
0.189
0.206
0.196
0.198
0.196
0.200
0.196
0.193
0.197
0.190
0.204
0.195
0.200
0.205
0.212
0.198
0.191
0.196
0.190
0.198
0.195
0.202
0.203
0.197
0.207
0.190
0.197
0.162
0.200
0.204
0.693
0.194
0.195
0.199
0.191
0.195
0.166
0.197
0.200
0.193
0.194
0.200
0.195
0.188
0.200
0.197
0.196
0.188
0.197
0.197
0.201
0.198
0.191
0.207
0.191
0.207
0.197
0.198
0.197
0.188
0.196
0.190
0.200
0.197
0.199
0.197
0.187
0.203
0.189
0.203
0.188
0.198
0.202
0.199
0.196
0.205
0.202
0.203
0.683
0.192
0.204
0.198
0.195
0.196
0.205
0.194
0.191
0.198
0.185
0.198
0.196
0.201
0.201
0.197
0.198
0.187
0.196
0.164
0.189
0.198
0.200
0.196
0.199
0.199
0.188
0.195
0.202
0.196
0.197
0.195
0.198
0.197
0.201
0.192
0.202
0.201
0.198
0.208
0.198
0.198
0.191
0.203
0.188
0.195
0.198
0.204
0.659
0.206
0.201
0.190
0.196
0.188
0.197
0.201
0.217
0.196
0.196
0.202
0.197
0.198
0.160
0.195
0.181
0.201
0.201
0.198
0.204
0.189
0.204
0.165
0.200
0.203
0.201
0.202
0.196
0.197
0.187
0.195
0.163
0.202
0.203
0.194
0.195
0.198
0.200
0.197
0.197
0.200
0.197
0.204
0.203
0.197
0.205
0.203
0.687
0.199
0.198
0.196
0.195
0.199
0.198
0.189
0.203
0.189
0.196
0.197
0.198
0.204
0.195
0.197
0.193
0.196
0.190
0.196
0.197
0.198
0.202
0.195
0.201
0.188
0.201
0.163
0.200
0.197
0.195
0.200
0.174
0.191
0.201
0.185
0.196
0.201
0.198
0.199
0.203
0.202
0.196
0.189
0.200
0.189
0.207
0.199
0.660
0.204
0.199
0.202
0.189
0.196
0.196
0.198
0.197
0.200
0.197
0.196
0.196
0.191
0.195
0.197
0.196
0.204
0.191
0.209
0.190
0.196
0.187
0.202
0.196
0.204
0.199
0.201
0.206
0.195
0.240
0.194
0.219
0.200
0.197
0.184
0.196
0.203
0.198
0.169
0.165
0.197
0.678
0.201
0.197
0.195
0.195
0.188
0.199
0.193
0.200
0.198
0.197
0.201
0.201
0.189
0.192
0.188
0.161
0.187
0.204
0.196
0.199
0.211
0.197
0.214
0.204
0.203
0.199
0.199
0.201
0.202
0.199
0.199
0.193
0.204
0.198
0.198
0.202
0.196
0.201
0.209
0.197
0.200
0.697
0.204
0.195
0.200
0.196
0.201
0.189
0.198
0.192
0.197
0.200
0.196
0.206
0.197
0.200
0.193
0.188
0.188
0.197
0.196
0.196
0.200
0.202
0.197
0.191
0.201
0.160
0.193
0.201
0.188
0.200
0.197
0.199
0.193
0.198
0.166
0.196
0.196
0.163
0.199
0.198
0.200
0.654
0.197
0.196
0.196
0.198
0.195
0.113
0.205
0.196
0.190
0.196
0.188
0.187
0.197
0.194
0.204
0.198
0.198
0.192
0.196
0.197
0.196
0.196
0.201
0.195
0.203
0.197
0.206
0.201
0.198
0.188
0.199
0.198
0.200
0.200
0.203
0.193
0.196
0.198
0.199
0.190
0.208
0.682
0.196
0.196
0.165
0.196
0.192
0.204
0.197
0.200
0.197
0.188
0.197
0.184
0.201
0.202
0.202
0.197
0.201
0.197
0.195
0.198
0.198
0.197
0.195
0.203
0.195
0.199
0.198
0.188
0.200
0.200
0.195
0.204
0.200
0.195
0.191
0.194
0.196
0.198
0.201
0.199
0.198
0.692
0.205
0.197
0.199
0.188
0.206
0.203
0.198
0.199
0.201
0.203
0.199
0.198
0.187
0.193
0.204
0.200
0.200
0.199
0.198
0.187
0.196
0.193
0.187
0.196
0.571
0.206
0.198
0.195
0.190
0.201
0.197
0.196
0.199
0.190
0.200
0.196
0.203
0.188
0.207
0.198
0.201
0.697
0.195
0.197
0.198
0.196
0.188
0.204
0.197
0.196
0.197
0.195
0.200
0.190
0.197
0.184
0.204
0.200
0.199
0.199
0.200
0.198
0.212
0.196
0.189
0.196
0.198
0.198
0.194
0.202
0.197
0.187
0.206
0.187
0.201
0.188
0.193
0.202
0.202
0.196
0.195
0.205
0.195
0.706
0.200
0.197
0.196
0.202
0.200
0.196
0.202
0.171
0.189
0.188
0.199
0.195
0.162
0.197
0.194
0.200
0.185
0.198
0.196
0.204
0.201
0.196
0.198
0.186
0.198
0.202
0.199
0.197
0.501
0.202
0.189
0.200
0.188
0.203
0.171
0.193
0.204
0.196
0.197
0.189
0.198
0.191
0.201
0.201
0.201
0.201
0.202
0.197
0.198
0.187
0.190
0.190
0.197
0.202
0.201
0.200
0.199
0.650
0.202
0.168
0.202
0.201
0.200
0.192
0.193
0.203
0.188
0.195
0.198
0.194
0.113
0.206
0.196
0.196
0.200
0.194
0.196
0.201
0.201
0.201
0.200
0.197
0.202
0.197
0.190
0.200
0.511
0.198
0.199
0.204
0.204
0.189
0.198
0.194
0.200
0.193
0.209
0.196
0.229
0.202
0.204
0.198
0.188
0.198
0.196
0.195
0.205
0.196
0.201
0.189
0.203
0.190
0.197
0.194
0.206
0.687
0.205
0.199
0.193
0.196
0.159
0.195
0.203
0.202
0.197
0.197
0.201
0.192
0.197
0.159
0.196
0.197
0.201
0.196
0.198
0.207
0.190
0.200
0.198
0.198
0.205
0.199
0.203
0.202
0.507
0.191
0.199
0.197
0.197
0.197
0.200
0.197
0.193
0.200
0.190
0.201
0.200
0.198
0.208
0.188
0.201
0.190
0.198
0.192
0.199
0.197
0.203
0.201
0.195
0.204
0.191
0.202
0.191
0.695
0.201
0.201
0.195
0.202
0.197
0.188
0.197
0.161
0.195
0.195
0.196
0.196
0.198
0.190
0.185
0.194
0.188
0.195
0.200
0.205
0.208
0.199
0.192
0.187
0.197
0.202
0.205
0.197
0.509
0.192
0.204
0.200
0.193
0.197
0.199
0.196
0.197
0.200
0.197
0.188
0.202
0.189
0.204
0.196
0.196
0.219
0.198
0.195
0.201
0.196
0.194
0.196
0.196
0.199
0.199
0.198
0.191
0.654
0.204
0.192
0.199
0.200
0.198
0.196
0.196
0.197
0.190
0.203
0.163
0.196
0.197
0.195
0.195
0.203
0.198
0.188
0.191
0.198
0.201
0.196
0.196
0.202
0.195
0.197
0.187
0.198
0.491
0.205
0.198
0.201
0.196
0.196
0.202
0.193
0.197
0.204
0.200
0.200
0.200
0.195
0.194
0.193
0.197
0.198
0.201
0.196
0.208
0.191
0.205
0.189
0.198
0.162
0.201
0.197
0.198
0.671
0.204
0.198
0.188
0.185
0.188
0.196
0.197
0.197
0.194
0.200
0.202
0.188
0.198
0.169
0.195
0.200
0.196
0.189
0.196
0.196
0.188
0.197
0.176
0.198
0.196
0.201
0.195
0.201
0.197
0.190
0.202
0.189
0.193
0.210
0.195
0.196
0.204
0.196
0.190
0.203
0.198
0.192
0.199
0.206
0.196
0.189
0.201
0.190
0.198
0.220
0.704
0.201
0.215
0.191
0.198
0.197
0.196
0.197
0.203
0.197
0.191
0.196
0.200
0.195
0.200
0.160
0.203
0.201
0.197
0.201
0.197
0.202
0.197
0.196
0.170
0.197
0.204
0.196
0.199
0.196
0.196
0.189
0.197
0.200
0.195
0.203
0.196
0.202
0.196
0.195
0.188
0.197
0.204
0.200
0.204
0.201
0.199
0.201
0.202
0.195
0.199
0.693
0.204
0.172
0.198
0.202
0.193
0.200
0.189
0.198
0.200
0.196
0.196
0.114
0.197
0.197
0.198
0.192
0.198
0.191
0.191
0.198
0.203
0.196
0.195
0.199
0.163
0.202
0.206
0.203
0.196
0.202
0.207
0.192
0.201
0.160
0.195
0.200
0.195
0.207
0.200
0.197
0.188
0.204
0.204
0.202
0.196
0.195
0.197
0.199
0.198
0.191
0.664
0.204
0.197
0.197
0.201
0.197
0.194
0.200
0.189
0.206
0.196
0.196
0.187
0.206
0.196
0.186
0.204
0.221
0.203
0.195
0.201
0.203
0.195
0.195
0.197
0.192
0.194
0.196
0.203
0.197
0.203
0.197
0.197
0.189
0.202
0.180
0.197
0.201
0.196
0.187
0.203
0.195
0.198
0.201
0.165
0.203
0.196
0.204
0.195
0.197
0.204
0.622
0.496
0.513
0.513
0.498
0.256
0.208
0.416
0.470
0.312
0.324
0.297
0.234
0.253
0.222
0.192
0.129
0.124
0.126
0.126
0.124
0.125
0.126
0.125
0.125
0.128
0.128
0.165
0.159
0.193
0.190
0.191
0.193
0.194
0.190
0.189
0.155
0.202
0.189
0.189
0.190
0.199
0.192
0.192
0.190
0.188
0.202
0.203
0.192
0.200
0.198
0.678
0.205
0.199
0.190
0.195
0.196
0.202
0.205
0.197
0.201
0.193
0.197
0.200
0.195
0.197
0.196
0.196
0.197
0.194
0.201
0.198
0.195
0.191
0.196
0.200
0.198
0.190
0.201
0.195
0.204
0.192
0.197
0.201
0.196
0.201
0.187
0.213
0.196
0.196
0.189
0.203
0.202
0.200
0.198
0.191
0.198
0.161
0.194
0.206
0.204
0.198
0.669
0.199
0.194
0.195
0.173
0.197
0.195
0.202
0.199
0.197
0.198
0.187
0.202
0.179
0.195
0.197
0.196
0.195
0.202
0.197
0.188
0.199
0.196
0.202
0.196
0.196
0.200
0.188
0.201
0.194
0.203
0.196
0.200
0.200
0.196
0.203
0.193
0.197
0.188
0.201
0.195
0.200
0.205
0.197
0.195
0.196
0.198
0.191
0.194
0.201
0.196
0.699
0.201
0.197
0.194
0.198
0.189
0.199
0.193
0.203
0.196
0.198
0.196
0.189
0.199
0.187
0.205
0.197
0.152
0.202
0.200
0.197
0.193
0.198
0.186
0.201
0.193
0.208
0.199
0.197
0.202
0.193
0.197
0.198
0.199
0.199
0.654
0.206
0.208
0.194
0.191
0.198
0.163
0.203
0.198
0.197
0.203
0.194
0.194
0.193
0.203
0.195
0.202
0.196
0.198
0.207
0.190
0.201
0.189
0.195
0.191
0.195
0.191
0.197
0.199
0.189
0.197
0.165
0.207
0.198
0.192
0.653
0.204
0.201
0.195
0.197
0.159
0.204
0.199
0.197
0.202
0.198
0.198
0.185
0.192
0.203
0.198
0.196
0.195
0.205
0.199
0.197
0.189
0.198
0.197
0.197
0.200
0.203
0.188
0.191
0.190
0.187
0.207
0.162
0.202
0.206
0.668
0.203
0.190
0.202
0.188
0.199
0.198
0.204
0.196
0.202
0.201
0.193
0.199
0.193
0.197
0.202
0.198
0.196
0.205
0.202
0.188
0.204
0.196
0.197
0.198
0.192
0.200
0.203
0.196
0.192
0.197
0.167
0.201
0.204
0.203
0.665
0.206
0.189
0.195
0.198
0.201
0.195
0.196
0.203
0.195
0.203
0.201
0.188
0.204
0.201
0.199
0.205
0.200
0.195
0.197
0.202
0.194
0.184
0.183
0.198
0.196
0.191
0.205
0.190
0.198
0.166
0.196
0.206
0.204
0.230
0.717
0.200
0.189
0.195
0.187
0.197
0.198
0.198
0.197
0.199
0.198
0.194
0.200
0.159
0.201
0.196
0.195
0.196
0.195
0.195
0.190
0.196
0.166
0.197
0.198
0.187
0.192
0.193
0.197
0.194
0.200
0.196
0.194
0.191
0.203
0.652
0.197
0.204
0.189
0.201
0.196
0.197
0.204
0.200
0.196
0.190
0.200
0.189
0.195
0.198
0.200
0.198
0.196
0.198
0.193
0.208
0.189
0.198
0.201
0.203
0.202
0.207
0.201
0.196
0.201
0.164
0.196
0.198
0.201
0.204
0.662
0.198
0.194
0.201
0.159
0.200
0.198
0.192
0.201
0.196
0.194
0.202
0.196
0.163
0.201
0.199
0.201
0.201
0.203
0.205
0.188
0.196
0.195
0.200
0.196
0.200
0.200
0.204
0.203
0.189
0.200
0.204
0.200
0.190
0.195
0.197
0.197
0.199
0.192
0.197
0.196
0.199
0.202
0.200
0.209
0.652
0.200
0.190
0.197
0.196
0.216
0.187
0.199
0.188
0.189
0.190
0.160
0.195
0.195
0.190
0.197
0.197
0.200
0.190
0.195
0.166
0.197
0.200
0.199
0.196
0.197
0.197
0.197
0.202
0.178
0.199
0.197
0.204
0.191
0.195
0.187
0.192
0.195
0.207
0.197
0.199
0.198
0.199
0.200
0.202
0.669
0.204
0.201
0.190
0.196
0.196
0.153
0.189
