0.213
0.196
0.193
0.191
0.192
0.187
0.192
0.187
0.183
0.197
0.192
0.196
0.196
0.147
0.192
0.121
0.201
0.199
0.146
0.186
0.118
0.195
0.192
0.155
0.192
0.120
0.197
0.203
0.153
0.194
0.192
0.190
0.194
0.238
0.191
0.154
0.197
0.198
0.233
0.195
0.193
0.644
0.199
0.150
0.183
0.192
0.200
0.195
0.238
0.197
0.194
0.204
0.197
0.155
0.131
0.187
0.194
0.196
0.183
0.129
0.185
0.192
0.199
0.151
0.196
0.154
0.189
0.199
0.150
0.233
0.192
0.195
0.198
0.149
0.195
0.182
0.184
0.188
0.144
0.193
0.187
0.198
0.196
0.157
0.199
0.159
0.192
0.197
0.146
0.189
0.144
0.186
0.194
0.145
0.192
0.188
0.183
0.195
0.147
0.189
0.259
0.190
0.196
0.147
0.198
0.186
0.199
0.201
0.182
0.198
0.195
0.192
0.188
0.124
0.195
0.186
0.153
0.204
0.146
0.191
0.199
0.147
0.187
0.144
0.193
0.197
0.193
0.201
0.149
0.195
0.200
0.205
0.200
0.247
0.185
0.191
0.196
0.202
0.151
0.184
0.200
0.200
0.207
0.150
0.166
0.210
0.185
0.167
0.148
0.197
0.211
0.194
0.222
0.147
0.205
0.183
0.191
0.192
0.276
0.202
0.202
0.207
0.149
0.150
0.207
0.196
0.191
0.188
0.146
0.197
0.194
0.190
0.195
0.154
0.197
0.197
0.196
0.194
0.145
0.187
0.198
0.195
0.200
0.148
0.195
0.196
0.194
0.200
0.150
0.156
0.193
0.184
0.195
0.236
0.198
0.193
0.186
0.196
0.246
0.197
0.195
0.184
0.191
0.149
0.195
0.189
0.197
0.190
0.143
0.231
0.197
0.191
0.189
0.185
0.148
0.199
0.199
0.196
0.253
0.193
0.196
0.196
0.199
0.150
0.184
0.196
0.197
0.202
0.148
0.194
0.191
0.199
0.201
0.148
0.195
0.185
0.184
0.203
0.147
0.141
0.149
0.192
0.200
0.218
0.195
0.130
0.643
0.192
0.145
0.192
0.192
0.192
0.200
0.152
0.201
0.158
0.194
0.160
0.271
0.193
0.191
0.199
0.195
0.131
0.193
0.193
0.212
0.196
0.146
0.188
0.205
0.141
0.202
0.145
0.196
0.162
0.116
0.201
0.148
0.200
0.184
0.183
0.196
0.159
0.191
0.190
0.145
0.197
0.146
0.197
0.190
0.143
0.188
0.281
0.193
0.190
0.183
0.196
0.144
0.201
0.190
0.195
0.155
0.110
0.185
0.193
0.200
0.149
0.259
0.193
0.196
0.191
0.196
0.151
0.183
0.190
0.196
0.150
0.149
0.184
0.183
0.194
0.199
0.253
0.197
0.184
0.183
0.196
0.149
0.201
0.193
0.190
0.195
0.156
0.191
0.197
0.158
0.188
0.132
0.197
0.193
0.192
0.188
0.150
0.196
0.197
0.192
0.198
0.281
0.185
0.187
0.197
0.201
0.257
0.198
0.197
0.192
0.195
0.241
0.191
0.194
0.193
0.199
0.157
0.143
0.197
0.192
0.196
0.157
0.116
0.188
0.192
0.199
0.121
0.154
0.192
0.192
0.195
0.112
0.117
0.193
0.156
0.192
0.149
0.194
0.196
0.195
0.195
0.246
0.196
0.202
0.192
0.201
0.144
0.180
0.154
0.191
0.200
0.145
0.200
0.144
0.191
0.196
0.152
0.158
0.199
0.191
0.195
0.152
0.197
0.256
0.203
0.195
0.150
0.194
0.182
0.186
0.188
0.151
0.191
0.197
0.196
0.197
0.206
0.196
0.187
0.214
0.194
0.147
0.193
0.197
0.132
0.200
0.150
0.198
0.199
0.197
0.193
0.150
0.187
0.195
0.225
0.197
0.149
0.191
0.189
0.202
0.196
0.150
0.180
0.191
0.193
0.202
0.150
0.205
0.192
0.208
0.140
0.140
0.193
0.175
0.195
0.150
0.149
0.190
0.203
0.200
0.194
0.147
0.201
0.210
0.198
0.262
0.153
0.197
0.192
0.192
0.196
0.145
0.208
0.203
0.209
0.195
0.113
0.186
0.192
0.197
0.195
0.156
0.203
0.196
0.191
0.162
0.150
0.185
0.189
0.192
0.196
0.245
0.200
0.196
0.192
0.197
0.226
0.190
0.196
0.192
0.188
0.144
0.198
0.191
0.661
0.201
0.205
0.191
0.191
0.190
0.193
0.142
0.256
0.201
0.193
0.200
0.183
0.131
0.193
0.198
0.195
0.144
0.182
0.189
0.195
0.205
0.145
0.144
0.191
0.191
0.203
0.148
0.183
0.188
0.191
0.196
0.159
0.195
0.193
0.193
0.200
0.145
0.201
0.144
0.188
0.187
0.272
0.200
0.150
0.191
0.201
0.151
0.191
0.197
0.191
0.161
0.147
0.198
0.145
0.190
0.196
0.113
0.191
0.194
0.189
0.201
0.145
0.186
0.192
0.192
0.196
0.247
0.192
0.186
0.150
0.190
0.146
0.193
0.188
0.144
0.194
0.145
0.192
0.200
0.195
0.194
0.149
0.199
0.191
0.145
0.192
0.144
0.193
0.190
0.191
0.201
0.159
0.198
0.195
0.191
0.165
0.150
0.191
0.202
0.186
0.155
0.149
0.194
0.195
0.201
0.237
0.151
0.183
0.188
0.194
0.195
0.149
0.191
0.158
0.192
0.151
0.144
0.196
0.188
0.183
0.194
0.151
0.195
0.194
0.197
0.199
0.151
0.194
0.193
0.157
0.202
0.140
0.198
0.201
0.197
0.188
0.155
0.193
0.185
0.208
0.187
0.130
0.196
0.194
0.190
0.201
0.245
0.191
0.195
0.200
0.194
0.240
0.183
0.187
0.196
0.196
0.147
0.190
0.190
0.191
0.196
0.149
0.125
0.185
0.186
0.196
0.122
0.146
0.193
0.192
0.200
0.150
0.192
0.191
0.154
0.189
0.151
0.227
0.190
0.190
0.200
0.145
0.193
0.199
0.195
0.196
0.147
0.188
0.201
0.146
0.201
0.150
0.186
0.155
0.194
0.196
0.150
0.188
0.116
0.197
0.196
0.148
0.194
0.207
0.182
0.189
0.147
0.190
0.192
0.185
0.188
0.147
0.191
0.201
0.194
0.196
0.159
0.193
0.195
0.167
0.187
0.144
0.196
0.145
0.114
0.197
0.247
0.193
0.196
0.148
0.200
0.145
0.188
0.195
0.190
0.196
0.147
0.193
0.191
0.205
0.187
0.147
0.171
0.184
0.191
0.197
0.261
0.184
0.191
0.194
0.191
0.155
0.194
0.174
0.178
0.155
0.154
0.193
0.182
0.199
0.149
0.152
0.191
0.201
0.693
0.191
0.149
0.199
0.196
0.193
0.253
0.156
0.192
0.184
0.192
0.199
0.249
0.187
0.194
0.197
0.202
0.185
0.192
0.197
0.194
0.192
0.160
0.182
0.184
0.197
0.152
0.130
0.192
0.193
0.194
0.207
0.149
0.191
0.191
0.117
0.189
0.245
0.190
0.191
0.190
0.197
0.197
0.184
0.190
0.200
0.194
0.283
0.210
0.191
0.192
0.195
0.164
0.142
0.191
0.192
0.195
0.184
0.131
0.201
0.193
0.197
0.253
0.187
0.197
0.153
0.197
0.146
0.145
0.183
0.187
0.195
0.146
0.195
0.200
0.202
0.202
0.153
0.205
0.195
0.184
0.190
0.144
0.191
0.218
0.193
0.195
0.155
0.195
0.156
0.191
0.160
0.278
0.193
0.190
0.190
0.200
0.146
0.190
0.146
0.200
0.194
0.150
0.183
0.185
0.193
0.196
0.149
0.190
0.190
0.192
0.199
0.145
0.190
0.180
0.149
0.196
0.151
0.191
0.203
0.131
0.201
0.144
0.190
0.190
0.157
0.193
0.152
0.193
0.191
0.145
0.196
0.146
0.197
0.195
0.190
0.164
0.150
0.184
0.192
0.190
0.198
0.262
0.199
0.190
0.192
0.148
0.150
0.183
0.190
0.202
0.261
0.151
0.192
0.195
0.196
0.199
0.147
0.193
0.188
0.187
0.153
0.147
0.197
0.191
0.198
0.195
0.241
0.195
0.195
0.190
0.193
0.146
0.194
0.195
0.193
0.191
0.175
0.199
0.192
0.191
0.194
0.153
0.196
0.195
0.198
0.203
0.247
0.193
0.195
0.200
0.196
0.146
0.194
0.182
0.191
0.195
0.151
0.201
0.196
0.183
0.196
0.131
0.196
0.190
0.188
0.199
0.170
0.126
0.193
0.187
0.190
0.158
0.132
0.193
0.183
0.197
0.148
0.196
0.196
0.190
0.200
0.260
0.147
0.198
0.196
0.196
0.146
0.188
0.199
0.195
0.196
0.147
0.192
0.197
0.196
0.200
0.152
0.193
0.158
0.193
0.196
0.244
0.197
0.121
0.192
0.200
0.145
0.192
0.167
0.189
0.192
0.146
0.157
0.227
0.193
0.201
0.154
0.192
0.191
0.197
0.188
0.147
0.192
0.191
0.653
0.192
0.235
0.193
0.192
0.150
0.195
0.145
0.192
0.197
0.146
0.200
0.146
0.189
0.191
0.193
0.195
0.147
0.188
0.184
0.226
0.197
0.147
0.193
0.193
0.193
0.199
0.143
0.191
0.158
0.181
0.187
0.153
0.196
0.184
0.187
0.258
0.119
0.203
0.192
0.202
0.294
0.152
0.191
0.192
0.193
0.195
0.152
0.195
0.194
0.193
0.248
0.150
0.182
0.191
0.190
0.194
0.146
0.184
0.190
0.188
0.198
0.253
0.156
0.185
0.193
0.192
0.137
0.192
0.192
0.201
0.195
0.148
0.194
0.168
0.185
0.189
0.146
0.201
0.199
0.192
0.194
0.283
0.145
0.195
0.195
0.192
0.297
0.200
0.195
0.191
0.198
0.150
0.193
0.190
0.191
0.186
0.148
0.130
0.195
0.198
0.201
0.120
0.150
0.190
0.193
0.197
0.149
0.193
0.195
0.184
0.195
0.147
0.149
0.185
0.191
0.196
0.144
0.195
0.190
0.191
0.193
0.151
0.194
0.192
0.191
0.200
0.151
0.188
0.154
0.193
0.161
0.278
0.196
0.128
0.195
0.196
0.148
0.193
0.192
0.192
0.199
0.151
0.186
0.153
0.196
0.196
0.146
0.198
0.193
0.193
0.201
0.217
0.192
0.186
0.195
0.191
0.148
0.194
0.197
0.117
0.195
0.137
0.192
0.202
0.147
0.192
0.146
0.191
0.184
0.188
0.203
0.147
0.196
0.187
0.144
0.159
0.148
0.185
0.192
0.194
0.196
0.147
0.194
0.195
0.184
0.196
0.149
0.188
0.185
0.183
0.154
0.253
0.192
0.206
0.195
0.149
0.146
0.192
0.187
0.184
0.193
0.149
0.190
0.191
0.191
0.149
0.152
0.200
0.191
0.154
0.189
0.295
0.214
0.193
0.165
0.195
0.143
0.195
0.193
0.197
0.193
0.159
0.182
0.199
0.192
0.197
0.254
0.196
0.190
0.190
0.195
0.151
0.188
0.185
0.196
0.196
0.260
0.197
0.195
0.191
0.206
0.200
0.190
0.188
0.184
0.196
0.260
0.203
0.195
0.205
0.197
0.175
0.148
0.198
0.186
0.188
0.163
0.137
0.201
0.194
0.198
0.277
0.200
0.192
0.692
0.201
0.147
0.263
0.190
0.191
0.195
0.150
0.194
0.190
0.192
0.201
0.148
0.191
0.183
0.191
0.189
0.147
0.190
0.156
0.193
0.195
0.146
0.187
0.160
0.221
0.190
0.146
0.190
0.196
0.185
0.216
0.153
0.200
0.216
0.198
0.191
0.147
0.195
0.189
0.191
0.202
0.146
0.190
0.196
0.196
0.196
0.149
0.182
0.190
0.148
0.199
0.147
0.192
0.197
0.114
0.201
0.122
0.188
0.192
0.191
0.196
0.151
0.192
0.192
0.205
0.200
0.151
0.194
0.170
0.181
0.198
0.145
0.197
0.194
0.200
0.200
0.151
0.191
0.183
0.182
0.146
0.151
0.192
0.192
0.196
0.147
0.149
0.200
0.193
0.191
0.196
0.150
0.184
0.195
0.191
0.260
0.150
0.191
0.192
0.190
0.195
0.144
0.164
0.183
0.186
0.195
0.279
0.190
0.193
0.183
0.191
0.156
0.191
0.201
0.191
0.187
0.153
0.195
0.196
0.195
0.196
0.276
0.196
0.196
0.190
0.188
0.284
0.191
0.190
0.195
0.195
0.146
0.194
0.191
0.201
0.195
0.254
0.189
0.188
0.198
0.200
0.142
0.262
0.190
0.192
0.195
0.180
0.119
0.184
0.197
0.196
0.145
0.192
0.199
0.186
0.195
0.151
0.222
0.202
0.188
0.189
0.152
0.193
0.192
0.197
0.201
0.151
0.196
0.197
0.191
0.172
0.152
0.199
0.161
0.197
0.194
0.149
0.200
0.156
0.197
0.195
0.144
0.187
0.184
0.196
0.195
0.262
0.192
0.147
0.196
0.196
0.146
0.196
0.184
0.190
0.195
0.147
0.192
0.196
0.204
0.197
0.150
0.197
0.187
0.151
0.192
0.261
0.197
0.199
0.152
0.203
0.145
0.198
0.184
0.190
0.162
0.150
0.113
0.192
0.152
0.198
0.149
0.195
0.196
0.195
0.200
0.145
0.188
0.195
0.198
0.196
0.150
0.192
0.193
0.190
0.155
0.212
0.191
0.183
0.189
0.305
0.153
0.193
0.190
0.192
0.201
0.154
0.196
0.192
0.158
0.149
0.154
0.196
0.197
0.188
0.196
0.149
0.192
0.200
0.192
0.196
0.157
0.185
0.197
0.646
0.199
0.149
0.193
0.194
0.199
0.196
0.128
0.190
0.185
0.201
0.196
0.254
0.185
0.191
0.194
0.197
0.244
0.198
0.153
0.185
0.200
0.239
0.191
0.191
0.197
0.195
0.150
0.197
0.195
0.158
0.192
0.116
0.252
0.199
0.185
0.202
0.177
0.145
0.191
0.155
0.199
0.146
0.184
0.196
0.199
0.191
0.146
0.238
0.192
0.196
0.201
0.149
0.196
0.187
0.198
0.197
0.147
0.190
0.193
0.190
0.195
0.148
0.186
0.147
0.189
0.188
0.237
0.196
0.132
0.194
0.200
0.150
0.196
0.193
0.194
0.192
0.145
0.191
0.149
0.200
0.194
0.146
0.190
0.191
0.193
0.167
0.145
0.189
0.190
0.191
0.198
0.147
0.187
0.203
0.143
0.200
0.223
0.155
0.187
0.144
0.197
0.152
0.192
0.201
0.192
0.198
0.147
0.192
0.170
0.240
0.164
0.145
0.195
0.192
0.191
0.196
0.153
0.196
0.179
0.196
0.191
0.151
0.193
0.192
0.186
0.156
0.146
0.183
0.197
0.195
0.150
0.150
0.183
0.196
0.197
0.197
0.280
0.193
0.191
0.190
0.252
0.145
0.155
0.184
0.186
0.196
0.151
0.200
0.195
0.195
0.201
0.412
0.202
0.192
0.182
0.189
0.168
0.192
0.199
0.193
0.199
0.130
0.198
0.215
0.170
0.163
0.146
0.190
0.191
0.192
0.200
0.250
0.201
0.196
0.200
0.200
0.244
0.190
0.187
0.195
0.187
0.242
0.196
0.193
0.196
0.202
0.183
0.148
0.189
0.192
0.196
0.186
0.116
0.197
0.199
0.197
0.153
0.180
0.184
0.181
0.203
0.147
0.147
0.191
0.190
0.203
0.153
0.197
0.197
0.196
0.162
0.145
0.199
0.197
0.194
0.200
0.146
0.191
0.157
0.192
0.205
0.153
0.188
0.150
0.198
0.201
0.151
0.186
0.194
0.195
0.195
0.223
0.191
0.145
0.190
0.206
0.145
0.192
0.194
0.156
0.197
0.153
0.189
0.191
0.183
0.189
0.150
0.200
0.192
0.267
0.200
0.257
0.191
0.196
0.132
0.161
0.145
0.184
0.193
0.195
0.197
0.152
0.198
0.197
0.643
0.207
0.147
0.184
0.189
0.192
0.200
0.152
0.195
0.193
0.191
0.212
0.147
0.196
0.187
0.187
0.322
0.152
0.195
0.200
0.202
0.176
0.119
0.190
0.195
0.183
0.192
0.149
0.193
0.191
0.198
0.152
0.150
0.196
0.196
0.201
0.196
0.261
0.200
0.196
0.197
0.201
0.146
0.187
0.194
0.190
0.188
0.151
0.183
0.187
0.192
0.204
0.146
0.196
0.193
0.191
0.195
0.213
0.202
0.169
0.184
0.196
0.210
0.192
0.191
0.196
0.200
0.150
0.196
0.197
0.170
0.194
0.145
0.194
0.189
0.198
0.188
0.141
0.251
0.195
0.195
0.198
0.150
0.130
0.197
0.192
0.113
0.151
0.196
0.191
0.191
0.200
0.148
0.147
0.183
0.190
0.196
0.145
0.191
0.193
0.202
0.198
0.155
0.192
0.191
0.183
0.192
0.145
0.202
0.141
0.193
0.201
0.146
0.197
0.130
0.156
0.188
0.115
0.187
0.187
0.195
0.196
0.142
0.190
0.236
0.195
0.197
0.150
0.184
0.190
0.195
0.198
0.155
0.192
0.194
0.194
0.202
0.148
0.162
0.180
0.154
0.195
0.145
0.192
0.196
0.158
0.195
0.148
0.192
0.186
0.183
0.194
0.244
0.198
0.195
0.224
0.201
0.145
0.182
0.188
0.197
0.190
0.144
0.195
