0.203
0.198
0.198
0.210
0.200
0.214
0.195
0.210
0.200
0.212
0.197
0.205
0.202
0.203
0.203
0.197
0.192
0.207
0.202
0.202
0.202
0.205
0.200
0.209
0.151
0.172
0.200
0.210
0.198
0.236
0.208
0.203
0.200
0.205
0.201
0.204
0.202
0.170
0.205
0.206
0.201
0.195
0.213
0.203
0.208
0.209
0.169
0.202
0.201
0.196
0.199
0.204
0.200
0.203
0.205
0.196
0.201
0.206
0.203
0.206
0.198
0.195
0.200
0.206
0.169
0.203
0.203
0.203
0.201
0.196
0.204
0.202
0.205
0.172
0.201
0.204
0.202
0.207
0.207
0.195
0.192
0.208
0.177
0.207
0.201
0.208
0.154
0.199
0.206
0.203
0.195
0.203
0.206
0.198
0.157
0.203
0.193
0.202
0.206
0.204
0.199
0.209
0.207
0.208
0.203
0.198
0.200
0.208
0.202
0.203
0.192
0.210
0.193
0.204
0.198
0.207
0.200
0.204
0.199
0.203
0.207
0.201
0.204
0.203
0.206
0.208
0.203
0.203
0.198
0.205
0.200
0.201
0.195
0.208
0.209
0.204
0.194
0.196
0.207
0.205
0.202
0.197
0.209
0.209
0.207
0.207
0.202
0.191
0.153
0.202
0.177
0.203
0.204
0.208
0.202
0.506
0.523
0.210
0.159
0.509
0.494
0.499
0.494
0.499
0.206
0.480
0.485
0.451
0.400
0.366
0.419
0.342
0.323
0.320
0.305
0.243
0.262
0.218
0.212
0.222
0.208
0.224
0.200
0.209
0.189
0.194
0.163
0.133
0.130
0.134
0.127
0.134
0.130
0.134
0.129
0.133
0.130
0.132
0.132
0.133
0.128
0.135
0.132
0.133
0.136
0.150
0.146
0.169
0.173
0.198
0.154
0.194
0.197
0.196
0.199
0.198
0.193
0.199
0.197
0.201
0.189
0.197
0.198
0.213
0.192
0.197
0.200
0.195
0.195
0.200
0.194
0.204
0.192
0.195
0.200
0.195
0.193
0.197
0.201
0.195
0.199
0.198
0.128
0.205
0.209
0.208
0.208
0.209
0.206
0.202
0.204
0.195
0.204
0.212
0.208
0.205
0.199
0.207
0.207
0.204
0.192
0.205
0.206
0.200
0.202
0.228
0.209
0.207
0.203
0.199
0.203
0.207
0.152
0.215
0.199
0.203
0.202
0.208
0.204
0.209
0.200
0.198
0.207
0.203
0.200
0.205
0.193
0.207
0.211
0.204
0.175
0.214
0.208
0.216
0.205
0.195
0.204
0.205
0.200
0.172
0.199
0.203
0.200
0.203
0.191
0.203
0.202
0.204
0.188
0.205
0.191
0.203
0.208
0.205
0.212
0.209
0.204
0.173
0.207
0.210
0.208
0.213
0.160
0.205
0.202
0.208
0.205
0.205
0.203
0.205
0.209
0.195
0.203
0.204
0.153
0.208
0.206
0.204
0.191
0.210
0.198
0.203
0.207
0.208
0.203
0.211
0.205
0.203
0.205
0.196
0.203
0.211
0.190
0.166
0.211
0.195
0.200
0.210
0.196
0.208
0.195
0.203
0.208
0.198
0.201
0.203
0.202
0.195
0.202
0.209
0.211
0.213
0.197
0.204
0.206
0.205
0.193
0.210
0.217
0.212
0.200
0.207
0.202
0.204
0.210
0.199
0.192
0.204
0.194
0.209
0.206
0.204
0.204
0.207
0.195
0.208
0.159
0.205
0.201
0.179
0.203
0.209
0.195
0.198
0.201
0.209
0.202
0.203
0.196
0.203
0.205
0.210
0.199
0.203
0.212
0.203
0.198
0.204
0.200
0.208
0.212
0.179
0.201
0.208
0.206
0.203
0.201
0.209
0.200
0.205
0.176
0.203
0.203
0.203
0.196
0.202
0.199
0.202
0.210
0.185
0.200
0.210
0.204
0.204
0.200
0.197
0.155
0.205
0.200
0.205
0.214
0.204
0.206
0.197
0.204
0.208
0.210
0.207
0.160
0.210
0.207
0.206
0.199
0.212
0.207
0.211
0.156
0.198
0.209
0.203
0.203
0.202
0.207
0.203
0.201
0.202
0.198
0.205
0.205
0.204
0.193
0.211
0.205
0.206
0.208
0.194
0.201
0.203
0.204
0.201
0.200
0.206
0.201
0.208
0.196
0.206
0.199
0.208
0.205
0.208
0.205
0.209
0.193
0.194
0.202
0.215
0.210
0.197
0.201
0.203
0.206
0.204
0.205
0.204
0.205
0.202
0.197
0.202
0.208
0.206
0.153
0.194
0.193
0.202
0.205
0.190
0.158
0.209
0.167
0.219
0.209
0.205
0.204
0.203
0.173
0.207
0.206
0.208
0.210
0.202
0.207
0.212
0.200
0.181
0.206
0.204
0.204
0.204
0.197
0.206
0.201
0.206
0.175
0.204
0.202
0.214
0.205
0.202
0.203
0.203
0.206
0.208
0.205
0.202
0.206
0.207
0.197
0.209
0.202
0.203
0.201
0.202
0.200
0.210
0.192
0.200
0.206
0.202
0.211
0.205
0.205
0.203
0.156
0.201
0.196
0.199
0.205
0.202
0.193
0.208
0.199
0.204
0.208
0.197
0.203
0.209
0.205
0.205
0.206
0.202
0.205
0.205
0.194
0.205
0.200
0.206
0.206
0.200
0.202
0.208
0.206
0.195
0.202
0.129
0.200
0.211
0.197
0.203
0.207
0.205
0.201
0.206
0.206
0.195
0.203
0.195
0.209
0.209
0.129
0.195
0.203
0.205
0.205
0.205
0.197
0.211
0.203
0.209
0.164
0.205
0.213
0.196
0.206
0.196
0.152
0.205
0.197
0.174
0.210
0.202
0.196
0.206
0.209
0.202
0.201
0.202
0.168
0.210
0.205
0.205
0.206
0.194
0.205
0.208
0.198
0.166
0.208
0.204
0.195
0.207
0.193
0.202
0.203
0.203
0.173
0.204
0.202
0.204
0.206
0.195
0.203
0.211
0.200
0.203
0.206
0.206
0.200
0.207
0.196
0.201
0.202
0.211
0.208
0.210
0.201
0.202
0.205
0.209
0.201
0.205
0.208
0.209
0.205
0.205
0.199
0.204
0.154
0.206
0.210
0.199
0.160
0.206
0.201
0.196
0.203
0.196
0.200
0.210
0.205
0.207
0.197
0.202
0.203
0.210
0.194
0.204
0.207
0.205
0.199
0.209
0.209
0.190
0.196
0.194
0.313
0.195
0.200
0.157
0.197
0.156
0.192
0.205
0.196
0.204
0.203
0.203
0.220
0.197
0.199
0.203
0.205
0.196
0.203
0.201
0.205
0.203
0.198
0.196
0.191
0.208
0.163
0.209
0.206
0.204
0.205
0.202
0.203
0.208
0.155
0.173
0.205
0.206
0.205
0.210
0.199
0.204
0.204
0.206
0.186
0.210
0.202
0.210
0.201
0.197
0.204
0.163
0.208
0.176
0.209
0.214
0.204
0.205
0.193
0.204
0.208
0.211
0.205
0.199
0.208
0.198
0.201
0.203
0.191
0.208
0.212
0.210
0.201
0.207
0.204
0.203
0.199
0.173
0.203
0.215
0.209
0.203
0.206
0.203
0.253
0.198
0.206
0.205
0.199
0.208
0.199
0.206
0.206
0.208
0.198
0.203
0.152
0.164
0.198
0.196
0.202
0.203
0.197
0.198
0.211
0.202
0.211
0.206
0.202
0.214
0.200
0.202
0.203
0.196
0.202
0.204
0.199
0.200
0.210
0.197
0.205
0.204
0.209
0.211
0.207
0.205
0.203
0.206
0.204
0.205
0.194
0.208
0.199
0.206
0.201
0.197
0.202
0.205
0.201
0.199
0.209
0.203
0.218
0.203
0.200
0.205
0.205
0.202
0.166
0.206
0.206
0.204
0.206
0.201
0.207
0.205
0.205
0.172
0.159
0.203
0.211
0.203
0.191
0.210
0.204
0.206
0.169
0.208
0.204
0.205
0.195
0.196
0.207
0.209
0.199
0.191
0.209
0.202
0.202
0.209
0.196
0.206
0.206
0.202
0.203
0.204
0.205
0.207
0.210
0.196
0.202
0.204
0.200
0.211
0.203
0.208
0.204
0.206
0.193
0.210
0.202
0.206
0.215
0.207
0.200
0.205
0.198
0.196
0.206
0.207
0.191
0.205
0.196
0.203
0.214
0.204
0.190
0.209
0.200
0.204
0.156
0.195
0.199
0.209
0.200
0.198
0.206
0.212
0.199
0.198
0.194
0.203
0.207
0.204
0.192
0.206
0.205
0.207
0.212
0.199
0.200
0.205
0.200
0.200
0.198
0.212
0.197
0.188
0.208
0.208
0.201
0.208
0.198
0.226
0.199
0.207
0.208
0.204
0.200
0.212
0.208
0.167
0.162
0.215
0.204
0.209
0.198
0.253
0.203
0.208
0.164
0.208
0.202
0.203
0.203
0.196
0.201
0.209
0.219
0.200
0.203
0.200
0.158
0.208
0.188
0.206
0.200
0.204
0.169
0.209
0.198
0.203
0.202
0.203
0.206
0.204
0.203
0.204
0.206
0.208
0.209
0.206
0.191
0.201
0.211
0.204
0.205
0.163
0.194
0.207
0.213
0.159
0.203
0.205
0.206
0.206
0.205
0.204
0.202
0.210
0.198
0.209
0.204
0.204
0.205
0.208
0.202
0.208
0.203
0.201
0.204
0.209
0.203
0.202
0.207
0.204
0.209
0.202
0.196
0.209
0.201
0.204
0.203
0.198
0.154
0.207
0.207
0.197
0.209
0.212
0.201
0.203
0.204
0.205
0.205
0.163
0.198
0.204
0.205
0.204
0.208
0.197
0.199
0.204
0.201
0.195
0.203
0.208
0.210
0.205
0.207
0.195
0.200
0.205
0.203
0.205
0.202
0.202
0.203
0.198
0.204
0.204
0.195
0.202
0.201
0.205
0.205
0.207
0.195
0.193
0.208
0.200
0.187
0.208
0.197
0.203
0.205
0.198
0.204
0.208
0.201
0.185
0.205
0.210
0.206
0.204
0.158
0.206
0.197
0.206
0.167
0.213
0.203
0.203
0.198
0.162
0.200
0.197
0.198
0.189
0.205
0.211
0.201
0.203
0.194
0.208
0.199
0.204
0.203
0.203
0.203
0.203
0.200
0.197
0.210
0.203
0.202
0.206
0.211
0.209
0.193
0.208
0.199
0.207
0.200
0.205
0.204
0.199
0.206
0.205
0.217
0.199
0.206
0.208
0.212
0.203
0.198
0.205
0.208
0.204
0.196
0.203
0.202
0.213
0.201
0.201
0.210
0.206
0.163
0.197
0.205
0.201
0.208
0.202
0.207
0.207
0.203
0.204
0.200
0.204
0.207
0.205
0.208
0.200
0.206
0.206
0.204
0.198
0.199
0.202
0.205
0.202
0.198
0.217
0.202
0.195
0.194
0.206
0.199
0.205
0.203
0.199
0.210
0.212
0.203
0.197
0.203
0.211
0.212
0.209
0.201
0.197
0.209
0.204
0.169
0.207
0.191
0.210
0.205
0.196
0.210
0.212
0.205
0.187
0.201
0.206
0.205
0.202
0.196
0.207
0.158
0.203
0.181
0.203
0.204
0.209
0.204
0.161
0.207
0.202
0.202
0.179
0.207
0.211
0.207
0.204
0.199
0.209
0.203
0.203
0.201
0.203
0.207
0.210
0.206
0.197
0.212
0.203
0.203
0.209
0.200
0.200
0.201
0.207
0.193
0.207
0.210
0.212
0.209
0.196
0.200
0.206
0.211
0.196
0.204
0.210
0.208
0.216
0.196
0.207
0.213
0.204
0.198
0.214
0.204
0.207
0.207
0.205
0.204
0.216
0.204
0.196
0.160
0.211
0.204
0.205
0.186
0.206
0.201
0.198
0.202
0.206
0.202
0.210
0.206
0.201
0.205
0.209
0.206
0.193
0.210
0.204
0.207
0.206
0.205
0.203
0.205
0.206
0.197
0.205
0.207
0.203
0.194
0.201
0.193
0.203
0.208
0.168
0.211
0.204
0.203
0.207
0.193
0.208
0.199
0.209
0.167
0.206
0.206
0.204
0.202
0.204
0.211
0.205
0.203
0.170
0.201
0.204
0.204
0.207
0.200
0.206
0.180
0.203
0.153
0.205
0.204
0.208
0.205
0.199
0.206
0.205
0.206
0.185
0.202
0.204
0.213
0.205
0.192
0.203
0.203
0.202
0.203
0.215
0.200
0.209
0.202
0.196
0.206
0.209
0.206
0.205
0.206
0.205
0.202
0.205
0.193
0.204
0.203
0.203
0.209
0.197
0.200
0.206
0.206
0.196
0.209
0.218
0.206
0.216
0.189
0.198
0.206
0.207
0.199
0.208
0.218
0.199
0.198
0.203
0.197
0.209
0.204
0.196
0.207
0.210
0.154
0.209
0.204
0.204
0.201
0.210
0.193
0.203
0.201
0.204
0.198
0.197
0.209
0.208
0.215
0.195
0.198
0.209
0.220
0.204
0.198
0.197
0.205
0.206
0.190
0.206
0.201
0.208
0.204
0.202
0.154
0.205
0.201
0.167
0.212
0.209
0.201
0.203
0.198
0.206
0.205
0.209
0.172
0.208
0.212
0.207
0.202
0.199
0.198
0.201
0.160
0.173
0.200
0.213
0.206
0.208
0.193
0.208
0.203
0.208
0.188
0.203
0.160
0.210
0.206
0.196
0.199
0.176
0.202
0.188
0.203
0.204
0.199
0.208
0.197
0.206
0.202
0.214
0.205
0.205
0.211
0.208
0.194
0.200
0.204
0.205
0.207
0.204
0.206
0.209
0.205
0.210
0.193
0.210
0.200
0.178
0.195
0.199
0.212
0.210
0.201
0.195
0.204
0.204
0.206
0.205
0.205
0.209
0.202
0.208
0.200
0.208
0.200
0.170
0.207
0.200
0.211
0.210
0.206
0.199
0.205
0.202
0.203
0.208
0.154
0.211
0.199
0.206
0.194
0.206
0.209
0.212
0.205
0.198
0.208
0.162
0.204
0.200
0.203
0.203
0.211
0.209
0.201
0.158
0.203
0.212
0.171
0.208
0.199
0.200
0.202
0.195
0.196
0.205
0.200
0.181
0.203
0.209
0.194
0.209
0.200
0.208
0.202
0.208
0.193
0.210
0.204
0.210
0.204
0.196
0.205
0.203
0.207
0.177
0.201
0.208
0.206
0.210
0.192
0.205
0.199
0.208
0.204
0.211
0.199
0.205
0.157
0.199
0.209
0.207
0.200
0.205
0.206
0.205
0.205
0.209
0.196
0.209
0.205
0.204
0.210
0.209
0.202
0.203
0.200
0.202
0.201
0.203
0.208
0.203
0.204
0.205
0.202
0.210
0.200
0.208
0.201
0.205
0.208
0.208
0.216
0.210
0.202
0.205
0.211
0.204
0.201
0.209
0.196
0.198
0.208
0.212
0.209
0.206
0.201
0.209
0.194
0.201
0.211
0.196
0.206
0.202
0.179
0.206
0.204
0.207
0.201
0.200
0.155
0.205
0.202
0.204
0.205
0.205
0.207
0.195
0.197
0.205
0.214
0.211
0.206
0.203
0.203
0.205
0.193
0.209
0.205
0.208
0.205
0.209
0.211
0.204
0.215
0.198
0.204
0.204
0.207
0.170
0.212
0.209
0.211
0.208
0.212
0.204
0.204
0.198
0.196
0.208
0.205
0.205
0.210
0.201
0.202
0.212
0.199
0.175
0.206
0.203
0.208
0.202
0.197
0.203
0.201
0.205
0.200
0.208
0.205
0.202
0.209
0.201
0.159
0.204
0.202
0.195
0.209
0.209
0.157
0.212
0.195
0.205
0.206
0.210
0.201
0.215
0.204
0.203
0.210
0.196
0.211
0.205
0.202
0.204
0.196
0.204
0.208
0.203
0.202
0.198
0.204
0.203
0.213
0.197
0.206
0.204
0.204
0.200
0.215
0.205
0.200
0.205
0.200
0.205
0.208
0.210
0.196
0.208
0.207
0.209
0.202
0.197
0.201
0.204
0.210
0.196
0.205
0.212
0.174
0.211
0.195
0.209
0.210
0.221
0.149
0.187
0.203
0.203
0.201
0.203
0.211
0.205
0.206
0.167
0.200
0.204
0.200
0.204
0.193
0.201
0.200
0.205
0.167
0.208
0.200
0.202
0.209
0.199
0.190
0.202
0.205
0.170
0.200
0.196
0.160
0.203
0.199
0.209
0.200
0.204
0.190
0.212
0.205
0.205
0.205
0.203
0.206
0.210
0.208
0.182
0.205
0.209
0.206
0.205
0.200
0.204
0.211
0.209
0.201
0.203
0.209
0.205
0.206
0.198
0.205
0.209
0.158
0.205
0.199
0.205
0.206
0.202
0.193
0.203
0.202
0.203
0.207
0.205
0.207
0.208
0.201
0.169
0.212
0.203
0.197
0.207
0.196
0.205
0.207
0.206
0.196
0.207
0.207
0.209
0.209
0.197
0.206
0.204
0.200
0.197
0.205
0.212
0.207
0.199
0.205
0.205
0.206
0.204
0.198
0.203
0.204
0.206
0.207
0.196
0.194
0.196
0.424
0.204
0.195
0.209
0.209
0.208
0.193
0.211
0.204
0.204
0.195
0.204
0.161
0.204
0.202
0.226
0.208
0.205
0.209
0.172
0.203
0.168
0.211
0.210
0.199
0.205
0.206
0.206
0.169
0.212
0.204
0.206
0.197
0.175
0.207
0.204
0.200
0.194
0.205
0.204
0.205
0.194
0.197
0.204
0.205
0.207
0.165
0.202
0.205
0.203
0.210
0.195
0.206
0.203
0.213
0.190
0.213
0.203
0.204
0.203
0.196
0.205
0.210
0.203
0.205
0.210
