0.239
0.195
0.190
0.194
0.197
0.197
0.198
0.221
0.192
0.201
0.195
0.193
0.198
0.202
0.207
0.185
0.188
0.894
0.197
0.197
0.195
0.204
0.203
0.198
0.174
0.197
0.198
0.205
0.197
0.191
0.194
0.190
0.194
0.193
0.205
0.197
0.194
0.199
0.191
0.200
0.197
0.199
0.173
0.197
0.197
0.205
0.201
0.466
0.469
0.479
0.506
0.460
0.440
0.483
0.486
0.447
0.421
0.422
0.400
0.397
0.293
0.353
0.357
0.301
0.273
0.261
0.235
0.125
0.122
0.225
0.127
0.129
0.122
0.167
0.132
0.130
0.129
0.151
0.137
0.163
0.157
0.560
0.195
0.195
0.183
0.128
0.123
0.129
0.120
0.126
0.125
0.127
0.128
0.155
0.145
0.150
0.192
0.195
0.189
0.166
0.184
0.190
0.191
0.195
0.190
0.189
0.185
0.194
0.190
0.194
0.186
0.190
0.194
0.194
0.196
0.195
0.189
0.190
0.189
0.195
0.173
0.197
0.167
0.189
0.188
0.191
0.181
0.196
0.165
0.198
0.194
0.206
0.197
0.197
0.198
0.200
0.188
0.203
0.194
0.206
0.202
0.202
0.200
0.192
0.195
0.662
0.166
0.199
0.197
0.203
0.200
0.202
0.193
0.198
0.199
0.175
0.198
0.202
0.196
0.202
0.193
0.199
0.199
0.201
0.177
0.198
0.200
0.203
0.199
0.196
0.195
0.202
0.193
0.195
0.197
0.199
0.199
0.205
0.186
0.197
0.193
0.199
0.163
0.204
0.177
0.197
0.204
0.190
0.427
0.215
0.193
0.203
0.188
0.197
0.198
0.186
0.195
0.205
0.191
0.192
0.184
0.197
0.190
0.192
0.198
0.198
0.195
0.192
0.205
0.581
0.208
0.153
0.202
0.198
0.190
0.197
0.201
0.201
0.198
0.190
0.192
0.197
0.192
0.189
0.198
0.200
0.193
0.201
0.187
0.198
0.197
0.204
0.190
0.199
0.203
0.201
0.195
0.196
0.193
0.207
0.193
0.195
0.194
0.197
0.171
0.204
0.177
0.189
0.200
0.203
0.157
0.204
0.199
0.199
0.192
0.195
0.201
0.198
0.196
0.193
0.192
0.200
0.193
0.197
0.194
0.200
0.201
0.202
0.191
0.375
0.200
0.200
0.200
0.663
0.195
0.206
0.198
0.195
0.199
0.201
0.203
0.203
0.191
0.198
0.200
0.202
0.167
0.199
0.194
0.204
0.194
0.196
0.194
0.190
0.197
0.175
0.200
0.203
0.203
0.205
0.191
0.197
0.193
0.201
0.195
0.199
0.167
0.203
0.157
0.189
0.195
0.198
0.166
0.199
0.197
0.202
0.193
0.199
0.189
0.197
0.196
0.201
0.191
0.192
0.200
0.200
0.196
0.191
0.195
0.154
0.207
0.168
0.202
0.203
0.200
0.198
0.191
0.660
0.198
0.204
0.193
0.191
0.195
0.203
0.220
0.190
0.193
0.203
0.209
0.203
0.191
0.199
0.199
0.193
0.189
0.212
0.192
0.198
0.195
0.193
0.201
0.198
0.198
0.191
0.193
0.203
0.198
0.199
0.200
0.200
0.194
0.188
0.162
0.199
0.412
0.203
0.193
0.194
0.202
0.201
0.202
0.198
0.200
0.204
0.195
0.197
0.196
0.196
0.198
0.153
0.190
0.198
0.204
0.190
0.198
0.193
0.201
0.199
0.195
0.167
0.194
0.204
0.199
0.198
0.190
0.190
0.197
0.200
0.162
0.199
0.194
0.198
0.186
0.194
0.194
0.205
0.194
0.194
0.205
0.674
0.201
0.197
0.191
0.204
0.203
0.200
0.190
0.178
0.207
0.199
0.175
0.178
0.160
0.197
0.192
0.208
0.204
0.198
0.198
0.196
0.185
0.204
0.199
0.199
0.162
0.199
0.190
0.203
0.193
0.151
0.194
0.207
0.205
0.212
0.197
0.201
0.207
0.210
0.191
0.199
0.204
0.202
0.215
0.190
0.199
0.200
0.198
0.193
0.203
0.203
0.158
0.205
0.193
0.201
0.193
0.203
0.190
0.199
0.197
0.191
0.162
0.191
0.196
0.199
0.201
0.192
0.206
0.204
0.202
0.199
0.194
0.199
0.178
0.193
0.171
0.199
0.193
0.201
0.163
0.197
0.193
0.698
0.193
0.190
0.201
0.196
0.193
0.200
0.180
0.156
0.221
0.197
0.193
0.197
0.195
0.194
0.192
0.189
0.195
0.198
0.193
0.166
0.202
0.205
0.193
0.190
0.192
0.198
0.198
0.197
0.157
0.197
0.194
0.204
0.199
0.191
0.199
0.197
0.201
0.199
0.202
0.199
0.195
0.203
0.186
0.201
0.199
0.201
0.197
0.198
0.203
0.199
0.194
0.190
0.164
0.203
0.183
0.202
0.201
0.204
0.169
0.198
0.188
0.193
0.217
0.199
0.163
0.197
0.195
0.154
0.190
0.192
0.203
0.210
0.195
0.165
0.195
0.202
0.201
0.200
0.191
0.200
0.195
0.658
0.201
0.191
0.194
0.198
0.194
0.195
0.198
0.204
0.198
0.199
0.186
0.201
0.194
0.198
0.185
0.200
0.194
0.207
0.203
0.192
0.197
0.196
0.197
0.194
0.199
0.199
0.199
0.198
0.185
0.190
0.194
0.200
0.166
0.199
0.415
0.201
0.198
0.194
0.158
0.199
0.197
0.190
0.200
0.197
0.195
0.152
0.185
0.210
0.192
0.198
0.190
0.203
0.197
0.209
0.198
0.200
0.195
0.202
0.194
0.162
0.194
0.203
0.202
0.198
0.188
0.189
0.194
0.203
0.182
0.199
0.199
0.200
0.194
0.195
0.195
0.199
0.194
0.184
0.193
0.200
0.202
0.651
0.197
0.204
0.198
0.203
0.197
0.197
0.198
0.202
0.197
0.192
0.198
0.205
0.160
0.203
0.198
0.198
0.198
0.197
0.191
0.199
0.196
0.206
0.201
0.153
0.192
0.218
0.202
0.195
0.185
0.202
0.194
0.163
0.193
0.201
0.198
0.198
0.186
0.200
0.192
0.195
0.200
0.193
0.194
0.199
0.193
0.198
0.195
0.207
0.201
0.199
0.190
0.198
0.231
0.199
0.195
0.198
0.194
0.193
0.203
0.189
0.194
0.156
0.203
0.200
0.200
0.185
0.199
0.200
0.195
0.199
0.198
0.202
0.185
0.203
0.187
0.199
0.180
0.196
0.200
0.203
0.179
0.677
0.196
0.198
0.197
0.202
0.190
0.204
0.198
0.199
0.187
0.189
0.207
0.207
0.193
0.192
0.198
0.203
0.200
0.161
0.200
0.202
0.193
0.194
0.190
0.200
0.198
0.199
0.175
0.200
0.194
0.198
0.199
0.193
0.197
0.198
0.194
0.197
0.198
0.203
0.197
0.199
0.194
0.212
0.193
0.206
0.197
0.202
0.205
0.199
0.203
0.196
0.203
0.192
0.199
0.198
0.174
0.201
0.175
0.197
0.195
0.200
0.168
0.199
0.196
0.195
0.200
0.206
0.194
0.187
0.193
0.200
0.192
0.182
0.193
0.204
0.199
0.206
0.191
0.205
0.202
0.207
0.187
0.653
0.199
0.199
0.197
0.191
0.198
0.200
0.198
0.198
0.193
0.199
0.197
0.201
0.198
0.198
0.185
0.189
0.194
0.194
0.197
0.205
0.197
0.164
0.203
0.208
0.202
0.200
0.189
0.198
0.198
0.198
0.190
0.205
0.201
0.198
0.162
0.198
0.159
0.198
0.201
0.161
0.157
0.208
0.202
0.196
0.202
0.197
0.204
0.193
0.188
0.204
0.189
0.201
0.194
0.194
0.196
0.199
0.198
0.168
0.194
0.199
0.196
0.198
0.195
0.200
0.197
0.203
0.172
0.200
0.193
0.205
0.203
0.191
0.201
0.201
0.204
0.204
0.195
0.203
0.190
0.200
0.186
0.612
0.191
0.190
0.198
0.198
0.193
0.197
0.189
0.190
0.200
0.198
0.198
0.207
0.193
0.200
0.192
0.203
0.164
0.198
0.200
0.197
0.171
0.210
0.198
0.199
0.195
0.191
0.200
0.206
0.197
0.170
0.192
0.196
0.198
0.198
0.194
0.198
0.193
0.206
0.185
0.195
0.200
0.196
0.198
0.194
0.194
0.201
0.198
0.198
0.187
0.203
0.195
0.193
0.192
0.198
0.202
0.198
0.202
0.195
0.198
0.198
0.192
0.191
0.198
0.200
0.194
0.205
0.186
0.203
0.198
0.164
0.186
0.199
0.211
0.204
0.203
0.191
0.182
0.200
0.162
0.165
0.199
0.699
0.167
0.198
0.190
0.197
0.198
0.204
0.167
0.198
0.202
0.201
0.190
0.194
0.198
0.195
0.213
0.160
0.193
0.199
0.198
0.195
0.199
0.199
0.194
0.197
0.198
0.203
0.197
0.200
0.187
0.191
0.194
0.207
0.193
0.198
0.194
0.199
0.199
0.196
0.194
0.198
0.195
0.198
0.193
0.197
0.193
0.202
0.187
0.190
0.195
0.203
0.192
0.197
0.193
0.199
0.202
0.199
0.163
0.197
0.168
0.198
0.203
0.198
0.384
0.200
0.194
0.196
0.198
0.203
0.196
0.177
0.198
0.200
0.189
0.203
0.185
0.160
0.201
0.199
0.206
0.202
0.199
0.200
0.620
0.197
0.191
0.196
0.193
0.193
0.186
0.204
0.194
0.203
0.192
0.202
0.211
0.202
0.189
0.191
0.195
0.189
0.195
0.190
0.198
0.192
0.196
0.204
0.186
0.198
0.199
0.196
0.162
0.202
0.195
0.200
0.198
0.190
0.197
0.201
0.168
0.167
0.170
0.202
0.197
0.199
0.171
0.197
0.193
0.189
0.158
0.202
0.213
0.202
0.194
0.192
0.199
0.192
0.207
0.197
0.190
0.203
0.194
0.199
0.192
0.198
0.193
0.191
0.187
0.201
0.194
0.205
0.199
0.195
0.200
0.204
0.202
0.198
0.196
0.201
0.196
0.203
0.186
0.198
0.199
0.198
0.196
0.197
0.643
0.201
0.197
0.195
0.197
0.199
0.204
0.201
0.194
0.201
0.193
0.193
0.185
0.226
0.161
0.203
0.157
0.190
0.199
0.198
0.164
0.190
0.198
0.179
0.196
0.163
0.166
0.197
0.197
0.155
0.186
0.206
0.212
0.200
0.198
0.203
0.194
0.201
0.196
0.196
0.160
0.203
0.194
0.201
0.195
0.198
0.198
0.204
0.187
0.203
0.188
0.203
0.203
0.194
0.194
0.203
0.194
0.194
0.199
0.200
0.197
0.197
0.187
0.204
0.197
0.198
0.185
0.201
0.196
0.202
0.199
0.193
0.194
0.199
0.183
0.163
0.170
0.199
0.167
0.202
0.202
0.207
0.218
0.198
0.608
0.199
0.203
0.205
0.195
0.154
0.195
0.202
0.192
0.207
0.196
0.196
0.191
0.202
0.194
0.204
0.203
0.200
0.187
0.199
0.193
0.198
0.191
0.194
0.195
0.205
0.199
0.206
0.203
0.198
0.196
0.200
0.193
0.203
0.203
0.190
0.188
0.205
0.198
0.205
0.192
0.193
0.186
0.198
0.199
0.211
0.198
0.204
0.193
0.200
0.190
0.199
0.199
0.203
0.162
0.190
0.151
0.203
0.200
0.190
0.151
0.206
0.197
0.180
0.201
0.155
0.197
0.219
0.191
0.199
0.202
0.190
0.197
0.202
0.199
0.202
0.194
0.200
0.198
0.203
0.195
0.198
0.191
0.197
0.654
0.202
0.163
0.198
0.194
0.203
0.194
0.190
0.194
0.203
0.198
0.197
0.198
0.196
0.204
0.203
0.192
0.197
0.193
0.198
0.162
0.201
0.203
0.203
0.203
0.190
0.192
0.197
0.202
0.167
0.203
0.204
0.153
0.197
0.400
0.212
0.197
0.205
0.165
0.197
0.192
0.153
0.198
0.203
0.194
0.204
0.199
0.162
0.194
0.205
0.198
0.195
0.191
0.200
0.213
0.197
0.158
0.194
0.195
0.208
0.200
0.191
0.192
0.197
0.198
0.194
0.194
0.201
0.195
0.195
0.186
0.206
0.194
0.198
0.190
0.205
0.200
0.204
0.195
0.195
0.196
0.201
0.176
0.203
0.627
0.212
0.197
0.197
0.185
0.199
0.194
0.197
0.186
0.192
0.173
0.204
0.147
0.191
0.204
0.204
0.159
0.202
0.186
0.195
0.195
0.190
0.171
0.194
0.194
0.207
0.191
0.201
0.194
0.206
0.199
0.196
0.199
0.197
0.199
0.198
0.193
0.214
0.197
0.199
0.185
0.198
0.193
0.196
0.200
0.193
0.187
0.202
0.197
0.189
0.198
0.200
0.202
0.204
0.187
0.175
0.195
0.197
0.190
0.199
0.197
0.198
0.207
0.196
0.200
0.197
0.194
0.169
0.203
0.198
0.203
0.199
0.181
0.198
0.163
0.160
0.160
0.192
0.167
0.196
0.195
0.187
0.204
0.198
0.611
0.191
0.185
0.213
0.185
0.193
0.200
0.207
0.193
0.200
0.161
0.198
0.194
0.163
0.196
0.194
0.195
0.203
0.193
0.199
0.197
0.199
0.199
0.161
0.186
0.197
0.198
0.197
0.199
0.197
0.193
0.208
0.198
0.196
0.199
0.204
0.186
0.211
0.194
0.206
0.201
0.194
0.189
0.199
0.197
0.201
0.203
0.197
0.198
0.190
0.174
0.192
0.421
0.203
0.202
0.203
0.173
0.201
0.204
0.197
0.187
0.198
0.201
0.200
0.197
0.168
0.157
0.202
0.204
0.191
0.196
0.206
0.198
0.200
0.185
0.199
0.176
0.206
0.186
0.124
0.195
0.200
0.199
0.647
0.202
0.198
0.198
0.163
0.197
0.199
0.198
0.200
0.192
0.199
0.200
0.197
0.163
0.200
0.197
0.200
0.194
0.190
0.192
0.197
0.198
0.161
0.198
0.197
0.197
0.203
0.191
0.202
0.171
0.201
0.183
0.154
0.202
0.201
0.155
0.191
0.201
0.199
0.193
0.170
0.199
0.200
0.201
0.197
0.183
0.203
0.192
0.200
0.193
0.152
0.193
0.199
0.200
0.196
0.185
0.192
0.194
0.199
0.193
0.191
0.198
0.199
0.186
0.197
0.188
0.198
0.201
0.189
0.204
0.199
0.198
0.191
0.199
0.204
0.221
0.202
0.190
0.201
0.194
0.200
0.193
0.199
0.195
0.624
0.200
0.190
0.200
0.203
0.191
0.192
0.180
0.198
0.166
0.206
0.190
0.202
0.178
0.204
0.185
0.197
0.200
0.199
0.191
0.198
0.194
0.206
0.193
0.183
0.211
0.153
0.196
0.206
0.204
0.198
0.194
0.207
0.190
0.200
0.202
0.201
0.196
0.190
0.197
0.201
0.194
0.191
0.198
0.205
0.200
0.201
0.187
0.197
0.197
0.200
0.175
0.201
0.199
0.199
0.194
0.191
0.191
0.199
0.206
0.164
0.200
0.199
0.600
0.206
0.194
0.201
0.202
0.203
0.164
0.200
0.166
0.202
0.193
0.194
0.160
0.202
0.194
0.183
0.197
0.198
0.198
0.198
0.190
0.200
0.189
0.154
0.189
0.198
0.217
0.196
0.197
0.191
0.196
0.198
0.195
0.198
0.194
0.204
0.199
0.197
0.190
0.197
0.194
0.202
0.194
0.199
0.192
0.200
0.197
0.195
0.200
0.200
0.198
0.206
0.194
0.202
0.199
0.203
0.187
0.197
0.184
0.200
0.195
0.190
0.204
0.649
0.194
0.192
0.201
0.203
0.166
0.198
0.154
0.198
0.198
0.199
0.164
0.199
0.156
0.198
0.198
0.194
0.193
0.203
0.208
0.186
0.195
0.191
0.195
0.191
0.195
0.208
0.193
0.199
0.195
0.208
0.194
0.199
0.205
0.190
0.201
0.203
0.194
0.163
0.195
0.199
0.196
0.202
0.191
0.200
0.200
0.204
0.157
0.198
0.200
0.203
0.201
0.204
0.205
0.198
0.200
0.163
0.205
0.204
0.194
0.198
0.186
0.205
0.661
0.201
0.164
0.203
0.181
0.198
0.161
0.192
0.197
0.198
0.188
0.165
0.201
0.199
0.198
0.189
0.194
0.200
0.193
0.202
0.162
0.199
0.205
0.203
0.196
0.198
0.195
0.203
0.195
0.190
0.200
0.198
0.194
0.190
0.189
0.198
0.193
0.198
0.201
0.194
0.194
0.205
0.168
0.208
0.206
0.205
0.205
0.205
0.200
0.205
0.195
0.195
0.199
0.204
0.193
0.205
0.204
0.191
0.193
0.202
0.201
0.193
0.198
0.666
0.196
0.199
0.176
0.201
0.164
0.204
0.186
0.155
0.410
0.202
0.194
0.190
0.205
0.200
0.203
0.193
0.194
0.206
0.191
0.207
0.195
0.204
0.198
0.200
0.185
0.204
0.202
0.198
0.196
0.195
0.194
0.201
0.186
0.190
0.199
0.195
0.196
0.198
0.198
0.202
0.193
0.198
0.163
0.203
0.200
0.205
0.204
0.191
0.191
0.191
0.198
0.165
0.199
0.200
0.200
0.207
0.192
0.198
0.196
0.191
0.188
0.201
0.653
0.195
0.168
0.192
0.167
0.202
0.197
0.171
0.418
0.207
0.194
0.204
0.196
0.196
0.184
0.197
0.184
0.205
0.191
0.210
0.202
0.195
