0.140
0.055
0.069
0.068
0.065
0.064
0.066
0.059
0.059
0.059
0.059
0.059
0.060
0.059
0.059
0.079
0.059
0.059
0.058
0.059
0.059
0.060
0.070
0.069
0.062
0.060
0.072
0.060
0.061
0.060
0.059
0.059
0.059
0.060
0.059
0.059
0.059
0.059
0.059
0.059
0.059
0.060
0.059
0.059
0.059
0.060
0.059
0.060
0.059
0.061
0.059
0.060
0.059
0.058
0.059
0.059
0.059
0.059
0.059
0.060
0.059
0.059
0.059
0.059
0.059
0.059
0.059
0.068
0.066
0.061
0.063
0.060
0.061
0.062
0.061
0.059
0.059
0.059
0.059
0.058
0.059
0.070
0.059
0.059
0.068
0.061
0.061
0.067
0.061
0.063
0.062
0.061
0.060
0.060
0.061
0.059
0.059
0.059
0.059
0.060
0.058
0.286
0.059
0.059
0.059
0.059
0.060
0.058
0.059
0.059
0.061
0.058
0.059
0.059
0.059
0.059
0.059
0.059
0.058
0.059
0.059
0.060
0.059
0.058
0.059
0.063
0.059
0.059
0.058
0.059
0.067
0.068
0.062
0.063
0.064
0.060
0.049
0.064
0.059
0.058
0.060
0.061
0.059
0.060
0.059
0.059
0.059
0.059
0.059
0.059
0.059
0.059
0.058
0.059
0.058
0.059
0.059
0.059
0.059
0.059
0.058
0.058
0.059
0.059
0.059
0.058
0.058
0.058
0.059
0.059
0.058
0.059
0.059
0.058
0.059
0.059
0.069
0.066
0.062
0.064
0.063
0.061
0.060
0.061
0.061
0.058
0.059
0.058
0.061
0.059
0.059
0.059
0.060
0.060
0.059
0.059
0.058
0.059
0.059
0.060
0.058
0.059
0.058
0.059
0.059
0.059
0.058
0.068
0.067
0.060
0.060
0.062
0.059
0.060
0.061
0.060
0.059
0.059
0.058
0.059
0.059
0.058
0.064
0.059
0.061
0.061
0.060
0.062
0.060
0.060
0.059
0.058
0.061
0.060
0.059
0.061
0.060
0.059
0.059
0.059
0.059
0.061
0.059
0.059
0.058
0.059
0.059
0.059
0.059
0.058
0.059
0.059
0.059
0.059
0.059
0.059
0.075
0.058
0.059
0.058
0.060
0.059
0.061
0.059
0.060
0.059
0.058
0.058
0.059
0.059
0.059
0.061
0.059
0.060
0.059
0.059
0.060
0.060
0.068
0.060
0.059
0.058
0.061
0.059
0.060
0.053
0.060
0.059
0.059
0.059
0.059
0.059
0.058
0.287
0.059
0.059
0.060
0.060
0.059
0.068
0.068
0.061
0.060
0.061
0.060
0.065
0.063
0.059
0.058
0.059
0.059
0.060
0.059
0.060
0.059
0.060
0.058
0.061
0.059
0.060
0.059
0.060
0.060
0.059
0.059
0.059
0.059
0.059
0.058
0.061
0.059
0.059
0.059
0.059
0.060
0.059
0.059
0.059
0.059
0.059
0.059
0.058
0.059
0.059
0.061
0.067
0.068
0.062
0.060
0.060
0.061
0.061
0.059
0.061
0.060
0.402
0.059
0.059
0.059
0.059
0.058
0.063
0.059
0.059
0.059
0.059
0.059
0.059
0.059
0.059
0.059
0.059
0.058
0.058
0.059
0.059
0.079
0.064
0.063
0.060
0.062
0.063
0.062
0.059
0.060
0.060
0.059
0.059
0.059
0.061
0.060
0.061
0.059
0.061
0.059
0.060
0.060
0.059
0.059
0.060
0.060
0.059
0.060
0.059
0.060
0.059
0.060
0.059
0.059
0.060
0.060
0.059
0.059
0.059
0.059
0.060
0.059
0.059
0.060
0.058
0.059
0.059
0.059
0.058
0.059
0.042
0.060
0.062
0.059
0.059
0.060
0.060
0.060
0.060
0.060
0.060
0.060
0.059
0.059
0.283
0.059
0.059
0.060
0.059
0.059
0.058
0.059
0.059
0.058
0.059
0.059
0.066
0.060
0.061
0.060
0.061
0.062
0.062
0.061
0.059
0.059
0.061
0.061
0.066
0.060
0.060
0.060
0.060
0.060
0.059
0.060
0.060
0.060
0.059
0.059
0.059
0.059
0.059
0.059
0.059
0.059
0.059
0.059
0.060
0.068
0.069
0.062
0.061
0.060
0.060
0.061
0.060
0.058
0.059
0.059
0.059
0.059
0.074
0.060
0.061
0.060
0.026
0.059
0.027
0.026
0.058
0.059
0.059
0.060
0.058
0.060
0.059
0.066
0.066
0.063
0.061
0.060
0.062
0.062
0.060
0.060
0.063
0.057
0.059
0.059
0.060
0.061
0.059
0.059
0.059
0.067
0.068
0.060
0.061
0.061
0.062
0.062
0.060
0.060
0.060
0.060
0.059
0.059
0.059
0.059
0.059
0.059
0.058
0.058
0.059
0.059
0.059
0.059
0.059
0.059
0.059
0.058
0.059
0.059
0.059
0.059
0.059
0.059
0.058
0.059
0.062
0.068
0.060
0.061
0.061
0.061
0.065
0.062
0.059
0.060
0.061
0.068
0.068
0.056
0.057
0.061
0.059
0.061
0.063
0.059
0.059
0.059
0.059
0.059
0.058
0.059
0.058
0.060
0.058
0.060
0.058
0.066
0.065
0.061
0.061
0.054
0.060
0.063
0.062
0.060
0.061
0.059
0.061
0.060
0.060
0.060
0.060
0.059
0.059
0.060
0.059
0.059
0.074
0.059
0.059
0.059
0.059
0.059
0.059
0.059
0.058
0.061
0.060
0.059
0.059
0.059
0.059
0.061
0.060
0.059
0.060
0.059
0.069
0.066
0.063
0.062
0.060
0.064
0.061
0.073
0.059
0.059
0.060
0.059
0.058
0.060
0.059
0.059
0.061
0.060
0.059
0.059
0.060
0.068
0.065
0.064
0.061
0.061
0.060
0.062
0.066
0.059
0.059
0.059
0.059
0.059
0.059
0.059
0.059
0.061
0.060
0.066
0.062
0.062
0.064
0.066
0.063
0.063
0.060
0.059
0.060
0.059
0.059
0.058
0.059
0.059
0.059
0.059
0.060
0.059
0.060
0.059
0.060
0.059
0.059
0.059
0.061
0.059
0.059
0.060
0.059
0.060
0.059
0.060
0.060
0.060
0.060
0.059
0.059
0.068
0.068
0.061
0.064
0.062
0.061
0.061
0.060
0.064
0.060
0.059
0.060
0.059
0.060
0.059
0.058
0.059
0.059
0.058
0.059
0.059
0.059
0.059
0.081
0.063
0.059
0.059
0.060
0.026
0.059
0.059
0.059
0.059
0.059
0.059
0.059
0.061
0.059
0.059
0.059
0.059
0.059
0.059
0.059
0.060
0.061
0.069
0.066
0.062
0.063
0.062
0.060
0.282
0.061
0.059
0.060
0.059
0.058
0.059
0.058
0.059
0.058
0.059
0.059
0.059
0.062
0.059
0.059
0.069
0.068
0.062
0.059
0.062
0.061
0.063
0.059
0.059
0.058
0.058
0.059
0.061
0.058
0.060
0.058
0.060
0.059
0.060
0.060
0.059
0.060
0.060
0.059
0.069
0.068
0.060
0.060
0.060
0.060
0.062
0.061
0.059
0.058
0.059
0.058
0.059
0.059
0.058
0.060
0.060
0.059
0.060
0.060
0.059
0.059
0.059
0.059
0.058
0.059
0.058
0.058
0.059
0.058
0.059
0.059
0.059
0.058
0.059
0.059
0.061
0.061
0.060
0.065
0.059
0.059
0.060
0.060
0.059
0.059
0.059
0.060
0.059
0.058
0.059
0.059
0.073
0.059
0.058
0.058
0.059
0.061
0.059
0.060
0.060
0.069
0.067
0.030
0.063
0.058
0.062
0.061
0.059
0.059
0.059
0.059
0.059
0.059
0.059
0.063
0.061
0.060
0.070
0.061
0.062
0.060
0.060
0.060
0.064
0.062
0.062
0.061
0.064
0.061
0.061
0.072
0.061
0.060
0.058
0.059
0.066
0.042
0.067
0.069
0.064
0.061
0.062
0.061
0.062
0.061
0.059
0.059
0.061
0.060
0.059
0.059
0.059
0.060
0.060
0.058
0.058
0.059
0.059
0.059
0.059
0.059
0.058
0.059
0.059
0.059
0.059
0.059
0.060
0.060
0.059
0.059
0.060
0.060
0.060
0.060
0.059
0.060
0.069
0.059
0.060
0.060
0.060
0.061
0.059
0.060
0.060
0.060
0.060
0.061
0.060
0.060
0.060
0.060
0.060
0.060
0.059
0.059
0.060
0.060
0.059
0.059
0.059
0.059
0.060
0.059
0.059
0.060
0.070
0.068
0.060
0.061
0.078
0.055
0.064
0.062
0.054
0.060
0.060
0.060
0.059
0.059
0.059
0.069
0.068
0.061
0.061
0.060
0.061
0.062
0.061
0.058
0.059
0.059
0.060
0.058
0.060
0.058
0.059
0.059
0.058
0.059
0.058
0.060
0.059
0.059
0.059
0.060
0.059
0.059
0.059
0.059
0.059
0.059
0.058
0.084
0.059
0.059
0.060
0.064
0.060
0.060
0.062
0.059
0.061
0.059
0.060
0.059
0.059
0.067
0.060
0.070
0.063
0.061
0.061
0.059
0.061
0.060
0.060
0.059
0.060
0.059
0.060
0.059
0.059
0.059
0.059
0.059
0.059
0.058
0.059
0.059
0.059
0.059
0.059
0.061
0.059
0.059
0.059
0.059
0.059
0.059
0.060
0.061
0.060
0.060
0.061
0.059
0.059
0.059
0.059
0.059
0.061
0.059
0.058
0.070
0.067
0.063
0.061
0.063
0.062
0.061
0.061
0.059
0.060
0.059
0.060
0.060
0.060
0.060
0.059
0.059
0.089
0.061
0.059
0.059
0.059
0.059
0.059
0.059
0.060
0.059
0.059
0.059
0.059
0.059
0.061
0.060
0.060
0.060
0.061
0.061
0.060
0.060
0.059
0.059
0.059
0.060
0.059
0.060
0.060
0.068
0.066
0.062
0.060
0.060
0.061
0.061
0.059
0.059
0.059
0.059
0.060
0.059
0.058
0.059
0.059
0.059
0.059
0.059
0.059
0.062
0.060
0.059
0.060
0.059
0.060
0.059
0.060
0.060
0.061
0.060
0.060
0.060
0.060
0.060
0.059
0.058
0.059
0.059
0.059
0.060
0.059
0.059
0.058
0.059
0.059
0.059
0.060
0.060
0.059
0.059
0.058
0.060
0.059
0.061
0.059
0.060
0.059
0.061
0.059
0.058
0.068
0.068
0.060
0.061
0.060
0.063
0.064
0.059
0.058
0.060
0.059
0.059
0.060
0.060
0.059
0.060
0.060
0.065
0.059
0.059
0.060
0.060
0.068
0.065
0.072
0.061
0.060
0.063
0.063
0.064
0.062
0.078
0.067
0.064
0.061
0.063
0.059
0.058
0.058
0.059
0.059
0.059
0.059
0.059
0.059
0.059
0.059
0.059
0.059
0.059
0.059
0.059
0.058
0.059
0.059
0.059
0.061
0.059
0.060
0.067
0.068
0.061
0.060
0.063
0.063
0.064
0.060
0.060
0.059
0.059
0.060
0.060
0.060
0.059
0.060
0.060
0.060
0.068
0.068
0.063
0.062
0.060
0.060
0.061
0.061
0.059
0.060
0.059
0.059
0.059
0.060
0.060
0.060
0.060
0.060
0.059
0.058
0.059
0.059
0.059
0.059
0.059
0.059
0.059
0.058
0.059
0.059
0.059
0.059
0.059
0.059
0.059
0.059
0.059
0.061
0.059
0.060
0.060
0.059
0.060
0.059
0.060
0.059
0.059
0.060
0.060
0.060
0.059
0.059
0.059
0.067
0.294
0.055
0.064
0.062
0.061
0.061
0.057
0.059
0.060
0.059
0.060
0.059
0.060
0.058
0.058
0.059
0.059
0.060
0.059
0.060
0.078
0.060
0.060
0.059
0.059
0.059
0.061
0.061
0.059
0.060
0.059
0.063
0.062
0.062
0.060
0.067
0.067
0.062
0.061
0.059
0.061
0.062
0.061
0.059
0.059
0.058
0.059
0.059
0.059
0.059
0.059
0.059
0.068
0.066
0.063
0.062
0.060
0.060
0.062
0.060
0.059
0.059
0.059
0.059
0.059
0.059
0.069
0.060
0.060
0.061
0.060
0.060
0.061
0.059
0.059
0.059
0.059
0.059
0.059
0.059
0.060
0.059
0.058
0.060
0.060
0.058
0.059
0.059
0.059
0.058
0.059
0.059
0.059
0.059
0.059
0.059
0.060
0.059
0.068
0.067
0.064
0.061
0.063
0.062
0.057
0.060
0.059
0.061
0.059
0.059
0.060
0.060
0.059
0.058
0.058
0.061
0.059
0.060
0.059
0.060
0.059
0.059
0.059
0.058
0.058
0.059
0.062
0.060
0.059
0.068
0.068
0.061
0.059
0.059
0.062
0.064
0.060
0.061
0.060
0.060
0.078
0.059
0.060
0.058
0.059
0.059
0.059
0.058
0.058
0.059
0.059
0.058
0.059
0.059
0.058
0.059
0.058
0.058
0.061
0.059
0.070
0.069
0.063
0.062
0.059
0.060
0.283
0.061
0.060
0.060
0.060
0.059
0.060
0.060
0.059
0.058
0.059
0.058
0.059
0.058
0.059
0.059
0.061
0.060
0.059
0.059
0.059
0.060
0.059
0.059
0.059
0.059
0.058
0.059
0.059
0.059
0.059
0.058
0.059
0.060
0.059
0.060
0.061
0.060
0.059
0.060
0.068
0.062
0.065
0.062
0.061
0.060
0.061
0.061
0.059
0.059
0.059
0.059
0.059
0.058
0.059
0.067
0.066
0.062
0.061
0.060
0.059
0.062
0.066
0.059
0.061
0.060
0.059
0.059
0.059
0.059
0.058
0.058
0.060
0.061
0.060
0.060
0.061
0.059
0.060
0.060
0.055
0.059
0.059
0.054
0.060
0.058
0.071
0.069
0.060
0.059
0.061
0.061
0.063
0.061
0.058
0.075
0.059
0.059
0.059
0.059
0.059
0.059
0.059
0.059
0.059
0.061
0.060
0.059
0.059
0.059
0.059
0.068
0.066
0.063
0.060
0.062
0.061
0.061
0.060
0.059
0.059
0.059
0.061
0.060
0.059
0.059
0.060
0.059
0.059
0.058
0.059
0.059
0.067
0.068
0.061
0.060
0.059
0.064
0.061
0.059
0.059
0.059
0.059
0.058
0.059
0.059
0.059
0.059
0.059
0.059
0.059
0.059
0.059
0.059
0.058
0.059
0.059
0.059
0.059
0.059
0.060
0.059
0.059
0.067
0.068
0.063
0.059
0.061
0.060
0.063
0.060
0.060
0.059
0.059
0.059
0.060
0.060
0.059
0.058
0.058
0.059
0.059
0.061
0.059
0.059
0.059
0.059
0.060
0.058
0.059
0.058
0.059
0.059
0.058
0.059
0.059
0.060
0.059
0.061
0.061
0.059
0.059
0.059
0.060
0.059
0.059
0.059
0.059
0.060
0.060
0.059
0.059
0.059
0.059
0.059
0.076
0.058
0.058
0.059
0.059
0.059
0.059
0.059
0.059
0.069
0.068
0.062
0.061
0.062
0.060
0.061
0.060
0.059
0.059
0.059
0.060
0.059
0.060
0.060
0.059
0.059
0.060
0.058
0.060
0.059
0.059
0.059
0.059
0.059
0.059
0.059
0.059
0.061
0.059
0.060
0.059
0.059
0.060
0.060
0.059
0.064
0.059
0.059
0.059
0.059
0.059
0.059
0.061
0.060
0.059
0.069
0.056
0.062
0.060
0.062
0.062
0.061
0.059
0.059
0.060
0.059
0.059
0.059
0.059
0.059
0.058
0.059
0.059
0.058
0.059
0.058
0.059
0.059
0.059
0.060
0.062
0.059
0.059
0.060
0.062
0.059
0.069
0.065
0.063
0.062
0.060
0.055
0.062
0.062
0.059
0.059
0.059
0.059
0.059
0.067
0.061
0.062
0.060
0.060
0.060
0.059
0.059
0.059
0.059
0.072
0.060
0.062
0.060
0.059
0.059
0.059
0.059
0.066
0.068
0.061
0.074
0.064
0.064
0.064
0.063
0.060
0.060
0.059
0.060
0.059
0.059
0.060
0.059
0.059
0.059
0.058
0.059
0.058
0.059
0.059
0.059
0.059
0.059
0.059
0.059
0.059
0.059
0.058
0.059
0.059
0.059
0.059
0.060
0.058
0.071
0.066
0.063
0.062
0.061
0.062
0.060
0.061
0.059
0.067
0.060
0.061
0.061
0.061
0.061
0.063
0.062
0.060
0.059
0.059
0.059
0.059
0.060
0.058
0.059
0.059
0.059
0.059
0.059
0.060
0.060
0.060
0.059
0.059
0.058
0.060
0.060
0.060
0.060
0.059
0.059
0.059
0.059
0.059
0.060
0.059
0.060
0.059
0.061
0.059
0.059
0.060
0.060
0.059
0.059
0.059
0.059
0.059
0.059
0.058
0.060
0.059
0.059
0.053
0.058
0.059
0.059
0.054
0.058
0.053
0.059
0.064
0.070
0.060
0.060
0.054
0.059
0.059
0.059
0.059
0.058
0.060
0.059
0.061
0.060
0.060
0.059
0.076
0.060
0.060
0.058
0.059
0.059
0.059
0.058
0.058
0.059
0.062
0.059
0.061
0.068
0.067
0.062
0.064
0.061
0.062
0.063
0.060
0.070
0.059
0.060
0.059
0.059
0.061
0.059
0.053
0.059
0.059
0.061
0.060
0.060
0.059
0.060
0.060
0.058
0.059
0.059
0.059
0.059
0.059
0.059
0.069
0.060
0.062
0.060
0.062
0.062
0.059
0.061
0.062
0.060
0.061
0.059
0.061
0.061
0.060
