0.219
0.185
0.204
0.197
0.195
0.157
0.201
0.207
0.199
0.684
0.168
0.188
0.203
0.180
0.200
0.156
0.199
0.198
0.204
0.198
0.197
0.198
0.264
0.154
0.199
0.610
0.190
0.200
0.199
0.193
0.217
0.389
0.401
0.201
0.356
0.329
0.442
0.200
0.194
0.200
0.162
0.201
0.207
0.200
0.204
0.158
0.202
0.197
0.645
0.206
0.200
0.198
0.199
0.157
0.393
0.154
0.386
0.202
0.200
0.201
0.203
0.203
0.203
0.190
0.201
0.153
0.198
0.198
0.200
0.202
0.203
0.202
0.198
0.201
0.166
0.156
0.199
0.193
0.203
0.207
0.198
0.196
0.198
0.199
0.154
0.284
0.199
0.641
0.207
0.200
0.195
0.199
0.207
0.191
0.203
0.155
0.203
0.199
0.204
0.193
0.205
0.204
0.207
0.198
0.202
0.153
0.193
0.202
0.196
0.200
0.198
0.204
0.191
0.199
0.198
0.261
0.155
0.194
0.269
0.201
0.203
0.201
0.190
0.200
0.198
0.149
0.607
0.200
0.203
0.198
0.205
0.199
0.204
0.192
0.238
0.150
0.201
0.197
0.199
0.214
0.203
0.198
0.190
0.193
0.198
0.402
0.282
0.291
0.207
0.160
0.218
0.191
0.204
0.198
0.198
0.158
0.204
0.206
0.191
0.199
0.195
0.201
0.205
0.201
0.204
0.651
0.201
0.196
0.124
0.206
0.204
0.204
0.200
0.196
0.200
0.153
0.191
0.151
0.280
0.191
0.153
0.190
0.199
0.199
0.201
0.154
0.203
0.191
0.198
0.204
0.195
0.196
0.198
0.198
0.192
0.159
0.192
0.198
0.199
0.200
0.203
0.206
0.202
0.192
0.667
0.157
0.198
0.199
0.302
0.154
0.195
0.153
0.191
0.205
0.202
0.153
0.199
0.200
0.189
0.206
0.203
0.193
0.205
0.198
0.202
0.156
0.204
0.183
0.205
0.200
0.166
0.199
0.201
0.201
0.202
0.154
0.198
0.202
0.196
0.155
0.273
0.201
0.257
0.664
0.204
0.155
0.194
0.203
0.202
0.202
0.203
0.202
0.198
0.204
0.199
0.156
0.198
0.205
0.200
0.191
0.198
0.202
0.201
0.203
0.197
0.407
0.205
0.206
0.199
0.204
0.156
0.297
0.204
0.153
0.156
0.154
0.203
0.206
0.198
0.657
0.230
0.200
0.190
0.200
0.203
0.153
0.209
0.208
0.201
0.194
0.200
0.198
0.197
0.202
0.203
0.152
0.199
0.202
0.191
0.200
0.176
0.287
0.155
0.202
0.288
0.161
0.199
0.197
0.204
0.181
0.202
0.195
0.217
0.192
0.667
0.157
0.196
0.196
0.203
0.211
0.205
0.200
0.198
0.195
0.197
0.154
0.203
0.203
0.198
0.214
0.200
0.202
0.154
0.256
0.192
0.270
0.199
0.198
0.197
0.203
0.200
0.201
0.212
0.197
0.201
0.153
0.199
0.199
0.204
0.201
0.609
0.209
0.163
0.200
0.203
0.153
0.198
0.198
0.200
0.196
0.206
0.159
0.199
0.152
0.281
0.229
0.155
0.198
0.196
0.199
0.206
0.190
0.205
0.197
0.199
0.153
0.199
0.200
0.199
0.164
0.200
0.199
0.198
0.198
0.165
0.417
0.672
0.200
0.200
0.203
0.150
0.225
0.200
0.200
0.277
0.155
0.201
0.280
0.199
0.203
0.205
0.203
0.195
0.203
0.161
0.171
0.199
0.197
0.191
0.199
0.201
0.192
0.200
0.175
0.197
0.154
0.200
0.201
0.199
0.200
0.192
0.201
0.642
0.200
0.201
0.151
0.236
0.198
0.236
0.192
0.205
0.199
0.205
0.204
0.203
0.179
0.199
0.200
0.190
0.190
0.201
0.206
0.199
0.205
0.198
0.155
0.200
0.192
0.202
0.200
0.203
0.210
0.201
0.205
0.200
0.154
0.278
0.730
0.205
0.277
0.205
0.201
0.201
0.192
0.199
0.154
0.211
0.204
0.203
0.198
0.202
0.200
0.198
0.200
0.172
0.155
0.202
0.203
0.203
0.200
0.201
0.196
0.198
0.192
0.191
0.154
0.204
0.256
0.153
0.200
0.323
0.208
0.608
0.209
0.203
0.154
0.193
0.188
0.205
0.198
0.195
0.199
0.200
0.207
0.197
0.410
0.198
0.204
0.190
0.208
0.198
0.221
0.198
0.200
0.198
0.155
0.204
0.189
0.298
0.353
0.201
0.158
0.203
0.199
0.196
0.154
0.162
0.206
0.203
0.198
0.206
0.206
0.198
0.195
0.205
0.156
0.198
0.203
0.203
0.195
0.202
0.195
0.615
0.192
0.199
0.154
0.201
0.201
0.199
0.352
0.252
0.194
0.295
0.199
0.197
0.155
0.198
0.204
0.195
0.215
0.190
0.201
0.198
0.200
0.207
0.153
0.198
0.190
0.204
0.193
0.192
0.201
0.199
0.198
0.198
0.156
0.190
0.199
0.165
0.202
0.307
0.156
0.159
0.301
0.206
0.349
0.207
0.186
0.206
0.208
0.196
0.203
0.621
0.205
0.191
0.154
0.178
0.200
0.204
0.201
0.204
0.200
0.198
0.190
0.199
0.153
0.202
0.200
0.192
0.197
0.191
0.155
0.152
0.200
0.154
0.153
0.201
0.202
0.204
0.193
0.206
0.195
0.202
0.199
0.200
0.157
0.203
0.203
0.205
0.210
0.198
0.206
0.218
0.177
0.202
0.154
0.201
0.192
0.180
0.176
0.200
0.209
0.613
0.270
0.210
0.298
0.192
0.199
0.170
0.199
0.199
0.207
0.200
0.208
0.205
0.155
0.200
0.200
0.198
0.199
0.200
0.205
0.203
0.198
0.192
0.153
0.201
0.204
0.203
0.206
0.199
0.167
0.198
0.316
0.157
0.154
0.300
0.200
0.203
0.206
0.191
0.206
0.195
0.198
0.209
0.155
0.201
0.200
0.198
0.153
0.204
0.194
0.689
0.206
0.205
0.155
0.200
0.200
0.199
0.207
0.180
0.202
0.200
0.203
0.152
0.311
0.203
0.153
0.201
0.194
0.205
0.200
0.202
0.202
0.210
0.156
0.191
0.199
0.204
0.201
0.196
0.200
0.203
0.189
0.202
0.155
0.198
0.204
0.199
0.199
0.207
0.199
0.196
0.209
0.190
0.325
0.264
0.201
0.296
0.200
0.201
0.196
0.655
0.200
0.201
0.471
0.208
0.198
0.198
0.205
0.190
0.204
0.203
0.198
0.197
0.153
0.199
0.198
0.199
0.191
0.200
0.180
0.204
0.200
0.197
0.157
0.369
0.160
0.193
0.168
0.199
0.201
0.199
0.198
0.199
0.158
0.198
0.203
0.197
0.205
0.196
0.204
0.205
0.205
0.194
0.155
0.197
0.166
0.200
0.200
0.203
0.201
0.667
0.204
0.203
0.153
0.206
0.154
0.326
0.202
0.158
0.202
0.196
0.198
0.194
0.153
0.203
0.213
0.198
0.204
0.205
0.192
0.205
0.163
0.201
0.159
0.197
0.199
0.201
0.204
0.190
0.199
0.183
0.201
0.204
0.153
0.200
0.198
0.351
0.397
0.159
0.156
0.191
0.166
0.203
0.154
0.199
0.202
0.202
0.203
0.200
0.199
0.695
0.204
0.204
0.155
0.199
0.191
0.200
0.200
0.199
0.203
0.201
0.205
0.196
0.153
0.190
0.200
0.199
0.336
0.290
0.206
0.307
0.194
0.198
0.165
0.195
0.202
0.211
0.148
0.213
0.393
0.193
0.175
0.148
0.156
0.173
0.201
0.201
0.202
0.200
0.166
0.191
0.179
0.203
0.155
0.203
0.688
0.202
0.201
0.151
0.153
0.199
0.157
0.203
0.156
0.203
0.153
0.152
0.194
0.199
0.166
0.198
0.211
0.203
0.154
0.197
0.203
0.198
0.202
0.203
0.198
0.201
0.205
0.209
0.155
0.202
0.190
0.202
0.198
0.201
0.392
0.360
0.206
0.393
0.158
0.167
0.200
0.199
0.202
0.199
0.207
0.626
0.192
0.202
0.154
0.204
0.200
0.199
0.204
0.201
0.200
0.162
0.200
0.198
0.154
0.201
0.203
0.204
0.203
0.200
0.191
0.389
0.171
0.197
0.158
0.199
0.199
0.198
0.203
0.200
0.198
0.194
0.212
0.202
0.153
0.198
0.190
0.206
0.196
0.197
0.203
0.200
0.205
0.202
0.154
0.197
0.702
0.168
0.204
0.201
0.200
0.198
0.153
0.356
0.157
0.392
0.195
0.198
0.201
0.199
0.199
0.203
0.206
0.168
0.156
0.199
0.173
0.203
0.203
0.203
0.198
0.199
0.194
0.204
0.153
0.206
0.203
0.193
0.199
0.199
0.196
0.197
0.202
0.152
0.395
0.207
0.160
0.197
0.192
0.201
0.194
0.625
0.203
0.204
0.160
0.201
0.198
0.203
0.200
0.195
0.204
0.198
0.200
0.199
0.153
0.197
0.195
0.198
0.166
0.200
0.192
0.201
0.204
0.203
0.411
0.156
0.198
0.170
0.208
0.198
0.200
0.207
0.201
0.192
0.157
0.201
0.199
0.208
0.199
0.193
0.202
0.199
0.203
0.191
0.155
0.202
0.669
0.201
0.204
0.200
0.191
0.206
0.192
0.199
0.154
0.395
0.358
0.152
0.159
0.204
0.200
0.193
0.203
0.167
0.159
0.196
0.201
0.204
0.196
0.200
0.196
0.201
0.197
0.202
0.154
0.200
0.200
0.191
0.199
0.168
0.200
0.203
0.203
0.202
0.156
0.203
0.409
0.395
0.165
0.159
0.204
0.657
0.222
0.201
0.161
0.192
0.194
0.168
0.203
0.198
0.202
0.199
0.191
0.198
0.156
0.199
0.199
0.200
0.204
0.207
0.203
0.191
0.199
0.190
0.154
0.204
0.198
0.410
0.158
0.200
0.393
0.201
0.164
0.200
0.158
0.198
0.199
0.200
0.205
0.162
0.205
0.166
0.199
0.201
0.155
0.200
0.701
0.201
0.193
0.205
0.164
0.199
0.198
0.202
0.155
0.204
0.199
0.196
0.158
0.158
0.204
0.175
0.198
0.199
0.153
0.195
0.196
0.201
0.180
0.203
0.198
0.198
0.201
0.199
0.154
0.192
0.199
0.202
0.204
0.172
0.206
0.198
0.196
0.201
0.157
0.206
0.198
0.621
0.206
0.161
0.400
0.191
0.303
0.167
0.409
0.201
0.200
0.195
0.201
0.204
0.191
0.200
0.177
0.199
0.154
0.202
0.198
0.199
0.207
0.192
0.202
0.191
0.198
0.197
0.155
0.196
0.200
0.199
0.195
0.208
0.419
0.163
0.217
0.164
0.154
0.200
0.199
0.194
0.570
0.194
0.196
0.205
0.198
0.203
0.157
0.204
0.195
0.198
0.204
0.199
0.202
0.205
0.198
0.189
0.154
0.191
0.198
0.200
0.202
0.198
0.202
0.162
0.396
0.203
0.573
0.202
0.198
0.196
0.198
0.202
0.207
0.193
0.199
0.170
0.154
0.205
0.203
0.205
0.204
0.633
0.194
0.200
0.203
0.202
0.143
0.201
0.199
0.200
0.200
0.191
0.202
0.200
0.157
0.415
0.158
0.175
0.200
0.201
0.190
0.200
0.205
0.197
0.203
0.199
0.154
0.192
0.201
0.191
0.203
0.199
0.203
0.203
0.206
0.191
0.154
0.212
0.194
0.201
0.209
0.201
0.654
0.206
0.198
0.413
0.156
0.166
0.163
0.201
0.200
0.197
0.200
0.202
0.192
0.194
0.163
0.204
0.203
0.199
0.198
0.200
0.199
0.196
0.202
0.202
0.153
0.200
0.200
0.204
0.204
0.200
0.198
0.202
0.228
0.202
0.207
0.196
0.199
0.198
0.206
0.203
0.202
0.698
0.207
0.200
0.192
0.198
0.200
0.201
0.199
0.199
0.200
0.194
0.191
0.191
0.182
0.199
0.198
0.198
0.200
0.199
0.201
0.204
0.165
0.199
0.198
0.202
0.203
0.202
0.206
0.197
0.202
0.197
0.199
0.203
0.196
0.210
0.200
0.200
0.204
0.202
0.168
0.198
0.692
0.209
0.204
0.203
0.208
0.196
0.195
0.200
0.197
0.198
0.209
0.198
0.199
0.202
0.191
0.200
0.198
0.199
0.202
0.199
0.199
0.199
0.199
0.190
0.210
0.206
0.199
0.203
0.200
0.199
0.191
0.207
0.201
0.192
0.200
0.202
0.204
0.198
0.202
0.194
0.203
0.650
0.205
0.200
0.202
0.198
0.199
0.200
0.191
0.199
0.161
0.199
0.205
0.202
0.203
0.188
0.203
0.193
0.198
0.198
0.205
0.194
0.198
0.198
0.199
0.203
0.191
0.200
0.202
0.202
0.201
0.218
0.207
0.200
0.203
0.190
0.205
0.199
0.204
0.199
0.702
0.203
0.197
0.198
0.190
0.195
0.207
0.204
0.202
0.203
0.206
0.195
0.198
0.197
0.207
0.197
0.198
0.204
0.205
0.193
0.199
0.199
0.197
0.199
0.204
0.198
0.199
0.198
0.203
0.189
0.204
0.173
0.200
0.197
0.199
0.199
0.195
0.206
0.192
0.693
0.181
0.188
0.199
0.201
0.199
0.201
0.199
0.195
0.197
0.207
0.203
0.190
0.198
0.205
0.198
0.199
0.196
0.209
0.199
0.199
0.201
0.203
0.207
0.200
0.209
0.196
0.202
0.205
0.198
0.192
0.199
0.202
0.195
0.172
0.189
0.208
0.200
0.201
0.668
0.201
0.204
0.191
0.205
0.163
0.198
0.203
0.191
0.198
0.198
0.198
0.195
0.197
0.163
0.199
0.198
0.197
0.208
0.193
0.195
0.195
0.196
0.196
0.201
0.197
0.190
0.194
0.199
0.156
0.194
0.197
0.199
0.217
0.203
0.198
0.200
0.195
0.200
0.698
0.202
0.195
0.201
0.198
0.200
0.203
0.198
0.198
0.188
0.191
0.207
0.209
0.203
0.200
0.197
0.197
0.196
0.190
0.199
0.199
0.199
0.202
0.200
0.200
0.191
0.204
0.161
0.197
0.198
0.203
0.201
0.204
0.199
0.197
0.201
0.163
0.205
0.201
0.671
0.201
0.198
0.200
0.195
0.200
0.201
0.200
0.205
0.201
0.205
0.198
0.203
0.195
0.198
0.199
0.204
0.199
0.203
0.191
0.199
0.205
0.196
0.202
0.206
0.198
0.199
0.198
0.206
0.189
0.208
0.192
0.206
0.205
0.204
0.188
0.209
0.198
0.192
0.664
0.165
0.201
0.189
0.203
0.204
0.198
0.201
0.192
0.206
0.163
0.204
0.197
0.204
0.192
0.199
0.201
0.200
0.197
0.199
0.199
0.204
0.205
0.192
0.198
0.199
0.194
0.194
0.176
0.192
0.208
0.209
0.200
0.199
0.200
0.190
0.218
0.212
0.204
0.648
0.201
0.191
0.191
0.202
0.190
0.203
0.199
0.199
0.201
0.203
0.202
0.193
0.199
0.190
0.204
0.207
0.202
0.202
0.198
0.203
0.196
0.201
0.169
0.198
0.198
0.201
0.204
0.198
0.199
0.196
0.198
0.169
0.198
0.202
0.200
0.200
0.202
0.197
0.193
0.198
0.209
0.210
0.199
0.200
0.199
0.200
0.203
0.198
0.200
0.676
0.200
0.202
0.205
0.198
0.193
0.205
0.191
0.201
0.199
0.193
0.209
0.206
0.200
0.195
0.197
0.190
0.201
0.199
0.200
0.199
0.199
0.206
0.195
0.195
0.175
0.190
0.209
0.204
0.202
0.202
0.194
0.201
0.198
0.189
0.200
0.205
0.204
0.203
0.200
0.207
0.195
0.199
0.193
0.204
0.189
0.206
0.206
0.201
0.171
0.651
0.202
0.194
0.199
0.199
0.198
0.209
0.197
0.200
0.190
0.191
0.205
0.213
0.197
0.202
0.200
0.191
0.191
0.204
0.201
0.200
0.197
0.204
0.198
0.191
0.197
0.198
0.192
0.201
0.203
0.200
0.198
0.205
0.200
0.189
0.202
0.162
0.202
0.202
0.193
0.198
0.209
0.203
0.188
0.196
0.162
0.200
0.192
0.208
0.202
0.692
0.206
0.198
0.202
0.192
0.199
0.201
0.199
0.203
0.205
0.199
0.191
0.199
0.205
0.204
0.198
0.199
0.199
0.199
0.194
0.193
0.198
0.198
0.197
0.195
0.206
0.198
0.194
0.204
0.190
0.199
0.198
0.205
0.202
0.197
0.204
0.192
0.201
0.195
0.197
0.202
0.204
0.200
0.205
0.199
0.198
0.200
0.164
0.157
0.204
0.692
0.202
0.200
0.203
0.192
0.202
0.191
0.199
0.206
0.198
0.167
0.199
0.199
0.188
0.200
0.200
0.198
0.222
0.199
0.201
0.200
0.218
0.191
0.192
0.200
0.202
0.199
0.198
0.420
0.197
0.203
0.193
0.206
0.199
0.209
0.203
0.193
0.205
0.218
0.202
0.196
0.204
0.205
0.199
0.199
0.204
0.193
0.198
0.202
0.195
0.592
0.205
0.223
0.196
0.199
0.190
0.192
0.200
0.162
0.200
0.209
0.204
0.200
0.198
0.199
0.191
0.201
0.197
0.206
0.206
0.202
0.203
0.204
0.205
0.195
0.205
0.198
0.197
0.202
0.204
0.415
0.194
0.198
