0.260
0.202
0.198
0.194
0.193
0.202
0.194
0.190
0.200
0.203
0.192
0.205
0.202
0.189
0.193
0.165
0.201
0.174
0.192
0.199
0.198
0.207
0.199
0.212
0.202
0.204
0.203
0.206
0.201
0.190
0.200
0.208
0.194
0.206
0.200
0.197
0.203
0.211
0.195
0.196
0.189
0.195
0.209
0.198
0.198
0.203
0.202
0.199
0.192
0.213
0.210
0.172
0.189
0.203
0.203
0.206
0.202
0.202
0.197
0.198
0.217
0.199
0.200
0.190
0.188
0.198
0.204
0.165
0.203
0.203
0.183
0.208
0.158
0.174
0.188
0.198
0.206
0.197
0.203
0.196
0.190
0.203
0.206
0.201
0.199
0.219
0.193
0.200
0.207
0.201
0.201
0.205
0.193
0.201
0.202
0.211
0.183
0.196
0.192
0.202
0.202
0.206
0.206
0.193
0.197
0.212
0.203
0.196
0.202
0.192
0.197
0.251
0.202
0.204
0.198
0.197
0.215
0.189
0.202
0.191
0.189
0.202
0.156
0.196
0.202
0.195
0.193
0.201
0.195
0.200
0.162
0.178
0.192
0.202
0.199
0.197
0.202
0.204
0.197
0.206
0.203
0.205
0.196
0.194
0.205
0.161
0.202
0.210
0.202
0.201
0.198
0.201
0.207
0.194
0.190
0.200
0.206
0.206
0.204
0.207
0.206
0.203
0.211
0.201
0.190
0.194
0.203
0.199
0.197
0.197
0.198
0.201
0.210
0.203
0.201
0.162
0.198
0.194
0.204
0.204
0.199
0.202
0.208
0.206
0.205
0.211
0.224
0.126
0.198
0.202
0.204
0.203
0.199
0.201
0.201
0.197
0.208
0.211
0.164
0.189
0.203
0.203
0.199
0.200
0.198
0.203
0.201
0.209
0.204
0.197
0.198
0.231
0.201
0.201
0.201
0.205
0.203
0.159
0.200
0.205
0.196
0.192
0.162
0.204
0.204
0.202
0.208
0.202
0.198
0.202
0.211
0.201
0.194
0.188
0.197
0.199
0.202
0.158
0.198
0.205
0.196
0.203
0.206
0.160
0.194
0.186
0.209
0.199
0.205
0.200
0.201
0.207
0.206
0.201
0.188
0.192
0.195
0.209
0.198
0.189
0.201
0.210
0.197
0.198
0.200
0.213
0.195
0.193
0.199
0.201
0.198
0.203
0.201
0.200
0.206
0.208
0.195
0.168
0.189
0.201
0.203
0.201
0.189
0.195
0.196
0.197
0.208
0.211
0.164
0.193
0.161
0.202
0.157
0.207
0.200
0.205
0.187
0.198
0.196
0.195
0.190
0.198
0.155
0.201
0.209
0.203
0.201
0.205
0.202
0.206
0.209
0.180
0.193
0.197
0.196
0.196
0.206
0.207
0.202
0.209
0.206
0.201
0.175
0.189
0.200
0.197
0.204
0.189
0.201
0.196
0.201
0.209
0.180
0.188
0.193
0.233
0.201
0.189
0.156
0.200
0.237
0.208
0.201
0.201
0.202
0.203
0.200
0.203
0.205
0.188
0.189
0.206
0.198
0.207
0.196
0.218
0.184
0.198
0.207
0.211
0.208
0.127
0.189
0.209
0.191
0.235
0.209
0.209
0.193
0.170
0.200
0.203
0.208
0.197
0.195
0.215
0.215
0.199
0.167
0.191
0.242
0.207
0.212
0.197
0.202
0.203
0.202
0.212
0.198
0.201
0.167
0.197
0.189
0.202
0.199
0.215
0.207
0.212
0.154
0.201
0.194
0.178
0.203
0.194
0.198
0.211
0.205
0.207
0.201
0.198
0.203
0.168
0.181
0.196
0.188
0.244
0.201
0.215
0.199
0.196
0.208
0.202
0.216
0.189
0.190
0.200
0.206
0.206
0.208
0.197
0.203
0.193
0.204
0.202
0.199
0.168
0.202
0.202
0.198
0.197
0.204
0.206
0.208
0.201
0.200
0.207
0.201
0.197
0.197
0.197
0.197
0.205
0.201
0.199
0.203
0.207
0.209
0.221
0.188
0.190
0.210
0.155
0.197
0.206
0.197
0.207
0.202
0.213
0.201
0.191
0.199
0.202
0.202
0.196
0.197
0.209
0.202
0.195
0.206
0.196
0.167
0.195
0.201
0.171
0.198
0.203
0.202
0.203
0.198
0.196
0.209
0.202
0.164
0.197
0.198
0.242
0.209
0.203
0.198
0.198
0.213
0.203
0.213
0.190
0.194
0.221
0.203
0.208
0.198
0.202
0.199
0.188
0.182
0.202
0.169
0.217
0.197
0.208
0.210
0.203
0.164
0.206
0.208
0.196
0.199
0.209
0.202
0.206
0.201
0.199
0.203
0.208
0.208
0.197
0.204
0.207
0.196
0.159
0.206
0.205
0.204
0.202
0.208
0.196
0.200
0.205
0.210
0.198
0.166
0.195
0.200
0.207
0.197
0.197
0.196
0.188
0.165
0.208
0.201
0.197
0.200
0.194
0.206
0.202
0.194
0.203
0.201
0.211
0.199
0.200
0.202
0.193
0.197
0.201
0.202
0.213
0.204
0.216
0.197
0.190
0.210
0.206
0.171
0.193
0.191
0.192
0.190
0.201
0.201
0.196
0.201
0.202
0.187
0.165
0.152
0.219
0.201
0.161
0.201
0.157
0.243
0.205
0.231
0.201
0.202
0.211
0.196
0.206
0.202
0.202
0.205
0.183
0.204
0.197
0.201
0.220
0.203
0.209
0.199
0.207
0.221
0.202
0.197
0.197
0.196
0.210
0.202
0.173
0.195
0.188
0.199
0.201
0.210
0.198
0.209
0.204
0.205
0.178
0.198
0.189
0.201
0.203
0.212
0.237
0.199
0.203
0.219
0.198
0.172
0.213
0.155
0.199
0.210
0.198
0.207
0.196
0.206
0.207
0.208
0.202
0.241
0.230
0.202
0.198
0.204
0.207
0.201
0.218
0.207
0.200
0.200
0.211
0.207
0.190
0.190
0.204
0.209
0.209
0.204
0.196
0.205
0.202
0.212
0.206
0.190
0.202
0.201
0.198
0.207
0.194
0.207
0.205
0.168
0.195
0.211
0.229
0.198
0.206
0.198
0.201
0.206
0.202
0.206
0.208
0.207
0.213
0.170
0.189
0.154
0.202
0.186
0.202
0.210
0.200
0.202
0.212
0.202
0.179
0.200
0.190
0.210
0.202
0.205
0.197
0.204
0.206
0.158
0.214
0.200
0.192
0.190
0.202
0.208
0.205
0.207
0.207
0.202
0.207
0.198
0.202
0.167
0.195
0.196
0.200
0.201
0.201
0.201
0.195
0.198
0.195
0.198
0.160
0.166
0.188
0.199
0.218
0.202
0.204
0.199
0.200
0.209
0.203
0.211
0.193
0.193
0.219
0.209
0.206
0.196
0.196
0.197
0.201
0.189
0.205
0.161
0.201
0.202
0.213
0.202
0.202
0.226
0.201
0.205
0.197
0.209
0.171
0.215
0.145
0.207
0.200
0.203
0.201
0.193
0.196
0.197
0.214
0.205
0.166
0.193
0.198
0.222
0.207
0.217
0.170
0.196
0.200
0.203
0.163
0.192
0.187
0.198
0.191
0.206
0.191
0.204
0.202
0.206
0.197
0.201
0.192
0.233
0.190
0.164
0.199
0.210
0.243
0.210
0.196
0.196
0.197
0.203
0.199
0.204
0.200
0.181
0.212
0.202
0.216
0.197
0.194
0.220
0.203
0.199
0.190
0.199
0.210
0.197
0.204
0.201
0.202
0.203
0.202
0.186
0.162
0.191
0.231
0.209
0.197
0.198
0.196
0.218
0.229
0.203
0.203
0.199
0.172
0.195
0.197
0.199
0.203
0.158
0.206
0.211
0.198
0.200
0.210
0.194
0.203
0.203
0.197
0.196
0.204
0.197
0.201
0.197
0.211
0.209
0.191
0.191
0.202
0.197
0.200
0.201
0.203
0.204
0.203
0.195
0.214
0.164
0.191
0.210
0.203
0.216
0.169
0.202
0.204
0.197
0.206
0.208
0.190
0.188
0.185
0.186
0.201
0.198
0.162
0.202
0.199
0.197
0.194
0.209
0.189
0.221
0.197
0.201
0.199
0.198
0.198
0.198
0.200
0.197
0.208
0.179
0.193
0.198
0.173
0.206
0.162
0.210
0.200
0.203
0.201
0.199
0.200
0.188
0.205
0.207
0.186
0.198
0.199
0.208
0.195
0.196
0.198
0.203
0.190
0.197
0.195
0.186
0.203
0.198
0.223
0.209
0.207
0.205
0.198
0.172
0.194
0.202
0.198
0.205
0.206
0.194
0.197
0.201
0.207
0.207
0.190
0.190
0.200
0.240
0.206
0.191
0.202
0.204
0.232
0.202
0.193
0.204
0.180
0.190
0.202
0.197
0.202
0.198
0.203
0.207
0.188
0.197
0.197
0.192
0.194
0.211
0.196
0.189
0.198
0.174
0.207
0.197
0.196
0.203
0.169
0.167
0.190
0.203
0.201
0.195
0.212
0.200
0.196
0.171
0.201
0.183
0.193
0.191
0.219
0.203
0.205
0.197
0.196
0.202
0.202
0.198
0.197
0.192
0.192
0.204
0.195
0.199
0.203
0.199
0.205
0.212
0.203
0.197
0.174
0.195
0.202
0.209
0.210
0.209
0.198
0.187
0.197
0.200
0.209
0.207
0.192
0.203
0.202
0.202
0.200
0.210
0.202
0.199
0.196
0.204
0.189
0.195
0.192
0.200
0.203
0.207
0.202
0.205
0.198
0.207
0.199
0.202
0.168
0.193
0.201
0.197
0.197
0.201
0.198
0.206
0.197
0.202
0.200
0.196
0.194
0.178
0.203
0.197
0.191
0.209
0.210
0.195
0.202
0.209
0.202
0.211
0.197
0.197
0.202
0.201
0.208
0.200
0.199
0.203
0.169
0.176
0.168
0.195
0.202
0.202
0.193
0.202
0.196
0.200
0.201
0.204
0.158
0.201
0.194
0.198
0.210
0.201
0.201
0.198
0.200
0.181
0.201
0.197
0.208
0.194
0.187
0.199
0.199
0.199
0.199
0.207
0.197
0.169
0.199
0.205
0.203
0.194
0.196
0.204
0.205
0.187
0.207
0.196
0.197
0.203
0.176
0.161
0.194
0.197
0.228
0.208
0.205
0.198
0.203
0.205
0.210
0.204
0.200
0.192
0.194
0.210
0.206
0.202
0.174
0.201
0.208
0.202
0.199
0.217
0.196
0.199
0.197
0.201
0.203
0.209
0.207
0.197
0.197
0.203
0.185
0.202
0.192
0.206
0.211
0.200
0.161
0.159
0.205
0.209
0.187
0.195
0.170
0.199
0.193
0.207
0.214
0.201
0.202
0.192
0.190
0.198
0.195
0.201
0.196
0.197
0.210
0.199
0.199
0.198
0.211
0.211
0.197
0.206
0.196
0.167
0.207
0.203
0.197
0.199
0.201
0.192
0.201
0.204
0.203
0.203
0.178
0.196
0.189
0.204
0.200
0.206
0.200
0.195
0.189
0.199
0.208
0.201
0.189
0.190
0.202
0.197
0.200
0.197
0.199
0.207
0.205
0.196
0.204
0.193
0.188
0.208
0.200
0.204
0.196
0.202
0.215
0.175
0.195
0.205
0.164
0.169
0.197
0.201
0.157
0.206
0.197
0.197
0.206
0.199
0.205
0.169
0.196
0.188
0.199
0.201
0.198
0.200
0.200
0.197
0.201
0.192
0.209
0.191
0.197
0.204
0.208
0.198
0.180
0.200
0.201
0.208
0.198
0.201
0.206
0.197
0.206
0.202
0.198
0.203
0.187
0.217
0.196
0.198
0.202
0.201
0.199
0.197
0.197
0.212
0.201
0.208
0.197
0.199
0.204
0.206
0.212
0.191
0.189
0.175
0.208
0.208
0.197
0.196
0.220
0.207
0.199
0.197
0.187
0.195
0.203
0.207
0.157
0.192
0.235
0.207
0.207
0.201
0.211
0.184
0.192
0.196
0.201
0.204
0.162
0.194
0.206
0.192
0.196
0.214
0.208
0.203
0.195
0.208
0.220
0.209
0.206
0.198
0.201
0.214
0.201
0.176
0.195
0.189
0.214
0.206
0.202
0.198
0.199
0.204
0.207
0.200
0.206
0.161
0.214
0.197
0.208
0.213
0.193
0.201
0.210
0.195
0.199
0.202
0.192
0.203
0.183
0.202
0.196
0.173
0.208
0.209
0.204
0.203
0.205
0.202
0.215
0.191
0.198
0.201
0.192
0.197
0.197
0.176
0.203
0.201
0.202
0.186
0.167
0.204
0.196
0.207
0.182
0.174
0.209
0.204
0.206
0.205
0.162
0.192
0.173
0.130
0.199
0.199
0.198
0.202
0.159
0.198
0.169
0.183
0.158
0.190
0.197
0.198
0.214
0.203
0.201
0.166
0.205
0.200
0.202
0.184
0.192
0.176
0.221
0.207
0.204
0.204
0.196
0.207
0.178
0.190
0.193
0.189
0.203
0.202
0.203
0.192
0.188
0.199
0.201
0.203
0.203
0.211
0.200
0.202
0.198
0.195
0.197
0.209
0.201
0.202
0.199
0.196
0.186
0.199
0.221
0.202
0.197
0.203
0.201
0.215
0.193
0.200
0.204
0.201
0.165
0.191
0.196
0.241
0.201
0.209
0.196
0.210
0.202
0.209
0.217
0.158
0.190
0.192
0.193
0.211
0.197
0.207
0.201
0.204
0.202
0.196
0.201
0.203
0.197
0.206
0.189
0.156
0.210
0.207
0.212
0.201
0.198
0.202
0.192
0.174
0.197
0.198
0.208
0.201
0.208
0.198
0.197
0.215
0.212
0.165
0.193
0.188
0.202
0.223
0.195
0.202
0.198
0.200
0.208
0.195
0.202
0.190
0.221
0.208
0.202
0.199
0.196
0.208
0.253
0.207
0.202
0.208
0.173
0.194
0.197
0.197
0.199
0.200
0.206
0.204
0.197
0.197
0.202
0.194
0.193
0.139
0.183
0.172
0.193
0.207
0.193
0.202
0.212
0.205
0.207
0.165
0.188
0.198
0.204
0.201
0.199
0.200
0.209
0.202
0.206
0.201
0.195
0.201
0.204
0.201
0.196
0.207
0.200
0.208
0.206
0.196
0.195
0.166
0.204
0.194
0.196
0.200
0.209
0.206
0.207
0.201
0.196
0.198
0.210
0.192
0.195
0.203
0.210
0.210
0.202
0.197
0.197
0.200
0.194
0.205
0.193
0.156
0.228
0.205
0.201
0.200
0.197
0.206
0.192
0.203
0.197
0.165
0.196
0.201
0.203
0.161
0.199
0.200
0.204
0.207
0.198
0.201
0.170
0.195
0.195
0.198
0.204
0.220
0.200
0.207
0.197
0.202
0.204
0.204
0.189
0.192
0.202
0.156
0.204
0.206
0.206
0.202
0.210
0.206
0.187
0.187
0.155
0.201
0.212
0.208
0.204
0.189
0.205
0.209
0.199
0.198
0.194
0.192
0.195
0.194
0.197
0.203
0.224
0.206
0.206
0.202
0.207
0.211
0.197
0.194
0.203
0.201
0.204
0.207
0.202
0.199
0.202
0.198
0.172
0.175
0.191
0.203
0.212
0.208
0.210
0.200
0.203
0.207
0.212
0.211
0.165
0.191
0.235
0.218
0.227
0.196
0.200
0.199
0.208
0.202
0.211
0.178
0.220
0.200
0.200
0.200
0.191
0.210
0.204
0.202
0.198
0.204
0.210
0.195
0.202
0.196
0.201
0.206
0.202
0.195
0.198
0.198
0.227
0.194
0.208
0.194
0.199
0.197
0.248
0.201
0.198
0.194
0.209
0.203
0.209
0.168
0.194
0.199
0.205
0.207
0.206
0.200
0.204
0.201
0.196
0.209
0.161
0.229
0.199
0.202
0.196
0.205
0.203
0.210
0.201
0.201
0.201
0.191
0.195
0.173
0.196
0.196
0.194
0.203
0.156
0.200
0.202
0.235
0.204
0.178
0.190
0.197
0.197
0.206
0.201
0.204
0.198
0.203
0.207
0.211
0.202
0.193
0.221
0.202
0.205
0.205
0.203
0.207
0.201
0.207
0.201
0.202
0.195
0.200
0.207
0.202
0.202
0.203
0.195
0.201
0.197
0.195
0.205
0.194
0.185
0.204
0.196
0.202
0.201
0.202
0.198
0.203
0.199
0.208
0.203
0.198
0.190
0.200
0.209
0.210
0.199
0.198
0.199
0.210
0.205
0.214
0.189
0.217
0.210
0.160
0.202
0.202
0.202
0.201
0.207
0.203
0.198
0.183
0.194
0.206
0.196
0.198
0.208
0.206
0.204
0.202
0.210
0.201
0.141
0.198
0.189
0.200
0.249
0.203
0.207
0.202
0.198
0.198
0.203
0.203
0.198
0.194
0.203
0.206
0.213
0.203
0.200
0.197
0.201
0.207
0.200
0.198
0.190
0.202
0.217
0.202
0.196
0.197
0.188
0.203
0.202
0.206
0.170
0.202
0.198
0.198
0.203
0.199
0.202
0.209
0.199
0.197
0.206
0.210
0.197
0.207
0.206
0.205
0.205
0.203
0.200
0.197
0.199
0.201
0.200
0.193
0.190
0.168
0.207
0.209
0.196
0.201
0.199
0.209
0.210
0.197
0.169
0.191
0.201
0.214
0.198
0.199
0.203
0.211
0.215
0.205
0.202
0.177
0.192
0.200
0.198
0.205
0.202
0.202
0.206
0.198
0.201
0.204
0.201
0.194
0.195
0.198
0.207
0.204
0.212
0.197
0.196
0.208
0.202
0.206
0.188
0.190
0.213
0.203
0.207
0.198
0.208
0.200
0.221
0.130
0.238
0.169
0.230
0.180
0.207
0.197
0.175
