0.257
0.206
0.198
0.208
0.205
0.198
0.204
0.202
0.128
0.197
0.201
0.209
0.205
0.200
0.212
0.190
0.203
0.190
0.201
0.162
0.205
0.157
0.203
0.202
0.202
0.201
0.160
0.204
0.176
0.151
0.205
0.193
0.205
0.194
0.202
0.223
0.257
0.162
0.207
0.198
0.209
0.195
0.202
0.202
0.203
0.200
0.170
0.200
0.205
0.198
0.202
0.195
0.207
0.153
0.206
0.181
0.203
0.203
0.208
0.201
0.196
0.206
0.214
0.211
0.209
0.202
0.205
0.199
0.202
0.195
0.203
0.202
0.207
0.203
0.208
0.200
0.207
0.203
0.197
0.197
0.202
0.198
0.202
0.150
0.211
0.197
0.211
0.191
0.202
0.201
0.208
0.202
0.200
0.200
0.203
0.201
0.201
0.201
0.158
0.211
0.210
0.159
0.209
0.199
0.203
0.194
0.205
0.204
0.205
0.199
0.161
0.198
0.209
0.197
0.204
0.201
0.203
0.197
0.206
0.194
0.204
0.197
0.208
0.190
0.206
0.202
0.207
0.197
0.200
0.202
0.164
0.190
0.197
0.197
0.202
0.159
0.203
0.197
0.209
0.197
0.210
0.163
0.167
0.203
0.204
0.151
0.200
0.161
0.204
0.201
0.195
0.199
0.209
0.204
0.203
0.199
0.204
0.201
0.203
0.173
0.203
0.198
0.205
0.198
0.194
0.200
0.206
0.204
0.182
0.163
0.202
0.199
0.203
0.195
0.206
0.202
0.204
0.205
0.204
0.198
0.205
0.202
0.195
0.204
0.209
0.203
0.204
0.202
0.208
0.200
0.202
0.190
0.209
0.207
0.204
0.171
0.207
0.200
0.205
0.200
0.218
0.208
0.200
0.205
0.195
0.189
0.192
0.156
0.194
0.190
0.159
0.202
0.158
0.204
0.194
0.204
0.204
0.192
0.195
0.202
0.201
0.209
0.211
0.197
0.210
0.200
0.202
0.189
0.206
0.197
0.203
0.198
0.202
0.206
0.206
0.204
0.192
0.197
0.193
0.199
0.210
0.158
0.208
0.203
0.208
0.188
0.211
0.196
0.208
0.201
0.199
0.199
0.207
0.197
0.200
0.199
0.210
0.197
0.205
0.188
0.201
0.202
0.205
0.186
0.204
0.206
0.203
0.200
0.196
0.151
0.219
0.199
0.167
0.201
0.205
0.200
0.227
0.188
0.219
0.210
0.195
0.179
0.168
0.203
0.202
0.208
0.200
0.201
0.205
0.209
0.160
0.162
0.203
0.202
0.212
0.204
0.217
0.205
0.209
0.208
0.206
0.204
0.204
0.216
0.196
0.204
0.207
0.199
0.206
0.202
0.202
0.206
0.201
0.198
0.207
0.202
0.208
0.197
0.196
0.198
0.209
0.191
0.202
0.212
0.206
0.196
0.208
0.197
0.207
0.199
0.204
0.157
0.206
0.198
0.209
0.203
0.196
0.200
0.206
0.204
0.199
0.206
0.204
0.196
0.207
0.191
0.203
0.200
0.208
0.197
0.208
0.202
0.197
0.203
0.206
0.203
0.210
0.199
0.195
0.199
0.207
0.198
0.211
0.201
0.209
0.197
0.198
0.167
0.211
0.205
0.207
0.197
0.197
0.190
0.206
0.203
0.167
0.197
0.208
0.203
0.204
0.191
0.203
0.198
0.206
0.161
0.203
0.205
0.209
0.202
0.197
0.205
0.203
0.154
0.176
0.199
0.203
0.204
0.202
0.198
0.202
0.207
0.206
0.191
0.207
0.199
0.203
0.202
0.196
0.204
0.203
0.195
0.159
0.204
0.204
0.199
0.208
0.200
0.205
0.196
0.210
0.202
0.207
0.200
0.211
0.201
0.203
0.201
0.203
0.161
0.202
0.196
0.207
0.190
0.204
0.195
0.202
0.205
0.209
0.196
0.204
0.198
0.203
0.201
0.198
0.203
0.205
0.204
0.208
0.194
0.207
0.207
0.207
0.195
0.206
0.151
0.197
0.198
0.196
0.201
0.206
0.204
0.199
0.206
0.202
0.199
0.209
0.193
0.208
0.198
0.204
0.196
0.203
0.210
0.211
0.163
0.195
0.203
0.128
0.208
0.197
0.206
0.209
0.202
0.209
0.190
0.205
0.201
0.210
0.165
0.210
0.203
0.206
0.201
0.199
0.200
0.204
0.207
0.168
0.197
0.214
0.159
0.210
0.195
0.207
0.202
0.206
0.163
0.211
0.191
0.202
0.206
0.196
0.204
0.204
0.197
0.167
0.168
0.204
0.199
0.208
0.194
0.205
0.203
0.202
0.166
0.204
0.197
0.204
0.201
0.195
0.203
0.203
0.197
0.201
0.203
0.202
0.204
0.202
0.189
0.206
0.204
0.206
0.201
0.203
0.196
0.205
0.200
0.203
0.202
0.214
0.209
0.207
0.208
0.204
0.206
0.207
0.189
0.206
0.201
0.208
0.199
0.204
0.197
0.205
0.201
0.198
0.205
0.211
0.201
0.205
0.200
0.202
0.210
0.206
0.189
0.210
0.210
0.203
0.158
0.200
0.206
0.206
0.198
0.195
0.200
0.206
0.203
0.205
0.193
0.171
0.211
0.253
0.189
0.188
0.193
0.207
0.203
0.200
0.206
0.208
0.201
0.203
0.203
0.204
0.210
0.205
0.192
0.205
0.199
0.204
0.167
0.211
0.201
0.203
0.200
0.199
0.203
0.207
0.202
0.171
0.201
0.203
0.199
0.209
0.194
0.212
0.159
0.212
0.171
0.208
0.202
0.209
0.203
0.197
0.196
0.189
0.198
0.192
0.207
0.206
0.153
0.205
0.196
0.195
0.203
0.206
0.155
0.204
0.198
0.202
0.202
0.194
0.197
0.205
0.195
0.160
0.206
0.207
0.204
0.203
0.194
0.202
0.195
0.194
0.198
0.211
0.198
0.203
0.206
0.199
0.200
0.204
0.199
0.208
0.195
0.207
0.203
0.197
0.196
0.204
0.201
0.206
0.204
0.198
0.204
0.205
0.204
0.202
0.199
0.205
0.201
0.203
0.198
0.199
0.199
0.205
0.200
0.202
0.208
0.202
0.207
0.196
0.370
0.208
0.199
0.194
0.161
0.209
0.202
0.203
0.191
0.204
0.201
0.227
0.195
0.205
0.204
0.203
0.154
0.200
0.197
0.204
0.203
0.200
0.161
0.206
0.197
0.203
0.192
0.206
0.203
0.204
0.167
0.204
0.205
0.208
0.203
0.197
0.205
0.210
0.194
0.169
0.198
0.205
0.197
0.205
0.195
0.204
0.204
0.212
0.167
0.203
0.199
0.198
0.202
0.196
0.167
0.434
0.199
0.166
0.197
0.220
0.197
0.205
0.157
0.204
0.198
0.203
0.193
0.206
0.205
0.201
0.200
0.202
0.198
0.205
0.199
0.202
0.201
0.204
0.200
0.183
0.193
0.203
0.203
0.206
0.197
0.161
0.200
0.202
0.203
0.195
0.201
0.202
0.201
0.203
0.197
0.205
0.202
0.203
0.194
0.203
0.202
0.206
0.158
0.196
0.202
0.204
0.199
0.198
0.198
0.203
0.204
0.202
0.199
0.162
0.197
0.206
0.192
0.214
0.201
0.208
0.203
0.200
0.201
0.194
0.150
0.196
0.206
0.202
0.206
0.208
0.201
0.217
0.202
0.202
0.191
0.204
0.198
0.204
0.198
0.502
0.483
0.476
0.477
0.503
0.474
0.508
0.468
0.493
0.449
0.488
0.436
0.478
0.395
0.363
0.333
0.400
0.361
0.335
0.325
0.294
0.281
0.317
0.299
0.296
0.269
0.264
0.239
0.239
0.211
0.207
0.186
0.173
0.159
0.159
0.134
0.133
0.128
0.131
0.127
0.133
0.127
0.131
0.135
0.132
0.125
0.133
0.122
0.131
0.129
0.163
0.166
0.144
0.142
0.133
0.156
0.170
0.161
0.174
0.199
0.193
0.187
0.201
0.190
0.200
0.190
0.195
0.191
0.197
0.191
0.199
0.191
0.216
0.197
0.195
0.189
0.197
0.190
0.206
0.195
0.199
0.196
0.204
0.192
0.198
0.198
0.206
0.197
0.200
0.201
0.202
0.207
0.206
0.200
0.204
0.198
0.202
0.202
0.205
0.201
0.209
0.202
0.204
0.207
0.206
0.193
0.203
0.197
0.195
0.159
0.212
0.208
0.269
0.198
0.195
0.157
0.204
0.188
0.215
0.201
0.209
0.200
0.207
0.205
0.208
0.204
0.206
0.205
0.209
0.198
0.206
0.195
0.205
0.201
0.208
0.191
0.203
0.204
0.211
0.200
0.199
0.198
0.215
0.202
0.175
0.199
0.214
0.203
0.205
0.191
0.209
0.191
0.207
0.168
0.206
0.202
0.228
0.203
0.195
0.201
0.212
0.201
0.175
0.199
0.199
0.199
0.211
0.189
0.203
0.204
0.203
0.155
0.209
0.201
0.205
0.204
0.164
0.203
0.205
0.206
0.201
0.202
0.203
0.199
0.205
0.194
0.211
0.207
0.202
0.202
0.214
0.197
0.212
0.200
0.195
0.201
0.199
0.203
0.207
0.196
0.203
0.201
0.212
0.197
0.202
0.199
0.203
0.190
0.207
0.198
0.208
0.201
0.200
0.198
0.206
0.206
0.207
0.196
0.210
0.198
0.206
0.198
0.213
0.212
0.204
0.197
0.207
0.203
0.204
0.206
0.195
0.204
0.232
0.156
0.208
0.192
0.202
0.198
0.205
0.190
0.201
0.202
0.202
0.206
0.203
0.201
0.203
0.209
0.195
0.198
0.200
0.197
0.194
0.190
0.205
0.205
0.204
0.167
0.202
0.205
0.206
0.197
0.200
0.200
0.199
0.207
0.198
0.197
0.204
0.197
0.207
0.194
0.207
0.204
0.210
0.172
0.211
0.205
0.203
0.202
0.198
0.196
0.206
0.201
0.176
0.197
0.198
0.198
0.203
0.190
0.204
0.206
0.212
0.201
0.204
0.153
0.202
0.206
0.204
0.199
0.207
0.193
0.204
0.198
0.206
0.198
0.210
0.187
0.203
0.194
0.219
0.204
0.155
0.199
0.204
0.185
0.200
0.199
0.204
0.201
0.205
0.195
0.204
0.196
0.205
0.200
0.203
0.196
0.208
0.203
0.196
0.204
0.202
0.203
0.200
0.200
0.203
0.203
0.210
0.190
0.204
0.201
0.203
0.200
0.203
0.202
0.205
0.199
0.194
0.205
0.207
0.200
0.213
0.202
0.205
0.208
0.202
0.154
0.209
0.205
0.209
0.196
0.212
0.189
0.205
0.197
0.195
0.202
0.203
0.189
0.201
0.196
0.207
0.200
0.203
0.195
0.196
0.199
0.211
0.167
0.203
0.193
0.207
0.203
0.201
0.206
0.211
0.204
0.198
0.201
0.203
0.208
0.212
0.194
0.205
0.202
0.203
0.200
0.205
0.201
0.205
0.202
0.201
0.204
0.204
0.197
0.186
0.197
0.203
0.203
0.207
0.196
0.218
0.190
0.203
0.193
0.203
0.202
0.197
0.155
0.204
0.430
0.206
0.196
0.211
0.204
0.207
0.205
0.212
0.153
0.206
0.201
0.207
0.198
0.198
0.197
0.208
0.197
0.206
0.198
0.203
0.194
0.208
0.197
0.203
0.200
0.215
0.189
0.207
0.200
0.200
0.153
0.194
0.205
0.213
0.196
0.201
0.199
0.208
0.197
0.205
0.195
0.213
0.201
0.198
0.193
0.205
0.207
0.201
0.205
0.199
0.204
0.174
0.198
0.194
0.198
0.208
0.202
0.221
0.198
0.203
0.153
0.207
0.185
0.212
0.197
0.159
0.202
0.198
0.201
0.211
0.189
0.179
0.201
0.208
0.203
0.204
0.195
0.204
0.197
0.209
0.164
0.206
0.204
0.209
0.210
0.203
0.428
0.210
0.189
0.178
0.203
0.212
0.201
0.204
0.189
0.199
0.201
0.205
0.170
0.203
0.201
0.202
0.201
0.200
0.202
0.205
0.198
0.180
0.204
0.207
0.194
0.204
0.193
0.207
0.167
0.203
0.202
0.210
0.198
0.203
0.200
0.201
0.156
0.210
0.195
0.171
0.204
0.209
0.202
0.210
0.192
0.213
0.205
0.200
0.207
0.197
0.197
0.206
0.200
0.200
0.203
0.205
0.196
0.159
0.190
0.202
0.196
0.206
0.193
0.208
0.200
0.205
0.196
0.197
0.201
0.206
0.206
0.196
0.201
0.208
0.201
0.204
0.197
0.204
0.203
0.210
0.194
0.205
0.195
0.207
0.197
0.258
0.198
0.209
0.209
0.194
0.207
0.205
0.189
0.205
0.191
0.209
0.205
0.206
0.150
0.205
0.199
0.161
0.206
0.198
0.207
0.203
0.200
0.176
0.197
0.207
0.198
0.207
0.197
0.214
0.204
0.210
0.162
0.206
0.210
0.210
0.194
0.199
0.199
0.210
0.200
0.172
0.205
0.205
0.199
0.206
0.168
0.221
0.202
0.206
0.177
0.210
0.168
0.206
0.203
0.196
0.201
0.203
0.203
0.203
0.197
0.206
0.198
0.206
0.201
0.205
0.200
0.209
0.202
0.205
0.198
0.203
0.207
0.201
0.198
0.209
0.153
0.203
0.156
0.211
0.201
0.203
0.196
0.207
0.198
0.204
0.203
0.199
0.200
0.205
0.199
0.196
0.202
0.202
0.206
0.196
0.122
0.199
0.204
0.206
0.204
0.207
0.199
0.206
0.202
0.201
0.208
0.209
0.202
0.218
0.199
0.205
0.208
0.211
0.193
0.210
0.197
0.203
0.202
0.204
0.199
0.225
0.206
0.195
0.206
0.204
0.201
0.203
0.203
0.211
0.205
0.206
0.192
0.209
0.200
0.207
0.170
0.215
0.153
0.195
0.203
0.197
0.192
0.206
0.204
0.174
0.202
0.203
0.206
0.209
0.195
0.210
0.208
0.202
0.192
0.208
0.208
0.205
0.207
0.195
0.197
0.204
0.210
0.174
0.202
0.203
0.194
0.201
0.189
0.205
0.154
0.203
0.169
0.207
0.200
0.197
0.192
0.189
0.208
0.204
0.195
0.208
0.201
0.197
0.204
0.203
0.196
0.207
0.202
0.203
0.202
0.207
0.199
0.205
0.209
0.204
0.200
0.204
0.201
0.209
0.156
0.211
0.200
0.206
0.195
0.208
0.203
0.201
0.197
0.193
0.201
0.196
0.154
0.198
0.201
0.208
0.199
0.209
0.199
0.204
0.200
0.206
0.194
0.204
0.202
0.211
0.198
0.196
0.207
0.208
0.197
0.194
0.199
0.207
0.201
0.207
0.195
0.207
0.208
0.207
0.193
0.226
0.209
0.208
0.207
0.195
0.200
0.209
0.201
0.170
0.210
0.202
0.197
0.209
0.195
0.209
0.203
0.206
0.199
0.210
0.203
0.206
0.157
0.199
0.201
0.207
0.202
0.166
0.201
0.210
0.202
0.207
0.190
0.210
0.210
0.208
0.159
0.199
0.195
0.205
0.205
0.203
0.199
0.204
0.202
0.179
0.199
0.227
0.198
0.206
0.189
0.209
0.200
0.208
0.196
0.207
0.201
0.209
0.208
0.203
0.200
0.205
0.204
0.205
0.206
0.206
0.199
0.210
0.190
0.209
0.210
0.194
0.193
0.213
0.201
0.208
0.199
0.195
0.203
0.212
0.199
0.200
0.199
0.202
0.155
0.205
0.191
0.162
0.202
0.200
0.195
0.171
0.158
0.203
0.205
0.194
0.208
0.203
0.189
0.210
0.193
0.204
0.206
0.209
0.191
0.204
0.200
0.203
0.206
0.196
0.198
0.207
0.205
0.200
0.203
0.213
0.199
0.204
0.193
0.205
0.197
0.185
0.190
0.210
0.204
0.207
0.189
0.203
0.197
0.202
0.204
0.194
0.197
0.205
0.211
0.203
0.197
0.207
0.202
0.206
0.194
0.202
0.197
0.202
0.198
0.206
0.153
0.209
0.203
0.171
0.201
0.215
0.201
0.202
0.191
0.211
0.202
0.207
0.182
0.209
0.205
0.206
0.203
0.197
0.197
0.203
0.206
0.208
0.205
0.205
0.203
0.202
0.199
0.204
0.203
0.201
0.215
0.203
0.200
0.203
0.203
0.204
0.202
0.205
0.205
0.206
0.199
0.198
0.202
0.213
0.186
0.204
0.201
0.206
0.205
0.203
0.199
0.204
0.197
0.200
0.198
0.208
0.210
0.209
0.194
0.205
0.200
0.204
0.155
0.207
0.197
0.205
0.205
0.195
0.202
0.194
0.203
0.197
0.198
0.211
0.205
0.208
0.194
0.203
0.199
0.210
0.201
0.203
0.204
0.212
0.198
0.201
0.200
0.202
0.204
0.200
0.200
0.203
0.199
0.207
0.190
0.180
0.202
0.204
0.190
0.203
0.202
0.208
0.207
0.195
0.204
0.212
0.202
0.192
0.198
0.208
0.204
0.204
0.195
0.206
0.195
0.208
0.167
0.204
0.204
0.203
0.202
0.195
0.206
0.211
0.154
0.174
0.203
0.203
0.212
0.204
0.204
0.209
0.207
0.208
0.169
0.209
0.198
0.206
0.167
0.202
0.211
0.204
0.224
0.178
0.179
0.208
0.198
0.209
0.189
0.206
0.200
0.210
0.190
0.211
0.205
0.203
0.201
0.194
0.205
0.197
0.206
0.205
0.206
0.208
0.204
0.204
0.189
0.211
0.200
0.199
0.204
0.196
0.201
0.204
0.203
0.200
0.216
0.198
0.150
0.205
0.192
