0.295
0.208
0.203
0.168
0.198
0.195
0.196
0.201
0.195
0.202
0.204
0.204
0.205
0.204
0.195
0.204
0.203
0.204
0.195
0.192
0.205
0.207
0.201
0.199
0.207
0.153
0.207
0.204
0.200
0.169
0.195
0.204
0.204
0.194
0.204
0.205
0.206
0.198
0.198
0.164
0.192
0.195
0.197
0.209
0.198
0.200
0.208
0.209
0.203
0.204
0.210
0.206
0.190
0.194
0.205
0.201
0.161
0.201
0.191
0.202
0.207
0.211
0.199
0.192
0.193
0.207
0.206
0.198
0.198
0.198
0.205
0.202
0.202
0.203
0.199
0.192
0.203
0.199
0.192
0.203
0.195
0.199
0.203
0.199
0.211
0.181
0.195
0.158
0.200
0.198
0.201
0.207
0.207
0.207
0.201
0.208
0.205
0.191
0.194
0.204
0.201
0.204
0.204
0.205
0.196
0.191
0.203
0.209
0.168
0.194
0.210
0.196
0.206
0.204
0.200
0.201
0.204
0.203
0.153
0.163
0.196
0.199
0.203
0.198
0.202
0.216
0.196
0.184
0.203
0.205
0.187
0.173
0.197
0.203
0.191
0.157
0.205
0.210
0.202
0.197
0.206
0.183
0.195
0.184
0.208
0.273
0.200
0.140
0.203
0.159
0.205
0.209
0.210
0.193
0.202
0.192
0.210
0.225
0.210
0.198
0.205
0.202
0.229
0.208
0.186
0.198
0.195
0.219
0.206
0.199
0.203
0.208
0.204
0.199
0.206
0.206
0.201
0.203
0.204
0.201
0.156
0.213
0.206
0.201
0.204
0.199
0.166
0.169
0.193
0.197
0.205
0.203
0.202
0.192
0.209
0.201
0.209
0.201
0.194
0.201
0.193
0.210
0.199
0.199
0.201
0.206
0.214
0.202
0.200
0.206
0.193
0.163
0.205
0.119
0.207
0.205
0.200
0.203
0.203
0.201
0.192
0.170
0.202
0.204
0.212
0.204
0.210
0.202
0.202
0.201
0.202
0.203
0.188
0.192
0.197
0.200
0.208
0.220
0.199
0.198
0.200
0.211
0.152
0.200
0.198
0.197
0.205
0.209
0.205
0.198
0.206
0.175
0.214
0.202
0.205
0.192
0.201
0.206
0.206
0.200
0.200
0.209
0.208
0.201
0.200
0.209
0.186
0.206
0.196
0.203
0.205
0.207
0.205
0.153
0.200
0.202
0.211
0.208
0.191
0.208
0.201
0.208
0.204
0.208
0.202
0.200
0.207
0.204
0.202
0.195
0.193
0.210
0.204
0.201
0.209
0.208
0.208
0.212
0.200
0.203
0.168
0.201
0.204
0.200
0.152
0.193
0.208
0.205
0.202
0.207
0.206
0.209
0.200
0.195
0.203
0.203
0.203
0.207
0.204
0.161
0.205
0.210
0.203
0.196
0.198
0.200
0.208
0.199
0.199
0.199
0.201
0.205
0.204
0.198
0.197
0.155
0.205
0.208
0.194
0.203
0.192
0.212
0.205
0.202
0.203
0.165
0.198
0.194
0.203
0.168
0.203
0.205
0.211
0.207
0.208
0.154
0.203
0.189
0.194
0.206
0.207
0.207
0.206
0.202
0.205
0.201
0.164
0.191
0.190
0.195
0.203
0.214
0.201
0.196
0.201
0.213
0.209
0.209
0.205
0.184
0.191
0.208
0.192
0.209
0.206
0.207
0.207
0.205
0.203
0.200
0.205
0.198
0.196
0.207
0.203
0.203
0.208
0.163
0.199
0.199
0.208
0.214
0.203
0.196
0.194
0.200
0.214
0.205
0.202
0.198
0.206
0.204
0.208
0.164
0.199
0.201
0.201
0.201
0.204
0.206
0.179
0.209
0.202
0.194
0.191
0.194
0.209
0.209
0.152
0.206
0.197
0.204
0.210
0.196
0.204
0.198
0.199
0.201
0.210
0.199
0.194
0.208
0.204
0.204
0.200
0.194
0.208
0.187
0.195
0.199
0.191
0.209
0.203
0.200
0.203
0.154
0.209
0.208
0.164
0.150
0.152
0.207
0.211
0.203
0.199
0.201
0.212
0.201
0.200
0.199
0.195
0.195
0.208
0.149
0.212
0.205
0.219
0.212
0.191
0.204
0.201
0.198
0.198
0.192
0.203
0.205
0.209
0.203
0.198
0.200
0.154
0.210
0.188
0.191
0.204
0.201
0.206
0.226
0.207
0.197
0.200
0.213
0.203
0.197
0.199
0.196
0.210
0.158
0.158
0.198
0.201
0.208
0.221
0.200
0.199
0.193
0.201
0.203
0.200
0.199
0.200
0.162
0.211
0.200
0.191
0.204
0.167
0.186
0.207
0.202
0.201
0.209
0.204
0.197
0.154
0.199
0.204
0.182
0.197
0.197
0.206
0.215
0.200
0.199
0.201
0.199
0.210
0.204
0.199
0.195
0.196
0.214
0.158
0.202
0.203
0.194
0.209
0.217
0.200
0.199
0.200
0.204
0.198
0.203
0.212
0.201
0.213
0.206
0.204
0.203
0.204
0.175
0.201
0.192
0.203
0.204
0.205
0.205
0.195
0.210
0.158
0.208
0.205
0.152
0.191
0.209
0.212
0.208
0.202
0.197
0.204
0.204
0.199
0.157
0.202
0.194
0.210
0.207
0.199
0.198
0.202
0.207
0.208
0.201
0.203
0.200
0.205
0.195
0.203
0.208
0.201
0.215
0.200
0.207
0.157
0.201
0.204
0.203
0.193
0.204
0.203
0.211
0.200
0.155
0.209
0.199
0.216
0.210
0.192
0.196
0.201
0.207
0.213
0.200
0.210
0.211
0.197
0.213
0.215
0.165
0.190
0.207
0.218
0.198
0.208
0.153
0.203
0.212
0.201
0.202
0.168
0.204
0.189
0.200
0.204
0.201
0.206
0.203
0.201
0.207
0.202
0.210
0.191
0.186
0.207
0.206
0.210
0.205
0.198
0.197
0.205
0.209
0.212
0.165
0.191
0.205
0.157
0.198
0.206
0.199
0.200
0.207
0.203
0.218
0.191
0.201
0.201
0.202
0.212
0.201
0.211
0.210
0.204
0.210
0.199
0.179
0.204
0.168
0.199
0.202
0.203
0.208
0.200
0.197
0.199
0.200
0.208
0.155
0.193
0.207
0.203
0.196
0.162
0.205
0.212
0.199
0.202
0.206
0.180
0.191
0.200
0.212
0.197
0.203
0.202
0.173
0.205
0.206
0.224
0.194
0.194
0.197
0.214
0.202
0.201
0.207
0.208
0.216
0.156
0.197
0.209
0.205
0.198
0.214
0.205
0.210
0.214
0.200
0.216
0.208
0.210
0.208
0.170
0.191
0.198
0.206
0.209
0.198
0.192
0.205
0.200
0.207
0.204
0.203
0.192
0.210
0.207
0.210
0.208
0.152
0.199
0.215
0.197
0.202
0.201
0.196
0.199
0.209
0.210
0.200
0.201
0.211
0.200
0.202
0.201
0.191
0.201
0.191
0.203
0.203
0.206
0.208
0.217
0.206
0.203
0.203
0.212
0.177
0.191
0.191
0.153
0.210
0.197
0.203
0.204
0.207
0.213
0.210
0.198
0.194
0.198
0.164
0.202
0.197
0.200
0.204
0.212
0.218
0.201
0.203
0.193
0.202
0.204
0.203
0.202
0.201
0.214
0.202
0.193
0.193
0.196
0.158
0.203
0.205
0.205
0.202
0.202
0.205
0.209
0.201
0.207
0.210
0.210
0.197
0.155
0.207
0.214
0.203
0.199
0.203
0.212
0.211
0.202
0.199
0.156
0.199
0.202
0.209
0.207
0.126
0.207
0.211
0.160
0.193
0.203
0.182
0.216
0.205
0.204
0.162
0.208
0.212
0.237
0.204
0.201
0.203
0.189
0.204
0.190
0.207
0.200
0.209
0.210
0.196
0.203
0.201
0.211
0.205
0.192
0.191
0.200
0.209
0.203
0.147
0.206
0.205
0.203
0.209
0.197
0.198
0.193
0.207
0.201
0.202
0.197
0.203
0.208
0.199
0.198
0.197
0.172
0.206
0.199
0.196
0.204
0.201
0.204
0.200
0.156
0.207
0.200
0.207
0.194
0.190
0.153
0.205
0.207
0.209
0.199
0.206
0.201
0.210
0.203
0.190
0.192
0.211
0.207
0.206
0.199
0.198
0.211
0.207
0.199
0.203
0.162
0.198
0.204
0.161
0.204
0.203
0.200
0.196
0.207
0.201
0.200
0.153
0.201
0.197
0.199
0.203
0.202
0.207
0.202
0.193
0.208
0.200
0.212
0.191
0.188
0.204
0.201
0.208
0.200
0.199
0.199
0.203
0.197
0.191
0.164
0.189
0.199
0.212
0.210
0.203
0.211
0.205
0.162
0.198
0.209
0.164
0.193
0.200
0.205
0.193
0.205
0.205
0.206
0.204
0.203
0.204
0.202
0.201
0.194
0.199
0.195
0.206
0.209
0.213
0.210
0.202
0.206
0.210
0.192
0.195
0.207
0.201
0.205
0.161
0.203
0.199
0.201
0.210
0.198
0.197
0.197
0.196
0.211
0.208
0.154
0.200
0.206
0.199
0.204
0.205
0.156
0.192
0.200
0.213
0.210
0.205
0.200
0.211
0.202
0.203
0.199
0.464
0.196
0.187
0.165
0.200
0.212
0.205
0.214
0.199
0.224
0.201
0.206
0.183
0.196
0.199
0.201
0.200
0.199
0.197
0.199
0.200
0.158
0.202
0.200
0.195
0.191
0.204
0.205
0.203
0.205
0.205
0.204
0.198
0.199
0.153
0.194
0.198
0.198
0.198
0.206
0.202
0.205
0.198
0.196
0.196
0.199
0.191
0.192
0.203
0.204
0.204
0.204
0.211
0.199
0.205
0.204
0.207
0.188
0.198
0.192
0.201
0.202
0.200
0.214
0.201
0.160
0.202
0.197
0.208
0.191
0.192
0.206
0.213
0.203
0.204
0.195
0.203
0.210
0.206
0.209
0.197
0.196
0.159
0.211
0.214
0.206
0.204
0.198
0.200
0.202
0.205
0.171
0.201
0.199
0.204
0.207
0.164
0.199
0.202
0.207
0.194
0.197
0.204
0.197
0.191
0.207
0.205
0.216
0.199
0.191
0.207
0.205
0.201
0.207
0.201
0.194
0.208
0.214
0.194
0.207
0.205
0.208
0.203
0.205
0.210
0.200
0.196
0.161
0.210
0.207
0.207
0.205
0.209
0.199
0.198
0.205
0.205
0.197
0.198
0.202
0.200
0.203
0.200
0.202
0.198
0.200
0.211
0.207
0.193
0.192
0.200
0.202
0.207
0.201
0.185
0.195
0.202
0.206
0.153
0.173
0.194
0.212
0.204
0.205
0.198
0.202
0.205
0.206
0.201
0.204
0.198
0.197
0.191
0.202
0.207
0.201
0.202
0.203
0.200
0.201
0.200
0.203
0.196
0.196
0.202
0.201
0.202
0.204
0.197
0.157
0.202
0.201
0.201
0.167
0.190
0.199
0.213
0.204
0.198
0.203
0.201
0.203
0.195
0.203
0.172
0.196
0.205
0.199
0.185
0.211
0.200
0.205
0.203
0.207
0.190
0.202
0.196
0.194
0.199
0.209
0.154
0.206
0.205
0.200
0.200
0.203
0.203
0.199
0.204
0.199
0.201
0.209
0.204
0.200
0.202
0.195
0.204
0.193
0.162
0.201
0.199
0.211
0.210
0.196
0.198
0.205
0.203
0.204
0.199
0.202
0.195
0.161
0.201
0.199
0.206
0.192
0.203
0.208
0.201
0.200
0.198
0.200
0.191
0.198
0.208
0.208
0.200
0.195
0.194
0.207
0.200
0.208
0.196
0.198
0.202
0.204
0.214
0.204
0.204
0.206
0.192
0.215
0.160
0.196
0.193
0.220
0.204
0.210
0.207
0.202
0.205
0.209
0.197
0.206
0.176
0.196
0.201
0.213
0.210
0.212
0.201
0.203
0.204
0.207
0.204
0.205
0.198
0.191
0.196
0.205
0.210
0.207
0.214
0.150
0.203
0.199
0.193
0.183
0.191
0.197
0.204
0.214
0.199
0.204
0.202
0.201
0.213
0.213
0.199
0.193
0.193
0.205
0.214
0.203
0.206
0.201
0.208
0.211
0.192
0.200
0.197
0.197
0.199
0.207
0.153
0.201
0.204
0.206
0.200
0.204
0.199
0.186
0.200
0.204
0.195
0.204
0.203
0.201
0.204
0.203
0.203
0.209
0.201
0.190
0.191
0.204
0.208
0.201
0.206
0.203
0.217
0.209
0.243
0.166
0.207
0.350
0.203
0.203
0.174
0.193
0.208
0.206
0.205
0.204
0.210
0.433
0.197
0.204
0.195
0.214
0.438
0.162
0.210
0.206
0.205
0.205
0.171
0.196
0.205
0.199
0.383
0.207
0.207
0.201
0.205
0.388
0.157
0.206
0.195
0.196
0.361
0.203
0.198
0.204
0.200
0.440
0.203
0.205
0.202
0.195
0.399
0.202
0.202
0.202
0.204
0.205
0.204
0.197
0.191
0.156
0.200
0.197
0.204
0.199
0.205
0.205
0.204
0.158
0.198
0.199
0.215
0.219
0.193
0.191
0.200
0.205
0.214
0.200
0.196
0.200
0.210
0.213
0.208
0.196
0.191
0.208
0.208
0.206
0.194
0.203
0.209
0.196
0.218
0.199
0.165
0.201
0.203
0.209
0.161
0.514
0.209
0.214
0.213
0.205
0.203
0.193
0.156
0.202
0.207
0.205
0.207
0.204
0.211
0.201
0.203
0.212
0.211
0.206
0.193
0.198
0.210
0.204
0.216
0.197
0.202
0.227
0.208
0.219
0.195
0.158
0.205
0.209
0.220
0.206
0.514
0.240
0.210
0.199
0.198
0.507
0.209
0.206
0.207
0.198
0.511
0.245
0.214
0.204
0.197
0.504
0.241
0.201
0.201
0.198
0.501
0.215
0.207
0.205
0.228
0.443
0.197
0.210
0.172
0.210
0.480
0.206
0.208
0.200
0.249
0.395
0.241
0.205
0.208
0.161
0.328
0.212
0.215
0.208
0.193
0.298
0.201
0.202
0.209
0.155
0.282
0.193
0.203
0.158
0.199
0.255
0.247
0.156
0.213
0.199
0.248
0.200
0.199
0.195
0.201
0.223
0.202
0.194
0.216
0.198
0.196
0.213
0.207
0.166
0.195
0.125
0.209
0.216
0.209
0.203
0.127
0.200
0.202
0.204
0.196
0.161
0.204
0.209
0.162
0.200
0.129
0.195
0.206
0.198
0.197
0.131
0.191
0.202
0.194
0.202
0.132
0.202
0.165
0.205
0.210
0.129
0.201
0.202
0.198
0.168
0.133
0.207
0.203
0.223
0.279
0.129
0.199
0.208
0.179
0.147
0.141
0.199
0.203
0.205
0.195
0.170
0.249
0.198
0.209
0.204
0.164
0.197
0.208
0.203
0.207
0.183
0.206
0.207
0.204
0.198
0.170
0.168
0.205
0.206
0.205
0.196
0.202
0.202
0.208
0.207
0.152
0.205
0.171
0.195
0.151
0.197
0.199
0.208
0.198
0.196
0.190
0.203
0.204
0.206
0.192
0.196
0.200
0.210
0.207
0.203
0.191
0.205
0.210
0.203
0.173
0.194
0.204
0.208
0.203
0.202
0.196
0.153
0.211
0.204
0.203
0.193
0.165
0.196
0.201
0.202
0.192
0.205
0.209
0.203
0.201
0.197
0.213
0.189
0.192
0.188
0.198
0.200
0.208
0.224
0.203
0.191
0.201
0.211
0.208
0.194
0.203
0.204
0.161
0.199
0.251
0.207
0.193
0.167
0.158
0.204
0.203
0.196
0.237
0.236
0.195
0.207
0.203
0.208
0.170
0.194
0.210
0.190
0.209
0.198
0.197
0.191
0.205
0.202
0.204
0.204
0.208
0.199
0.203
0.174
0.190
0.204
0.200
0.204
0.218
0.201
0.202
0.206
0.211
0.160
0.195
0.200
0.207
0.213
0.204
0.205
0.203
0.199
0.206
0.206
0.197
0.163
0.193
0.202
0.202
0.203
0.204
0.201
0.208
0.202
0.151
0.207
0.202
0.207
0.195
0.199
0.209
0.207
0.205
0.164
0.202
0.197
0.199
0.208
0.201
0.188
0.217
0.204
0.209
0.208
0.209
0.205
0.205
0.203
0.209
0.169
0.197
0.200
0.208
0.195
0.192
0.157
0.206
0.210
0.209
0.205
0.166
0.194
0.206
0.204
0.209
0.204
0.205
0.214
0.206
0.202
0.202
0.199
0.200
0.201
0.205
0.199
0.205
0.204
0.161
0.204
0.202
0.200
0.211
0.160
0.193
0.204
0.153
0.207
0.195
0.206
0.198
0.207
0.200
0.202
0.166
0.192
0.193
0.205
0.207
0.204
0.198
0.198
0.217
0.205
0.204
0.164
0.199
0.203
0.199
0.207
0.205
0.201
0.202
0.211
0.205
0.209
0.206
0.158
0.197
0.157
0.203
0.202
0.206
0.214
0.202
0.204
0.201
0.206
0.176
0.193
0.202
0.185
0.198
0.199
0.205
0.205
0.198
0.208
0.212
0.178
0.192
0.192
0.221
0.195
0.203
0.199
0.218
0.214
0.157
0.210
0.184
0.193
0.198
0.210
0.204
0.201
0.203
0.206
0.216
0.200
0.204
0.200
0.175
0.198
0.198
0.202
0.199
0.217
0.196
0.201
0.199
0.203
0.199
0.236
0.187
0.204
0.206
0.207
0.204
0.147
0.198
0.201
0.212
0.204
0.187
0.188
0.200
0.214
0.204
0.198
0.198
0.200
0.205
0.149
0.206
0.181
0.206
0.189
0.205
0.204
0.194
