0.199
0.154
0.132
0.151
0.152
0.146
0.153
0.141
0.156
0.151
0.157
0.151
0.151
0.151
0.149
0.153
0.123
0.164
0.153
0.152
0.158
0.153
0.147
0.143
0.152
0.127
0.153
0.155
0.157
0.154
0.108
0.151
0.150
0.152
0.152
0.150
0.151
0.156
0.152
0.157
0.154
0.413
0.192
0.146
0.155
0.151
0.153
0.150
0.148
0.151
0.143
0.150
0.157
0.156
0.109
0.152
0.154
0.142
0.152
0.151
0.152
0.104
0.160
0.151
0.152
0.153
0.150
0.143
0.120
0.151
0.148
0.118
0.088
0.089
0.158
0.158
0.155
0.130
0.152
0.150
0.151
0.152
0.108
0.150
0.150
0.158
0.152
0.156
0.156
0.150
0.152
0.162
0.106
0.143
0.153
0.151
0.155
0.150
0.155
0.137
0.150
0.156
0.144
0.155
0.152
0.156
0.153
0.155
0.157
0.147
0.153
0.143
0.151
0.150
0.153
0.149
0.152
0.151
0.149
0.152
0.142
0.150
0.151
0.104
0.152
0.150
0.156
0.152
0.158
0.119
0.159
0.150
0.153
0.104
0.140
0.150
0.150
0.150
0.119
0.151
0.151
0.154
0.158
0.151
0.157
0.142
0.152
0.150
0.154
0.151
0.156
0.150
0.152
0.153
0.105
0.108
0.152
0.155
0.152
0.156
0.154
0.152
0.109
0.145
0.157
0.160
0.152
0.156
0.159
0.152
0.146
0.152
0.144
0.159
0.158
0.150
0.158
0.157
0.165
0.149
0.153
0.147
0.156
0.151
0.149
0.105
0.152
0.150
0.149
0.150
0.120
0.152
0.153
0.150
0.154
0.150
0.158
0.145
0.159
0.115
0.107
0.156
0.162
0.153
0.155
0.156
0.144
0.150
0.153
0.144
0.155
0.172
0.153
0.152
0.151
0.147
0.106
0.151
0.152
0.150
0.152
0.154
0.145
0.149
0.155
0.155
0.154
0.150
0.159
0.155
0.152
0.145
0.152
0.144
0.153
0.155
0.158
0.155
0.157
0.156
0.144
0.150
0.144
0.150
0.153
0.151
0.149
0.106
0.152
0.143
0.157
0.116
0.152
0.151
0.153
0.156
0.154
0.151
0.145
0.156
0.120
0.151
0.159
0.150
0.159
0.152
0.153
0.106
0.152
0.150
0.153
0.150
0.152
0.155
0.153
0.142
0.143
0.152
0.106
0.156
0.156
0.153
0.151
0.147
0.155
0.149
0.152
0.156
0.160
0.151
0.152
0.154
0.143
0.150
0.144
0.154
0.157
0.107
0.156
0.155
0.153
0.149
0.152
0.146
0.162
0.150
0.153
0.114
0.153
0.105
0.145
0.149
0.114
0.143
0.155
0.149
0.151
0.156
0.145
0.147
0.156
0.118
0.153
0.150
0.146
0.150
0.152
0.155
0.150
0.149
0.157
0.166
0.153
0.155
0.158
0.151
0.157
0.143
0.157
0.157
0.108
0.154
0.152
0.155
0.144
0.151
0.148
0.151
0.157
0.157
0.159
0.150
0.157
0.143
0.107
0.142
0.152
0.150
0.146
0.150
0.152
0.156
0.144
0.154
0.146
0.160
0.156
0.151
0.156
0.152
0.151
0.104
0.153
0.113
0.161
0.154
0.145
0.152
0.153
0.148
0.151
0.151
0.141
0.150
0.151
0.150
0.152
0.152
0.152
0.145
0.152
0.151
0.152
0.156
0.152
0.155
0.153
0.143
0.146
0.151
0.164
0.151
0.110
0.143
0.151
0.142
0.155
0.143
0.154
0.156
0.153
0.152
0.151
0.154
0.150
0.151
0.146
0.158
0.155
0.150
0.160
0.152
0.151
0.150
0.155
0.145
0.155
0.156
0.152
0.150
0.152
0.158
0.149
0.107
0.117
0.151
0.153
0.156
0.158
0.156
0.156
0.152
0.152
0.122
0.157
0.150
0.152
0.149
0.151
0.149
0.147
0.105
0.160
0.156
0.160
0.154
0.144
0.158
0.152
0.142
0.152
0.154
0.160
0.156
0.107
0.145
0.152
0.105
0.144
0.151
0.148
0.155
0.153
0.152
0.156
0.142
0.151
0.104
0.152
0.150
0.157
0.151
0.152
0.151
0.146
0.156
0.120
0.160
0.153
0.150
0.152
0.154
0.154
0.146
0.151
0.072
0.152
0.153
0.153
0.151
0.106
0.151
0.144
0.157
0.147
0.154
0.162
0.154
0.153
0.150
0.152
0.144
0.154
0.150
0.144
0.151
0.152
0.155
0.147
0.150
0.147
0.151
0.152
0.147
0.163
0.151
0.106
0.148
0.153
0.145
0.157
0.155
0.153
0.157
0.151
0.156
0.144
0.147
0.146
0.154
0.153
0.153
0.152
0.152
0.156
0.147
0.160
0.142
0.152
0.151
0.152
0.150
0.152
0.152
0.147
0.150
0.116
0.105
0.153
0.155
0.152
0.151
0.151
0.148
0.152
0.138
0.150
0.151
0.154
0.154
0.153
0.151
0.168
0.152
0.155
0.153
0.158
0.151
0.156
0.144
0.165
0.143
0.157
0.153
0.157
0.154
0.152
0.151
0.107
0.150
0.143
0.149
0.152
0.150
0.153
0.158
0.156
0.147
0.153
0.147
0.152
0.150
0.152
0.150
0.157
0.157
0.145
0.149
0.122
0.154
0.152
0.154
0.151
0.150
0.145
0.146
0.108
0.105
0.153
0.105
0.153
0.151
0.157
0.146
0.145
0.151
0.151
0.141
0.156
0.157
0.157
0.150
0.155
0.144
0.152
0.161
0.152
0.156
0.153
0.156
0.151
0.150
0.144
0.154
0.156
0.149
0.133
0.157
0.153
0.142
0.108
0.144
0.158
0.154
0.108
0.150
0.153
0.155
0.144
0.143
0.150
0.155
0.142
0.150
0.153
0.150
0.155
0.141
0.159
0.137
0.157
0.150
0.156
0.150
0.158
0.160
0.150
0.151
0.121
0.154
0.152
0.109
0.151
0.153
0.157
0.144
0.158
0.156
0.154
0.152
0.153
0.156
0.165
0.154
0.145
0.156
0.152
0.151
0.153
0.151
0.153
0.151
0.151
0.141
0.158
0.152
0.156
0.151
0.151
0.152
0.143
0.150
0.106
0.150
0.157
0.158
0.144
0.150
0.156
0.146
0.156
0.148
0.151
0.151
0.157
0.156
0.151
0.152
0.147
0.156
0.123
0.151
0.157
0.150
0.153
0.149
0.151
0.143
0.156
0.116
0.156
0.152
0.154
0.105
0.156
0.149
0.151
0.156
0.155
0.151
0.152
0.151
0.153
0.152
0.153
0.144
0.152
0.151
0.156
0.155
0.152
0.147
0.152
0.149
0.143
0.152
0.158
0.149
0.152
0.160
0.158
0.142
0.153
0.145
0.112
0.150
0.153
0.154
0.154
0.158
0.145
0.154
0.116
0.150
0.148
0.142
0.148
0.151
0.151
0.146
0.151
0.123
0.151
0.150
0.151
0.156
0.168
0.155
0.160
0.149
0.107
0.150
0.155
0.149
0.145
0.105
0.163
0.154
0.156
0.161
0.160
0.154
0.153
0.167
0.149
0.153
0.155
0.151
0.158
0.151
0.154
0.155
0.145
0.154
0.152
0.142
0.157
0.106
0.145
0.150
0.152
0.151
0.149
0.152
0.143
0.154
0.106
0.108
0.152
0.156
0.157
0.149
0.154
0.137
0.152
0.153
0.152
0.155
0.152
0.149
0.144
0.150
0.140
0.152
0.144
0.150
0.191
0.153
0.153
0.143
0.158
0.144
0.152
0.156
0.152
0.151
0.155
0.104
0.149
0.155
0.159
0.156
0.152
0.153
0.154
0.149
0.156
0.143
0.152
0.158
0.152
0.154
0.152
0.152
0.144
0.149
0.144
0.158
0.151
0.151
0.142
0.154
0.153
0.142
0.157
0.146
0.152
0.158
0.112
0.147
0.152
0.150
0.145
0.151
0.139
0.142
0.150
0.151
0.153
0.155
0.151
0.143
0.151
0.117
0.157
0.150
0.152
0.150
0.154
0.151
0.148
0.152
0.151
0.147
0.162
0.152
0.155
0.158
0.152
0.104
0.158
0.151
0.155
0.162
0.153
0.152
0.145
0.150
0.149
0.151
0.144
0.158
0.153
0.152
0.156
0.147
0.152
0.146
0.151
0.150
0.155
0.150
0.152
0.149
0.108
0.154
0.152
0.150
0.157
0.156
0.107
0.150
0.157
0.147
0.156
0.117
0.152
0.155
0.144
0.151
0.151
0.154
0.144
0.157
0.117
0.153
0.154
0.107
0.157
0.146
0.150
0.146
0.106
0.151
0.157
0.145
0.151
0.151
0.156
0.157
0.145
0.105
0.159
0.140
0.158
0.152
0.152
0.147
0.156
0.147
0.151
0.151
0.153
0.150
0.157
0.151
0.149
0.106
0.151
0.155
0.155
0.150
0.151
0.156
0.154
0.144
0.163
0.107
0.154
0.153
0.152
0.142
0.106
0.153
0.150
0.151
0.132
0.151
0.112
0.152
0.153
0.150
0.152
0.147
0.153
0.117
0.153
0.150
0.152
0.155
0.151
0.149
0.148
0.108
0.151
0.153
0.151
0.153
0.153
0.151
0.145
0.139
0.159
0.114
0.145
0.116
0.142
0.154
0.143
0.154
0.143
0.156
0.159
0.144
0.152
0.151
0.152
0.145
0.157
0.149
0.155
0.155
0.151
0.151
0.156
0.157
0.144
0.150
0.120
0.150
0.152
0.155
0.158
0.159
0.106
0.146
0.151
0.116
0.161
0.150
0.151
0.150
0.157
0.156
0.148
0.159
0.117
0.154
0.153
0.158
0.107
0.151
0.151
0.144
0.153
0.148
0.157
0.156
0.158
0.150
0.147
0.155
0.146
0.149
0.152
0.105
0.133
0.153
0.158
0.142
0.155
0.142
0.153
0.155
0.157
0.150
0.151
0.153
0.144
0.151
0.144
0.155
0.157
0.152
0.154
0.156
0.158
0.148
0.152
0.151
0.157
0.152
0.152
0.150
0.153
0.161
0.106
0.150
0.106
0.151
0.108
0.107
0.150
0.149
0.153
0.142
0.154
0.122
0.148
0.155
0.150
0.154
0.153
0.151
0.149
0.154
0.152
0.151
0.157
0.152
0.157
0.154
0.153
0.145
0.162
0.150
0.155
0.108
0.152
0.154
0.109
0.153
0.080
0.150
0.157
0.160
0.154
0.156
0.162
0.149
0.107
0.151
0.157
0.154
0.151
0.150
0.152
0.142
0.153
0.155
0.152
0.158
0.156
0.152
0.157
0.150
0.152
0.143
0.106
0.150
0.150
0.150
0.152
0.152
0.153
0.150
0.150
0.159
0.154
0.157
0.153
0.152
0.152
0.155
0.152
0.141
0.153
0.149
0.157
0.154
0.152
0.141
0.150
0.154
0.147
0.155
0.158
0.157
0.153
0.106
0.155
0.152
0.152
0.143
0.160
0.155
0.145
0.150
0.152
0.152
0.144
0.151
0.148
0.150
0.107
0.155
0.152
0.157
0.153
0.143
0.157
0.118
0.155
0.151
0.151
0.156
0.151
0.151
0.144
0.151
0.105
0.155
0.151
0.151
0.153
0.151
0.145
0.142
0.152
0.143
0.158
0.155
0.163
0.140
0.149
0.155
0.150
0.151
0.152
0.151
0.154
0.155
0.155
0.152
0.153
0.146
0.156
0.154
0.144
0.151
0.127
0.107
0.149
0.155
0.146
0.150
0.153
0.149
0.158
0.157
0.153
0.148
0.155
0.148
0.165
0.154
0.158
0.150
0.154
0.154
0.153
0.152
0.117
0.154
0.153
0.153
0.151
0.141
0.155
0.146
0.157
0.117
0.107
0.149
0.139
0.156
0.112
0.106
0.105
0.154
0.156
0.150
0.149
0.146
0.153
0.154
0.157
0.143
0.152
0.149
0.156
0.150
0.158
0.150
0.145
0.149
0.149
0.152
0.154
0.149
0.152
0.150
0.153
0.105
0.153
0.142
0.151
0.105
0.158
0.155
0.145
0.150
0.145
0.153
0.150
0.155
0.152
0.105
0.151
0.150
0.157
0.145
0.153
0.139
0.152
0.154
0.152
0.156
0.152
0.150
0.149
0.151
0.127
0.154
0.106
0.077
0.157
0.152
0.153
0.148
0.108
0.155
0.157
0.152
0.154
0.158
0.152
0.157
0.149
0.143
0.147
0.153
0.152
0.151
0.156
0.145
0.108
0.142
0.158
0.154
0.158
0.150
0.156
0.144
0.147
0.103
0.146
0.157
0.151
0.157
0.155
0.155
0.152
0.142
0.152
0.113
0.151
0.154
0.157
0.155
0.152
0.156
0.149
0.150
0.144
0.151
0.152
0.156
0.144
0.155
0.156
0.142
0.162
0.133
0.161
0.147
0.107
0.149
0.156
0.153
0.148
0.151
0.142
0.154
0.151
0.151
0.158
0.146
0.152
0.143
0.146
0.153
0.155
0.156
0.109
0.149
0.155
0.150
0.149
0.149
0.153
0.155
0.154
0.150
0.145
0.143
0.154
0.105
0.164
0.153
0.155
0.155
0.151
0.152
0.112
0.146
0.119
0.150
0.153
0.149
0.153
0.149
0.153
0.142
0.152
0.119
0.157
0.156
0.163
0.152
0.154
0.155
0.147
0.149
0.150
0.156
0.109
0.157
0.118
0.166
0.158
0.157
0.148
0.150
0.156
0.151
0.152
0.159
0.151
0.150
0.149
0.155
0.149
0.150
0.156
0.157
0.156
0.149
0.143
0.149
0.142
0.151
0.140
0.153
0.139
0.157
0.145
0.150
0.144
0.105
0.160
0.153
0.152
0.150
0.107
0.144
0.158
0.118
0.160
0.154
0.157
0.148
0.157
0.150
0.148
0.156
0.143
0.142
0.120
0.157
0.156
0.154
0.150
0.142
0.152
0.140
0.144
0.154
0.161
0.150
0.106
0.156
0.112
0.151
0.145
0.151
0.158
0.155
0.152
0.150
0.154
0.142
0.156
0.151
0.154
0.149
0.153
0.149
0.144
0.154
0.150
0.153
0.157
0.152
0.157
0.152
0.154
0.155
0.151
0.141
0.156
0.104
0.156
0.150
0.157
0.141
0.146
0.155
0.117
0.155
0.151
0.155
0.151
0.150
0.152
0.146
0.155
0.133
0.159
0.150
0.151
0.150
0.152
0.155
0.144
0.156
0.137
0.151
0.152
0.151
0.151
0.154
0.105
0.142
0.157
0.157
0.156
0.150
0.154
0.156
0.144
0.151
0.163
0.153
0.155
0.157
0.157
0.155
0.156
0.149
0.154
0.146
0.388
0.322
0.302
0.300
0.294
0.387
0.154
0.152
0.151
0.151
0.160
0.108
0.153
0.155
0.155
0.145
0.154
0.148
0.152
0.161
0.154
0.157
0.158
0.152
0.145
0.151
0.154
0.154
0.152
0.150
0.151
0.152
0.159
0.153
0.141
0.151
0.155
0.151
0.107
0.146
0.154
0.151
0.109
0.149
0.156
0.156
0.155
0.149
0.156
0.142
0.152
0.142
0.157
0.150
0.160
0.151
0.162
0.155
0.148
0.149
0.145
0.152
0.152
0.150
0.153
0.106
0.152
0.143
0.159
0.141
0.152
0.155
0.152
0.104
0.153
0.104
0.145
0.153
0.142
0.150
0.151
0.151
0.157
0.158
0.151
0.147
0.155
0.114
0.156
0.147
0.156
0.150
0.151
0.149
0.150
0.155
0.157
0.150
0.156
0.150
0.153
0.150
0.152
0.142
0.105
0.149
0.153
0.151
0.154
0.149
0.143
0.151
0.143
0.157
0.149
0.150
0.156
0.151
0.152
0.147
0.141
0.141
0.157
0.152
0.158
0.152
0.151
0.149
0.148
0.150
0.152
0.151
0.151
0.154
0.152
0.104
0.153
0.109
0.151
0.134
0.155
0.150
0.157
0.111
0.154
0.150
0.148
0.142
0.152
0.151
0.156
0.147
0.155
0.154
0.153
0.142
0.154
0.153
0.156
0.150
0.155
0.153
0.161
0.150
0.145
0.150
0.105
0.155
0.156
0.156
0.157
0.150
0.152
0.142
0.160
0.151
0.157
0.156
0.165
0.151
0.151
0.152
0.146
0.143
0.157
0.150
0.152
0.152
0.151
0.143
0.152
0.119
0.107
0.150
0.152
0.154
0.152
0.103
0.149
0.149
0.121
0.155
0.158
0.151
0.151
0.151
0.156
0.146
0.153
0.113
0.152
0.152
0.157
0.104
0.169
0.146
0.146
0.158
0.144
0.151
0.152
0.151
0.153
0.146
0.155
0.143
0.114
0.151
0.106
0.156
0.159
0.108
0.146
0.106
0.156
0.156
0.157
0.155
0.151
0.150
0.158
0.151
0.156
0.147
0.158
0.105
0.154
0.153
0.157
0.156
0.144
0.151
0.117
0.150
0.153
0.106
0.151
0.149
0.157
0.105
0.120
0.126
0.152
0.152
0.152
0.150
0.152
0.151
0.146
0.143
0.129
0.154
0.153
0.152
0.152
0.151
0.152
0.144
0.144
0.155
0.153
0.142
0.152
0.153
0.144
0.150
0.149
0.152
0.152
0.149
0.105
0.150
0.152
0.146
0.158
0.143
0.152
0.136
0.157
0.156
0.158
0.153
0.148
0.151
0.146
0.151
0.152
0.150
0.156
0.154
0.156
0.147
0.145
0.141
0.156
0.158
0.154
0.151
0.157
0.153
0.146
0.106
0.117
0.150
0.155
0.150
0.153
0.151
0.156
0.142
0.144
0.133
0.159
0.143
0.152
0.150
0.152
0.151
