0.196
0.172
0.181
0.158
0.115
0.169
0.160
0.165
0.157
0.187
0.187
0.166
0.116
0.165
0.171
0.167
0.167
0.173
0.170
0.165
0.118
0.171
0.159
0.163
0.166
0.164
0.171
0.157
0.103
0.176
0.092
0.163
0.165
0.124
0.318
0.110
0.118
0.166
0.190
0.168
0.172
0.158
0.166
0.165
0.122
0.169
0.168
0.171
0.165
0.168
0.092
0.163
0.117
0.168
0.162
0.158
0.169
0.156
0.163
0.162
0.118
0.166
0.165
0.164
0.170
0.173
0.161
0.168
0.120
0.165
0.168
0.162
0.170
0.161
0.119
0.170
0.120
0.160
0.172
0.164
0.165
0.165
0.158
0.173
0.117
0.173
0.132
0.164
0.181
0.166
0.116
0.150
0.117
0.167
0.167
0.133
0.124
0.167
0.165
0.168
0.123
0.164
0.169
0.167
0.126
0.130
0.175
0.170
0.114
0.160
0.164
0.165
0.177
0.144
0.163
0.172
0.117
0.167
0.160
0.165
0.176
0.173
0.169
0.170
0.119
0.164
0.164
0.161
0.162
0.166
0.172
0.165
0.117
0.168
0.167
0.169
0.161
0.165
0.162
0.167
0.116
0.164
0.191
0.165
0.166
0.166
0.128
0.164
0.120
0.176
0.158
0.173
0.127
0.165
0.281
0.170
0.119
0.171
0.254
0.158
0.169
0.170
0.165
0.158
0.116
0.166
0.159
0.166
0.158
0.166
0.168
0.165
0.118
0.165
0.164
0.167
0.165
0.157
0.178
0.172
0.115
0.169
0.174
0.181
0.183
0.179
0.167
0.167
0.118
0.169
0.170
0.158
0.162
0.168
0.168
0.164
0.118
0.167
0.162
0.133
0.165
0.167
0.170
0.168
0.116
0.172
0.165
0.171
0.128
0.166
0.168
0.165
0.118
0.160
0.121
0.166
0.273
0.135
0.164
0.164
0.117
0.163
0.163
0.166
0.166
0.167
0.150
0.164
0.117
0.167
0.164
0.160
0.174
0.168
0.170
0.138
0.116
0.171
0.168
0.169
0.161
0.167
0.162
0.168
0.115
0.169
0.170
0.166
0.154
0.160
0.166
0.169
0.119
0.169
0.164
0.167
0.161
0.171
0.195
0.170
0.117
0.170
0.160
0.156
0.167
0.168
0.181
0.161
0.120
0.172
0.171
0.165
0.161
0.176
0.156
0.172
0.113
0.165
0.088
0.174
0.162
0.165
0.304
0.159
0.120
0.158
0.163
0.167
0.171
0.170
0.156
0.165
0.119
0.170
0.159
0.165
0.168
0.166
0.161
0.161
0.118
0.165
0.166
0.160
0.166
0.177
0.167
0.183
0.128
0.164
0.164
0.176
0.160
0.164
0.300
0.169
0.119
0.173
0.166
0.169
0.164
0.162
0.168
0.167
0.121
0.167
0.120
0.160
0.167
0.168
0.136
0.163
0.115
0.169
0.170
0.161
0.163
0.155
0.147
0.133
0.128
0.167
0.166
0.167
0.092
0.168
0.162
0.175
0.117
0.165
0.165
0.166
0.163
0.162
0.166
0.164
0.116
0.157
0.186
0.166
0.171
0.169
0.158
0.167
0.117
0.169
0.166
0.170
0.165
0.165
0.161
0.167
0.117
0.169
0.166
0.165
0.166
0.167
0.165
0.162
0.118
0.165
0.168
0.172
0.162
0.166
0.170
0.157
0.116
0.164
0.189
0.161
0.194
0.165
0.156
0.172
0.114
0.166
0.162
0.167
0.119
0.169
0.318
0.159
0.118
0.165
0.291
0.160
0.162
0.163
0.172
0.154
0.116
0.176
0.163
0.156
0.160
0.171
0.158
0.166
0.122
0.157
0.163
0.167
0.164
0.162
0.164
0.164
0.117
0.172
0.157
0.167
0.163
0.164
0.162
0.164
0.116
0.173
0.166
0.156
0.159
0.170
0.162
0.157
0.120
0.164
0.167
0.156
0.157
0.166
0.167
0.171
0.118
0.174
0.172
0.167
0.163
0.158
0.164
0.165
0.087
0.131
0.119
0.163
0.121
0.158
0.162
0.165
0.119
0.164
0.143
0.167
0.167
0.087
0.166
0.162
0.118
0.165
0.164
0.173
0.167
0.156
0.172
0.163
0.116
0.172
0.162
0.164
0.170
0.164
0.168
0.167
0.147
0.159
0.169
0.198
0.163
0.181
0.164
0.169
0.117
0.165
0.156
0.171
0.167
0.161
0.164
0.156
0.119
0.165
0.163
0.159
0.164
0.164
0.172
0.171
0.117
0.167
0.167
0.164
0.157
0.172
0.164
0.166
0.369
0.171
0.119
0.162
0.161
0.164
0.276
0.165
0.120
0.206
0.159
0.170
0.166
0.166
0.159
0.172
0.116
0.174
0.173
0.158
0.171
0.168
0.170
0.159
0.117
0.164
0.167
0.172
0.156
0.170
0.167
0.166
0.118
0.165
0.166
0.165
0.162
0.156
0.165
0.167
0.115
0.135
0.164
0.167
0.164
0.170
0.154
0.170
0.114
0.165
0.128
0.165
0.168
0.169
0.164
0.158
0.127
0.165
0.169
0.149
0.167
0.164
0.121
0.164
0.327
0.168
0.161
0.169
0.112
0.163
0.155
0.170
0.119
0.157
0.163
0.165
0.163
0.121
0.165
0.172
0.121
0.170
0.162
0.172
0.116
0.165
0.170
0.170
0.117
0.167
0.168
0.157
0.170
0.156
0.164
0.166
0.125
0.170
0.166
0.164
0.165
0.168
0.165
0.166
0.120
0.157
0.180
0.170
0.163
0.158
0.163
0.165
0.122
0.165
0.156
0.163
0.162
0.168
0.163
0.202
0.118
0.173
0.161
0.161
0.125
0.165
0.116
0.164
0.116
0.165
0.121
0.164
0.156
0.180
0.197
0.163
0.121
0.165
0.164
0.174
0.164
0.157
0.169
0.170
0.118
0.136
0.164
0.165
0.166
0.155
0.162
0.172
0.118
0.163
0.119
0.164
0.173
0.166
0.161
0.163
0.120
0.164
0.163
0.133
0.163
0.157
0.171
0.164
0.119
0.168
0.172
0.161
0.188
0.176
0.166
0.170
0.116
0.158
0.169
0.170
0.168
0.133
0.169
0.169
0.118
0.166
0.116
0.124
0.121
0.163
0.143
0.164
0.368
0.177
0.201
0.159
0.188
0.168
0.169
0.169
0.118
0.164
0.172
0.168
0.156
0.170
0.166
0.170
0.119
0.174
0.165
0.168
0.162
0.161
0.166
0.160
0.118
0.169
0.167
0.167
0.183
0.164
0.156
0.171
0.119
0.172
0.164
0.156
0.165
0.171
0.164
0.159
0.117
0.164
0.166
0.166
0.153
0.172
0.171
0.170
0.117
0.169
0.164
0.167
0.164
0.161
0.164
0.166
0.117
0.159
0.352
0.165
0.165
0.170
0.123
0.167
0.120
0.164
0.156
0.169
0.169
0.169
0.161
0.157
0.120
0.164
0.161
0.160
0.168
0.168
0.172
0.168
0.116
0.173
0.171
0.168
0.157
0.165
0.162
0.167
0.116
0.156
0.172
0.165
0.165
0.133
0.165
0.170
0.120
0.165
0.168
0.173
0.165
0.165
0.143
0.164
0.116
0.166
0.164
0.159
0.171
0.171
0.169
0.130
0.116
0.159
0.165
0.085
0.161
0.087
0.130
0.173
0.119
0.170
0.164
0.164
0.325
0.163
0.163
0.165
0.119
0.165
0.163
0.166
0.180
0.168
0.159
0.166
0.118
0.166
0.167
0.165
0.161
0.158
0.164
0.169
0.117
0.165
0.169
0.157
0.154
0.162
0.162
0.163
0.120
0.164
0.163
0.182
0.166
0.166
0.168
0.093
0.118
0.164
0.168
0.166
0.167
0.165
0.156
0.159
0.116
0.164
0.156
0.166
0.168
0.159
0.167
0.163
0.118
0.172
0.164
0.165
0.094
0.169
0.090
0.206
0.117
0.168
0.120
0.165
0.156
0.165
0.163
0.132
0.117
0.158
0.160
0.171
0.166
0.162
0.171
0.175
0.121
0.168
0.152
0.166
0.175
0.162
0.155
0.166
0.117
0.168
0.174
0.157
0.161
0.170
0.162
0.132
0.118
0.174
0.164
0.166
0.157
0.168
0.168
0.175
0.118
0.166
0.171
0.167
0.166
0.164
0.168
0.171
0.118
0.126
0.165
0.165
0.177
0.165
0.158
0.166
0.117
0.172
0.093
0.165
0.267
0.169
0.164
0.162
0.336
0.171
0.171
0.142
0.162
0.174
0.203
0.166
0.118
0.172
0.164
0.172
0.162
0.165
0.172
0.168
0.118
0.164
0.169
0.169
0.156
0.163
0.168
0.174
0.120
0.176
0.162
0.165
0.162
0.167
0.165
0.163
0.121
0.159
0.168
0.163
0.168
0.170
0.168
0.165
0.117
0.167
0.165
0.169
0.160
0.168
0.162
0.164
0.115
0.159
0.172
0.167
0.162
0.163
0.165
0.163
0.346
0.167
0.126
0.166
0.166
0.174
0.087
0.165
0.120
0.159
0.121
0.164
0.162
0.166
0.169
0.156
0.117
0.170
0.165
0.165
0.158
0.170
0.162
0.168
0.117
0.166
0.169
0.164
0.166
0.158
0.170
0.164
0.118
0.158
0.173
0.167
0.188
0.159
0.168
0.172
0.129
0.166
0.157
0.170
0.119
0.167
0.118
0.159
0.130
0.170
0.165
0.132
0.175
0.172
0.196
0.173
0.119
0.169
0.164
0.172
0.138
0.169
0.337
0.171
0.360
0.161
0.167
0.166
0.320
0.167
0.165
0.166
0.135
0.169
0.156
0.171
0.167
0.171
0.207
0.173
0.120
0.169
0.164
0.161
0.164
0.164
0.165
0.166
0.138
0.159
0.170
0.171
0.176
0.197
0.198
0.169
0.115
0.163
0.160
0.166
0.165
0.160
0.162
0.164
0.116
0.163
0.157
0.172
0.169
0.172
0.161
0.159
0.126
0.167
0.163
0.159
0.164
0.165
0.165
0.160
0.119
0.166
0.173
0.157
0.124
0.164
0.116
0.169
0.116
0.164
0.130
0.173
0.169
0.161
0.162
0.161
0.119
0.158
0.164
0.174
0.154
0.176
0.171
0.167
0.122
0.169
0.156
0.166
0.166
0.169
0.120
0.164
0.126
0.164
0.165
0.147
0.164
0.169
0.163
0.167
0.129
0.164
0.165
0.172
0.151
0.166
0.180
0.171
0.115
0.158
0.163
0.167
0.164
0.132
0.167
0.170
0.122
0.165
0.166
0.171
0.164
0.172
0.132
0.168
0.118
0.166
0.124
0.159
0.124
0.166
0.165
0.167
0.347
0.167
0.163
0.172
0.157
0.166
0.164
0.171
0.123
0.170
0.165
0.163
0.162
0.157
0.172
0.169
0.116
0.165
0.172
0.165
0.167
0.171
0.158
0.167
0.121
0.165
0.184
0.159
0.164
0.167
0.170
0.163
0.120
0.169
0.208
0.165
0.156
0.169
0.176
0.169
0.118
0.169
0.161
0.170
0.161
0.158
0.166
0.164
0.117
0.159
0.167
0.166
0.167
0.169
0.179
0.164
0.106
0.169
0.366
0.165
0.165
0.165
0.126
0.168
0.116
0.169
0.169
0.151
0.155
0.168
0.161
0.165
0.125
0.170
0.164
0.169
0.127
0.168
0.169
0.171
0.117
0.169
0.202
0.170
0.166
0.130
0.163
0.168
0.122
0.170
0.159
0.163
0.165
0.173
0.144
0.169
0.133
0.164
0.157
0.167
0.163
0.166
0.167
0.129
0.123
0.172
0.164
0.155
0.159
0.166
0.164
0.166
0.122
0.170
0.163
0.170
0.169
0.157
0.121
0.159
0.366
0.174
0.167
0.169
0.370
0.168
0.162
0.165
0.125
0.170
0.166
0.166
0.163
0.168
0.170
0.159
0.115
0.168
0.159
0.163
0.162
0.170
0.194
0.161
0.115
0.165
0.163
0.159
0.163
0.166
0.165
0.165
0.117
0.161
0.195
0.168
0.161
0.171
0.162
0.169
0.118
0.167
0.156
0.174
0.168
0.170
0.163
0.164
0.119
0.156
0.116
0.153
0.163
0.157
0.167
0.167
0.119
0.166
0.178
0.166
0.119
0.170
0.136
0.163
0.112
0.163
0.120
0.159
0.163
0.156
0.167
0.170
0.120
0.169
0.164
0.168
0.165
0.162
0.155
0.165
0.119
0.168
0.164
0.155
0.155
0.180
0.170
0.135
0.117
0.168
0.155
0.165
0.158
0.170
0.161
0.172
0.119
0.168
0.168
0.157
0.167
0.137
0.165
0.165
0.122
0.094
0.164
0.167
0.168
0.163
0.163
0.157
0.115
0.161
0.129
0.165
0.164
0.165
0.170
0.155
0.116
0.167
0.114
0.165
0.127
0.165
0.169
0.168
0.382
0.166
0.169
0.086
0.165
0.168
0.180
0.165
0.120
0.158
0.168
0.167
0.153
0.166
0.173
0.165
0.119
0.168
0.165
0.161
0.175
0.166
0.165
0.168
0.116
0.173
0.172
0.159
0.164
0.157
0.189
0.169
0.118
0.087
0.163
0.170
0.162
0.161
0.170
0.169
0.118
0.163
0.170
0.155
0.167
0.155
0.168
0.168
0.116
0.165
0.162
0.164
0.163
0.171
0.156
0.166
0.124
0.164
0.354
0.128
0.114
0.171
0.339
0.158
0.118
0.167
0.168
0.172
0.159
0.169
0.165
0.174
0.117
0.172
0.161
0.174
0.162
0.160
0.164
0.163
0.124
0.144
0.168
0.169
0.167
0.167
0.161
0.166
0.121
0.169
0.131
0.127
0.168
0.169
0.170
0.163
0.120
0.165
0.171
0.131
0.163
0.172
0.170
0.167
0.121
0.163
0.169
0.167
0.159
0.164
0.165
0.168
0.117
0.162
0.168
0.166
0.186
0.164
0.125
0.157
0.114
0.169
0.161
0.163
0.314
0.170
0.163
0.176
0.116
0.168
0.164
0.156
0.163
0.172
0.172
0.166
0.123
0.165
0.161
0.168
0.159
0.167
0.170
0.165
0.116
0.159
0.165
0.165
0.165
0.164
0.162
0.168
0.114
0.169
0.158
0.166
0.167
0.168
0.160
0.163
0.119
0.165
0.165
0.159
0.159
0.164
0.165
0.167
0.116
0.167
0.171
0.167
0.161
0.167
0.168
0.167
0.118
0.168
0.165
0.165
0.124
0.163
0.347
0.170
0.118
0.133
0.308
0.168
0.184
0.164
0.161
0.166
0.121
0.165
0.162
0.163
0.164
0.166
0.162
0.161
0.119
0.165
0.165
0.137
0.168
0.172
0.166
0.175
0.117
0.165
0.167
0.166
0.132
0.173
0.165
0.173
0.119
0.169
0.166
0.164
0.168
0.160
0.167
0.173
0.118
0.159
0.165
0.161
0.164
0.165
0.161
0.167
0.117
0.164
0.170
0.157
0.175
0.163
0.161
0.170
0.116
0.174
0.120
0.165
0.364
0.168
0.168
0.171
0.122
0.166
0.163
0.164
0.166
0.163
0.160
0.172
0.120
0.170
0.170
0.166
0.163
0.172
0.155
0.164
0.117
0.165
0.168
0.158
0.161
0.167
0.164
0.156
0.117
0.165
0.159
0.164
0.158
0.169
0.170
0.168
0.119
0.166
0.172
0.165
0.174
0.161
0.162
0.169
0.122
0.156
0.170
0.159
0.163
0.170
0.158
0.164
0.117
0.166
0.161
0.166
0.158
0.200
0.166
0.160
0.121
0.167
0.124
0.161
0.167
0.164
0.313
0.167
0.119
0.164
0.169
0.168
0.159
0.163
0.179
0.164
0.115
0.162
0.183
0.167
0.183
0.126
0.170
0.169
0.114
0.170
0.162
0.167
0.167
0.167
0.132
0.169
0.122
0.165
0.165
0.158
0.165
0.176
0.171
0.151
0.116
0.171
0.166
0.165
0.166
0.164
0.165
0.173
0.117
0.164
0.167
0.181
0.176
0.160
0.162
0.166
0.119
0.162
0.168
0.166
0.171
0.172
0.111
0.087
0.358
0.168
0.171
0.165
0.120
0.171
0.187
0.157
0.122
0.166
0.161
0.165
0.197
0.171
0.162
0.168
0.136
0.151
0.169
0.166
0.162
0.158
0.176
0.166
0.124
0.160
0.181
0.170
0.158
0.169
0.160
0.169
0.127
0.162
0.155
0.171
0.173
0.170
0.164
0.165
0.126
0.168
0.186
0.155
0.168
0.166
0.165
0.169
0.121
0.166
0.166
0.166
0.158
0.164
0.168
0.171
0.131
0.160
0.166
0.164
0.123
0.147
0.119
0.166
0.129
0.159
0.134
0.178
0.165
0.188
0.130
0.171
0.118
0.167
0.166
0.160
0.163
0.165
0.168
0.133
0.122
0.167
0.167
0.169
0.163
0.169
0.166
0.167
0.129
0.167
0.155
0.168
0.170
0.157
0.170
0.166
0.138
0.144
0.169
0.175
0.160
0.158
0.154
0.163
0.121
0.165
0.175
0.169
0.161
0.158
0.164
0.157
0.118
0.166
0.162
0.165
0.186
0.165
0.163
0.171
0.129
0.166
0.125
0.172
0.124
0.167
0.170
0.165
0.119
0.163
0.164
0.163
0.170
0.166
0.159
0.169
0.119
0.175
0.158
0.170
0.164
0.167
0.169
0.159
0.124
0.166
0.164
0.158
0.168
0.167
0.162
0.166
0.134
0.165
0.158
0.167
0.162
0.168
0.166
0.165
0.125
0.164
0.164
0.170
0.166
0.197
0.167
0.166
0.131
0.164
0.162
0.167
