0.176
0.150
0.147
0.137
0.149
0.154
0.153
0.160
0.149
0.159
0.156
0.156
0.152
0.148
0.149
0.149
0.161
0.156
0.150
0.153
0.151
0.156
0.151
0.116
0.144
0.149
0.152
0.156
0.149
0.154
0.151
0.161
0.156
0.149
0.134
0.106
0.156
0.155
0.150
0.158
0.152
0.152
0.158
0.153
0.148
0.157
0.147
0.123
0.156
0.149
0.151
0.161
0.157
0.149
0.153
0.151
0.148
0.114
0.152
0.149
0.161
0.148
0.155
0.154
0.153
0.151
0.158
0.154
0.126
0.114
0.142
0.156
0.157
0.149
0.152
0.150
0.114
0.152
0.152
0.149
0.147
0.145
0.155
0.156
0.148
0.150
0.152
0.161
0.149
0.150
0.150
0.142
0.141
0.154
0.149
0.152
0.156
0.151
0.158
0.107
0.150
0.163
0.118
0.141
0.148
0.150
0.153
0.158
0.148
0.149
0.149
0.158
0.152
0.151
0.140
0.143
0.156
0.152
0.154
0.159
0.153
0.151
0.158
0.148
0.158
0.144
0.143
0.154
0.159
0.150
0.149
0.158
0.150
0.157
0.152
0.152
0.120
0.146
0.143
0.156
0.154
0.157
0.150
0.151
0.154
0.151
0.151
0.154
0.155
0.146
0.151
0.161
0.152
0.149
0.153
0.149
0.157
0.146
0.149
0.151
0.143
0.157
0.160
0.150
0.151
0.151
0.151
0.166
0.142
0.142
0.119
0.150
0.140
0.151
0.150
0.150
0.157
0.159
0.160
0.150
0.149
0.136
0.142
0.147
0.155
0.149
0.156
0.161
0.149
0.160
0.148
0.167
0.156
0.142
0.143
0.149
0.162
0.152
0.153
0.152
0.156
0.157
0.153
0.143
0.140
0.144
0.154
0.157
0.153
0.163
0.149
0.161
0.158
0.153
0.103
0.145
0.143
0.149
0.151
0.158
0.148
0.153
0.157
0.150
0.149
0.149
0.151
0.148
0.146
0.156
0.158
0.155
0.129
0.148
0.155
0.158
0.147
0.152
0.139
0.143
0.151
0.111
0.154
0.151
0.148
0.155
0.155
0.161
0.150
0.122
0.147
0.156
0.153
0.152
0.141
0.153
0.108
0.153
0.150
0.151
0.131
0.150
0.106
0.158
0.151
0.147
0.143
0.154
0.154
0.155
0.108
0.156
0.145
0.140
0.148
0.151
0.157
0.148
0.152
0.150
0.147
0.146
0.159
0.112
0.141
0.149
0.157
0.156
0.158
0.149
0.141
0.156
0.152
0.150
0.123
0.143
0.149
0.157
0.151
0.148
0.145
0.156
0.150
0.149
0.157
0.158
0.148
0.112
0.150
0.153
0.154
0.148
0.152
0.164
0.145
0.149
0.158
0.145
0.153
0.148
0.141
0.151
0.161
0.152
0.151
0.154
0.151
0.156
0.118
0.144
0.144
0.160
0.155
0.158
0.145
0.150
0.158
0.155
0.149
0.157
0.141
0.154
0.152
0.148
0.144
0.150
0.150
0.154
0.155
0.141
0.152
0.153
0.146
0.153
0.140
0.152
0.161
0.152
0.155
0.152
0.152
0.152
0.149
0.151
0.105
0.150
0.153
0.159
0.149
0.155
0.151
0.156
0.155
0.142
0.150
0.147
0.158
0.150
0.147
0.158
0.152
0.157
0.151
0.147
0.155
0.145
0.150
0.157
0.147
0.149
0.156
0.164
0.144
0.141
0.150
0.150
0.139
0.143
0.153
0.153
0.155
0.153
0.161
0.154
0.153
0.150
0.159
0.117
0.145
0.148
0.154
0.154
0.155
0.107
0.156
0.154
0.163
0.158
0.106
0.146
0.157
0.166
0.153
0.113
0.144
0.107
0.164
0.157
0.151
0.150
0.147
0.150
0.154
0.090
0.150
0.150
0.166
0.152
0.149
0.150
0.156
0.115
0.146
0.155
0.147
0.150
0.156
0.161
0.156
0.152
0.150
0.156
0.150
0.147
0.152
0.155
0.157
0.151
0.151
0.150
0.156
0.156
0.152
0.154
0.152
0.148
0.151
0.157
0.149
0.106
0.151
0.163
0.151
0.147
0.155
0.116
0.150
0.158
0.151
0.154
0.150
0.155
0.160
0.151
0.149
0.149
0.114
0.143
0.140
0.152
0.155
0.152
0.157
0.151
0.110
0.152
0.156
0.150
0.146
0.141
0.151
0.156
0.151
0.154
0.141
0.151
0.151
0.167
0.148
0.151
0.142
0.157
0.149
0.151
0.155
0.151
0.158
0.159
0.151
0.159
0.144
0.147
0.149
0.150
0.152
0.153
0.151
0.155
0.149
0.150
0.153
0.159
0.149
0.146
0.149
0.156
0.156
0.156
0.153
0.149
0.151
0.161
0.146
0.141
0.145
0.154
0.150
0.162
0.157
0.149
0.149
0.157
0.152
0.149
0.115
0.143
0.149
0.155
0.151
0.149
0.150
0.150
0.152
0.150
0.150
0.163
0.144
0.111
0.106
0.154
0.157
0.139
0.155
0.154
0.148
0.153
0.156
0.148
0.147
0.152
0.154
0.160
0.150
0.141
0.158
0.148
0.154
0.153
0.147
0.140
0.156
0.162
0.154
0.151
0.149
0.149
0.162
0.148
0.163
0.127
0.142
0.146
0.160
0.166
0.154
0.151
0.150
0.153
0.156
0.152
0.154
0.148
0.134
0.151
0.157
0.150
0.151
0.154
0.153
0.120
0.150
0.158
0.140
0.140
0.149
0.152
0.158
0.157
0.114
0.149
0.148
0.162
0.150
0.116
0.143
0.147
0.161
0.149
0.154
0.155
0.150
0.154
0.158
0.150
0.148
0.139
0.149
0.158
0.153
0.153
0.152
0.158
0.151
0.143
0.149
0.147
0.149
0.145
0.150
0.158
0.150
0.157
0.155
0.159
0.153
0.153
0.151
0.119
0.147
0.159
0.151
0.152
0.160
0.151
0.156
0.156
0.159
0.151
0.135
0.141
0.148
0.156
0.154
0.156
0.150
0.155
0.152
0.160
0.149
0.152
0.144
0.157
0.158
0.150
0.150
0.157
0.157
0.157
0.153
0.151
0.150
0.148
0.143
0.156
0.154
0.155
0.160
0.156
0.149
0.151
0.150
0.155
0.115
0.141
0.139
0.157
0.156
0.144
0.151
0.150
0.157
0.160
0.155
0.140
0.148
0.141
0.331
0.146
0.102
0.144
0.158
0.165
0.156
0.105
0.141
0.144
0.151
0.154
0.151
0.151
0.151
0.153
0.110
0.156
0.152
0.150
0.105
0.146
0.150
0.151
0.155
0.157
0.156
0.151
0.152
0.162
0.157
0.149
0.145
0.153
0.150
0.157
0.157
0.155
0.154
0.142
0.159
0.163
0.152
0.143
0.143
0.156
0.154
0.150
0.154
0.147
0.163
0.158
0.151
0.149
0.145
0.149
0.151
0.149
0.161
0.156
0.155
0.161
0.148
0.150
0.152
0.148
0.147
0.141
0.154
0.152
0.160
0.149
0.149
0.153
0.149
0.160
0.156
0.105
0.143
0.154
0.157
0.169
0.154
0.152
0.149
0.160
0.151
0.154
0.142
0.146
0.163
0.155
0.150
0.158
0.150
0.153
0.150
0.146
0.151
0.127
0.134
0.150
0.148
0.147
0.153
0.156
0.150
0.153
0.152
0.156
0.159
0.140
0.142
0.152
0.183
0.142
0.157
0.152
0.148
0.146
0.143
0.154
0.142
0.141
0.151
0.156
0.153
0.157
0.149
0.192
0.153
0.160
0.154
0.122
0.147
0.147
0.144
0.149
0.152
0.153
0.155
0.148
0.150
0.156
0.151
0.150
0.141
0.150
0.148
0.189
0.153
0.161
0.153
0.150
0.147
0.152
0.146
0.143
0.150
0.150
0.151
0.155
0.151
0.151
0.149
0.157
0.156
0.115
0.148
0.153
0.115
0.152
0.150
0.150
0.150
0.159
0.154
0.150
0.135
0.142
0.140
0.159
0.157
0.151
0.147
0.154
0.154
0.153
0.149
0.182
0.144
0.150
0.147
0.150
0.154
0.151
0.162
0.151
0.154
0.151
0.151
0.149
0.143
0.149
0.149
0.160
0.149
0.149
0.153
0.154
0.154
0.158
0.133
0.111
0.143
0.160
0.148
0.157
0.150
0.151
0.151
0.160
0.154
0.146
0.145
0.147
0.150
0.150
0.149
0.158
0.157
0.150
0.148
0.152
0.151
0.145
0.149
0.149
0.149
0.149
0.151
0.154
0.154
0.151
0.149
0.155
0.117
0.163
0.153
0.108
0.153
0.151
0.155
0.152
0.142
0.156
0.149
0.152
0.142
0.144
0.151
0.155
0.149
0.155
0.154
0.158
0.154
0.145
0.154
0.178
0.142
0.156
0.150
0.148
0.150
0.152
0.154
0.155
0.153
0.150
0.142
0.145
0.160
0.149
0.155
0.112
0.191
0.107
0.154
0.150
0.158
0.121
0.148
0.146
0.155
0.158
0.151
0.150
0.158
0.157
0.112
0.151
0.114
0.145
0.155
0.159
0.156
0.110
0.150
0.119
0.181
0.150
0.154
0.149
0.141
0.144
0.154
0.159
0.150
0.150
0.151
0.156
0.148
0.156
0.149
0.157
0.147
0.151
0.153
0.111
0.162
0.147
0.147
0.078
0.147
0.156
0.160
0.144
0.149
0.154
0.151
0.152
0.141
0.150
0.156
0.162
0.123
0.157
0.145
0.146
0.159
0.152
0.150
0.155
0.150
0.152
0.154
0.150
0.148
0.117
0.145
0.150
0.153
0.146
0.156
0.158
0.150
0.149
0.149
0.156
0.162
0.152
0.142
0.146
0.143
0.156
0.150
0.150
0.108
0.105
0.153
0.157
0.144
0.143
0.151
0.162
0.149
0.149
0.150
0.156
0.158
0.149
0.152
0.116
0.138
0.157
0.163
0.154
0.151
0.155
0.151
0.158
0.149
0.153
0.126
0.148
0.141
0.151
0.148
0.155
0.155
0.155
0.146
0.158
0.150
0.163
0.142
0.145
0.150
0.160
0.156
0.160
0.149
0.153
0.151
0.156
0.138
0.142
0.143
0.150
0.162
0.157
0.149
0.156
0.149
0.157
0.157
0.156
0.120
0.142
0.142
0.163
0.157
0.159
0.153
0.165
0.153
0.150
0.149
0.133
0.151
0.143
0.150
0.145
0.149
0.153
0.148
0.154
0.150
0.151
0.156
0.148
0.149
0.155
0.148
0.154
0.154
0.155
0.155
0.146
0.159
0.148
0.107
0.141
0.188
0.158
0.158
0.148
0.153
0.155
0.151
0.156
0.149
0.145
0.156
0.145
0.158
0.145
0.148
0.160
0.154
0.152
0.149
0.153
0.150
0.114
0.144
0.170
0.106
0.103
0.149
0.161
0.157
0.155
0.155
0.157
0.143
0.144
0.151
0.153
0.160
0.148
0.152
0.153
0.153
0.151
0.156
0.118
0.146
0.142
0.160
0.161
0.147
0.157
0.158
0.162
0.152
0.155
0.150
0.149
0.144
0.154
0.155
0.150
0.153
0.145
0.159
0.149
0.158
0.165
0.153
0.148
0.151
0.149
0.159
0.156
0.154
0.158
0.150
0.162
0.157
0.150
0.105
0.154
0.153
0.158
0.159
0.156
0.152
0.154
0.160
0.126
0.142
0.144
0.155
0.151
0.157
0.151
0.152
0.155
0.150
0.153
0.150
0.152
0.147
0.163
0.149
0.154
0.148
0.151
0.151
0.166
0.152
0.160
0.153
0.123
0.151
0.155
0.152
0.155
0.151
0.160
0.154
0.148
0.159
0.154
0.151
0.113
0.148
0.156
0.153
0.160
0.159
0.150
0.150
0.122
0.155
0.155
0.145
0.142
0.161
0.151
0.148
0.148
0.151
0.155
0.156
0.157
0.154
0.118
0.157
0.154
0.150
0.152
0.150
0.158
0.156
0.150
0.142
0.151
0.123
0.144
0.147
0.153
0.151
0.150
0.153
0.148
0.150
0.114
0.153
0.162
0.143
0.147
0.158
0.159
0.150
0.147
0.162
0.155
0.158
0.150
0.149
0.142
0.152
0.150
0.163
0.149
0.151
0.154
0.151
0.154
0.143
0.156
0.136
0.143
0.155
0.114
0.156
0.157
0.159
0.149
0.152
0.144
0.148
0.152
0.154
0.146
0.150
0.154
0.153
0.156
0.149
0.151
0.150
0.154
0.158
0.148
0.144
0.155
0.156
0.153
0.155
0.149
0.150
0.113
0.157
0.151
0.149
0.146
0.162
0.155
0.150
0.151
0.143
0.155
0.151
0.150
0.150
0.120
0.156
0.143
0.162
0.154
0.155
0.152
0.164
0.152
0.157
0.155
0.144
0.146
0.143
0.155
0.181
0.160
0.153
0.149
0.151
0.149
0.165
0.142
0.150
0.142
0.160
0.150
0.160
0.155
0.151
0.157
0.157
0.157
0.149
0.114
0.142
0.148
0.158
0.149
0.154
0.156
0.153
0.151
0.152
0.148
0.149
0.145
0.152
0.153
0.151
0.155
0.108
0.156
0.148
0.155
0.153
0.158
0.140
0.111
0.148
0.182
0.161
0.169
0.148
0.151
0.153
0.159
0.157
0.121
0.148
0.149
0.152
0.115
0.153
0.153
0.150
0.156
0.149
0.150
0.149
0.142
0.154
0.150
0.146
0.148
0.142
0.152
0.145
0.147
0.147
0.150
0.146
0.147
0.154
0.149
0.149
0.162
0.149
0.149
0.154
0.148
0.156
0.143
0.146
0.152
0.150
0.156
0.148
0.156
0.156
0.151
0.155
0.161
0.138
0.145
0.147
0.161
0.152
0.154
0.148
0.151
0.159
0.148
0.151
0.142
0.142
0.146
0.160
0.150
0.148
0.154
0.150
0.165
0.151
0.158
0.150
0.149
0.145
0.118
0.152
0.185
0.153
0.155
0.149
0.155
0.145
0.160
0.121
0.140
0.142
0.149
0.151
0.150
0.150
0.152
0.150
0.159
0.152
0.163
0.145
0.142
0.156
0.156
0.154
0.148
0.155
0.152
0.154
0.152
0.160
0.109
0.143
0.158
0.151
0.145
0.158
0.149
0.161
0.151
0.148
0.151
0.116
0.141
0.148
0.148
0.151
0.158
0.149
0.142
0.148
0.157
0.152
0.138
0.140
0.141
0.154
0.147
0.150
0.151
0.148
0.149
0.158
0.150
0.151
0.148
0.142
0.151
0.155
0.153
0.154
0.151
0.157
0.151
0.155
0.155
0.115
0.153
0.150
0.148
0.154
0.154
0.162
0.157
0.149
0.150
0.155
0.137
0.146
0.150
0.149
0.150
0.159
0.158
0.150
0.154
0.084
0.157
0.147
0.148
0.111
0.159
0.163
0.153
0.148
0.153
0.150
0.153
0.160
0.155
0.145
0.152
0.154
0.160
0.149
0.161
0.156
0.166
0.155
0.163
0.141
0.118
0.155
0.142
0.149
0.153
0.145
0.157
0.153
0.148
0.160
0.145
0.154
0.148
0.145
0.149
0.151
0.163
0.156
0.155
0.155
0.153
0.157
0.152
0.105
0.144
0.151
0.152
0.155
0.156
0.151
0.157
0.152
0.157
0.152
0.132
0.159
0.152
0.152
0.153
0.149
0.149
0.154
0.148
0.148
0.148
0.124
0.125
0.145
0.148
0.148
0.151
0.150
0.153
0.149
0.149
0.156
0.157
0.147
0.151
0.148
0.352
0.157
0.154
0.148
0.111
0.356
0.151
0.157
0.146
0.147
0.321
0.151
0.155
0.146
0.142
0.171
0.154
0.143
0.108
0.295
0.145
0.151
0.139
0.160
0.155
0.157
0.159
0.157
0.149
0.149
0.106
0.143
0.149
0.150
0.452
0.155
0.156
0.152
0.152
0.440
0.158
0.161
0.145
0.122
0.404
0.155
0.152
0.112
0.149
0.423
0.154
0.153
0.154
0.139
0.347
0.154
0.158
0.155
0.151
0.368
0.149
0.134
0.150
0.153
0.307
0.152
0.148
0.152
0.153
0.263
0.154
0.151
0.158
0.154
0.248
0.160
0.157
0.148
0.147
0.175
0.152
0.164
0.156
0.161
0.171
0.151
0.153
0.125
0.104
0.140
0.156
0.151
0.148
0.148
0.102
0.143
0.158
0.154
0.130
0.086
0.144
0.158
0.157
0.149
0.077
0.153
0.156
0.141
0.152
0.077
0.144
0.149
0.149
0.148
0.076
0.155
0.157
0.158
0.149
0.077
0.152
0.153
0.145
0.110
0.141
0.155
0.151
0.156
0.150
0.081
0.148
0.151
0.119
0.144
0.081
0.156
0.160
0.150
0.144
0.077
0.150
0.157
0.156
0.151
0.122
0.142
0.159
0.157
0.153
0.088
0.154
0.152
0.158
0.154
0.111
0.145
0.148
0.149
0.156
0.147
0.150
0.163
0.155
0.151
0.148
0.151
0.117
0.148
0.154
0.110
0.154
0.154
0.156
0.155
0.142
0.148
0.156
0.153
0.143
0.144
0.150
0.157
0.150
0.105
0.148
0.155
0.160
0.154
0.154
0.140
0.145
0.157
0.155
0.146
0.141
0.156
0.163
0.152
0.140
0.143
0.119
0.149
0.149
0.153
0.141
0.145
0.154
0.167
0.152
0.145
0.151
0.131
0.159
0.141
0.141
0.150
0.149
0.154
0.156
0.140
0.152
0.156
0.149
0.145
0.146
0.155
0.158
0.162
0.149
0.145
0.153
0.151
0.151
0.147
0.144
0.143
0.161
0.153
0.148
0.152
0.150
0.160
0.161
0.156
0.150
