0.433
0.159
0.165
0.160
0.150
0.174
0.148
0.152
0.147
0.157
0.158
0.107
0.153
0.149
0.158
0.148
0.153
0.144
0.154
0.153
0.158
0.106
0.151
0.156
0.147
0.153
0.151
0.154
0.155
0.152
0.155
0.108
0.153
0.144
0.161
0.154
0.159
0.158
0.155
0.110
0.150
0.075
0.118
0.152
0.156
0.153
0.154
0.162
0.155
0.145
0.158
0.110
0.154
0.154
0.153
0.153
0.156
0.154
0.146
0.154
0.158
0.108
0.152
0.153
0.160
0.152
0.159
0.144
0.111
0.156
0.156
0.107
0.159
0.158
0.145
0.156
0.149
0.153
0.158
0.148
0.155
0.075
0.154
0.144
0.156
0.146
0.147
0.153
0.163
0.153
0.155
0.075
0.147
0.158
0.177
0.157
0.152
0.152
0.159
0.153
0.155
0.076
0.156
0.116
0.160
0.159
0.147
0.149
0.159
0.158
0.147
0.160
0.135
0.156
0.154
0.153
0.155
0.155
0.155
0.145
0.154
0.107
0.159
0.153
0.164
0.153
0.152
0.151
0.150
0.156
0.159
0.139
0.153
0.144
0.154
0.150
0.158
0.145
0.159
0.159
0.154
0.105
0.155
0.158
0.150
0.154
0.145
0.152
0.154
0.156
0.163
0.106
0.160
0.144
0.159
0.117
0.159
0.157
0.152
0.158
0.156
0.105
0.148
0.153
0.134
0.154
0.156
0.146
0.157
0.151
0.159
0.105
0.154
0.132
0.154
0.160
0.160
0.158
0.154
0.153
0.149
0.107
0.155
0.172
0.142
0.154
0.154
0.149
0.153
0.149
0.154
0.107
0.154
0.152
0.154
0.152
0.156
0.153
0.146
0.153
0.154
0.106
0.154
0.111
0.155
0.143
0.160
0.148
0.154
0.156
0.160
0.107
0.160
0.153
0.150
0.166
0.148
0.154
0.145
0.153
0.164
0.107
0.155
0.154
0.147
0.116
0.156
0.154
0.154
0.160
0.160
0.105
0.146
0.152
0.158
0.156
0.154
0.158
0.160
0.163
0.155
0.111
0.156
0.079
0.157
0.152
0.158
0.151
0.150
0.153
0.147
0.089
0.155
0.152
0.146
0.150
0.155
0.144
0.162
0.149
0.158
0.107
0.155
0.148
0.155
0.106
0.147
0.158
0.146
0.147
0.154
0.107
0.158
0.153
0.154
0.144
0.079
0.143
0.164
0.155
0.155
0.107
0.111
0.158
0.149
0.158
0.121
0.153
0.157
0.157
0.151
0.108
0.109
0.149
0.159
0.157
0.154
0.153
0.159
0.145
0.154
0.109
0.147
0.154
0.159
0.152
0.155
0.146
0.163
0.149
0.161
0.150
0.156
0.107
0.158
0.161
0.160
0.154
0.153
0.157
0.146
0.105
0.156
0.158
0.159
0.155
0.154
0.144
0.155
0.148
0.156
0.108
0.155
0.152
0.162
0.167
0.146
0.160
0.120
0.153
0.160
0.218
0.155
0.154
0.108
0.144
0.159
0.150
0.154
0.149
0.151
0.105
0.155
0.152
0.152
0.160
0.154
0.153
0.160
0.157
0.157
0.110
0.113
0.148
0.147
0.159
0.163
0.156
0.155
0.153
0.147
0.108
0.149
0.153
0.154
0.108
0.112
0.153
0.154
0.149
0.154
0.106
0.159
0.160
0.159
0.109
0.164
0.146
0.146
0.153
0.118
0.106
0.154
0.156
0.153
0.160
0.155
0.150
0.156
0.109
0.164
0.110
0.159
0.153
0.154
0.153
0.109
0.153
0.112
0.152
0.152
0.105
0.156
0.153
0.154
0.149
0.154
0.154
0.157
0.152
0.159
0.107
0.158
0.149
0.154
0.153
0.157
0.159
0.153
0.166
0.161
0.106
0.148
0.145
0.154
0.155
0.152
0.107
0.154
0.152
0.149
0.107
0.151
0.151
0.155
0.152
0.157
0.155
0.156
0.151
0.153
0.107
0.161
0.165
0.159
0.165
0.155
0.155
0.152
0.162
0.132
0.076
0.154
0.150
0.155
0.154
0.157
0.146
0.107
0.124
0.154
0.106
0.157
0.110
0.156
0.152
0.145
0.144
0.159
0.154
0.154
0.075
0.157
0.152
0.166
0.156
0.154
0.154
0.158
0.159
0.155
0.157
0.147
0.155
0.147
0.153
0.156
0.156
0.155
0.107
0.148
0.146
0.154
0.149
0.158
0.153
0.146
0.107
0.157
0.161
0.083
0.106
0.149
0.146
0.161
0.154
0.147
0.152
0.158
0.145
0.155
0.117
0.160
0.153
0.160
0.153
0.163
0.153
0.147
0.152
0.106
0.106
0.155
0.112
0.153
0.155
0.161
0.151
0.158
0.153
0.155
0.106
0.158
0.152
0.171
0.158
0.146
0.154
0.154
0.157
0.154
0.108
0.147
0.144
0.152
0.146
0.160
0.152
0.162
0.156
0.157
0.076
0.149
0.158
0.153
0.158
0.156
0.161
0.161
0.153
0.155
0.150
0.120
0.151
0.155
0.152
0.128
0.153
0.162
0.158
0.145
0.106
0.145
0.155
0.154
0.156
0.153
0.157
0.154
0.144
0.155
0.108
0.108
0.159
0.154
0.158
0.153
0.152
0.149
0.151
0.154
0.106
0.111
0.151
0.154
0.149
0.148
0.147
0.124
0.159
0.155
0.075
0.155
0.152
0.149
0.152
0.148
0.152
0.156
0.128
0.159
0.106
0.159
0.108
0.158
0.144
0.153
0.144
0.109
0.153
0.151
0.159
0.151
0.152
0.121
0.159
0.160
0.153
0.161
0.162
0.155
0.107
0.156
0.146
0.160
0.145
0.154
0.158
0.155
0.153
0.150
0.108
0.156
0.152
0.107
0.158
0.160
0.153
0.156
0.153
0.164
0.150
0.154
0.156
0.154
0.153
0.153
0.149
0.146
0.153
0.146
0.110
0.157
0.155
0.081
0.151
0.159
0.147
0.154
0.153
0.158
0.113
0.159
0.152
0.146
0.106
0.146
0.156
0.146
0.162
0.154
0.076
0.155
0.162
0.160
0.114
0.160
0.152
0.158
0.151
0.160
0.084
0.134
0.154
0.126
0.156
0.156
0.157
0.149
0.153
0.156
0.107
0.154
0.151
0.160
0.160
0.110
0.157
0.160
0.153
0.147
0.076
0.160
0.154
0.159
0.153
0.155
0.145
0.154
0.150
0.112
0.124
0.118
0.145
0.160
0.155
0.149
0.156
0.148
0.153
0.161
0.076
0.155
0.158
0.160
0.145
0.155
0.105
0.154
0.155
0.154
0.162
0.156
0.154
0.150
0.106
0.108
0.152
0.158
0.144
0.108
0.076
0.160
0.144
0.110
0.116
0.161
0.155
0.158
0.152
0.163
0.107
0.147
0.153
0.159
0.153
0.154
0.153
0.108
0.153
0.149
0.106
0.161
0.150
0.145
0.152
0.154
0.162
0.158
0.154
0.148
0.075
0.161
0.152
0.155
0.154
0.156
0.144
0.163
0.131
0.151
0.154
0.153
0.367
0.160
0.151
0.154
0.152
0.150
0.107
0.153
0.107
0.161
0.155
0.163
0.144
0.163
0.144
0.154
0.153
0.164
0.106
0.158
0.163
0.151
0.158
0.129
0.153
0.159
0.156
0.155
0.106
0.157
0.146
0.151
0.154
0.164
0.154
0.155
0.162
0.107
0.108
0.148
0.154
0.153
0.150
0.154
0.158
0.161
0.146
0.159
0.107
0.154
0.156
0.154
0.152
0.159
0.152
0.148
0.160
0.159
0.106
0.155
0.154
0.154
0.152
0.156
0.115
0.153
0.151
0.155
0.105
0.154
0.157
0.155
0.152
0.147
0.153
0.119
0.152
0.155
0.106
0.161
0.156
0.154
0.150
0.154
0.309
0.158
0.152
0.155
0.107
0.161
0.157
0.146
0.152
0.159
0.152
0.159
0.165
0.154
0.108
0.110
0.141
0.076
0.164
0.154
0.145
0.158
0.156
0.112
0.077
0.146
0.153
0.155
0.157
0.161
0.167
0.157
0.143
0.160
0.147
0.155
0.158
0.160
0.152
0.152
0.153
0.152
0.153
0.128
0.152
0.154
0.105
0.153
0.152
0.153
0.154
0.156
0.126
0.161
0.106
0.169
0.153
0.156
0.155
0.146
0.153
0.146
0.152
0.167
0.106
0.163
0.157
0.154
0.144
0.155
0.152
0.151
0.150
0.149
0.105
0.154
0.154
0.107
0.145
0.153
0.146
0.155
0.153
0.154
0.145
0.157
0.149
0.163
0.152
0.157
0.155
0.154
0.142
0.144
0.106
0.153
0.154
0.156
0.152
0.154
0.152
0.154
0.145
0.161
0.105
0.160
0.387
0.163
0.106
0.392
0.146
0.289
0.155
0.152
0.141
0.159
0.153
0.155
0.154
0.147
0.145
0.157
0.121
0.152
0.076
0.147
0.157
0.150
0.164
0.153
0.155
0.159
0.160
0.155
0.108
0.155
0.146
0.148
0.146
0.108
0.158
0.155
0.148
0.159
0.107
0.147
0.155
0.152
0.157
0.165
0.155
0.159
0.153
0.157
0.156
0.155
0.147
0.159
0.159
0.155
0.161
0.159
0.152
0.155
0.108
0.121
0.160
0.159
0.159
0.159
0.125
0.153
0.152
0.161
0.107
0.158
0.159
0.160
0.157
0.155
0.157
0.149
0.152
0.146
0.105
0.146
0.154
0.154
0.153
0.154
0.144
0.154
0.152
0.163
0.105
0.155
0.154
0.152
0.158
0.149
0.159
0.110
0.153
0.168
0.073
0.081
0.077
0.158
0.145
0.155
0.157
0.161
0.149
0.154
0.076
0.148
0.154
0.145
0.152
0.155
0.157
0.163
0.159
0.160
0.077
0.155
0.119
0.155
0.157
0.154
0.161
0.158
0.108
0.148
0.107
0.117
0.153
0.157
0.152
0.154
0.157
0.153
0.152
0.157
0.105
0.154
0.151
0.153
0.154
0.157
0.152
0.153
0.156
0.110
0.107
0.158
0.156
0.160
0.148
0.153
0.146
0.159
0.153
0.108
0.106
0.149
0.158
0.151
0.155
0.153
0.157
0.127
0.157
0.166
0.156
0.154
0.145
0.150
0.145
0.114
0.153
0.154
0.152
0.155
0.075
0.146
0.152
0.123
0.153
0.154
0.160
0.159
0.158
0.157
0.108
0.159
0.112
0.162
0.153
0.155
0.161
0.154
0.151
0.151
0.076
0.158
0.151
0.156
0.158
0.156
0.153
0.113
0.149
0.160
0.151
0.158
0.145
0.155
0.168
0.151
0.146
0.148
0.160
0.151
0.156
0.106
0.157
0.153
0.150
0.160
0.144
0.154
0.153
0.156
0.153
0.153
0.155
0.146
0.159
0.156
0.152
0.156
0.166
0.157
0.106
0.149
0.144
0.151
0.130
0.154
0.153
0.159
0.152
0.154
0.109
0.151
0.105
0.129
0.152
0.154
0.160
0.155
0.157
0.155
0.107
0.155
0.154
0.154
0.152
0.160
0.152
0.159
0.155
0.153
0.082
0.153
0.155
0.157
0.157
0.153
0.146
0.154
0.144
0.151
0.077
0.155
0.159
0.108
0.153
0.146
0.152
0.119
0.158
0.161
0.076
0.154
0.154
0.164
0.145
0.162
0.117
0.154
0.158
0.160
0.153
0.161
0.152
0.148
0.160
0.156
0.158
0.163
0.151
0.154
0.077
0.116
0.145
0.154
0.106
0.168
0.148
0.158
0.153
0.152
0.101
0.080
0.157
0.154
0.145
0.154
0.108
0.155
0.150
0.111
0.108
0.160
0.147
0.154
0.153
0.156
0.154
0.150
0.158
0.147
0.077
0.153
0.153
0.153
0.161
0.107
0.144
0.153
0.144
0.154
0.108
0.159
0.152
0.157
0.158
0.148
0.112
0.123
0.157
0.155
0.152
0.155
0.153
0.157
0.146
0.160
0.120
0.154
0.152
0.155
0.105
0.156
0.159
0.151
0.154
0.131
0.106
0.155
0.156
0.159
0.104
0.158
0.149
0.158
0.155
0.160
0.153
0.160
0.157
0.153
0.106
0.147
0.155
0.154
0.158
0.154
0.158
0.160
0.163
0.161
0.106
0.154
0.152
0.170
0.155
0.157
0.155
0.425
0.099
0.689
0.108
0.084
1.06
0.115
0.111
1.89
0.086
0.117
0.544
0.079
0.089
1.85
0.118
0.114
1.03
0.093
0.124
0.149
0.151
0.153
0.106
0.158
0.153
0.154
0.145
0.158
0.146
0.153
0.152
0.155
0.105
0.155
0.153
0.145
0.156
0.160
0.152
0.157
0.148
0.160
0.146
0.155
0.149
0.090
0.079
0.154
0.154
0.159
0.154
0.147
0.107
0.146
0.152
0.146
0.156
0.155
0.157
0.155
0.149
0.155
0.105
0.155
0.153
0.156
0.152
0.153
0.159
0.151
0.154
0.129
0.110
0.155
0.157
0.154
0.157
0.154
0.145
0.156
0.141
0.152
0.107
0.154
0.152
0.154
0.157
0.146
0.154
0.150
0.147
0.151
0.105
0.160
0.153
0.148
0.151
0.154
0.151
0.157
0.153
0.153
0.108
0.146
0.163
0.154
0.151
0.120
0.158
0.153
0.163
0.155
0.108
0.153
0.149
0.153
0.128
0.155
0.153
0.154
0.152
0.148
0.112
0.146
0.152
0.154
0.158
0.154
0.156
0.154
0.143
0.159
0.124
0.158
0.157
0.159
0.158
0.153
0.157
0.145
0.156
0.126
0.105
0.158
0.153
0.155
0.153
0.159
0.152
0.156
0.120
0.156
0.106
0.158
0.153
0.155
0.152
0.151
0.147
0.154
0.157
0.158
0.086
0.150
0.148
0.159
0.145
0.155
0.156
0.153
0.156
0.159
0.106
0.147
0.156
0.145
0.156
0.155
0.157
0.158
0.152
0.153
0.078
0.154
0.117
0.156
0.153
0.157
0.163
0.155
0.157
0.147
0.075
0.118
0.153
0.159
0.153
0.160
0.154
0.154
0.148
0.157
0.077
0.110
0.152
0.158
0.153
0.158
0.158
0.149
0.154
0.157
0.159
0.157
0.152
0.150
0.158
0.153
0.144
0.154
0.144
0.154
0.105
0.154
0.150
0.148
0.151
0.150
0.154
0.156
0.151
0.162
0.107
0.157
0.145
0.161
0.149
0.154
0.154
0.155
0.152
0.159
0.122
0.147
0.159
0.150
0.156
0.157
0.161
0.153
0.157
0.163
0.106
0.152
0.116
0.154
0.157
0.154
0.152
0.155
0.158
0.151
0.105
0.121
0.156
0.157
0.111
0.155
0.106
0.156
0.147
0.156
0.124
0.154
0.146
0.154
0.153
0.154
0.156
0.147
0.153
0.155
0.107
0.151
0.156
0.150
0.144
0.159
0.149
0.158
0.156
0.153
0.076
0.158
0.153
0.150
0.153
0.145
0.152
0.159
0.158
0.154
0.076
0.155
0.145
0.157
0.139
0.159
0.154
0.150
0.158
0.160
0.156
0.151
0.156
0.118
0.151
0.154
0.152
0.146
0.152
0.151
0.105
0.155
0.127
0.153
0.157
0.155
0.156
0.156
0.160
0.146
0.078
0.153
0.152
0.159
0.156
0.159
0.159
0.159
0.145
0.145
0.076
0.154
0.174
0.157
0.152
0.157
0.153
0.148
0.153
0.192
0.140
0.154
0.159
0.158
0.146
0.158
0.155
0.159
0.153
0.156
0.076
0.163
0.144
0.146
0.152
0.127
0.152
0.154
0.159
0.161
0.075
0.156
0.152
0.150
0.119
0.158
0.151
0.153
0.169
0.155
0.136
0.149
0.153
0.187
0.149
0.160
0.157
0.153
0.153
0.159
0.077
0.154
0.153
0.162
0.159
0.160
0.153
0.151
0.154
0.150
0.109
0.161
0.160
0.161
0.147
0.154
0.147
0.155
0.151
0.155
0.106
0.160
0.154
0.160
0.153
0.147
0.154
0.146
0.152
0.154
0.159
0.153
0.162
0.159
0.147
0.152
0.119
0.156
0.152
0.153
0.107
0.160
0.150
0.151
0.156
0.145
0.158
0.158
0.152
0.144
0.076
0.157
0.145
0.159
0.154
0.159
0.153
0.159
0.152
0.159
0.109
0.148
0.156
0.159
0.159
0.155
0.156
0.157
0.145
0.147
0.075
0.159
0.156
0.156
0.152
0.159
0.153
0.151
0.152
0.146
0.109
0.157
0.157
0.156
0.153
0.157
0.155
0.154
0.145
0.159
0.109
0.159
0.145
0.154
0.145
0.147
0.158
0.119
0.157
0.160
0.106
0.161
0.155
0.163
0.145
0.160
0.117
0.154
0.168
0.146
0.076
0.109
0.157
0.146
0.151
0.151
0.108
0.153
0.156
0.159
0.107
0.154
0.145
0.155
0.153
0.159
0.152
0.157
0.152
0.195
0.095
0.149
0.155
0.152
0.154
0.159
0.155
0.168
0.150
0.153
0.107
0.154
0.156
0.158
0.152
0.158
0.162
0.149
0.151
0.151
0.157
0.153
0.154
0.155
0.152
0.155
0.146
0.154
0.125
0.162
0.076
0.153
0.152
0.153
0.152
0.148
0.152
0.119
0.153
0.155
0.075
0.149
0.152
0.147
0.149
0.167
0.156
0.155
0.152
0.146
0.076
0.158
0.152
0.114
0.148
0.154
0.153
0.154
0.157
0.162
0.108
0.160
0.152
0.162
0.156
0.154
0.151
0.154
0.157
0.147
0.142
0.147
0.157
0.154
0.154
0.152
0.158
0.155
0.145
