0.209
0.157
0.205
0.198
0.185
0.148
0.195
0.171
0.162
0.192
0.199
0.198
0.178
0.166
0.165
0.266
0.147
0.176
0.165
0.165
0.166
0.166
0.172
0.165
0.161
0.172
0.165
0.167
0.158
0.163
0.168
0.119
0.167
0.171
0.168
0.163
0.124
0.167
0.168
0.160
0.159
0.181
0.177
0.179
0.169
0.186
0.229
0.158
0.180
0.168
0.144
0.156
0.164
0.165
0.170
0.170
0.172
0.167
0.168
0.172
0.176
0.175
0.119
0.166
0.164
0.169
0.169
0.122
0.168
0.172
0.169
0.170
0.175
0.163
0.161
0.172
0.172
0.093
0.169
0.169
0.165
0.168
0.172
0.171
0.133
0.161
0.184
0.166
0.169
0.172
0.170
0.201
0.167
0.252
0.173
0.167
0.162
0.161
0.268
0.163
0.169
0.166
0.170
0.168
0.168
0.173
0.165
0.160
0.120
0.166
0.166
0.174
0.170
0.167
0.168
0.167
0.165
0.167
0.129
0.157
0.171
0.169
0.171
0.172
0.118
0.175
0.173
0.167
0.165
0.248
0.157
0.162
0.171
0.165
0.164
0.166
0.165
0.167
0.168
0.228
0.163
0.160
0.160
0.167
0.164
0.174
0.164
0.165
0.165
0.190
0.170
0.167
0.161
0.159
0.169
0.118
0.169
0.177
0.166
0.171
0.120
0.169
0.168
0.138
0.157
0.159
0.168
0.175
0.131
0.169
0.207
0.167
0.159
0.168
0.089
0.166
0.160
0.176
0.167
0.169
0.172
0.165
0.165
0.163
0.167
0.170
0.119
0.163
0.163
0.169
0.168
0.258
0.174
0.165
0.167
0.171
0.170
0.145
0.162
0.165
0.175
0.086
0.171
0.184
0.158
0.178
0.166
0.175
0.145
0.161
0.166
0.167
0.171
0.164
0.172
0.171
0.167
0.124
0.179
0.200
0.163
0.161
0.280
0.172
0.167
0.176
0.169
0.172
0.166
0.171
0.166
0.160
0.096
0.166
0.161
0.168
0.164
0.173
0.172
0.167
0.165
0.178
0.159
0.164
0.163
0.171
0.197
0.174
0.269
0.165
0.165
0.160
0.173
0.120
0.157
0.159
0.193
0.168
0.171
0.158
0.160
0.170
0.169
0.258
0.179
0.168
0.182
0.167
0.169
0.171
0.168
0.169
0.168
0.171
0.167
0.167
0.145
0.162
0.160
0.120
0.165
0.179
0.179
0.166
0.117
0.165
0.178
0.167
0.161
0.157
0.170
0.167
0.170
0.167
0.092
0.165
0.166
0.169
0.167
0.157
0.160
0.167
0.175
0.173
0.167
0.159
0.168
0.167
0.167
0.166
0.091
0.159
0.174
0.164
0.167
0.259
0.166
0.173
0.168
0.168
0.169
0.133
0.162
0.162
0.169
0.229
0.174
0.167
0.166
0.165
0.174
0.175
0.169
0.158
0.164
0.168
0.168
0.173
0.165
0.164
0.172
0.091
0.174
0.167
0.148
0.169
0.121
0.167
0.170
0.168
0.165
0.167
0.175
0.174
0.166
0.133
0.279
0.165
0.167
0.164
0.172
0.169
0.169
0.165
0.178
0.173
0.158
0.163
0.163
0.167
0.171
0.161
0.124
0.137
0.167
0.173
0.169
0.271
0.160
0.157
0.165
0.167
0.169
0.163
0.158
0.170
0.165
0.093
0.177
0.128
0.163
0.170
0.170
0.167
0.164
0.169
0.166
0.169
0.167
0.167
0.151
0.184
0.164
0.118
0.165
0.170
0.164
0.171
0.271
0.168
0.168
0.175
0.161
0.157
0.171
0.166
0.177
0.174
0.089
0.168
0.170
0.167
0.168
0.125
0.156
0.172
0.171
0.177
0.166
0.171
0.167
0.170
0.172
0.171
0.123
0.121
0.195
0.170
0.167
0.126
0.168
0.169
0.170
0.164
0.178
0.191
0.159
0.159
0.170
0.090
0.168
0.169
0.162
0.165
0.163
0.163
0.168
0.166
0.161
0.163
0.169
0.165
0.174
0.170
0.167
0.123
0.166
0.167
0.165
0.162
0.281
0.166
0.167
0.166
0.167
0.166
0.166
0.136
0.184
0.086
0.091
0.168
0.173
0.158
0.161
0.170
0.171
0.171
0.169
0.165
0.163
0.163
0.161
0.174
0.170
0.163
0.119
0.173
0.167
0.167
0.170
0.120
0.134
0.087
0.171
0.165
0.167
0.172
0.169
0.169
0.169
0.092
0.168
0.144
0.158
0.156
0.168
0.167
0.161
0.201
0.195
0.200
0.181
0.186
0.210
0.169
0.171
0.122
0.161
0.168
0.167
0.170
0.088
0.162
0.170
0.164
0.133
0.159
0.167
0.165
0.168
0.173
0.095
0.168
0.166
0.168
0.215
0.148
0.163
0.170
0.171
0.170
0.091
0.165
0.166
0.166
0.131
0.169
0.239
0.158
0.157
0.178
0.174
0.270
0.171
0.157
0.166
0.162
0.165
0.171
0.135
0.160
0.173
0.271
0.163
0.120
0.168
0.171
0.167
0.167
0.122
0.141
0.162
0.161
0.165
0.168
0.165
0.168
0.173
0.118
0.173
0.165
0.173
0.162
0.119
0.165
0.165
0.168
0.165
0.166
0.188
0.168
0.173
0.171
0.091
0.167
0.193
0.175
0.168
0.167
0.166
0.192
0.146
0.192
0.167
0.158
0.160
0.144
0.167
0.161
0.118
0.159
0.167
0.173
0.176
0.118
0.130
0.159
0.157
0.166
0.167
0.171
0.168
0.171
0.165
0.207
0.167
0.169
0.159
0.162
0.164
0.165
0.173
0.169
0.177
0.168
0.165
0.166
0.178
0.130
0.158
0.118
0.172
0.168
0.167
0.168
0.260
0.170
0.171
0.165
0.136
0.163
0.163
0.176
0.164
0.176
0.258
0.169
0.171
0.171
0.168
0.190
0.166
0.159
0.165
0.175
0.171
0.158
0.217
0.175
0.170
0.206
0.120
0.156
0.159
0.175
0.164
0.273
0.167
0.175
0.168
0.180
0.176
0.168
0.128
0.168
0.189
0.271
0.172
0.164
0.167
0.165
0.169
0.186
0.172
0.154
0.161
0.160
0.180
0.170
0.172
0.175
0.170
0.260
0.169
0.176
0.172
0.160
0.119
0.164
0.176
0.176
0.173
0.165
0.165
0.174
0.174
0.169
0.091
0.166
0.176
0.167
0.160
0.167
0.178
0.168
0.164
0.167
0.167
0.163
0.164
0.160
0.167
0.187
0.236
0.172
0.172
0.168
0.167
0.188
0.193
0.163
0.124
0.165
0.164
0.169
0.169
0.169
0.166
0.230
0.166
0.168
0.161
0.159
0.177
0.175
0.201
0.158
0.173
0.170
0.169
0.167
0.167
0.152
0.169
0.306
0.165
0.169
0.156
0.168
0.224
0.179
0.160
0.169
0.184
0.163
0.160
0.165
0.165
0.173
0.091
0.164
0.175
0.166
0.169
0.166
0.158
0.163
0.174
0.167
0.165
0.166
0.173
0.169
0.168
0.167
0.120
0.145
0.161
0.167
0.170
0.120
0.169
0.165
0.164
0.175
0.170
0.171
0.155
0.157
0.165
0.092
0.172
0.180
0.168
0.183
0.166
0.167
0.182
0.181
0.182
0.181
0.173
0.166
0.174
0.171
0.166
0.104
0.174
0.167
0.169
0.161
0.232
0.166
0.167
0.169
0.170
0.159
0.184
0.160
0.174
0.173
0.092
0.170
0.167
0.166
0.185
0.187
0.168
0.168
0.172
0.185
0.165
0.192
0.161
0.161
0.167
0.174
0.118
0.168
0.158
0.176
0.175
0.211
0.170
0.158
0.161
0.169
0.167
0.197
0.196
0.187
0.170
0.264
0.169
0.173
0.128
0.159
0.158
0.173
0.166
0.174
0.171
0.170
0.166
0.169
0.171
0.163
0.161
0.090
0.173
0.166
0.174
0.173
0.119
0.181
0.177
0.172
0.169
0.167
0.153
0.170
0.171
0.160
0.093
0.166
0.164
0.172
0.187
0.168
0.133
0.182
0.173
0.169
0.168
0.168
0.164
0.169
0.166
0.178
0.120
0.130
0.172
0.172
0.170
0.119
0.173
0.174
0.166
0.168
0.167
0.172
0.174
0.162
0.157
0.094
0.169
0.166
0.170
0.170
0.164
0.171
0.168
0.179
0.181
0.167
0.175
0.170
0.172
0.164
0.174
0.119
0.172
0.169
0.171
0.161
0.151
0.160
0.165
0.171
0.171
0.165
0.170
0.167
0.169
0.169
0.233
0.163
0.158
0.170
0.169
0.170
0.168
0.165
0.166
0.168
0.164
0.172
0.161
0.164
0.167
0.166
0.106
0.168
0.173
0.173
0.171
0.123
0.168
0.145
0.158
0.172
0.171
0.172
0.164
0.169
0.172
0.288
0.175
0.173
0.159
0.163
0.166
0.169
0.170
0.165
0.166
0.171
0.165
0.165
0.175
0.168
0.162
0.273
0.168
0.172
0.168
0.168
0.281
0.169
0.164
0.167
0.163
0.172
0.144
0.194
0.194
0.169
0.162
0.195
0.197
0.197
0.161
0.180
0.130
0.167
0.159
0.167
0.165
0.170
0.167
0.170
0.169
0.165
0.121
0.175
0.160
0.164
0.166
0.257
0.156
0.170
0.166
0.166
0.167
0.169
0.167
0.167
0.167
0.091
0.167
0.170
0.173
0.170
0.169
0.172
0.171
0.159
0.133
0.175
0.167
0.179
0.171
0.166
0.171
0.119
0.170
0.173
0.165
0.167
0.118
0.162
0.168
0.176
0.167
0.168
0.170
0.169
0.174
0.176
0.230
0.163
0.161
0.165
0.162
0.179
0.201
0.167
0.172
0.168
0.174
0.172
0.133
0.163
0.181
0.168
0.118
0.170
0.172
0.170
0.140
0.251
0.169
0.146
0.157
0.158
0.163
0.170
0.170
0.167
0.171
0.218
0.176
0.168
0.167
0.158
0.162
0.169
0.168
0.175
0.173
0.172
0.175
0.164
0.172
0.171
0.156
0.123
0.173
0.173
0.173
0.194
0.123
0.169
0.162
0.162
0.173
0.140
0.161
0.159
0.172
0.181
0.094
0.169
0.166
0.159
0.164
0.167
0.172
0.163
0.157
0.169
0.166
0.174
0.167
0.174
0.168
0.175
0.278
0.174
0.150
0.159
0.168
0.091
0.170
0.167
0.169
0.170
0.173
0.169
0.132
0.128
0.163
0.093
0.169
0.168
0.165
0.169
0.165
0.167
0.176
0.170
0.151
0.172
0.163
0.172
0.196
0.173
0.165
0.123
0.167
0.171
0.175
0.173
0.404
0.158
0.197
0.173
0.163
0.409
0.158
0.167
0.169
0.180
0.093
0.163
0.161
0.171
0.168
0.344
0.166
0.167
0.172
0.165
0.321
0.169
0.146
0.091
0.167
0.288
0.119
0.194
0.173
0.167
0.393
0.266
0.160
0.169
0.159
0.400
0.167
0.172
0.175
0.174
0.172
0.162
0.195
0.166
0.185
0.169
0.202
0.197
0.169
0.171
0.166
0.206
0.195
0.162
0.169
0.171
0.187
0.151
0.167
0.166
0.169
0.199
0.159
0.171
0.168
0.174
0.189
0.161
0.160
0.165
0.170
0.196
0.125
0.171
0.172
0.175
0.198
0.195
0.169
0.156
0.163
0.199
0.196
0.174
0.165
0.169
0.175
0.207
0.095
0.170
0.128
0.157
0.173
0.287
0.172
0.169
0.147
0.166
0.167
0.175
0.173
0.150
0.179
0.302
0.167
0.184
0.173
0.166
0.169
0.166
0.209
0.175
0.168
0.162
0.164
0.178
0.164
0.168
0.175
0.121
0.185
0.158
0.170
0.176
0.237
0.203
0.166
0.173
0.168
0.166
0.205
0.166
0.170
0.158
0.268
0.147
0.160
0.159
0.170
0.170
0.180
0.169
0.165
0.170
0.168
0.183
0.168
0.135
0.164
0.168
0.095
0.172
0.161
0.169
0.174
0.119
0.175
0.171
0.164
0.164
0.186
0.169
0.165
0.169
0.162
0.092
0.188
0.166
0.172
0.139
0.175
0.175
0.166
0.178
0.165
0.197
0.201
0.202
0.171
0.176
0.173
0.118
0.165
0.169
0.170
0.167
0.243
0.172
0.168
0.167
0.170
0.167
0.159
0.165
0.169
0.174
0.097
0.166
0.160
0.172
0.173
0.177
0.169
0.131
0.164
0.165
0.167
0.177
0.173
0.166
0.167
0.164
0.119
0.170
0.152
0.159
0.163
0.120
0.160
0.168
0.173
0.172
0.168
0.171
0.166
0.174
0.164
0.091
0.167
0.172
0.175
0.169
0.166
0.178
0.165
0.169
0.168
0.130
0.161
0.167
0.165
0.170
0.170
0.125
0.169
0.171
0.167
0.159
0.093
0.183
0.197
0.186
0.184
0.167
0.171
0.175
0.167
0.162
0.097
0.165
0.161
0.187
0.180
0.169
0.168
0.171
0.133
0.173
0.167
0.166
0.170
0.164
0.157
0.174
0.121
0.170
0.160
0.157
0.169
0.263
0.161
0.168
0.149
0.159
0.165
0.170
0.172
0.168
0.169
0.090
0.171
0.169
0.159
0.168
0.158
0.165
0.185
0.167
0.122
0.165
0.165
0.167
0.159
0.170
0.169
0.118
0.158
0.178
0.173
0.175
0.121
0.168
0.165
0.173
0.172
0.174
0.140
0.159
0.168
0.174
0.242
0.168
0.190
0.161
0.169
0.167
0.168
0.151
0.161
0.161
0.172
0.173
0.165
0.170
0.160
0.171
0.119
0.175
0.170
0.170
0.162
0.118
0.087
0.168
0.171
0.171
0.157
0.173
0.172
0.185
0.164
0.236
0.176
0.168
0.168
0.169
0.168
0.173
0.175
0.164
0.173
0.142
0.159
0.173
0.165
0.175
0.160
0.121
0.171
0.168
0.171
0.170
0.216
0.165
0.165
0.167
0.166
0.162
0.167
0.174
0.159
0.174
0.263
0.168
0.137
0.163
0.174
0.180
0.161
0.158
0.169
0.166
0.165
0.169
0.166
0.131
0.164
0.189
0.279
0.170
0.174
0.121
0.165
0.122
0.158
0.171
0.154
0.158
0.159
0.119
0.167
0.171
0.166
0.269
0.165
0.169
0.174
0.169
0.160
0.160
0.167
0.157
0.175
0.173
0.164
0.173
0.167
0.182
0.168
0.120
0.156
0.169
0.186
0.167
0.106
0.175
0.150
0.171
0.170
0.168
0.132
0.160
0.153
0.168
0.093
0.164
0.172
0.175
0.168
0.162
0.169
0.181
0.157
0.161
0.172
0.169
0.149
0.167
0.175
0.183
0.119
0.164
0.148
0.134
0.159
0.304
0.167
0.168
0.167
0.166
0.148
0.171
0.180
0.171
0.138
0.233
0.157
0.167
0.168
0.168
0.165
0.177
0.166
0.172
0.165
0.175
0.157
0.167
0.168
0.170
0.164
0.120
0.165
0.169
0.179
0.173
0.182
0.159
0.161
0.170
0.158
0.162
0.165
0.169
0.169
0.173
0.091
0.170
0.153
0.179
0.178
0.171
0.170
0.169
0.175
0.166
0.168
0.171
0.168
0.172
0.156
0.161
0.120
0.171
0.174
0.171
0.165
0.120
0.167
0.173
0.172
0.161
0.160
0.173
0.173
0.168
0.169
0.093
0.175
0.173
0.168
0.171
0.159
0.167
0.167
0.172
0.166
0.171
0.170
0.169
0.169
0.174
0.172
0.091
0.083
0.165
0.167
0.165
0.269
0.168
0.169
0.167
0.169
0.168
0.174
0.161
0.160
0.194
0.096
0.169
0.166
0.167
0.165
0.169
0.168
0.165
0.160
0.161
0.169
0.168
0.169
0.166
0.174
0.171
0.119
0.172
0.172
0.127
0.163
0.298
0.170
0.174
0.200
0.168
0.170
0.159
0.092
0.177
0.176
0.118
0.167
0.170
0.172
0.173
0.168
0.162
0.168
0.162
0.170
0.187
0.166
0.132
0.171
0.161
0.169
0.122
0.168
0.192
0.160
0.167
0.209
0.135
0.161
0.171
0.171
0.168
0.165
0.167
0.171
0.171
0.191
0.171
0.136
0.167
0.162
0.166
0.168
0.165
0.178
0.169
0.163
0.173
0.173
0.167
0.166
0.164
0.122
0.172
0.173
0.168
0.169
0.262
0.164
0.170
0.174
0.168
0.160
0.197
0.158
0.166
0.168
0.260
0.167
0.172
0.166
0.170
0.133
0.176
0.165
0.173
0.169
0.172
0.168
0.168
0.169
0.173
0.179
0.120
0.159
0.157
0.171
0.178
0.122
0.173
0.165
0.170
0.164
0.162
0.170
0.157
0.162
0.168
0.245
0.171
0.170
0.171
0.170
0.176
0.174
0.173
0.133
0.158
0.171
0.172
0.166
0.172
0.174
0.182
0.122
0.175
0.167
0.164
0.166
0.124
0.166
0.175
0.167
0.171
0.176
0.167
0.168
0.169
0.171
0.278
0.168
0.166
0.168
0.166
0.165
0.169
0.160
0.167
0.160
0.166
0.140
0.166
0.167
0.167
0.169
0.120
0.166
0.169
0.166
0.174
0.260
0.141
0.163
0.159
0.172
0.169
0.165
0.168
0.166
0.169
0.121
0.169
0.164
0.161
0.161
0.170
0.169
0.167
0.162
0.173
0.164
0.168
0.170
0.166
0.135
0.165
0.119
0.189
0.166
0.172
0.164
0.124
0.166
0.170
0.174
0.145
0.159
0.182
0.183
0.177
0.169
0.120
