0.171
0.169
0.174
0.164
0.172
0.166
0.162
0.157
0.148
0.165
0.135
0.124
0.168
0.135
0.158
0.163
0.164
0.170
0.156
0.169
0.165
0.173
0.157
0.171
0.162
0.167
0.157
0.168
0.169
0.171
0.165
0.161
0.165
0.161
0.164
0.180
0.156
0.167
0.169
0.167
0.156
0.357
0.163
0.169
0.363
0.176
0.164
0.175
0.166
0.159
0.170
0.158
0.165
0.169
0.171
0.168
0.118
0.178
0.196
0.169
0.146
0.169
0.170
0.171
0.170
0.168
0.163
0.158
0.167
0.171
0.170
0.167
0.369
0.122
0.177
0.119
0.159
0.164
0.165
0.175
0.170
0.163
0.167
0.173
0.167
0.167
0.175
0.167
0.167
0.173
0.172
0.167
0.158
0.166
0.157
0.171
0.178
0.165
0.166
0.173
0.165
0.170
0.157
0.122
0.362
0.172
0.371
0.165
0.174
0.164
0.159
0.164
0.160
0.168
0.175
0.167
0.169
0.170
0.147
0.157
0.168
0.144
0.180
0.160
0.170
0.169
0.167
0.170
0.164
0.133
0.167
0.175
0.170
0.168
0.138
0.368
0.178
0.123
0.166
0.172
0.167
0.176
0.170
0.182
0.180
0.166
0.158
0.165
0.171
0.169
0.171
0.166
0.173
0.157
0.172
0.160
0.173
0.167
0.168
0.131
0.169
0.166
0.161
0.127
0.160
0.385
0.139
0.165
0.364
0.171
0.173
0.158
0.167
0.159
0.169
0.166
0.172
0.164
0.170
0.165
0.171
0.164
0.135
0.164
0.131
0.176
0.169
0.168
0.168
0.163
0.168
0.142
0.166
0.159
0.166
0.166
0.121
0.127
0.163
0.128
0.170
0.171
0.166
0.172
0.166
0.158
0.171
0.163
0.166
0.163
0.166
0.172
0.172
0.153
0.158
0.123
0.157
0.172
0.169
0.169
0.200
0.172
0.166
0.167
0.164
0.122
0.164
0.126
0.331
0.170
0.121
0.176
0.156
0.169
0.150
0.179
0.166
0.168
0.170
0.170
0.164
0.166
0.165
0.165
0.169
0.173
0.167
0.173
0.169
0.174
0.157
0.169
0.138
0.172
0.173
0.162
0.172
0.166
0.135
0.161
0.180
0.128
0.167
0.167
0.167
0.168
0.164
0.166
0.167
0.171
0.164
0.168
0.173
0.166
0.168
0.163
0.167
0.172
0.167
0.166
0.166
0.170
0.166
0.168
0.159
0.168
0.155
0.165
0.171
0.124
0.371
0.173
0.364
0.093
0.171
0.157
0.165
0.172
0.166
0.175
0.165
0.171
0.182
0.166
0.142
0.165
0.176
0.118
0.159
0.171
0.166
0.163
0.166
0.163
0.172
0.165
0.168
0.159
0.172
0.169
0.369
0.354
0.169
0.319
0.168
0.167
0.167
0.158
0.168
0.160
0.171
0.171
0.172
0.170
0.167
0.170
0.159
0.171
0.158
0.166
0.157
0.171
0.167
0.166
0.174
0.161
0.160
0.159
0.167
0.166
0.170
0.372
0.123
0.167
0.136
0.169
0.135
0.165
0.169
0.166
0.170
0.166
0.167
0.163
0.166
0.144
0.173
0.167
0.167
0.168
0.167
0.167
0.159
0.176
0.166
0.167
0.167
0.171
0.166
0.137
0.166
0.160
0.135
0.357
0.167
0.126
0.170
0.166
0.168
0.172
0.163
0.168
0.166
0.173
0.171
0.163
0.167
0.165
0.159
0.162
0.171
0.170
0.166
0.166
0.166
0.171
0.158
0.161
0.159
0.163
0.167
0.175
0.167
0.127
0.135
0.163
0.119
0.145
0.167
0.169
0.167
0.166
0.167
0.170
0.234
0.167
0.169
0.166
0.167
0.166
0.167
0.167
0.170
0.160
0.171
0.167
0.167
0.176
0.171
0.157
0.166
0.123
0.154
0.168
0.387
0.132
0.164
0.151
0.169
0.161
0.158
0.161
0.164
0.165
0.166
0.168
0.163
0.168
0.156
0.168
0.156
0.172
0.165
0.168
0.174
0.170
0.172
0.161
0.170
0.133
0.164
0.175
0.169
0.173
0.169
0.126
0.144
0.181
0.129
0.173
0.173
0.172
0.173
0.168
0.159
0.160
0.175
0.142
0.167
0.168
0.167
0.166
0.169
0.170
0.162
0.173
0.168
0.168
0.159
0.168
0.157
0.160
0.165
0.161
0.169
0.173
0.137
0.373
0.172
0.367
0.159
0.165
0.168
0.167
0.167
0.169
0.171
0.166
0.171
0.163
0.172
0.159
0.164
0.172
0.164
0.170
0.172
0.169
0.159
0.170
0.128
0.174
0.171
0.170
0.167
0.169
0.163
0.373
0.134
0.165
0.132
0.170
0.165
0.123
0.172
0.186
0.159
0.176
0.133
0.169
0.171
0.151
0.169
0.166
0.167
0.160
0.172
0.181
0.166
0.168
0.171
0.165
0.158
0.170
0.157
0.168
0.171
0.174
0.129
0.355
0.143
0.326
0.167
0.158
0.172
0.168
0.170
0.169
0.167
0.166
0.168
0.167
0.164
0.174
0.166
0.168
0.165
0.172
0.167
0.163
0.170
0.130
0.171
0.172
0.167
0.157
0.170
0.175
0.162
0.102
0.355
0.173
0.131
0.174
0.170
0.172
0.171
0.167
0.167
0.139
0.174
0.174
0.163
0.169
0.166
0.168
0.158
0.171
0.159
0.169
0.166
0.165
0.178
0.177
0.169
0.160
0.161
0.166
0.169
0.168
0.139
0.128
0.159
0.369
0.164
0.166
0.168
0.170
0.166
0.169
0.173
0.165
0.163
0.160
0.164
0.175
0.167
0.169
0.164
0.170
0.156
0.174
0.159
0.168
0.165
0.168
0.167
0.168
0.164
0.162
0.164
0.134
0.389
0.160
0.359
0.173
0.161
0.146
0.155
0.167
0.167
0.170
0.163
0.158
0.159
0.165
0.120
0.163
0.199
0.169
0.164
0.172
0.156
0.168
0.166
0.174
0.160
0.173
0.164
0.177
0.169
0.168
0.374
0.156
0.164
0.124
0.169
0.174
0.200
0.175
0.170
0.170
0.157
0.172
0.160
0.169
0.167
0.167
0.177
0.172
0.167
0.159
0.166
0.133
0.172
0.166
0.167
0.167
0.170
0.171
0.163
0.168
0.151
0.372
0.134
0.174
0.139
0.171
0.169
0.164
0.164
0.167
0.169
0.178
0.168
0.175
0.167
0.166
0.159
0.167
0.167
0.166
0.158
0.166
0.167
0.165
0.176
0.159
0.167
0.167
0.174
0.158
0.166
0.170
0.164
0.129
0.159
0.121
0.166
0.167
0.167
0.166
0.170
0.160
0.164
0.152
0.166
0.168
0.167
0.175
0.166
0.170
0.160
0.168
0.134
0.173
0.166
0.169
0.174
0.168
0.170
0.167
0.165
0.134
0.170
0.350
0.131
0.166
0.144
0.178
0.163
0.171
0.133
0.170
0.171
0.158
0.167
0.170
0.167
0.159
0.166
0.167
0.166
0.168
0.169
0.175
0.160
0.167
0.159
0.176
0.166
0.167
0.169
0.170
0.167
0.158
0.308
0.125
0.166
0.121
0.171
0.170
0.172
0.165
0.158
0.166
0.133
0.170
0.168
0.167
0.165
0.166
0.167
0.159
0.169
0.165
0.166
0.166
0.166
0.168
0.167
0.171
0.163
0.175
0.134
0.166
0.124
0.122
0.381
0.169
0.132
0.162
0.169
0.166
0.166
0.176
0.166
0.171
0.171
0.167
0.164
0.165
0.166
0.167
0.171
0.168
0.169
0.166
0.166
0.165
0.133
0.172
0.166
0.175
0.164
0.175
0.159
0.168
0.166
0.320
0.164
0.368
0.166
0.173
0.169
0.164
0.164
0.161
0.118
0.171
0.164
0.172
0.173
0.171
0.159
0.177
0.159
0.169
0.156
0.169
0.170
0.172
0.164
0.162
0.164
0.134
0.173
0.172
0.166
0.374
0.151
0.167
0.132
0.170
0.196
0.171
0.169
0.170
0.164
0.169
0.166
0.163
0.164
0.170
0.169
0.170
0.165
0.170
0.169
0.175
0.162
0.169
0.166
0.170
0.168
0.175
0.125
0.162
0.166
0.143
0.134
0.369
0.171
0.374
0.165
0.169
0.156
0.168
0.162
0.169
0.174
0.169
0.169
0.160
0.159
0.160
0.164
0.139
0.147
0.172
0.168
0.173
0.165
0.171
0.159
0.168
0.130
0.167
0.176
0.168
0.165
0.364
0.318
0.161
0.125
0.137
0.145
0.167
0.121
0.177
0.172
0.173
0.158
0.170
0.159
0.171
0.167
0.167
0.166
0.162
0.166
0.160
0.158
0.166
0.166
0.166
0.167
0.165
0.157
0.167
0.130
0.171
0.134
0.127
0.165
0.367
0.168
0.163
0.171
0.158
0.165
0.166
0.166
0.174
0.168
0.170
0.165
0.166
0.143
0.171
0.165
0.164
0.171
0.174
0.172
0.166
0.176
0.142
0.165
0.168
0.166
0.171
0.171
0.122
0.135
0.166
0.121
0.168
0.166
0.168
0.166
0.166
0.166
0.164
0.170
0.173
0.162
0.167
0.166
0.166
0.163
0.167
0.162
0.172
0.171
0.170
0.144
0.166
0.166
0.159
0.166
0.163
0.167
0.172
0.369
0.378
0.168
0.372
0.170
0.170
0.162
0.168
0.169
0.169
0.165
0.169
0.165
0.156
0.169
0.147
0.160
0.167
0.167
0.166
0.170
0.167
0.159
0.170
0.158
0.167
0.171
0.171
0.169
0.167
0.167
0.139
0.123
0.167
0.126
0.171
0.165
0.170
0.167
0.168
0.162
0.171
0.171
0.163
0.164
0.168
0.169
0.161
0.165
0.169
0.165
0.168
0.164
0.165
0.168
0.170
0.157
0.171
0.160
0.173
0.164
0.160
0.141
0.369
0.168
0.380
0.171
0.170
0.167
0.161
0.165
0.173
0.165
0.173
0.158
0.172
0.155
0.180
0.165
0.177
0.164
0.174
0.165
0.158
0.164
0.145
0.163
0.169
0.169
0.166
0.147
0.161
0.158
0.377
0.380
0.146
0.125
0.174
0.164
0.168
0.172
0.161
0.168
0.168
0.166
0.169
0.162
0.169
0.164
0.168
0.157
0.170
0.166
0.170
0.167
0.169
0.164
0.162
0.164
0.160
0.169
0.168
0.164
0.169
0.356
0.140
0.176
0.362
0.163
0.177
0.170
0.168
0.166
0.169
0.165
0.161
0.161
0.132
0.172
0.169
0.167
0.169
0.164
0.172
0.163
0.170
0.132
0.163
0.169
0.174
0.173
0.168
0.165
0.161
0.165
0.373
0.377
0.174
0.138
0.169
0.164
0.166
0.157
0.173
0.165
0.175
0.152
0.159
0.166
0.160
0.169
0.162
0.165
0.168
0.170
0.172
0.163
0.173
0.157
0.169
0.157
0.167
0.129
0.154
0.171
0.174
0.126
0.367
0.166
0.128
0.163
0.169
0.165
0.166
0.164
0.169
0.158
0.169
0.128
0.172
0.166
0.166
0.167
0.173
0.166
0.163
0.168
0.151
0.171
0.172
0.172
0.166
0.175
0.169
0.162
0.171
0.135
0.349
0.133
0.169
0.304
0.174
0.134
0.164
0.171
0.174
0.166
0.167
0.167
0.167
0.160
0.171
0.158
0.164
0.169
0.164
0.168
0.162
0.168
0.162
0.173
0.160
0.168
0.168
0.168
0.165
0.170
0.161
0.129
0.322
0.127
0.357
0.169
0.165
0.169
0.165
0.123
0.158
0.168
0.130
0.171
0.158
0.167
0.172
0.174
0.175
0.159
0.172
0.133
0.171
0.164
0.158
0.172
0.170
0.173
0.170
0.173
0.167
0.171
0.120
0.305
0.174
0.123
0.172
0.160
0.159
0.163
0.163
0.167
0.176
0.167
0.167
0.168
0.168
0.167
0.167
0.167
0.172
0.170
0.166
0.160
0.166
0.165
0.167
0.165
0.170
0.162
0.172
0.172
0.163
0.128
0.136
0.167
0.126
0.170
0.162
0.169
0.168
0.165
0.168
0.131
0.174
0.156
0.178
0.166
0.175
0.165
0.161
0.157
0.140
0.158
0.174
0.171
0.167
0.164
0.173
0.161
0.169
0.164
0.167
0.164
0.124
0.364
0.174
0.380
0.168
0.157
0.172
0.167
0.167
0.170
0.171
0.163
0.168
0.164
0.164
0.174
0.166
0.166
0.167
0.158
0.159
0.163
0.163
0.164
0.171
0.173
0.171
0.174
0.168
0.163
0.173
0.366
0.373
0.168
0.365
0.169
0.172
0.176
0.158
0.175
0.133
0.206
0.166
0.171
0.166
0.170
0.167
0.158
0.169
0.135
0.167
0.165
0.168
0.165
0.166
0.165
0.159
0.166
0.172
0.173
0.171
0.166
0.362
0.129
0.166
0.155
0.166
0.175
0.167
0.172
0.168
0.165
0.160
0.167
0.159
0.166
0.171
0.171
0.173
0.165
0.167
0.170
0.172
0.163
0.169
0.169
0.160
0.165
0.168
0.166
0.164
0.166
0.158
0.126
0.355
0.168
0.375
0.171
0.170
0.165
0.159
0.157
0.176
0.169
0.171
0.170
0.165
0.172
0.160
0.168
0.130
0.168
0.159
0.172
0.170
0.169
0.165
0.165
0.175
0.144
0.166
0.159
0.156
0.161
0.371
0.157
0.157
0.363
0.173
0.174
0.167
0.172
0.171
0.161
0.169
0.166
0.164
0.174
0.166
0.170
0.163
0.167
0.158
0.171
0.164
0.167
0.164
0.167
0.168
0.166
0.167
0.158
0.166
0.157
0.173
0.320
0.129
0.168
0.368
0.172
0.164
0.170
0.124
0.166
0.171
0.170
0.170
0.166
0.171
0.166
0.173
0.147
0.172
0.171
0.167
0.167
0.171
0.167
0.159
0.166
0.156
0.157
0.167
0.170
0.166
0.166
0.122
0.386
0.168
0.126
0.167
0.171
0.159
0.166
0.166
0.175
0.176
0.172
0.159
0.167
0.168
0.166
0.167
0.167
0.172
0.162
0.166
0.170
0.171
0.172
0.166
0.170
0.159
0.159
0.165
0.167
0.171
0.135
0.304
0.171
0.121
0.163
0.170
0.134
0.149
0.143
0.166
0.141
0.167
0.167
0.159
0.167
0.138
0.166
0.174
0.204
0.168
0.169
0.173
0.163
0.166
0.166
0.171
0.168
0.172
0.168
0.162
0.166
0.134
0.130
0.163
0.366
0.178
0.166
0.167
0.158
0.169
0.159
0.162
0.172
0.167
0.166
0.167
0.173
0.161
0.162
0.164
0.163
0.167
0.172
0.172
0.168
0.166
0.156
0.170
0.155
0.172
0.166
0.172
0.368
0.123
0.167
0.136
0.171
0.152
0.165
0.171
0.166
0.166
0.165
0.167
0.157
0.174
0.149
0.177
0.165
0.169
0.174
0.177
0.166
0.150
0.166
0.168
0.172
0.167
0.165
0.172
0.166
0.167
0.158
0.366
0.367
0.174
0.367
0.167
0.165
0.159
0.168
0.159
0.165
0.173
0.165
0.166
0.170
0.170
0.162
0.171
0.164
0.167
0.162
0.171
0.170
0.175
0.164
0.160
0.167
0.165
0.173
0.167
0.169
0.169
0.127
0.122
0.177
0.120
0.162
0.168
0.152
0.171
0.166
0.167
0.166
0.140
0.153
0.147
0.177
0.143
0.165
0.172
0.166
0.172
0.158
0.167
0.166
0.172
0.134
0.165
0.177
0.163
0.169
0.162
0.170
0.122
0.132
0.167
0.365
0.168
0.158
0.169
0.158
0.172
0.165
0.167
0.169
0.168
0.170
0.159
0.171
0.158
0.170
0.166
0.165
0.167
0.167
0.161
0.154
0.176
0.161
0.164
0.173
0.167
0.166
0.166
0.122
0.133
0.171
0.123
0.170
0.168
0.163
0.122
0.171
0.164
0.159
0.166
0.145
0.168
0.170
0.169
0.162
0.170
0.163
0.167
0.171
0.172
0.166
0.166
0.166
0.170
0.159
0.167
0.158
0.167
0.169
0.367
0.131
0.168
0.384
0.167
0.166
0.159
0.171
0.172
0.170
0.178
0.166
0.169
0.157
0.167
0.162
0.167
0.121
0.164
0.173
0.166
0.172
0.170
0.177
0.474
0.480
0.416
0.467
0.429
0.394
0.368
0.325
0.275
0.229
0.178
0.269
0.118
0.095
0.108
0.110
0.102
0.095
0.094
0.096
0.097
0.095
0.096
0.095
0.158
0.162
0.158
0.180
0.157
0.169
0.158
0.157
0.167
0.121
0.164
0.161
0.159
0.166
0.367
0.148
0.162
0.361
0.168
0.161
0.189
0.166
0.159
0.171
0.173
0.166
0.166
0.165
0.160
0.166
0.168
0.158
0.171
0.166
0.167
0.169
0.168
0.163
0.166
0.166
0.097
0.172
0.172
0.167
0.164
0.334
0.122
0.171
0.103
0.171
0.171
0.165
0.166
0.165
0.168
0.144
0.168
0.167
0.171
0.173
0.169
0.171
0.169
0.165
0.143
0.173
0.171
0.166
0.170
0.164
0.169
0.168
0.167
0.167
0.160
0.174
0.121
0.320
0.160
0.386
0.165
0.164
0.167
0.170
0.171
0.165
0.165
0.159
0.167
0.163
0.167
0.168
0.168
0.168
0.166
0.165
0.158
0.168
0.158
0.167
0.167
0.166
0.178
0.169
0.167
0.157
0.166
0.119
0.322
0.172
0.121
0.162
0.166
