0.220
0.152
0.168
0.119
0.158
0.165
0.170
0.172
0.185
0.197
0.198
0.163
0.234
0.119
0.141
0.161
0.154
0.195
0.130
0.165
0.157
0.167
0.172
0.086
0.165
0.140
0.149
0.275
0.118
0.164
0.172
0.161
0.166
0.116
0.167
0.168
0.167
0.158
0.119
0.159
0.165
0.168
0.173
0.151
0.165
0.168
0.163
0.163
0.181
0.158
0.158
0.164
0.156
0.169
0.172
0.166
0.166
0.165
0.188
0.166
0.163
0.160
0.170
0.208
0.169
0.170
0.167
0.157
0.118
0.163
0.162
0.163
0.162
0.119
0.185
0.140
0.167
0.165
0.170
0.116
0.166
0.165
0.138
0.120
0.164
0.169
0.162
0.171
0.118
0.089
0.189
0.165
0.171
0.118
0.156
0.158
0.167
0.170
0.119
0.165
0.164
0.163
0.170
0.122
0.161
0.119
0.155
0.166
0.208
0.163
0.163
0.165
0.089
0.155
0.168
0.198
0.159
0.164
0.123
0.163
0.096
0.164
0.171
0.221
0.165
0.172
0.167
0.142
0.267
0.154
0.168
0.163
0.168
0.120
0.161
0.169
0.118
0.174
0.121
0.176
0.169
0.199
0.170
0.119
0.163
0.170
0.162
0.174
0.117
0.163
0.135
0.088
0.165
0.117
0.161
0.168
0.171
0.174
0.120
0.166
0.166
0.130
0.158
0.118
0.162
0.170
0.165
0.121
0.118
0.163
0.173
0.163
0.121
0.119
0.162
0.162
0.166
0.170
0.118
0.183
0.160
0.163
0.093
0.119
0.154
0.157
0.165
0.173
0.121
0.167
0.176
0.173
0.174
0.118
0.161
0.129
0.158
0.171
0.118
0.164
0.169
0.162
0.170
0.208
0.168
0.166
0.151
0.159
0.122
0.169
0.168
0.163
0.169
0.207
0.162
0.166
0.166
0.173
0.207
0.158
0.164
0.165
0.175
0.164
0.155
0.095
0.163
0.168
0.121
0.115
0.156
0.162
0.165
0.122
0.171
0.177
0.163
0.171
0.206
0.169
0.129
0.154
0.172
0.120
0.090
0.175
0.165
0.170
0.118
0.157
0.163
0.165
0.161
0.117
0.166
0.164
0.164
0.166
0.120
0.163
0.096
0.162
0.167
0.121
0.163
0.089
0.161
0.169
0.119
0.163
0.126
0.172
0.158
0.182
0.128
0.092
0.164
0.167
0.119
0.165
0.169
0.165
0.167
0.119
0.162
0.165
0.160
0.160
0.123
0.163
0.165
0.198
0.158
0.121
0.166
0.164
0.168
0.164
0.118
0.164
0.165
0.179
0.172
0.116
0.166
0.165
0.179
0.165
0.118
0.155
0.168
0.168
0.174
0.117
0.163
0.185
0.162
0.173
0.120
0.145
0.154
0.154
0.218
0.120
0.166
0.156
0.163
0.118
0.117
0.174
0.165
0.156
0.163
0.131
0.163
0.161
0.161
0.273
0.129
0.169
0.165
0.164
0.160
0.118
0.163
0.166
0.163
0.166
0.121
0.154
0.179
0.164
0.165
0.118
0.160
0.156
0.162
0.172
0.120
0.186
0.168
0.166
0.171
0.185
0.162
0.159
0.158
0.166
0.181
0.165
0.165
0.166
0.177
0.117
0.162
0.171
0.156
0.160
0.228
0.161
0.166
0.166
0.166
0.123
0.194
0.165
0.161
0.159
0.161
0.091
0.194
0.164
0.166
0.117
0.164
0.178
0.163
0.168
0.120
0.090
0.160
0.166
0.177
0.122
0.161
0.165
0.164
0.175
0.120
0.086
0.156
0.155
0.170
0.129
0.161
0.118
0.160
0.172
0.120
0.172
0.165
0.125
0.158
0.119
0.175
0.168
0.170
0.178
0.194
0.165
0.129
0.187
0.145
0.121
0.082
0.171
0.165
0.170
0.119
0.166
0.165
0.184
0.171
0.123
0.160
0.156
0.216
0.168
0.119
0.284
0.185
0.125
0.167
0.122
0.168
0.166
0.155
0.164
0.127
0.167
0.166
0.122
0.156
0.122
0.155
0.166
0.154
0.161
0.120
0.163
0.165
0.166
0.165
0.188
0.175
0.167
0.171
0.120
0.118
0.158
0.168
0.165
0.120
0.120
0.167
0.188
0.168
0.167
0.119
0.156
0.156
0.182
0.128
0.121
0.170
0.202
0.193
0.172
0.116
0.168
0.137
0.088
0.170
0.232
0.162
0.168
0.168
0.164
0.120
0.166
0.165
0.140
0.157
0.190
0.173
0.170
0.170
0.170
0.164
0.167
0.167
0.168
0.166
0.194
0.155
0.169
0.163
0.169
0.152
0.177
0.166
0.178
0.163
0.126
0.155
0.185
0.170
0.166
0.185
0.122
0.193
0.201
0.171
0.132
0.113
0.132
0.152
0.164
0.121
0.166
0.170
0.171
0.166
0.122
0.176
0.164
0.161
0.169
0.269
0.170
0.162
0.151
0.167
0.125
0.165
0.168
0.171
0.175
0.118
0.158
0.088
0.166
0.172
0.169
0.181
0.177
0.185
0.167
0.088
0.129
0.162
0.165
0.168
0.121
0.167
0.094
0.162
0.174
0.118
0.165
0.164
0.154
0.158
0.125
0.162
0.167
0.170
0.165
0.091
0.207
0.201
0.117
0.167
0.115
0.162
0.169
0.183
0.170
0.177
0.188
0.178
0.170
0.181
0.119
0.156
0.170
0.155
0.170
0.130
0.174
0.182
0.168
0.169
0.126
0.142
0.174
0.166
0.164
0.090
0.166
0.171
0.168
0.116
0.121
0.176
0.130
0.192
0.122
0.117
0.167
0.172
0.186
0.172
0.118
0.163
0.169
0.163
0.191
0.119
0.162
0.164
0.163
0.158
0.123
0.164
0.164
0.162
0.165
0.117
0.164
0.156
0.175
0.165
0.114
0.161
0.168
0.161
0.170
0.200
0.169
0.164
0.163
0.164
0.120
0.163
0.170
0.171
0.173
0.195
0.163
0.161
0.156
0.158
0.230
0.162
0.167
0.163
0.169
0.186
0.164
0.163
0.165
0.145
0.118
0.115
0.168
0.163
0.175
0.167
0.168
0.165
0.188
0.166
0.209
0.154
0.155
0.161
0.169
0.120
0.159
0.172
0.165
0.167
0.125
0.162
0.157
0.154
0.165
0.118
0.173
0.167
0.189
0.171
0.090
0.162
0.124
0.164
0.158
0.120
0.168
0.120
0.175
0.165
0.120
0.167
0.164
0.168
0.143
0.117
0.161
0.090
0.163
0.165
0.125
0.160
0.162
0.192
0.173
0.122
0.163
0.157
0.173
0.171
0.197
0.181
0.187
0.116
0.166
0.121
0.163
0.156
0.092
0.163
0.120
0.180
0.129
0.180
0.172
0.151
0.167
0.162
0.089
0.157
0.136
0.168
0.163
0.171
0.165
0.117
0.186
0.162
0.183
0.163
0.119
0.157
0.163
0.167
0.229
0.120
0.169
0.168
0.168
0.092
0.221
0.155
0.155
0.163
0.171
0.122
0.165
0.168
0.162
0.093
0.119
0.169
0.131
0.155
0.170
0.120
0.167
0.186
0.166
0.167
0.209
0.169
0.165
0.153
0.157
0.117
0.162
0.165
0.164
0.165
0.117
0.191
0.164
0.156
0.172
0.200
0.165
0.168
0.185
0.167
0.152
0.181
0.167
0.168
0.164
0.122
0.162
0.161
0.166
0.168
0.172
0.166
0.175
0.161
0.165
0.120
0.188
0.158
0.165
0.158
0.118
0.174
0.168
0.156
0.171
0.120
0.161
0.166
0.169
0.158
0.121
0.204
0.156
0.162
0.167
0.119
0.166
0.191
0.181
0.168
0.117
0.170
0.167
0.170
0.157
0.122
0.174
0.089
0.171
0.165
0.119
0.158
0.220
0.118
0.172
0.121
0.172
0.167
0.185
0.166
0.123
0.163
0.124
0.190
0.165
0.122
0.166
0.168
0.183
0.170
0.119
0.168
0.165
0.165
0.158
0.118
0.165
0.169
0.119
0.164
0.116
0.162
0.176
0.117
0.168
0.119
0.154
0.166
0.194
0.170
0.171
0.183
0.162
0.155
0.168
0.118
0.152
0.157
0.158
0.165
0.125
0.165
0.169
0.197
0.165
0.119
0.164
0.163
0.157
0.119
0.118
0.211
0.165
0.184
0.191
0.118
0.169
0.165
0.163
0.128
0.120
0.167
0.172
0.183
0.178
0.119
0.208
0.170
0.182
0.173
0.128
0.154
0.158
0.163
0.166
0.125
0.183
0.183
0.182
0.166
0.183
0.206
0.160
0.158
0.168
0.197
0.170
0.171
0.187
0.145
0.123
0.190
0.163
0.155
0.165
0.268
0.121
0.167
0.173
0.170
0.186
0.172
0.162
0.168
0.141
0.120
0.157
0.166
0.171
0.166
0.118
0.183
0.171
0.179
0.160
0.120
0.117
0.169
0.165
0.166
0.124
0.165
0.181
0.162
0.177
0.119
0.249
0.160
0.161
0.162
0.121
0.164
0.169
0.162
0.168
0.121
0.168
0.170
0.131
0.166
0.119
0.167
0.088
0.171
0.171
0.119
0.182
0.087
0.193
0.141
0.122
0.158
0.167
0.161
0.171
0.116
0.179
0.087
0.178
0.166
0.199
0.160
0.157
0.166
0.174
0.119
0.188
0.163
0.166
0.166
0.117
0.167
0.147
0.260
0.172
0.120
0.162
0.162
0.159
0.166
0.189
0.163
0.167
0.130
0.156
0.120
0.166
0.161
0.088
0.166
0.121
0.163
0.170
0.162
0.166
0.119
0.194
0.170
0.357
0.158
0.148
0.198
0.192
0.195
0.116
0.112
0.166
0.162
0.184
0.092
0.210
0.168
0.166
0.158
0.174
0.118
0.171
0.125
0.156
0.120
0.118
0.166
0.173
0.194
0.164
0.121
0.156
0.157
0.177
0.161
0.112
0.163
0.166
0.161
0.170
0.200
0.165
0.191
0.188
0.168
0.194
0.155
0.164
0.165
0.171
0.119
0.167
0.175
0.184
0.167
0.188
0.143
0.158
0.163
0.166
0.166
0.162
0.168
0.183
0.171
0.172
0.164
0.136
0.160
0.164
0.121
0.116
0.167
0.164
0.167
0.120
0.178
0.163
0.169
0.157
0.120
0.183
0.186
0.180
0.174
0.118
0.090
0.162
0.172
0.169
0.120
0.153
0.159
0.165
0.171
0.122
0.167
0.169
0.181
0.173
0.119
0.143
0.088
0.155
0.168
0.121
0.165
0.126
0.176
0.163
0.166
0.209
0.164
0.161
0.158
0.120
0.168
0.094
0.199
0.169
0.119
0.162
0.167
0.178
0.160
0.120
0.163
0.165
0.162
0.168
0.120
0.178
0.159
0.087
0.165
0.120
0.155
0.169
0.197
0.156
0.120
0.164
0.165
0.160
0.158
0.090
0.162
0.190
0.118
0.167
0.120
0.173
0.165
0.170
0.165
0.118
0.164
0.167
0.159
0.163
0.121
0.163
0.165
0.164
0.120
0.122
0.163
0.168
0.164
0.183
0.118
0.166
0.172
0.167
0.168
0.119
0.186
0.173
0.188
0.186
0.089
0.156
0.162
0.171
0.166
0.119
0.166
0.154
0.166
0.168
0.116
0.162
0.159
0.190
0.165
0.123
0.168
0.195
0.195
0.169
0.121
0.193
0.187
0.185
0.160
0.231
0.169
0.174
0.168
0.167
0.222
0.164
0.168
0.164
0.141
0.126
0.156
0.165
0.163
0.174
0.151
0.205
0.165
0.176
0.158
0.184
0.117
0.157
0.171
0.165
0.121
0.160
0.164
0.157
0.174
0.120
0.168
0.157
0.154
0.169
0.122
0.092
0.201
0.194
0.163
0.121
0.164
0.166
0.127
0.167
0.119
0.162
0.172
0.185
0.173
0.122
0.166
0.087
0.172
0.144
0.118
0.157
0.163
0.167
0.166
0.120
0.162
0.178
0.198
0.167
0.122
0.160
0.089
0.164
0.165
0.122
0.164
0.164
0.168
0.168
0.121
0.164
0.129
0.156
0.168
0.119
0.180
0.165
0.115
0.165
0.120
0.165
0.155
0.118
0.156
0.121
0.163
0.165
0.162
0.170
0.116
0.177
0.177
0.121
0.162
0.120
0.158
0.167
0.162
0.167
0.119
0.170
0.160
0.169
0.169
0.123
0.162
0.173
0.180
0.117
0.120
0.185
0.167
0.183
0.117
0.119
0.164
0.149
0.155
0.167
0.119
0.166
0.167
0.179
0.093
0.119
0.162
0.163
0.164
0.158
0.120
0.163
0.167
0.163
0.164
0.121
0.167
0.181
0.173
0.130
0.117
0.193
0.195
0.189
0.165
0.160
0.165
0.091
0.168
0.164
0.123
0.133
0.161
0.165
0.172
0.195
0.172
0.162
0.159
0.168
0.186
0.161
0.137
0.160
0.159
0.123
0.166
0.163
0.168
0.169
0.120
0.198
0.165
0.163
0.163
0.119
0.121
0.175
0.162
0.167
0.120
0.183
0.183
0.177
0.168
0.121
0.089
0.169
0.165
0.169
0.123
0.163
0.163
0.165
0.170
0.121
0.150
0.158
0.156
0.169
0.114
0.165
0.174
0.169
0.167
0.122
0.156
0.187
0.166
0.158
0.119
0.161
0.167
0.164
0.172
0.133
0.166
0.185
0.117
0.159
0.121
0.172
0.162
0.169
0.169
0.124
0.161
0.167
0.163
0.165
0.118
0.157
0.164
0.116
0.164
0.121
0.164
0.169
0.173
0.169
0.119
0.169
0.155
0.156
0.177
0.120
0.153
0.165
0.163
0.167
0.174
0.168
0.169
0.172
0.157
0.120
0.168
0.166
0.167
0.165
0.119
0.189
0.165
0.213
0.117
0.117
0.159
0.165
0.169
0.120
0.209
0.134
0.166
0.207
0.174
0.119
0.156
0.155
0.169
0.197
0.154
0.184
0.174
0.208
0.165
0.123
0.164
0.160
0.160
0.169
0.116
0.176
0.166
0.185
0.162
0.087
0.162
0.171
0.169
0.162
0.117
0.160
0.162
0.165
0.170
0.117
0.176
0.170
0.204
0.160
0.090
0.158
0.164
0.168
0.165
0.152
0.214
0.164
0.204
0.171
0.177
0.171
0.158
0.166
0.142
0.121
0.116
0.165
0.167
0.173
0.121
0.189
0.160
0.157
0.170
0.121
0.162
0.173
0.169
0.167
0.126
0.228
0.162
0.133
0.157
0.123
0.164
0.163
0.175
0.169
0.171
0.120
0.183
0.198
0.164
0.119
0.159
0.090
0.175
0.171
0.121
0.173
0.119
0.164
0.167
0.119
0.157
0.156
0.167
0.167
0.119
0.168
0.169
0.181
0.165
0.124
0.163
0.160
0.164
0.165
0.120
0.161
0.159
0.197
0.170
0.118
0.167
0.168
0.118
0.157
0.119
0.162
0.160
0.165
0.166
0.121
0.179
0.174
0.319
0.135
0.191
0.197
0.193
0.318
0.167
0.123
0.204
0.189
0.203
0.166
0.118
0.166
0.161
0.166
0.169
0.120
0.161
0.166
0.409
0.242
0.123
0.162
0.138
0.400
0.093
0.220
0.174
0.169
0.360
0.174
0.121
0.164
0.168
0.369
0.091
0.119
0.166
0.169
0.321
0.167
0.086
0.186
0.167
0.409
0.169
0.120
0.170
0.183
0.409
0.177
0.085
0.180
0.165
0.177
0.169
0.129
0.149
0.168
0.180
0.170
0.120
0.177
0.171
0.164
0.168
0.190
0.166
0.146
0.161
0.156
0.115
0.165
0.173
0.170
0.164
0.224
0.162
0.166
0.133
0.162
0.117
0.269
0.164
0.167
0.168
0.177
0.185
0.163
0.164
0.170
0.120
0.159
0.162
0.157
0.165
0.123
0.178
0.169
0.171
0.166
0.120
0.127
0.160
0.159
0.166
0.121
0.182
0.166
0.164
0.165
0.121
0.165
0.088
0.158
0.162
0.086
0.156
0.122
0.169
0.173
0.112
0.169
0.171
0.194
0.166
0.120
0.173
0.089
0.198
0.167
0.090
0.166
0.165
0.166
0.170
0.121
0.154
0.168
0.198
0.167
0.120
0.167
0.162
0.117
0.168
0.118
0.160
0.163
0.116
0.168
0.118
0.179
0.164
0.203
0.166
0.092
0.164
0.165
0.085
0.161
0.118
0.167
0.171
0.198
0.174
0.123
0.166
0.167
0.211
0.156
0.117
0.137
0.166
0.197
0.119
0.118
0.202
0.174
0.187
0.188
0.118
0.154
0.167
0.196
0.172
0.121
0.162
0.164
0.176
0.168
0.117
0.180
0.157
0.169
0.165
0.120
0.166
0.173
0.173
0.171
0.118
0.169
0.167
0.157
0.163
0.117
0.162
0.165
0.162
0.174
0.116
0.179
0.165
0.170
0.136
0.200
0.160
0.167
0.165
0.169
0.179
0.173
0.167
0.168
0.173
0.160
0.178
0.156
0.205
0.169
0.117
0.166
0.169
0.178
0.165
0.119
0.237
0.165
0.165
0.170
0.269
0.117
0.171
0.178
0.166
0.119
0.160
0.162
0.127
0.161
0.116
0.208
0.165
0.168
0.165
0.121
0.176
0.183
0.202
0.167
0.230
0.166
0.164
0.173
0.166
0.120
0.185
0.115
0.176
0.168
0.119
0.172
0.227
0.198
0.171
0.124
0.161
0.165
0.171
0.172
0.092
0.172
0.162
0.176
0.174
0.119
0.195
0.167
0.207
0.171
0.121
0.169
0.157
0.137
0.089
0.121
0.169
0.166
0.115
0.170
0.121
0.181
