0.166
0.144
0.151
0.155
0.155
0.152
0.146
0.155
0.154
0.152
0.157
0.141
0.152
0.149
0.153
0.143
0.153
0.147
0.160
0.156
0.147
0.153
0.158
0.152
0.121
0.149
0.158
0.153
0.153
0.151
0.156
0.149
0.156
0.126
0.154
0.151
0.161
0.158
0.145
0.144
0.157
0.149
0.134
0.157
0.152
0.151
0.107
0.141
0.153
0.153
0.152
0.117
0.110
0.157
0.153
0.148
0.186
0.157
0.159
0.152
0.129
0.122
0.157
0.161
0.157
0.148
0.158
0.152
0.153
0.148
0.152
0.148
0.156
0.145
0.148
0.150
0.154
0.148
0.123
0.148
0.151
0.154
0.154
0.077
0.155
0.149
0.152
0.151
0.154
0.155
0.156
0.150
0.151
0.151
0.157
0.152
0.124
0.156
0.153
0.151
0.153
0.140
0.156
0.153
0.155
0.150
0.145
0.155
0.109
0.153
0.148
0.151
0.153
0.115
0.155
0.108
0.160
0.149
0.162
0.139
0.154
0.153
0.153
0.140
0.145
0.152
0.154
0.149
0.144
0.154
0.153
0.143
0.159
0.148
0.158
0.156
0.146
0.106
0.159
0.150
0.152
0.150
0.150
0.138
0.158
0.151
0.145
0.154
0.112
0.152
0.154
0.140
0.158
0.149
0.158
0.116
0.155
0.155
0.153
0.151
0.145
0.156
0.155
0.139
0.126
0.148
0.157
0.157
0.154
0.144
0.108
0.111
0.154
0.120
0.158
0.151
0.151
0.150
0.147
0.147
0.157
0.147
0.132
0.153
0.153
0.148
0.159
0.148
0.154
0.151
0.152
0.148
0.189
0.151
0.161
0.150
0.153
0.149
0.159
0.153
0.110
0.157
0.153
0.147
0.159
0.148
0.157
0.151
0.158
0.150
0.164
0.151
0.153
0.109
0.148
0.153
0.154
0.148
0.157
0.146
0.159
0.152
0.156
0.143
0.431
0.154
0.160
0.158
0.148
0.157
0.153
0.151
0.106
0.143
0.162
0.152
0.152
0.145
0.157
0.153
0.154
0.151
0.156
0.156
0.153
0.156
0.147
0.153
0.156
0.153
0.150
0.150
0.154
0.155
0.161
0.143
0.158
0.155
0.155
0.145
0.158
0.155
0.160
0.150
0.146
0.151
0.154
0.156
0.147
0.153
0.155
0.156
0.139
0.150
0.157
0.151
0.160
0.118
0.154
0.159
0.153
0.144
0.147
0.149
0.154
0.144
0.120
0.147
0.159
0.151
0.153
0.150
0.152
0.149
0.108
0.112
0.166
0.153
0.154
0.153
0.146
0.145
0.161
0.153
0.135
0.152
0.161
0.151
0.153
0.142
0.152
0.150
0.161
0.146
0.152
0.163
0.152
0.150
0.150
0.150
0.158
0.151
0.153
0.151
0.153
0.150
0.156
0.156
0.152
0.152
0.146
0.150
0.153
0.155
0.153
0.158
0.151
0.157
0.158
0.158
0.154
0.142
0.154
0.154
0.158
0.160
0.158
0.150
0.155
0.150
0.146
0.161
0.155
0.156
0.147
0.148
0.107
0.159
0.159
0.146
0.152
0.147
0.154
0.144
0.153
0.151
0.154
0.158
0.145
0.158
0.152
0.148
0.146
0.157
0.153
0.145
0.154
0.144
0.154
0.156
0.147
0.144
0.153
0.151
0.156
0.153
0.154
0.159
0.152
0.157
0.148
0.149
0.158
0.150
0.163
0.141
0.155
0.149
0.156
0.116
0.153
0.156
0.153
0.156
0.121
0.154
0.158
0.157
0.119
0.158
0.153
0.151
0.149
0.151
0.155
0.149
0.158
0.118
0.483
0.154
0.155
0.153
0.149
0.150
0.152
0.150
0.121
0.107
0.153
0.150
0.150
0.147
0.157
0.162
0.155
0.146
0.158
0.156
0.158
0.150
0.148
0.153
0.159
0.150
0.162
0.151
0.153
0.151
0.154
0.141
0.157
0.155
0.075
0.157
0.159
0.157
0.156
0.148
0.150
0.157
0.152
0.150
0.156
0.149
0.145
0.156
0.155
0.144
0.160
0.152
0.158
0.161
0.145
0.152
0.159
0.155
0.145
0.155
0.154
0.152
0.109
0.147
0.152
0.151
0.153
0.107
0.159
0.158
0.153
0.159
0.145
0.152
0.155
0.149
0.143
0.151
0.153
0.150
0.158
0.149
0.158
0.158
0.146
0.141
0.155
0.151
0.144
0.157
0.145
0.144
0.162
0.153
0.118
0.153
0.160
0.155
0.154
0.141
0.152
0.158
0.154
0.122
0.160
0.109
0.150
0.156
0.148
0.150
0.156
0.152
0.119
0.159
0.160
0.155
0.158
0.143
0.157
0.153
0.153
0.121
0.158
0.152
0.107
0.153
0.150
0.154
0.155
0.152
0.151
0.155
0.157
0.156
0.148
0.146
0.157
0.153
0.152
0.110
0.155
0.152
0.153
0.152
0.145
0.154
0.155
0.155
0.157
0.158
0.153
0.152
0.155
0.144
0.109
0.156
0.153
0.149
0.151
0.109
0.152
0.152
0.153
0.150
0.160
0.149
0.155
0.145
0.160
0.156
0.155
0.140
0.158
0.154
0.158
0.155
0.153
0.147
0.152
0.145
0.148
0.152
0.155
0.147
0.157
0.145
0.107
0.151
0.159
0.146
0.157
0.156
0.157
0.150
0.148
0.155
0.157
0.157
0.144
0.151
0.155
0.152
0.154
0.142
0.154
0.147
0.159
0.116
0.153
0.155
0.154
0.147
0.148
0.155
0.157
0.153
0.118
0.156
0.149
0.152
0.154
0.155
0.153
0.152
0.154
0.113
0.159
0.152
0.154
0.150
0.147
0.147
0.158
0.153
0.154
0.153
0.160
0.155
0.152
0.144
0.153
0.160
0.158
0.113
0.153
0.156
0.147
0.153
0.107
0.151
0.156
0.152
0.140
0.150
0.153
0.156
0.166
0.142
0.158
0.142
0.156
0.139
0.159
0.156
0.158
0.149
0.152
0.151
0.144
0.112
0.144
0.155
0.159
0.147
0.173
0.147
0.155
0.150
0.154
0.158
0.149
0.155
0.156
0.108
0.153
0.147
0.153
0.150
0.153
0.149
0.151
0.148
0.154
0.150
0.152
0.150
0.161
0.151
0.147
0.152
0.155
0.154
0.154
0.150
0.153
0.150
0.153
0.140
0.161
0.150
0.108
0.143
0.145
0.150
0.155
0.146
0.151
0.155
0.157
0.153
0.146
0.159
0.153
0.159
0.152
0.146
0.155
0.160
0.154
0.109
0.153
0.156
0.159
0.160
0.111
0.145
0.150
0.150
0.078
0.156
0.153
0.151
0.151
0.149
0.155
0.144
0.153
0.126
0.155
0.157
0.155
0.154
0.149
0.151
0.157
0.155
0.138
0.151
0.109
0.158
0.079
0.144
0.154
0.151
0.157
0.127
0.154
0.157
0.160
0.158
0.146
0.157
0.109
0.150
0.154
0.153
0.164
0.155
0.153
0.143
0.112
0.143
0.152
0.154
0.152
0.151
0.158
0.152
0.145
0.154
0.153
0.156
0.156
0.157
0.157
0.154
0.158
0.141
0.164
0.153
0.153
0.110
0.146
0.148
0.152
0.149
0.149
0.153
0.154
0.154
0.154
0.148
0.151
0.162
0.158
0.140
0.162
0.155
0.155
0.148
0.150
0.149
0.157
0.388
0.376
0.358
0.331
0.314
0.319
0.142
0.322
0.393
0.304
0.385
0.360
0.157
0.150
0.156
0.161
0.155
0.162
0.151
0.145
0.155
0.155
0.151
0.161
0.151
0.155
0.143
0.154
0.143
0.155
0.155
0.158
0.154
0.145
0.155
0.158
0.154
0.124
0.153
0.156
0.151
0.161
0.148
0.153
0.156
0.161
0.121
0.161
0.154
0.154
0.144
0.152
0.152
0.146
0.150
0.155
0.154
0.158
0.153
0.157
0.139
0.154
0.151
0.153
0.126
0.159
0.149
0.152
0.154
0.150
0.154
0.154
0.151
0.131
0.151
0.158
0.155
0.160
0.144
0.152
0.160
0.164
0.152
0.159
0.152
0.158
0.160
0.150
0.154
0.166
0.157
0.158
0.153
0.154
0.149
0.158
0.141
0.161
0.146
0.158
0.153
0.152
0.153
0.156
0.152
0.147
0.149
0.111
0.158
0.153
0.146
0.156
0.153
0.161
0.142
0.152
0.146
0.153
0.157
0.148
0.153
0.152
0.155
0.143
0.153
0.155
0.147
0.153
0.150
0.154
0.148
0.159
0.143
0.156
0.156
0.109
0.153
0.155
0.150
0.154
0.151
0.151
0.153
0.156
0.153
0.161
0.144
0.111
0.153
0.154
0.115
0.162
0.165
0.157
0.152
0.152
0.153
0.152
0.153
0.121
0.144
0.160
0.146
0.160
0.147
0.153
0.108
0.153
0.105
0.153
0.152
0.158
0.149
0.147
0.104
0.158
0.149
0.117
0.158
0.159
0.149
0.154
0.142
0.153
0.161
0.158
0.150
0.163
0.159
0.152
0.150
0.146
0.152
0.157
0.151
0.154
0.149
0.108
0.156
0.157
0.145
0.153
0.152
0.148
0.155
0.155
0.156
0.152
0.148
0.148
0.151
0.158
0.151
0.157
0.142
0.155
0.158
0.161
0.143
0.155
0.160
0.155
0.152
0.156
0.151
0.154
0.146
0.148
0.152
0.153
0.151
0.159
0.145
0.162
0.152
0.158
0.148
0.152
0.153
0.160
0.156
0.145
0.153
0.158
0.150
0.147
0.152
0.158
0.163
0.159
0.146
0.160
0.155
0.153
0.115
0.153
0.150
0.155
0.149
0.106
0.156
0.152
0.154
0.155
0.151
0.158
0.148
0.153
0.146
0.155
0.150
0.152
0.125
0.144
0.151
0.154
0.145
0.148
0.159
0.159
0.150
0.131
0.104
0.157
0.151
0.157
0.144
0.155
0.152
0.154
0.118
0.155
0.147
0.156
0.151
0.149
0.152
0.620
0.153
0.134
0.149
0.155
0.152
0.154
0.147
0.155
0.156
0.152
0.148
0.156
0.076
0.155
0.148
0.150
0.156
0.158
0.156
0.155
0.153
0.153
0.154
0.111
0.144
0.160
0.152
0.153
0.149
0.145
0.149
0.154
0.147
0.145
0.150
0.144
0.151
0.154
0.146
0.110
0.148
0.155
0.142
0.154
0.149
0.156
0.151
0.149
0.152
0.160
0.147
0.143
0.154
0.156
0.150
0.145
0.143
0.152
0.156
0.153
0.141
0.154
0.154
0.157
0.152
0.145
0.151
0.159
0.148
0.145
0.155
0.153
0.149
0.157
0.140
0.154
0.157
0.162
0.144
0.157
0.152
0.155
0.150
0.150
0.148
0.108
0.142
0.148
0.150
0.153
0.153
0.155
0.146
0.153
0.156
0.157
0.113
0.163
0.146
0.158
0.153
0.145
0.148
0.155
0.153
0.121
0.151
0.155
0.149
0.163
0.142
0.112
0.156
0.157
0.127
0.155
0.150
0.159
0.155
0.149
0.151
0.164
0.141
0.130
0.155
0.158
0.151
0.155
0.148
0.158
0.145
0.149
0.140
0.155
0.149
0.158
0.152
0.145
0.151
0.154
0.155
0.157
0.151
0.154
0.151
0.157
0.147
0.107
0.154
0.156
0.153
0.150
0.150
0.157
0.159
0.149
0.156
0.156
0.152
0.160
0.150
0.156
0.152
0.155
0.149
0.153
0.154
0.153
0.153
0.147
0.153
0.154
0.109
0.146
0.152
0.165
0.143
0.111
0.143
0.153
0.157
0.153
0.141
0.154
0.153
0.157
0.154
0.146
0.150
0.145
0.157
0.144
0.155
0.155
0.157
0.159
0.145
0.164
0.154
0.155
0.117
0.157
0.153
0.156
0.149
0.148
0.152
0.152
0.150
0.107
0.154
0.154
0.153
0.158
0.148
0.154
0.151
0.155
0.114
0.154
0.156
0.149
0.149
0.146
0.149
0.153
0.152
0.135
0.153
0.160
0.151
0.153
0.144
0.152
0.153
0.154
0.115
0.151
0.155
0.156
0.154
0.146
0.156
0.152
0.155
0.153
0.152
0.158
0.149
0.152
0.156
0.157
0.152
0.159
0.156
0.154
0.152
0.154
0.112
0.148
0.148
0.153
0.158
0.146
0.150
0.149
0.151
0.162
0.146
0.152
0.153
0.108
0.150
0.149
0.154
0.153
0.156
0.146
0.152
0.157
0.152
0.157
0.145
0.154
0.154
0.159
0.145
0.153
0.153
0.153
0.153
0.145
0.155
0.162
0.153
0.148
0.157
0.153
0.153
0.165
0.153
0.154
0.151
0.153
0.145
0.153
0.151
0.160
0.154
0.150
0.147
0.155
0.144
0.122
0.155
0.154
0.154
0.153
0.148
0.153
0.143
0.153
0.151
0.153
0.156
0.159
0.150
0.145
0.155
0.158
0.149
0.141
0.150
0.108
0.158
0.152
0.141
0.163
0.151
0.146
0.146
0.153
0.153
0.165
0.148
0.146
0.158
0.153
0.149
0.124
0.154
0.153
0.153
0.145
0.144
0.147
0.110
0.154
0.135
0.265
0.151
0.166
0.153
0.149
0.163
0.156
0.151
0.161
0.149
0.148
0.142
0.154
0.146
0.160
0.152
0.154
0.154
0.152
0.148
0.153
0.156
0.144
0.147
0.153
0.149
0.155
0.152
0.157
0.153
0.153
0.143
0.156
0.152
0.154
0.156
0.107
0.155
0.156
0.107
0.144
0.151
0.154
0.153
0.158
0.142
0.160
0.152
0.152
0.146
0.155
0.143
0.153
0.156
0.112
0.148
0.154
0.149
0.149
0.152
0.152
0.151
0.153
0.143
0.157
0.158
0.112
0.143
0.161
0.154
0.158
0.151
0.144
0.153
0.162
0.146
0.153
0.160
0.147
0.152
0.157
0.149
0.159
0.155
0.163
0.113
0.155
0.153
0.157
0.153
0.153
0.150
0.148
0.149
0.123
0.158
0.154
0.151
0.109
0.148
0.152
0.161
0.145
0.144
0.154
0.150
0.157
0.152
0.146
0.154
0.160
0.150
0.116
0.156
0.144
0.145
0.157
0.141
0.153
0.158
0.153
0.135
0.163
0.149
0.159
0.151
0.145
0.152
0.111
0.152
0.150
0.151
0.158
0.153
0.156
0.150
0.158
0.156
0.177
0.120
0.156
0.152
0.159
0.157
0.152
0.155
0.147
0.152
0.152
0.144
0.157
0.150
0.155
0.148
0.154
0.154
0.163
0.150
0.150
0.151
0.106
0.158
0.154
0.149
0.159
0.150
0.150
0.153
0.145
0.149
0.163
0.141
0.158
0.142
0.158
0.144
0.154
0.151
0.146
0.153
0.147
0.150
0.161
0.155
0.152
0.151
0.159
0.106
0.160
0.117
0.157
0.151
0.158
0.156
0.147
0.147
0.157
0.154
0.145
0.150
0.154
0.154
0.153
0.149
0.156
0.159
0.159
0.112
0.158
0.151
0.145
0.154
0.146
0.148
0.153
0.154
0.143
0.155
0.156
0.154
0.144
0.149
0.110
0.155
0.159
0.103
0.153
0.142
0.154
0.147
0.153
0.155
0.155
0.111
0.120
0.153
0.155
0.151
0.153
0.147
0.154
0.153
0.157
0.154
0.153
0.144
0.153
0.154
0.153
0.155
0.157
0.152
0.152
0.153
0.159
0.107
0.151
0.144
0.153
0.148
0.154
0.149
0.153
0.155
0.108
0.140
0.152
0.153
0.151
0.151
0.145
0.141
0.158
0.152
0.152
0.146
0.153
0.149
0.154
0.148
0.144
0.149
0.153
0.154
0.108
0.161
0.156
0.155
0.151
0.146
0.153
0.149
0.152
0.144
0.152
0.148
0.153
0.146
0.144
0.160
0.156
0.146
0.149
0.148
0.152
0.156
0.152
0.140
0.154
0.139
0.151
0.141
0.143
0.158
0.154
0.158
0.153
0.151
0.156
0.153
0.132
0.153
0.157
0.155
0.153
0.143
0.157
0.151
0.153
0.119
0.154
0.149
0.161
0.150
0.146
0.152
0.158
0.155
0.122
0.154
0.152
0.152
0.157
0.150
0.153
0.153
0.107
0.114
0.154
0.149
0.158
0.152
0.154
0.154
0.144
0.151
0.129
0.155
0.153
0.162
0.464
0.146
0.152
0.147
0.154
0.110
0.162
0.150
0.158
0.150
0.121
0.152
0.153
0.158
0.162
0.155
0.157
0.113
0.149
0.149
0.155
0.152
0.152
0.155
0.147
0.155
0.157
0.152
0.109
0.152
0.154
0.157
0.155
0.144
0.111
0.152
0.156
0.140
0.160
0.141
0.152
0.155
0.151
0.151
0.158
0.151
0.151
0.157
0.108
0.151
0.156
0.142
0.158
0.158
0.153
0.142
0.154
0.152
0.157
0.161
0.149
0.151
0.146
0.152
0.144
0.151
0.160
0.155
0.115
0.147
0.153
0.153
0.159
0.147
0.156
0.151
0.153
0.157
0.145
0.151
0.158
0.150
0.150
0.149
0.152
0.160
0.157
0.149
0.154
0.159
0.159
0.132
0.159
0.152
0.154
0.150
0.148
0.149
0.154
0.143
0.122
0.151
0.158
0.152
0.160
0.145
0.153
0.151
0.154
0.125
0.108
0.152
0.158
0.152
0.149
0.153
0.163
0.152
0.155
0.154
0.153
0.151
0.157
0.109
0.153
0.151
0.154
0.152
0.141
0.155
0.107
0.156
0.148
0.149
0.158
0.158
0.151
0.154
0.151
0.151
0.160
0.141
