0.188
0.169
0.161
0.152
0.161
0.190
0.168
0.165
0.150
0.161
0.170
0.164
0.176
0.159
0.165
0.198
0.142
0.163
0.149
0.159
0.169
0.170
0.122
0.130
0.149
0.156
0.157
0.157
0.153
0.144
0.160
0.155
0.158
0.138
0.147
0.157
0.151
0.157
0.141
0.144
0.146
0.150
0.152
0.137
0.152
0.146
0.154
0.151
0.125
0.157
0.117
0.142
0.150
0.103
0.155
0.155
0.154
0.156
0.140
0.150
0.150
0.146
0.139
0.109
0.147
0.154
0.151
0.149
0.151
0.145
0.162
0.149
0.119
0.140
0.103
0.148
0.154
0.154
0.161
0.155
0.152
0.146
0.151
0.148
0.131
0.147
0.154
0.156
0.148
0.149
0.160
0.152
0.156
0.145
0.149
0.151
0.117
0.143
0.148
0.147
0.156
0.156
0.150
0.149
0.106
0.189
0.156
0.146
0.144
0.148
0.153
0.154
0.160
0.154
0.153
0.157
0.143
0.147
0.140
0.139
0.170
0.150
0.149
0.147
0.151
0.154
0.153
0.147
0.143
0.143
0.143
0.151
0.156
0.147
0.147
0.158
0.151
0.156
0.147
0.150
0.153
0.143
0.145
0.152
0.147
0.154
0.150
0.157
0.148
0.107
0.153
0.149
0.154
0.139
0.150
0.186
0.110
0.110
0.161
0.151
0.149
0.151
0.143
0.140
0.141
0.154
0.150
0.155
0.148
0.150
0.158
0.154
0.151
0.148
0.141
0.145
0.148
0.156
0.149
0.153
0.153
0.154
0.144
0.154
0.146
0.146
0.142
0.149
0.157
0.149
0.160
0.152
0.153
0.150
0.264
0.147
0.159
0.140
0.150
0.144
0.179
0.145
0.150
0.149
0.150
0.156
0.151
0.153
0.147
0.148
0.154
0.141
0.146
0.149
0.151
0.155
0.157
0.157
0.147
0.147
0.148
0.155
0.146
0.144
0.146
0.159
0.150
0.161
0.146
0.156
0.149
0.141
0.147
0.112
0.148
0.145
0.142
0.156
0.152
0.154
0.156
0.151
0.153
0.155
0.145
0.148
0.115
0.156
0.145
0.149
0.157
0.153
0.151
0.151
0.148
0.155
0.142
0.149
0.152
0.113
0.150
0.155
0.151
0.156
0.147
0.158
0.157
0.129
0.139
0.155
0.157
0.152
0.154
0.150
0.149
0.146
0.151
0.155
0.108
0.139
0.145
0.154
0.153
0.156
0.150
0.158
0.154
0.159
0.156
0.147
0.147
0.140
0.156
0.149
0.154
0.183
0.149
0.157
0.147
0.148
0.158
0.118
0.140
0.149
0.148
0.145
0.151
0.161
0.149
0.152
0.153
0.149
0.121
0.139
0.140
0.159
0.150
0.152
0.155
0.146
0.141
0.151
0.144
0.153
0.140
0.144
0.153
0.160
0.148
0.150
0.165
0.186
0.149
0.147
0.153
0.151
0.142
0.152
0.153
0.149
0.164
0.159
0.153
0.139
0.140
0.182
0.143
0.145
0.149
0.147
0.153
0.157
0.153
0.150
0.152
0.153
0.150
0.118
0.139
0.143
0.155
0.148
0.146
0.152
0.149
0.160
0.152
0.154
0.151
0.139
0.151
0.150
0.173
0.154
0.160
0.195
0.147
0.191
0.156
0.141
0.146
0.143
0.152
0.147
0.146
0.150
0.151
0.159
0.147
0.147
0.146
0.149
0.144
0.141
0.147
0.157
0.152
0.160
0.149
0.147
0.151
0.157
0.150
0.140
0.112
0.156
0.118
0.112
0.148
0.147
0.159
0.153
0.154
0.146
0.142
0.147
0.163
0.154
0.147
0.147
0.155
0.152
0.152
0.148
0.148
0.134
0.143
0.154
0.151
0.154
0.154
0.156
0.152
0.148
0.148
0.149
0.151
0.147
0.144
0.148
0.149
0.156
0.155
0.152
0.155
0.152
0.146
0.120
0.138
0.145
0.104
0.151
0.146
0.147
0.155
0.146
0.145
0.153
0.149
0.114
0.139
0.160
0.150
0.146
0.155
0.159
0.151
0.154
0.151
0.146
0.116
0.148
0.156
0.149
0.149
0.156
0.151
0.154
0.149
0.153
0.154
0.149
0.143
0.144
0.150
0.155
0.155
0.156
0.156
0.158
0.155
0.151
0.115
0.115
0.149
0.187
0.152
0.149
0.147
0.150
0.161
0.151
0.157
0.147
0.136
0.149
0.143
0.154
0.153
0.147
0.161
0.150
0.108
0.150
0.149
0.157
0.143
0.152
0.149
0.150
0.156
0.154
0.150
0.150
0.149
0.158
0.150
0.143
0.144
0.152
0.161
0.150
0.156
0.140
0.157
0.156
0.156
0.150
0.144
0.140
0.152
0.154
0.150
0.150
0.152
0.190
0.157
0.152
0.148
0.150
0.146
0.116
0.156
0.153
0.147
0.153
0.149
0.155
0.157
0.147
0.157
0.142
0.146
0.147
0.151
0.152
0.151
0.146
0.142
0.152
0.148
0.154
0.105
0.149
0.148
0.155
0.151
0.150
0.149
0.154
0.151
0.157
0.149
0.127
0.139
0.140
0.155
0.140
0.147
0.153
0.152
0.153
0.148
0.157
0.151
0.141
0.143
0.149
0.144
0.150
0.154
0.150
0.152
0.149
0.150
0.152
0.141
0.142
0.150
0.153
0.154
0.150
0.153
0.152
0.147
0.152
0.155
0.144
0.147
0.140
0.151
0.149
0.154
0.151
0.148
0.149
0.163
0.147
0.139
0.138
0.149
0.155
0.154
0.139
0.147
0.154
0.142
0.153
0.147
0.148
0.147
0.144
0.149
0.139
0.153
0.152
0.156
0.152
0.149
0.149
0.149
0.106
0.140
0.148
0.158
0.149
0.150
0.159
0.148
0.158
0.153
0.154
0.139
0.142
0.144
0.158
0.157
0.155
0.145
0.148
0.148
0.150
0.151
0.145
0.138
0.140
0.154
0.146
0.152
0.142
0.142
0.152
0.156
0.151
0.149
0.114
0.142
0.162
0.133
0.150
0.150
0.157
0.153
0.151
0.144
0.154
0.127
0.141
0.142
0.146
0.147
0.152
0.154
0.154
0.150
0.145
0.151
0.148
0.137
0.140
0.147
0.150
0.150
0.155
0.153
0.164
0.154
0.140
0.152
0.144
0.140
0.149
0.150
0.154
0.145
0.148
0.149
0.149
0.148
0.147
0.113
0.146
0.145
0.150
0.154
0.158
0.148
0.160
0.152
0.152
0.147
0.153
0.146
0.108
0.147
0.157
0.154
0.149
0.156
0.152
0.150
0.152
0.115
0.139
0.141
0.153
0.146
0.149
0.154
0.147
0.151
0.156
0.149
0.155
0.136
0.145
0.151
0.150
0.155
0.153
0.152
0.151
0.149
0.151
0.150
0.145
0.147
0.141
0.148
0.153
0.150
0.109
0.106
0.159
0.153
0.150
0.156
0.140
0.139
0.153
0.155
0.143
0.147
0.148
0.146
0.148
0.150
0.154
0.116
0.141
0.154
0.153
0.156
0.148
0.155
0.151
0.150
0.148
0.149
0.113
0.146
0.146
0.149
0.149
0.147
0.154
0.154
0.157
0.146
0.154
0.149
0.143
0.152
0.105
0.147
0.151
0.150
0.155
0.146
0.152
0.149
0.154
0.145
0.146
0.147
0.148
0.150
0.157
0.161
0.153
0.153
0.151
0.141
0.127
0.153
0.144
0.158
0.159
0.148
0.153
0.160
0.150
0.150
0.148
0.149
0.150
0.142
0.153
0.147
0.146
0.154
0.157
0.163
0.148
0.148
0.118
0.142
0.109
0.147
0.147
0.153
0.159
0.147
0.151
0.149
0.149
0.160
0.119
0.142
0.155
0.145
0.150
0.149
0.149
0.143
0.149
0.149
0.150
0.124
0.148
0.146
0.152
0.149
0.147
0.147
0.158
0.151
0.151
0.145
0.150
0.143
0.146
0.155
0.139
0.150
0.159
0.151
0.161
0.103
0.150
0.153
0.114
0.146
0.149
0.144
0.161
0.148
0.159
0.152
0.146
0.152
0.153
0.118
0.144
0.145
0.148
0.152
0.150
0.147
0.148
0.157
0.148
0.150
0.184
0.140
0.151
0.145
0.150
0.147
0.148
0.152
0.150
0.147
0.149
0.151
0.158
0.147
0.159
0.148
0.152
0.152
0.156
0.158
0.151
0.144
0.152
0.120
0.148
0.148
0.148
0.149
0.148
0.151
0.147
0.139
0.153
0.149
0.133
0.147
0.143
0.158
0.154
0.159
0.143
0.153
0.157
0.150
0.157
0.147
0.139
0.142
0.156
0.106
0.153
0.154
0.155
0.152
0.467
0.153
0.148
0.122
0.147
0.153
0.154
0.150
0.153
0.153
0.441
0.149
0.148
0.145
0.116
0.455
0.146
0.151
0.156
0.157
0.411
0.150
0.149
0.156
0.146
0.420
0.141
0.139
0.160
0.151
0.355
0.157
0.152
0.149
0.151
0.369
0.158
0.140
0.151
0.150
0.304
0.148
0.149
0.154
0.149
0.270
0.151
0.148
0.125
0.147
0.264
0.149
0.154
0.150
0.161
0.174
0.159
0.152
0.159
0.152
0.084
0.147
0.148
0.189
0.153
0.170
0.153
0.106
0.161
0.149
0.131
0.138
0.144
0.150
0.160
0.116
0.107
0.147
0.154
0.139
0.087
0.147
0.119
0.150
0.149
0.077
0.158
0.153
0.156
0.148
0.079
0.150
0.147
0.143
0.152
0.075
0.152
0.152
0.152
0.155
0.084
0.151
0.155
0.145
0.150
0.078
0.147
0.148
0.159
0.126
0.151
0.284
0.150
0.154
0.159
0.086
0.138
0.141
0.158
0.159
0.080
0.146
0.155
0.155
0.150
0.116
0.372
0.110
0.150
0.141
0.114
0.383
0.151
0.149
0.161
0.141
0.334
0.156
0.150
0.150
0.151
0.307
0.152
0.162
0.151
0.150
0.283
0.148
0.156
0.150
0.148
0.280
0.151
0.150
0.155
0.145
0.388
0.151
0.163
0.152
0.147
0.141
0.144
0.191
0.157
0.148
0.151
0.147
0.184
0.150
0.149
0.154
0.137
0.146
0.146
0.140
0.161
0.139
0.176
0.153
0.145
0.154
0.158
0.124
0.149
0.148
0.157
0.149
0.183
0.156
0.151
0.148
0.149
0.153
0.162
0.115
0.151
0.154
0.182
0.148
0.155
0.157
0.139
0.151
0.150
0.143
0.124
0.143
0.190
0.154
0.150
0.150
0.150
0.149
0.158
0.147
0.160
0.139
0.147
0.147
0.155
0.151
0.151
0.155
0.151
0.155
0.148
0.148
0.129
0.144
0.155
0.157
0.149
0.148
0.147
0.150
0.160
0.148
0.154
0.157
0.140
0.122
0.147
0.171
0.162
0.144
0.148
0.153
0.160
0.150
0.143
0.149
0.144
0.142
0.154
0.146
0.162
0.154
0.156
0.150
0.138
0.148
0.155
0.152
0.145
0.141
0.148
0.149
0.186
0.154
0.151
0.155
0.152
0.143
0.122
0.147
0.153
0.149
0.153
0.155
0.144
0.124
0.154
0.158
0.139
0.141
0.164
0.148
0.186
0.146
0.166
0.151
0.146
0.151
0.149
0.151
0.153
0.145
0.145
0.151
0.160
0.147
0.152
0.152
0.160
0.147
0.135
0.147
0.132
0.142
0.139
0.147
0.149
0.149
0.163
0.160
0.147
0.151
0.147
0.112
0.146
0.141
0.153
0.153
0.152
0.153
0.151
0.150
0.154
0.151
0.157
0.140
0.146
0.154
0.159
0.147
0.162
0.148
0.153
0.155
0.155
0.148
0.138
0.147
0.149
0.168
0.148
0.143
0.185
0.155
0.158
0.153
0.147
0.117
0.148
0.150
0.154
0.149
0.155
0.158
0.159
0.143
0.148
0.118
0.147
0.147
0.149
0.150
0.183
0.152
0.152
0.150
0.148
0.152
0.153
0.147
0.139
0.141
0.155
0.152
0.156
0.153
0.150
0.114
0.154
0.157
0.150
0.111
0.115
0.147
0.164
0.148
0.143
0.156
0.155
0.150
0.156
0.146
0.126
0.143
0.149
0.148
0.159
0.153
0.149
0.160
0.155
0.147
0.158
0.151
0.146
0.146
0.150
0.147
0.159
0.154
0.149
0.149
0.113
0.151
0.154
0.111
0.139
0.152
0.159
0.159
0.149
0.155
0.190
0.155
0.153
0.143
0.113
0.143
0.150
0.147
0.157
0.153
0.163
0.157
0.154
0.148
0.148
0.151
0.146
0.147
0.155
0.155
0.159
0.151
0.157
0.149
0.147
0.137
0.157
0.141
0.146
0.147
0.158
0.156
0.148
0.154
0.153
0.154
0.150
0.147
0.146
0.140
0.156
0.150
0.158
0.140
0.152
0.150
0.154
0.112
0.140
0.141
0.150
0.142
0.189
0.154
0.105
0.186
0.143
0.156
0.148
0.149
0.155
0.158
0.147
0.150
0.148
0.154
0.152
0.149
0.163
0.148
0.153
0.150
0.150
0.143
0.150
0.159
0.157
0.147
0.152
0.157
0.156
0.150
0.156
0.118
0.143
0.139
0.157
0.153
0.149
0.159
0.155
0.159
0.152
0.148
0.150
0.151
0.147
0.156
0.149
0.150
0.152
0.150
0.156
0.147
0.151
0.149
0.154
0.144
0.154
0.149
0.152
0.150
0.155
0.152
0.154
0.155
0.149
0.144
0.144
0.148
0.157
0.155
0.154
0.152
0.147
0.154
0.158
0.146
0.147
0.144
0.113
0.149
0.161
0.146
0.153
0.159
0.155
0.157
0.155
0.149
0.150
0.141
0.155
0.148
0.150
0.151
0.153
0.147
0.154
0.146
0.157
0.130
0.150
0.142
0.151
0.158
0.151
0.158
0.149
0.145
0.152
0.146
0.131
0.139
0.140
0.147
0.158
0.148
0.154
0.150
0.160
0.152
0.144
0.148
0.139
0.147
0.149
0.152
0.148
0.155
0.157
0.156
0.154
0.147
0.143
0.146
0.148
0.149
0.164
0.153
0.154
0.149
0.155
0.151
0.146
0.153
0.140
0.147
0.141
0.146
0.157
0.151
0.158
0.153
0.142
0.152
0.154
0.151
0.143
0.137
0.153
0.156
0.158
0.148
0.152
0.162
0.151
0.154
0.140
0.139
0.147
0.149
0.158
0.145
0.153
0.148
0.148
0.149
0.150
0.148
0.117
0.157
0.158
0.185
0.146
0.188
0.153
0.161
0.145
0.151
0.158
0.154
0.145
0.143
0.153
0.149
0.157
0.153
0.156
0.156
0.150
0.151
0.159
0.139
0.139
0.158
0.150
0.158
0.151
0.147
0.154
0.154
0.156
0.149
0.111
0.145
0.154
0.148
0.147
0.150
0.157
0.140
0.145
0.147
0.155
0.138
0.142
0.145
0.149
0.147
0.159
0.147
0.154
0.147
0.147
0.148
0.162
0.144
0.151
0.124
0.151
0.161
0.158
0.152
0.142
0.154
0.149
0.157
0.141
0.144
0.161
0.150
0.152
0.147
0.112
0.150
0.148
0.152
0.148
0.138
0.149
0.146
0.158
0.155
0.147
0.147
0.153
0.159
0.153
0.154
0.172
0.148
0.148
0.148
0.150
0.149
0.158
0.147
0.160
0.149
0.153
0.151
0.147
0.144
0.149
0.157
0.155
0.152
0.148
0.154
0.155
0.150
0.155
0.115
0.139
0.153
0.151
0.158
0.152
0.156
0.160
0.148
0.162
0.146
0.147
0.150
0.149
0.158
0.150
0.151
0.158
0.142
0.157
0.152
0.146
0.153
0.125
0.139
0.147
0.147
0.159
0.157
0.158
0.146
0.150
0.154
0.154
0.127
0.142
0.152
0.155
0.150
0.159
0.140
0.146
0.148
0.151
0.149
0.124
0.140
0.149
0.151
0.153
0.148
0.153
0.150
0.157
0.151
0.151
0.146
0.148
0.147
0.155
0.152
0.152
0.107
0.161
0.158
0.154
0.151
0.151
0.145
0.142
0.178
0.157
0.153
0.137
0.156
0.150
0.153
0.157
0.138
0.118
0.128
0.141
0.135
0.157
0.149
0.152
0.149
0.146
0.149
0.157
0.149
0.132
0.150
0.150
0.158
0.147
0.152
0.159
0.149
0.158
0.149
0.144
0.145
0.149
0.151
0.150
0.148
0.155
0.148
0.158
0.147
0.149
0.154
0.144
0.147
0.149
0.153
0.184
0.154
0.152
0.148
0.152
0.150
0.152
0.154
0.143
0.140
0.153
0.154
0.159
0.147
0.152
0.145
0.144
0.155
0.158
0.146
0.147
0.154
0.153
0.150
0.149
0.148
0.149
0.149
0.138
0.129
0.146
0.149
0.148
0.107
0.154
0.148
0.146
0.152
0.152
0.152
0.152
0.143
0.143
0.148
0.147
0.148
0.149
0.110
0.148
0.150
0.148
0.150
0.151
0.148
0.140
0.148
0.154
0.149
0.139
0.146
0.151
0.150
0.149
0.146
0.112
0.142
0.152
0.142
0.150
0.151
0.153
0.153
0.149
0.152
0.156
0.133
0.143
0.151
0.150
0.148
0.147
0.150
0.149
0.158
0.147
0.148
0.154
0.142
0.143
0.149
0.149
0.160
0.155
0.153
0.149
0.185
0.158
0.153
0.117
0.144
0.157
0.154
0.160
0.147
0.148
0.150
0.153
0.146
0.149
0.128
0.141
0.150
0.149
0.154
0.154
0.152
0.159
0.159
0.150
0.153
0.113
0.150
0.141
0.147
0.148
