0.174
0.195
0.202
0.170
0.176
0.168
0.172
0.093
0.162
0.168
0.170
0.172
0.171
0.173
0.177
0.162
0.172
0.309
0.122
0.173
0.124
0.168
0.166
0.166
0.167
0.171
0.167
0.092
0.170
0.167
0.173
0.166
0.172
0.161
0.164
0.134
0.174
0.089
0.176
0.167
0.170
0.176
0.163
0.169
0.154
0.167
0.176
0.272
0.130
0.326
0.185
0.123
0.174
0.158
0.173
0.170
0.175
0.094
0.174
0.169
0.163
0.172
0.171
0.172
0.176
0.165
0.171
0.099
0.180
0.159
0.173
0.172
0.172
0.169
0.172
0.169
0.168
0.090
0.163
0.122
0.124
0.169
0.101
0.163
0.170
0.160
0.172
0.092
0.172
0.167
0.170
0.171
0.172
0.168
0.162
0.164
0.134
0.089
0.178
0.171
0.176
0.174
0.176
0.164
0.170
0.169
0.161
0.096
0.169
0.170
0.314
0.098
0.162
0.277
0.168
0.172
0.169
0.093
0.174
0.176
0.167
0.161
0.169
0.180
0.173
0.175
0.171
0.095
0.162
0.170
0.161
0.174
0.161
0.177
0.169
0.173
0.169
0.093
0.161
0.168
0.176
0.120
0.097
0.170
0.343
0.179
0.167
0.089
0.166
0.167
0.170
0.169
0.173
0.167
0.170
0.167
0.176
0.090
0.170
0.175
0.172
0.167
0.173
0.171
0.166
0.172
0.142
0.089
0.172
0.168
0.174
0.170
0.290
0.123
0.176
0.122
0.171
0.090
0.171
0.167
0.170
0.166
0.194
0.171
0.175
0.179
0.173
0.096
0.177
0.162
0.169
0.166
0.174
0.173
0.167
0.170
0.175
0.091
0.164
0.174
0.160
0.174
0.173
0.340
0.317
0.175
0.329
0.106
0.168
0.134
0.174
0.168
0.169
0.171
0.170
0.170
0.161
0.090
0.132
0.170
0.167
0.166
0.171
0.167
0.176
0.164
0.176
0.089
0.173
0.168
0.175
0.182
0.171
0.167
0.138
0.329
0.171
0.089
0.175
0.172
0.179
0.160
0.170
0.165
0.163
0.173
0.179
0.340
0.174
0.176
0.163
0.167
0.164
0.167
0.172
0.172
0.172
0.089
0.174
0.160
0.170
0.161
0.168
0.165
0.178
0.123
0.115
0.096
0.365
0.171
0.155
0.179
0.170
0.170
0.170
0.172
0.168
0.113
0.175
0.139
0.177
0.171
0.169
0.172
0.173
0.175
0.164
0.091
0.173
0.162
0.172
0.171
0.175
0.171
0.168
0.162
0.131
0.091
0.173
0.137
0.168
0.170
0.174
0.170
0.166
0.162
0.162
0.091
0.180
0.153
0.157
0.165
0.163
0.161
0.170
0.165
0.177
0.091
0.163
0.172
0.162
0.164
0.167
0.170
0.169
0.170
0.170
0.096
0.352
0.169
0.122
0.166
0.167
0.170
0.168
0.170
0.185
0.092
0.161
0.181
0.135
0.178
0.173
0.172
0.190
0.170
0.172
0.092
0.184
0.158
0.168
0.178
0.169
0.171
0.167
0.172
0.159
0.094
0.283
0.126
0.179
0.300
0.173
0.165
0.170
0.162
0.167
0.099
0.168
0.172
0.169
0.175
0.167
0.173
0.161
0.176
0.166
0.092
0.171
0.203
0.170
0.165
0.170
0.137
0.169
0.169
0.169
0.094
0.167
0.123
0.292
0.173
0.380
0.172
0.168
0.172
0.169
0.090
0.168
0.171
0.175
0.137
0.174
0.173
0.169
0.173
0.173
0.094
0.163
0.168
0.176
0.171
0.174
0.177
0.167
0.173
0.176
0.094
0.167
0.175
0.123
0.232
0.168
0.274
0.169
0.175
0.165
0.092
0.189
0.160
0.158
0.187
0.163
0.168
0.172
0.166
0.170
0.091
0.186
0.168
0.171
0.170
0.162
0.177
0.161
0.168
0.172
0.091
0.171
0.170
0.177
0.124
0.129
0.133
0.279
0.170
0.172
0.090
0.169
0.170
0.161
0.173
0.133
0.177
0.173
0.171
0.166
0.095
0.167
0.162
0.174
0.172
0.170
0.171
0.172
0.172
0.167
0.093
0.164
0.182
0.167
0.171
0.122
0.320
0.168
0.231
0.167
0.093
0.174
0.177
0.177
0.180
0.170
0.172
0.165
0.173
0.165
0.091
0.176
0.168
0.174
0.168
0.170
0.163
0.170
0.161
0.168
0.090
0.168
0.174
0.175
0.169
0.158
0.125
0.272
0.180
0.120
0.095
0.163
0.171
0.166
0.165
0.167
0.136
0.169
0.171
0.170
0.097
0.167
0.175
0.159
0.173
0.170
0.171
0.168
0.164
0.170
0.095
0.176
0.168
0.168
0.178
0.184
0.177
0.134
0.126
0.167
0.373
0.163
0.180
0.174
0.177
0.166
0.169
0.179
0.166
0.174
0.091
0.170
0.172
0.169
0.167
0.170
0.169
0.161
0.159
0.164
0.093
0.161
0.175
0.172
0.205
0.170
0.160
0.169
0.123
0.372
0.107
0.328
0.169
0.168
0.174
0.175
0.168
0.171
0.173
0.171
0.094
0.175
0.171
0.160
0.160
0.169
0.169
0.172
0.168
0.169
0.090
0.174
0.169
0.162
0.173
0.154
0.175
0.169
0.169
0.124
0.304
0.174
0.323
0.172
0.170
0.167
0.167
0.175
0.175
0.163
0.089
0.169
0.167
0.148
0.173
0.175
0.168
0.178
0.172
0.171
0.090
0.173
0.171
0.173
0.178
0.178
0.159
0.168
0.168
0.162
0.090
0.125
0.167
0.357
0.176
0.172
0.160
0.176
0.150
0.171
0.089
0.163
0.167
0.175
0.168
0.163
0.173
0.171
0.172
0.170
0.092
0.166
0.168
0.172
0.162
0.173
0.170
0.169
0.173
0.168
0.093
0.301
0.369
0.167
0.305
0.171
0.171
0.173
0.174
0.170
0.092
0.169
0.136
0.163
0.176
0.169
0.162
0.173
0.169
0.160
0.305
0.152
0.168
0.177
0.170
0.171
0.168
0.171
0.167
0.171
0.089
0.171
0.121
0.306
0.171
0.132
0.168
0.168
0.167
0.172
0.089
0.175
0.167
0.175
0.171
0.176
0.160
0.163
0.167
0.175
0.135
0.170
0.167
0.162
0.167
0.164
0.170
0.169
0.168
0.171
0.311
0.173
0.160
0.125
0.120
0.181
0.231
0.171
0.177
0.173
0.089
0.163
0.173
0.160
0.160
0.171
0.167
0.172
0.167
0.180
0.090
0.176
0.132
0.177
0.171
0.171
0.170
0.169
0.168
0.167
0.090
0.163
0.161
0.170
0.318
0.096
0.172
0.130
0.159
0.166
0.091
0.176
0.168
0.174
0.169
0.171
0.171
0.162
0.172
0.171
0.089
0.171
0.173
0.170
0.161
0.172
0.137
0.171
0.168
0.170
0.089
0.181
0.184
0.185
0.174
0.124
0.268
0.171
0.196
0.178
0.089
0.176
0.166
0.175
0.162
0.175
0.172
0.175
0.163
0.172
0.230
0.167
0.173
0.135
0.167
0.171
0.174
0.175
0.166
0.169
0.088
0.170
0.137
0.176
0.168
0.172
0.123
0.138
0.172
0.124
0.091
0.170
0.168
0.175
0.172
0.171
0.169
0.171
0.160
0.176
0.089
0.164
0.172
0.173
0.166
0.164
0.168
0.164
0.168
0.183
0.090
0.180
0.167
0.176
0.162
0.171
0.160
0.293
0.263
0.171
0.316
0.176
0.172
0.169
0.173
0.153
0.173
0.172
0.172
0.175
0.113
0.174
0.159
0.175
0.138
0.166
0.173
0.171
0.174
0.171
0.092
0.168
0.167
0.172
0.174
0.173
0.166
0.167
0.137
0.210
0.088
0.131
0.169
0.171
0.184
0.171
0.132
0.168
0.174
0.163
0.090
0.175
0.167
0.171
0.168
0.171
0.160
0.167
0.159
0.169
0.098
0.172
0.173
0.176
0.164
0.168
0.173
0.162
0.167
0.233
0.091
0.164
0.229
0.172
0.167
0.173
0.132
0.170
0.168
0.175
0.090
0.176
0.167
0.165
0.167
0.150
0.167
0.176
0.165
0.170
0.342
0.167
0.163
0.170
0.142
0.172
0.168
0.176
0.169
0.171
0.089
0.124
0.166
0.232
0.187
0.177
0.168
0.170
0.159
0.172
0.338
0.182
0.167
0.182
0.181
0.178
0.165
0.166
0.167
0.167
0.092
0.177
0.172
0.170
0.175
0.172
0.164
0.171
0.168
0.176
0.089
0.125
0.231
0.180
0.167
0.166
0.203
0.161
0.171
0.175
0.178
0.176
0.168
0.176
0.160
0.172
0.153
0.176
0.168
0.176
0.092
0.175
0.173
0.163
0.170
0.165
0.202
0.171
0.161
0.171
0.089
0.173
0.116
0.125
0.126
0.300
0.172
0.164
0.168
0.188
0.089
0.164
0.169
0.170
0.170
0.171
0.169
0.172
0.195
0.177
0.092
0.170
0.168
0.201
0.176
0.172
0.173
0.164
0.168
0.136
0.090
0.169
0.171
0.120
0.314
0.169
0.337
0.167
0.132
0.168
0.089
0.171
0.168
0.172
0.173
0.168
0.168
0.159
0.167
0.174
0.089
0.171
0.166
0.176
0.167
0.172
0.173
0.172
0.172
0.174
0.089
0.164
0.167
0.163
0.128
0.343
0.170
0.288
0.168
0.169
0.090
0.170
0.163
0.170
0.172
0.175
0.171
0.170
0.168
0.165
0.128
0.170
0.167
0.170
0.172
0.176
0.180
0.176
0.180
0.176
0.090
0.176
0.167
0.168
0.168
0.125
0.122
0.164
0.355
0.134
0.089
0.170
0.171
0.170
0.171
0.171
0.161
0.171
0.172
0.176
0.089
0.177
0.172
0.170
0.177
0.166
0.169
0.176
0.168
0.172
0.089
0.173
0.197
0.183
0.164
0.172
0.121
0.303
0.170
0.325
0.091
0.168
0.166
0.162
0.168
0.171
0.187
0.194
0.177
0.173
0.089
0.170
0.158
0.179
0.175
0.168
0.174
0.169
0.169
0.161
0.091
0.147
0.167
0.169
0.169
0.165
0.175
0.123
0.339
0.175
0.342
0.171
0.170
0.179
0.170
0.170
0.173
0.165
0.170
0.169
0.091
0.171
0.169
0.171
0.174
0.170
0.162
0.169
0.169
0.169
0.092
0.175
0.163
0.173
0.175
0.166
0.207
0.170
0.123
0.123
0.092
0.280
0.166
0.161
0.166
0.173
0.173
0.173
0.169
0.167
0.093
0.159
0.171
0.159
0.176
0.168
0.172
0.170
0.177
0.168
0.091
0.163
0.157
0.182
0.170
0.179
0.183
0.167
0.170
0.322
0.303
0.147
0.356
0.170
0.192
0.188
0.167
0.168
0.171
0.170
0.319
0.172
0.176
0.167
0.174
0.176
0.172
0.159
0.169
0.169
0.090
0.184
0.171
0.176
0.160
0.171
0.166
0.170
0.169
0.165
0.090
0.311
0.171
0.355
0.170
0.162
0.168
0.176
0.170
0.175
0.098
0.170
0.162
0.171
0.168
0.173
0.152
0.187
0.154
0.149
0.090
0.161
0.168
0.138
0.169
0.175
0.170
0.166
0.173
0.173
0.091
0.119
0.125
0.171
0.124
0.167
0.171
0.166
0.177
0.165
0.095
0.159
0.170
0.167
0.171
0.173
0.166
0.167
0.169
0.172
0.097
0.181
0.173
0.181
0.172
0.182
0.169
0.162
0.168
0.174
0.090
0.172
0.340
0.292
0.162
0.095
0.159
0.169
0.154
0.174
0.090
0.174
0.174
0.162
0.175
0.166
0.169
0.174
0.172
0.170
0.092
0.168
0.166
0.175
0.134
0.169
0.174
0.172
0.170
0.176
0.091
0.169
0.165
0.124
0.311
0.175
0.127
0.168
0.171
0.177
0.135
0.171
0.169
0.170
0.170
0.174
0.176
0.163
0.177
0.159
0.092
0.168
0.172
0.177
0.176
0.169
0.169
0.172
0.163
0.178
0.092
0.171
0.172
0.167
0.124
0.136
0.174
0.322
0.172
0.176
0.092
0.169
0.173
0.170
0.176
0.151
0.132
0.181
0.170
0.169
0.091
0.170
0.172
0.169
0.172
0.137
0.171
0.171
0.170
0.170
0.100
0.162
0.159
0.164
0.159
0.323
0.305
0.173
0.292
0.173
0.090
0.167
0.167
0.170
0.168
0.172
0.173
0.170
0.168
0.141
0.194
0.171
0.166
0.171
0.167
0.176
0.167
0.166
0.170
0.134
0.091
0.175
0.204
0.168
0.170
0.167
0.123
0.292
0.161
0.232
0.101
0.160
0.123
0.171
0.172
0.164
0.167
0.134
0.169
0.174
0.295
0.167
0.169
0.165
0.159
0.167
0.167
0.167
0.171
0.180
0.092
0.165
0.176
0.158
0.171
0.167
0.170
0.119
0.124
0.173
0.093
0.172
0.160
0.174
0.170
0.170
0.171
0.176
0.173
0.178
0.092
0.169
0.174
0.172
0.175
0.170
0.170
0.171
0.168
0.168
0.093
0.166
0.163
0.166
0.176
0.134
0.172
0.159
0.352
0.339
0.096
0.120
0.172
0.167
0.177
0.167
0.168
0.167
0.118
0.179
0.094
0.172
0.195
0.172
0.177
0.159
0.171
0.130
0.176
0.172
0.094
0.173
0.172
0.168
0.161
0.190
0.168
0.170
0.169
0.323
0.324
0.174
0.123
0.171
0.170
0.162
0.171
0.169
0.178
0.164
0.094
0.173
0.163
0.174
0.170
0.170
0.174
0.173
0.169
0.161
0.091
0.161
0.169
0.170
0.175
0.170
0.177
0.174
0.165
0.171
0.090
0.124
0.173
0.122
0.174
0.172
0.174
0.165
0.168
0.133
0.091
0.160
0.169
0.160
0.174
0.169
0.162
0.161
0.148
0.163
0.283
0.180
0.175
0.171
0.184
0.166
0.180
0.171
0.176
0.122
0.089
0.116
0.121
0.166
0.371
0.160
0.173
0.203
0.176
0.167
0.092
0.160
0.173
0.160
0.177
0.167
0.177
0.167
0.178
0.172
0.093
0.171
0.165
0.171
0.173
0.168
0.162
0.174
0.179
0.167
0.112
0.153
0.122
0.286
0.179
0.334
0.171
0.168
0.161
0.174
0.090
0.177
0.175
0.171
0.186
0.170
0.170
0.165
0.175
0.134
0.091
0.173
0.173
0.170
0.170
0.169
0.161
0.167
0.175
0.170
0.094
0.167
0.175
0.209
0.125
0.167
0.208
0.163
0.172
0.172
0.094
0.167
0.164
0.170
0.162
0.171
0.165
0.173
0.169
0.169
0.093
0.166
0.169
0.165
0.203
0.163
0.174
0.176
0.174
0.170
0.089
0.171
0.300
0.171
0.121
0.295
0.171
0.270
0.174
0.167
0.089
0.135
0.170
0.175
0.167
0.180
0.166
0.174
0.162
0.169
0.090
0.168
0.175
0.174
0.167
0.175
0.172
0.164
0.169
0.157
0.090
0.171
0.167
0.171
0.167
0.124
0.230
0.172
0.121
0.173
0.125
0.179
0.168
0.174
0.168
0.163
0.173
0.175
0.169
0.170
0.088
0.175
0.164
0.172
0.160
0.176
0.166
0.164
0.171
0.170
0.088
0.166
0.160
0.096
0.171
0.181
0.121
0.123
0.175
0.229
0.091
0.173
0.151
0.174
0.161
0.172
0.177
0.168
0.169
0.158
0.096
0.169
0.174
0.174
0.177
0.169
0.175
0.174
0.162
0.168
0.319
0.174
0.172
0.173
0.169
0.169
0.169
0.122
0.301
0.169
0.308
0.174
0.176
0.219
0.178
0.173
0.173
0.169
0.167
0.171
0.091
0.169
0.169
0.170
0.169
0.161
0.180
0.170
0.173
0.168
0.097
0.171
0.159
0.169
0.162
0.170
0.183
0.174
0.122
0.321
0.092
0.273
0.170
0.136
0.173
0.176
0.176
0.168
0.172
0.168
0.091
0.171
0.148
0.170
0.167
0.176
0.168
0.173
0.169
0.167
0.090
0.174
0.173
0.171
0.168
0.175
0.165
0.164
0.158
0.122
0.092
0.170
0.122
0.179
0.170
0.161
0.174
0.162
0.171
0.165
0.090
0.174
0.168
0.166
0.166
0.168
0.161
0.177
0.176
0.174
0.094
0.173
0.169
0.170
0.174
0.172
0.174
0.173
0.170
0.162
0.344
0.338
0.146
0.352
0.137
0.175
0.174
0.202
0.176
0.173
0.091
0.161
0.181
0.170
0.176
0.163
0.170
0.169
0.162
0.172
0.096
0.171
0.167
0.165
0.167
0.178
0.171
0.168
0.167
0.163
0.088
0.128
0.321
0.177
0.123
0.171
0.160
0.170
0.159
0.172
0.091
0.171
0.171
0.172
0.166
0.169
0.160
0.168
0.164
0.172
0.099
0.171
0.173
0.171
0.159
0.173
0.160
0.174
0.170
0.171
0.095
0.171
0.128
0.131
0.170
0.339
0.169
0.170
0.170
0.174
0.091
0.169
0.168
0.168
0.173
0.169
0.173
0.169
0.168
0.162
0.090
0.167
0.174
0.173
0.169
0.170
0.175
0.167
0.163
0.174
0.091
0.169
0.172
0.317
0.127
0.176
0.123
0.162
0.168
0.160
0.090
0.168
0.174
0.168
0.124
0.169
0.169
0.168
0.161
0.172
0.097
0.172
0.169
0.169
0.176
0.162
0.179
0.138
0.177
0.170
0.093
0.170
0.169
