0.206
0.198
0.199
0.201
0.197
0.189
0.196
0.198
0.167
0.171
0.167
0.158
0.174
0.173
0.147
0.165
0.135
0.167
0.175
0.172
0.139
0.168
0.170
0.167
0.141
0.170
0.166
0.177
0.166
0.160
0.168
0.158
0.169
0.160
0.170
0.188
0.169
0.168
0.165
0.167
0.172
0.174
0.164
0.172
0.168
0.169
0.175
0.160
0.170
0.174
0.166
0.136
0.166
0.176
0.171
0.168
0.159
0.178
0.168
0.172
0.157
0.166
0.168
0.172
0.168
0.160
0.174
0.169
0.167
0.203
0.170
0.170
0.168
0.172
0.173
0.166
0.120
0.202
0.126
0.166
0.175
0.180
0.388
0.164
0.169
0.171
0.166
0.170
0.169
0.170
0.168
0.173
0.159
0.177
0.169
0.165
0.168
0.169
0.171
0.170
0.168
0.158
0.169
0.184
0.167
0.174
0.161
0.166
0.169
0.172
0.158
0.176
0.174
0.171
0.168
0.159
0.174
0.167
0.168
0.162
0.169
0.167
0.170
0.177
0.164
0.174
0.168
0.178
0.158
0.175
0.181
0.171
0.168
0.161
0.167
0.173
0.168
0.161
0.149
0.203
0.466
0.168
0.162
0.167
0.158
0.177
0.158
0.166
0.180
0.171
0.168
0.141
0.167
0.180
0.170
0.180
0.179
0.167
0.167
0.173
0.159
0.160
0.167
0.174
0.162
0.171
0.166
0.172
0.173
0.164
0.170
0.165
0.173
0.130
0.176
0.204
0.173
0.173
0.160
0.171
0.171
0.164
0.135
0.174
0.170
0.172
0.169
0.166
0.168
0.176
0.167
0.135
0.159
0.170
0.171
0.171
0.160
0.169
0.169
0.169
0.162
0.171
0.364
0.191
0.166
0.161
0.108
0.164
0.159
0.170
0.175
0.176
0.170
0.168
0.164
0.171
0.168
0.170
0.168
0.168
0.171
0.169
0.167
0.163
0.168
0.174
0.172
0.178
0.167
0.173
0.167
0.174
0.160
0.170
0.170
0.168
0.163
0.165
0.167
0.175
0.171
0.162
0.176
0.169
0.170
0.167
0.161
0.157
0.168
0.175
0.163
0.170
0.168
0.167
0.168
0.163
0.166
0.168
0.171
0.156
0.171
0.166
0.164
0.169
0.152
0.127
0.169
0.169
0.136
0.173
0.172
0.168
0.169
0.163
0.169
0.187
0.171
0.158
0.169
0.169
0.167
0.172
0.160
0.166
0.138
0.169
0.145
0.167
0.167
0.172
0.170
0.161
0.207
0.192
0.173
0.146
0.181
0.166
0.171
0.169
0.160
0.174
0.168
0.172
0.127
0.173
0.169
0.170
0.170
0.161
0.171
0.166
0.158
0.134
0.165
0.167
0.168
0.166
0.124
0.167
0.171
0.169
0.151
0.173
0.155
0.170
0.144
0.157
0.176
0.164
0.128
0.168
0.177
0.177
0.179
0.171
0.159
0.173
0.169
0.170
0.168
0.169
0.159
0.166
0.139
0.166
0.172
0.181
0.166
0.169
0.168
0.170
0.167
0.173
0.160
0.170
0.177
0.159
0.167
0.166
0.171
0.175
0.173
0.163
0.167
0.175
0.165
0.166
0.162
0.170
0.166
0.187
0.165
0.164
0.167
0.201
0.166
0.174
0.191
0.168
0.170
0.160
0.166
0.179
0.171
0.170
0.160
0.163
0.143
0.173
0.138
0.166
0.174
0.171
0.166
0.163
0.162
0.187
0.175
0.157
0.170
0.167
0.174
0.171
0.164
0.165
0.169
0.168
0.130
0.176
0.170
0.165
0.174
0.163
0.173
0.175
0.170
0.135
0.167
0.167
0.146
0.167
0.164
0.168
0.174
0.169
0.172
0.167
0.173
0.167
0.173
0.165
0.175
0.168
0.173
0.136
0.172
0.168
0.168
0.171
0.165
0.166
0.172
0.167
0.167
0.170
0.165
0.168
0.170
0.162
0.130
0.212
0.168
0.166
0.152
0.142
0.167
0.161
0.162
0.171
0.159
0.174
0.170
0.165
0.169
0.167
0.122
0.161
0.167
0.165
0.168
0.165
0.161
0.168
0.167
0.167
0.159
0.170
0.168
0.168
0.165
0.164
0.168
0.155
0.166
0.157
0.168
0.159
0.168
0.124
0.159
0.126
0.167
0.171
0.161
0.172
0.168
0.169
0.168
0.159
0.171
0.166
0.169
0.134
0.169
0.172
0.168
0.164
0.161
0.167
0.163
0.167
0.162
0.167
0.174
0.166
0.381
0.181
0.173
0.167
0.169
0.190
0.172
0.167
0.171
0.169
0.161
0.168
0.168
0.170
0.135
0.173
0.175
0.172
0.171
0.159
0.168
0.168
0.175
0.128
0.170
0.171
0.167
0.167
0.161
0.167
0.173
0.165
0.134
0.168
0.166
0.168
0.167
0.158
0.172
0.168
0.171
0.148
0.168
0.165
0.169
0.176
0.158
0.171
0.169
0.165
0.166
0.170
0.171
0.169
0.170
0.157
0.125
0.177
0.138
0.168
0.169
0.169
0.133
0.170
0.162
0.168
0.169
0.169
0.166
0.172
0.175
0.170
0.172
0.167
0.172
0.178
0.167
0.170
0.159
0.169
0.171
0.169
0.161
0.173
0.166
0.169
0.169
0.158
0.168
0.171
0.171
0.160
0.177
0.167
0.172
0.167
0.158
0.162
0.171
0.172
0.159
0.171
0.171
0.190
0.173
0.158
0.167
0.175
0.166
0.166
0.174
0.196
0.160
0.165
0.159
0.168
0.164
0.167
0.146
0.166
0.138
0.163
0.168
0.163
0.147
0.167
0.166
0.160
0.168
0.166
0.170
0.170
0.158
0.175
0.166
0.169
0.134
0.168
0.166
0.133
0.170
0.163
0.170
0.180
0.173
0.133
0.169
0.172
0.176
0.167
0.157
0.169
0.175
0.168
0.134
0.162
0.155
0.170
0.174
0.168
0.168
0.208
0.172
0.158
0.166
0.166
0.168
0.174
0.161
0.173
0.171
0.168
0.165
0.172
0.168
0.175
0.172
0.165
0.167
0.178
0.172
0.171
0.127
0.174
0.163
0.172
0.130
0.172
0.171
0.169
0.171
0.171
0.172
0.159
0.166
0.165
0.173
0.167
0.169
0.168
0.170
0.173
0.166
0.168
0.162
0.171
0.171
0.177
0.201
0.158
0.170
0.173
0.167
0.167
0.166
0.202
0.176
0.164
0.159
0.170
0.170
0.169
0.166
0.177
0.172
0.167
0.166
0.163
0.167
0.164
0.173
0.159
0.170
0.194
0.167
0.165
0.165
0.169
0.166
0.167
0.138
0.172
0.177
0.169
0.160
0.138
0.202
0.163
0.126
0.132
0.172
0.167
0.171
0.169
0.165
0.168
0.166
0.170
0.136
0.166
0.173
0.175
0.167
0.166
0.173
0.174
0.174
0.132
0.166
0.168
0.172
0.177
0.160
0.166
0.159
0.172
0.137
0.167
0.168
0.178
0.165
0.160
0.169
0.173
0.172
0.137
0.165
0.167
0.167
0.168
0.161
0.160
0.165
0.169
0.163
0.165
0.168
0.168
0.169
0.167
0.174
0.171
0.169
0.186
0.148
0.169
0.155
0.163
0.159
0.173
0.134
0.171
0.172
0.171
0.178
0.166
0.167
0.160
0.171
0.171
0.171
0.168
0.159
0.175
0.174
0.169
0.167
0.164
0.171
0.177
0.167
0.157
0.175
0.166
0.171
0.162
0.166
0.167
0.172
0.202
0.165
0.178
0.166
0.167
0.176
0.171
0.166
0.168
0.166
0.160
0.170
0.191
0.174
0.162
0.171
0.192
0.173
0.174
0.162
0.171
0.168
0.165
0.164
0.159
0.172
0.169
0.152
0.160
0.135
0.172
0.166
0.165
0.167
0.164
0.173
0.167
0.160
0.172
0.168
0.172
0.134
0.177
0.166
0.169
0.174
0.163
0.173
0.159
0.171
0.167
0.169
0.166
0.174
0.172
0.158
0.165
0.166
0.169
0.161
0.170
0.168
0.196
0.171
0.161
0.171
0.169
0.165
0.135
0.166
0.164
0.173
0.165
0.145
0.169
0.165
0.165
0.163
0.168
0.168
0.174
0.173
0.172
0.168
0.168
0.172
0.181
0.168
0.174
0.174
0.169
0.148
0.177
0.171
0.175
0.147
0.169
0.166
0.169
0.169
0.175
0.170
0.157
0.170
0.203
0.163
0.179
0.168
0.168
0.162
0.203
0.121
0.178
0.172
0.160
0.170
0.177
0.171
0.161
0.176
0.167
0.170
0.176
0.160
0.175
0.174
0.171
0.160
0.174
0.172
0.167
0.172
0.157
0.177
0.167
0.166
0.156
0.170
0.170
0.167
0.170
0.158
0.171
0.175
0.166
0.135
0.174
0.168
0.165
0.171
0.159
0.375
0.180
0.159
0.158
0.172
0.166
0.378
0.186
0.164
0.169
0.172
0.175
0.157
0.171
0.171
0.178
0.169
0.157
0.171
0.169
0.162
0.129
0.170
0.165
0.171
0.169
0.162
0.174
0.171
0.171
0.141
0.178
0.169
0.171
0.170
0.171
0.162
0.170
0.173
0.139
0.171
0.167
0.168
0.169
0.160
0.166
0.176
0.170
0.148
0.168
0.171
0.164
0.164
0.169
0.178
0.174
0.168
0.167
0.169
0.171
0.166
0.167
0.141
0.173
0.137
0.192
0.126
0.169
0.125
0.200
0.168
0.139
0.166
0.169
0.166
0.167
0.163
0.170
0.174
0.170
0.159
0.164
0.175
0.173
0.176
0.164
0.166
0.170
0.172
0.156
0.174
0.170
0.170
0.196
0.174
0.169
0.168
0.177
0.143
0.168
0.170
0.150
0.166
0.173
0.148
0.150
0.174
0.166
0.152
0.184
0.168
0.147
0.167
0.172
0.174
0.163
0.165
0.197
0.171
0.208
0.168
0.159
0.167
0.167
0.159
0.148
0.132
0.165
0.172
0.180
0.154
0.171
0.178
0.167
0.164
0.196
0.163
0.171
0.177
0.163
0.179
0.172
0.162
0.131
0.170
0.174
0.161
0.168
0.160
0.172
0.168
0.132
0.143
0.172
0.172
0.168
0.173
0.162
0.171
0.165
0.176
0.129
0.171
0.173
0.167
0.188
0.170
0.167
0.171
0.170
0.170
0.167
0.176
0.170
0.167
0.161
0.167
0.173
0.175
0.167
0.165
0.163
0.170
0.167
0.160
0.167
0.151
0.161
0.130
0.169
0.169
0.167
0.137
0.163
0.169
0.174
0.174
0.170
0.166
0.123
0.173
0.167
0.168
0.170
0.170
0.178
0.169
0.157
0.171
0.199
0.173
0.168
0.162
0.164
0.168
0.171
0.162
0.162
0.170
0.167
0.093
0.197
0.173
0.198
0.168
0.159
0.176
0.167
0.177
0.163
0.168
0.162
0.171
0.159
0.160
0.171
0.166
0.171
0.166
0.167
0.166
0.174
0.169
0.159
0.170
0.167
0.167
0.135
0.168
0.169
0.170
0.164
0.166
0.172
0.376
0.176
0.133
0.165
0.168
0.169
0.167
0.158
0.177
0.172
0.173
0.130
0.172
0.167
0.171
0.169
0.165
0.178
0.166
0.165
0.141
0.173
0.161
0.172
0.173
0.168
0.169
0.171
0.172
0.173
0.167
0.172
0.171
0.200
0.161
0.168
0.165
0.177
0.170
0.174
0.167
0.176
0.171
0.164
0.168
0.170
0.167
0.173
0.166
0.191
0.171
0.159
0.160
0.175
0.167
0.179
0.153
0.174
0.392
0.190
0.168
0.168
0.370
0.162
0.167
0.173
0.168
0.165
0.170
0.172
0.163
0.174
0.171
0.172
0.171
0.159
0.174
0.167
0.168
0.157
0.178
0.172
0.170
0.203
0.159
0.172
0.176
0.166
0.158
0.167
0.169
0.170
0.167
0.164
0.169
0.169
0.167
0.158
0.169
0.172
0.166
0.174
0.161
0.169
0.169
0.159
0.157
0.199
0.167
0.165
0.175
0.160
0.163
0.173
0.172
0.164
0.169
0.165
0.164
0.179
0.140
0.156
0.126
0.168
0.154
0.175
0.182
0.175
0.168
0.156
0.171
0.174
0.166
0.144
0.173
0.166
0.166
0.174
0.158
0.168
0.170
0.172
0.130
0.176
0.158
0.165
0.179
0.159
0.172
0.179
0.167
0.132
0.172
0.166
0.171
0.175
0.159
0.171
0.172
0.177
0.145
0.182
0.174
0.171
0.173
0.161
0.167
0.173
0.174
0.171
0.170
0.171
0.158
0.174
0.158
0.165
0.171
0.180
0.169
0.170
0.154
0.169
0.136
0.164
0.169
0.174
0.138
0.175
0.162
0.175
0.172
0.168
0.165
0.164
0.176
0.197
0.172
0.164
0.167
0.180
0.169
0.158
0.162
0.164
0.163
0.162
0.161
0.173
0.165
0.170
0.160
0.167
0.172
0.165
0.164
0.168
0.180
0.168
0.170
0.151
0.166
0.179
0.167
0.166
0.168
0.167
0.168
0.170
0.158
0.177
0.175
0.169
0.166
0.160
0.168
0.166
0.170
0.162
0.169
0.171
0.166
0.179
0.137
0.168
0.141
0.168
0.133
0.166
0.129
0.206
0.172
0.160
0.172
0.168
0.169
0.128
0.169
0.171
0.167
0.172
0.164
0.173
0.165
0.168
0.134
0.170
0.169
0.174
0.172
0.161
0.168
0.169
0.168
0.146
0.170
0.167
0.174
0.172
0.158
0.170
0.174
0.165
0.168
0.170
0.168
0.170
0.171
0.158
0.169
0.168
0.171
0.165
0.169
0.167
0.171
0.171
0.164
0.176
0.168
0.166
0.165
0.169
0.170
0.164
0.160
0.160
0.138
0.174
0.173
0.172
0.376
0.171
0.163
0.176
0.158
0.164
0.171
0.159
0.172
0.172
0.172
0.167
0.197
0.156
0.168
0.171
0.171
0.165
0.163
0.170
0.169
0.182
0.163
0.173
0.172
0.171
0.172
0.168
0.168
0.168
0.175
0.162
0.167
0.174
0.171
0.168
0.164
0.166
0.171
0.170
0.160
0.174
0.168
0.177
0.166
0.158
0.167
0.172
0.174
0.166
0.169
0.172
0.166
0.165
0.163
0.172
0.131
0.179
0.144
0.165
0.169
0.177
0.170
0.165
0.172
0.145
0.170
0.130
0.166
0.169
0.158
0.172
0.162
0.173
0.166
0.170
0.134
0.165
0.171
0.166
0.171
0.162
0.172
0.164
0.170
0.144
0.167
0.171
0.169
0.170
0.163
0.168
0.169
0.168
0.171
0.167
0.176
0.167
0.169
0.162
0.166
0.172
0.175
0.170
0.177
0.182
0.167
0.157
0.168
0.175
0.166
0.169
0.166
0.165
0.169
0.159
0.166
0.165
0.173
0.169
0.127
0.171
0.159
0.169
0.126
0.168
0.163
0.170
0.169
0.206
0.177
0.159
0.167
0.163
0.165
0.166
0.170
0.173
0.168
0.192
0.164
0.168
0.172
0.170
0.167
0.170
0.167
0.177
0.168
0.158
0.171
0.168
0.168
0.163
0.170
0.170
0.167
0.169
0.174
0.166
0.159
0.199
0.158
0.172
0.168
0.169
0.167
0.126
0.167
0.167
0.176
0.163
0.172
0.174
0.168
0.174
0.166
0.172
0.169
0.166
0.139
0.163
0.147
0.161
0.166
0.165
0.375
0.167
0.174
0.131
0.170
0.169
0.167
0.168
0.161
0.168
0.174
0.174
0.146
0.167
0.169
0.168
0.167
0.160
0.173
0.167
0.168
0.147
0.168
0.177
0.203
0.170
0.164
0.171
0.167
0.168
0.161
0.175
0.178
0.171
0.172
0.164
0.168
0.169
0.170
0.166
0.167
0.172
0.174
0.179
0.161
0.174
0.158
0.166
0.169
0.166
0.168
0.170
0.166
0.163
0.166
0.167
0.139
0.166
0.147
0.172
0.165
0.170
0.155
0.162
0.168
0.176
0.174
0.161
0.167
0.166
0.167
0.161
0.172
0.170
0.170
0.166
0.161
0.169
0.171
0.171
0.160
0.171
0.158
0.172
0.168
0.161
0.172
0.166
0.173
0.171
0.175
0.166
0.168
0.167
0.159
0.166
0.167
0.186
0.161
0.171
0.165
0.170
0.159
0.167
0.173
0.172
0.174
0.134
0.166
0.168
0.175
0.167
0.164
0.180
0.167
0.171
0.132
0.168
0.143
0.167
0.128
0.172
0.170
0.174
0.163
0.139
0.167
0.172
0.169
0.169
0.164
0.171
0.168
0.176
0.138
0.165
0.167
0.167
0.170
0.162
0.170
0.168
0.167
0.146
0.167
0.185
0.172
0.170
0.158
0.169
0.165
0.175
0.170
0.173
0.169
0.167
0.171
0.163
0.167
0.174
0.169
0.171
0.168
0.185
0.170
0.167
0.161
0.172
0.168
0.167
0.169
0.162
0.173
0.167
0.171
0.166
0.169
0.168
0.171
0.203
0.159
0.169
0.125
0.190
0.160
0.167
0.153
0.160
0.169
0.163
0.170
0.167
0.168
0.163
0.169
0.170
0.174
0.162
0.167
0.168
0.166
0.168
0.161
0.175
0.166
0.169
0.173
0.179
0.173
0.190
0.166
0.159
0.174
0.167
0.174
0.175
0.159
0.167
0.169
0.164
0.160
0.168
0.169
0.176
0.168
0.163
0.176
0.168
0.158
0.132
0.168
0.167
0.175
0.176
0.159
0.168
0.171
0.161
0.167
0.174
0.168
0.168
0.133
0.164
