0.173
0.147
0.142
0.142
0.153
0.149
0.149
0.147
0.141
0.143
0.152
0.153
0.160
0.118
0.150
0.152
0.141
0.149
0.145
0.152
0.148
0.151
0.140
0.148
0.153
0.149
0.155
0.144
0.148
0.155
0.145
0.155
0.154
0.158
0.151
0.147
0.144
0.151
0.154
0.152
0.150
0.145
0.154
0.150
0.154
0.105
0.157
0.151
0.159
0.108
0.142
0.152
0.140
0.156
0.144
0.151
0.151
0.365
0.153
0.141
0.144
0.149
0.149
0.152
0.150
0.149
0.151
0.141
0.161
0.149
0.148
0.155
0.144
0.150
0.160
0.151
0.149
0.146
0.153
0.149
0.140
0.115
0.148
0.148
0.143
0.155
0.148
0.159
0.154
0.149
0.141
0.155
0.150
0.150
0.141
0.142
0.144
0.150
0.140
0.122
0.151
0.149
0.151
0.152
0.147
0.157
0.151
0.112
0.116
0.152
0.148
0.157
0.154
0.102
0.151
0.149
0.149
0.121
0.154
0.154
0.149
0.151
0.147
0.151
0.150
0.141
0.115
0.150
0.158
0.364
0.154
0.145
0.155
0.155
0.154
0.137
0.152
0.154
0.152
0.154
0.143
0.161
0.151
0.151
0.152
0.155
0.153
0.362
0.155
0.142
0.155
0.150
0.148
0.152
0.143
0.154
0.151
0.154
0.142
0.156
0.149
0.155
0.155
0.144
0.150
0.156
0.141
0.142
0.152
0.105
0.147
0.152
0.155
0.113
0.154
0.150
0.140
0.157
0.159
0.155
0.150
0.141
0.155
0.109
0.156
0.142
0.152
0.150
0.149
0.156
0.141
0.149
0.156
0.150
0.148
0.155
0.152
0.148
0.152
0.147
0.149
0.153
0.146
0.156
0.149
0.153
0.147
0.157
0.142
0.152
0.150
0.150
0.139
0.153
0.144
0.150
0.155
0.141
0.149
0.152
0.151
0.118
0.152
0.159
0.161
0.157
0.141
0.158
0.152
0.149
0.142
0.105
0.141
0.150
0.141
0.143
0.106
0.150
0.102
0.146
0.107
0.151
0.148
0.155
0.142
0.148
0.153
0.150
0.150
0.146
0.148
0.156
0.151
0.142
0.151
0.151
0.150
0.155
0.155
0.147
0.147
0.153
0.147
0.150
0.162
0.148
0.148
0.161
0.151
0.150
0.152
0.142
0.153
0.153
0.149
0.150
0.151
0.150
0.150
0.157
0.148
0.149
0.159
0.155
0.153
0.149
0.156
0.148
0.152
0.142
0.156
0.155
0.151
0.072
0.142
0.150
0.152
0.156
0.143
0.149
0.109
0.150
0.152
0.143
0.143
0.154
0.154
0.149
0.155
0.156
0.148
0.149
0.143
0.145
0.146
0.152
0.141
0.150
0.154
0.157
0.150
0.144
0.152
0.151
0.155
0.113
0.151
0.156
0.152
0.149
0.153
0.150
0.152
0.162
0.127
0.149
0.151
0.149
0.149
0.356
0.155
0.134
0.162
0.145
0.153
0.151
0.156
0.151
0.144
0.151
0.155
0.152
0.134
0.150
0.154
0.104
0.140
0.144
0.148
0.151
0.150
0.122
0.151
0.152
0.075
0.153
0.149
0.149
0.149
0.150
0.130
0.151
0.154
0.153
0.151
0.152
0.149
0.150
0.156
0.114
0.153
0.152
0.150
0.153
0.149
0.142
0.151
0.154
0.159
0.149
0.149
0.153
0.154
0.118
0.153
0.156
0.152
0.153
0.141
0.155
0.154
0.149
0.145
0.150
0.148
0.151
0.148
0.143
0.151
0.155
0.148
0.144
0.148
0.149
0.154
0.150
0.145
0.110
0.151
0.152
0.143
0.153
0.150
0.152
0.152
0.147
0.159
0.150
0.151
0.146
0.141
0.148
0.154
0.149
0.143
0.151
0.149
0.150
0.147
0.150
0.153
0.156
0.140
0.141
0.163
0.153
0.156
0.120
0.154
0.154
0.157
0.104
0.143
0.151
0.150
0.154
0.141
0.153
0.155
0.152
0.150
0.141
0.152
0.154
0.153
0.133
0.154
0.149
0.151
0.149
0.145
0.157
0.150
0.154
0.118
0.191
0.152
0.150
0.156
0.102
0.153
0.149
0.148
0.128
0.151
0.152
0.155
0.152
0.147
0.151
0.147
0.156
0.158
0.150
0.156
0.151
0.152
0.142
0.158
0.157
0.152
0.153
0.150
0.156
0.158
0.154
0.142
0.158
0.149
0.152
0.155
0.149
0.187
0.153
0.142
0.142
0.155
0.150
0.149
0.156
0.140
0.155
0.150
0.154
0.140
0.157
0.148
0.150
0.147
0.145
0.154
0.155
0.147
0.142
0.152
0.155
0.156
0.150
0.141
0.151
0.161
0.103
0.143
0.157
0.151
0.151
0.153
0.154
0.149
0.152
0.153
0.142
0.150
0.141
0.149
0.156
0.142
0.150
0.143
0.153
0.140
0.151
0.144
0.149
0.153
0.107
0.149
0.157
0.152
0.114
0.153
0.154
0.156
0.152
0.148
0.150
0.154
0.148
0.123
0.152
0.148
0.152
0.154
0.141
0.117
0.157
0.149
0.113
0.150
0.154
0.156
0.152
0.146
0.151
0.153
0.149
0.144
0.150
0.150
0.151
0.151
0.147
0.154
0.105
0.148
0.142
0.156
0.156
0.154
0.152
0.142
0.108
0.153
0.154
0.151
0.154
0.150
0.148
0.157
0.145
0.157
0.151
0.149
0.149
0.152
0.149
0.155
0.159
0.147
0.155
0.154
0.153
0.149
0.144
0.143
0.156
0.153
0.144
0.154
0.152
0.154
0.151
0.150
0.151
0.160
0.153
0.148
0.149
0.148
0.151
0.150
0.147
0.149
0.155
0.151
0.142
0.147
0.154
0.152
0.149
0.149
0.154
0.143
0.156
0.139
0.104
0.157
0.155
0.148
0.146
0.156
0.150
0.152
0.143
0.152
0.154
0.148
0.150
0.145
0.149
0.155
0.151
0.143
0.148
0.165
0.157
0.151
0.143
0.153
0.147
0.157
0.117
0.161
0.149
0.155
0.152
0.146
0.155
0.154
0.150
0.140
0.152
0.154
0.150
0.152
0.152
0.159
0.141
0.152
0.120
0.161
0.159
0.156
0.154
0.154
0.151
0.152
0.151
0.129
0.154
0.158
0.152
0.153
0.144
0.148
0.155
0.153
0.103
0.149
0.151
0.148
0.150
0.147
0.149
0.156
0.151
0.112
0.142
0.157
0.150
0.151
0.150
0.153
0.149
0.148
0.193
0.153
0.151
0.150
0.158
0.148
0.155
0.142
0.152
0.115
0.150
0.150
0.154
0.151
0.146
0.151
0.154
0.154
0.151
0.147
0.154
0.154
0.156
0.146
0.142
0.150
0.110
0.151
0.141
0.163
0.153
0.153
0.143
0.150
0.154
0.159
0.156
0.142
0.156
0.150
0.150
0.120
0.154
0.140
0.105
0.151
0.141
0.153
0.150
0.148
0.142
0.146
0.156
0.151
0.156
0.144
0.155
0.153
0.153
0.122
0.155
0.150
0.152
0.150
0.142
0.149
0.107
0.151
0.117
0.152
0.148
0.149
0.149
0.148
0.153
0.138
0.150
0.124
0.153
0.148
0.151
0.153
0.142
0.159
0.153
0.143
0.145
0.149
0.153
0.150
0.150
0.144
0.157
0.158
0.154
0.132
0.148
0.157
0.075
0.149
0.142
0.153
0.154
0.153
0.155
0.154
0.104
0.160
0.151
0.146
0.152
0.156
0.141
0.156
0.154
0.156
0.145
0.154
0.140
0.153
0.149
0.154
0.153
0.151
0.150
0.151
0.154
0.141
0.159
0.150
0.150
0.150
0.142
0.155
0.154
0.152
0.143
0.154
0.142
0.165
0.079
0.149
0.150
0.151
0.110
0.149
0.156
0.158
0.152
0.141
0.148
0.152
0.153
0.151
0.143
0.151
0.154
0.179
0.157
0.155
0.154
0.152
0.153
0.141
0.160
0.148
0.155
0.150
0.103
0.152
0.154
0.151
0.139
0.152
0.154
0.146
0.159
0.144
0.156
0.153
0.159
0.107
0.152
0.147
0.146
0.151
0.148
0.148
0.154
0.154
0.135
0.153
0.148
0.151
0.153
0.151
0.149
0.159
0.160
0.114
0.151
0.149
0.149
0.150
0.146
0.151
0.157
0.150
0.122
0.151
0.152
0.149
0.156
0.145
0.153
0.152
0.151
0.142
0.152
0.149
0.153
0.154
0.143
0.105
0.157
0.157
0.155
0.150
0.150
0.148
0.106
0.114
0.141
0.151
0.153
0.150
0.337
0.145
0.150
0.154
0.142
0.136
0.166
0.153
0.108
0.141
0.153
0.151
0.149
0.138
0.152
0.158
0.150
0.150
0.148
0.153
0.153
0.156
0.147
0.108
0.150
0.147
0.157
0.149
0.154
0.147
0.151
0.152
0.149
0.151
0.106
0.148
0.148
0.150
0.158
0.148
0.142
0.154
0.151
0.146
0.151
0.143
0.149
0.151
0.143
0.111
0.149
0.150
0.149
0.155
0.144
0.150
0.103
0.149
0.113
0.146
0.152
0.149
0.155
0.109
0.152
0.149
0.155
0.120
0.155
0.147
0.150
0.135
0.144
0.153
0.149
0.151
0.127
0.150
0.151
0.150
0.150
0.146
0.153
0.150
0.143
0.076
0.154
0.155
0.149
0.151
0.144
0.147
0.150
0.152
0.133
0.155
0.154
0.151
0.155
0.142
0.145
0.152
0.153
0.150
0.153
0.149
0.158
0.153
0.143
0.151
0.142
0.155
0.148
0.150
0.161
0.152
0.149
0.142
0.103
0.152
0.158
0.122
0.142
0.152
0.153
0.154
0.144
0.149
0.149
0.110
0.149
0.154
0.151
0.156
0.155
0.148
0.150
0.152
0.151
0.156
0.142
0.151
0.150
0.153
0.150
0.104
0.155
0.151
0.153
0.143
0.151
0.154
0.153
0.147
0.153
0.151
0.155
0.150
0.109
0.161
0.149
0.156
0.145
0.150
0.151
0.153
0.153
0.148
0.151
0.153
0.157
0.121
0.150
0.154
0.156
0.155
0.143
0.159
0.149
0.153
0.106
0.148
0.149
0.150
0.153
0.152
0.162
0.150
0.149
0.114
0.154
0.154
0.153
0.148
0.142
0.150
0.149
0.148
0.145
0.153
0.154
0.151
0.151
0.145
0.160
0.151
0.153
0.121
0.150
0.156
0.156
0.152
0.142
0.151
0.149
0.149
0.147
0.148
0.142
0.159
0.158
0.186
0.150
0.152
0.153
0.151
0.154
0.148
0.148
0.152
0.141
0.150
0.151
0.149
0.155
0.149
0.150
0.156
0.154
0.140
0.151
0.151
0.104
0.150
0.153
0.148
0.156
0.140
0.141
0.162
0.152
0.150
0.144
0.140
0.150
0.153
0.155
0.147
0.151
0.106
0.144
0.153
0.151
0.139
0.152
0.148
0.145
0.150
0.150
0.167
0.152
0.150
0.151
0.153
0.150
0.141
0.155
0.149
0.146
0.156
0.158
0.152
0.111
0.145
0.145
0.152
0.159
0.155
0.076
0.151
0.156
0.151
0.149
0.120
0.159
0.151
0.158
0.154
0.142
0.151
0.156
0.149
0.113
0.156
0.104
0.147
0.153
0.141
0.148
0.150
0.149
0.152
0.155
0.149
0.154
0.157
0.149
0.150
0.151
0.155
0.114
0.150
0.150
0.148
0.151
0.142
0.150
0.151
0.109
0.141
0.152
0.107
0.151
0.153
0.141
0.147
0.156
0.151
0.154
0.155
0.155
0.143
0.157
0.146
0.151
0.152
0.150
0.150
0.161
0.121
0.150
0.156
0.149
0.149
0.150
0.151
0.155
0.150
0.155
0.148
0.155
0.143
0.150
0.153
0.154
0.157
0.105
0.156
0.155
0.156
0.147
0.147
0.157
0.150
0.151
0.143
0.146
0.151
0.144
0.143
0.151
0.158
0.149
0.148
0.147
0.148
0.148
0.152
0.148
0.155
0.156
0.148
0.142
0.143
0.108
0.149
0.155
0.140
0.141
0.141
0.149
0.155
0.149
0.149
0.150
0.152
0.150
0.151
0.151
0.150
0.151
0.149
0.161
0.157
0.151
0.148
0.150
0.150
0.149
0.149
0.144
0.143
0.151
0.149
0.113
0.158
0.157
0.087
0.099
0.140
0.145
0.157
0.157
0.151
0.156
0.167
0.150
0.153
0.148
0.155
0.156
0.149
0.134
0.148
0.157
0.152
0.149
0.144
0.150
0.156
0.152
0.134
0.151
0.156
0.150
0.149
0.149
0.151
0.150
0.150
0.142
0.148
0.153
0.149
0.149
0.143
0.150
0.148
0.162
0.151
0.155
0.154
0.108
0.148
0.150
0.149
0.160
0.154
0.149
0.140
0.154
0.158
0.158
0.142
0.154
0.150
0.156
0.150
0.152
0.152
0.104
0.155
0.144
0.156
0.154
0.154
0.151
0.104
0.106
0.154
0.150
0.147
0.154
0.149
0.156
0.151
0.141
0.152
0.148
0.151
0.142
0.156
0.150
0.151
0.155
0.144
0.156
0.143
0.146
0.145
0.151
0.118
0.149
0.150
0.146
0.155
0.149
0.149
0.140
0.153
0.155
0.153
0.143
0.141
0.144
0.153
0.150
0.150
0.155
0.148
0.163
0.150
0.148
0.152
0.144
0.149
0.120
0.157
0.155
0.161
0.149
0.157
0.116
0.152
0.142
0.120
0.154
0.149
0.152
0.150
0.141
0.151
0.149
0.150
0.142
0.156
0.149
0.157
0.149
0.139
0.151
0.148
0.149
0.153
0.155
0.150
0.152
0.152
0.143
0.164
0.149
0.143
0.140
0.149
0.154
0.157
0.153
0.145
0.150
0.154
0.155
0.154
0.154
0.150
0.156
0.152
0.141
0.150
0.149
0.157
0.158
0.142
0.154
0.150
0.150
0.145
0.151
0.148
0.154
0.161
0.145
0.148
0.150
0.141
0.104
0.158
0.156
0.150
0.110
0.148
0.151
0.144
0.150
0.140
0.151
0.148
0.151
0.102
0.145
0.156
0.142
0.112
0.115
0.155
0.151
0.149
0.152
0.144
0.150
0.151
0.156
0.140
0.151
0.149
0.154
0.151
0.143
0.152
0.157
0.152
0.142
0.146
0.150
0.156
0.154
0.150
0.153
0.149
0.149
0.116
0.152
0.148
0.150
0.152
0.144
0.149
0.152
0.147
0.133
0.150
0.156
0.157
0.150
0.140
0.137
0.143
0.092
0.109
0.144
0.137
0.138
0.143
0.130
0.157
0.146
0.149
0.137
0.147
0.152
0.137
0.156
0.129
0.142
0.151
0.150
0.153
0.152
0.151
0.148
0.152
0.146
0.149
0.156
0.153
0.154
0.153
0.155
0.149
0.153
0.143
0.149
0.143
0.148
0.152
0.148
0.149
0.149
0.153
0.148
0.149
0.116
0.154
0.149
0.146
0.150
0.151
0.152
0.140
0.154
0.156
0.154
0.149
0.144
0.150
0.152
0.152
0.141
0.151
0.109
0.152
0.150
0.145
0.147
0.150
0.151
0.140
0.149
0.152
0.153
0.155
0.155
0.140
0.150
0.149
0.141
0.149
0.155
0.107
0.151
0.148
0.154
0.150
0.151
0.149
0.151
0.153
0.149
0.154
0.149
0.158
0.149
0.156
0.113
0.154
0.155
0.150
0.156
0.143
0.151
0.152
0.111
0.122
0.150
0.156
0.156
0.147
0.143
0.161
0.155
0.152
0.158
0.155
0.156
0.145
0.153
0.144
0.150
0.148
0.155
0.124
0.103
0.151
0.155
0.155
0.147
0.151
0.154
0.153
0.149
0.150
0.157
0.153
0.159
0.149
0.149
0.155
0.157
0.154
0.154
0.148
0.154
0.150
0.148
0.154
0.150
0.154
0.150
0.149
0.156
0.150
0.153
0.145
0.153
0.150
0.153
0.154
0.143
0.110
0.153
0.152
0.145
0.151
0.149
0.152
0.152
0.140
0.156
0.152
0.152
0.144
0.149
0.147
0.077
0.150
0.142
0.108
0.156
0.150
0.153
0.149
0.156
0.156
0.104
0.143
0.153
0.153
0.153
0.144
0.150
0.151
0.157
0.151
0.144
0.152
0.150
0.148
0.142
0.151
0.149
0.155
0.154
0.142
0.151
0.108
0.151
0.149
0.159
0.143
0.150
0.148
0.146
0.154
0.158
0.149
0.116
0.150
0.150
0.157
0.151
0.142
0.154
0.156
0.150
0.120
0.149
0.149
0.152
0.103
0.141
0.156
0.153
0.152
0.119
0.148
0.141
0.151
0.149
0.143
0.152
0.156
0.149
0.118
0.150
0.150
0.105
0.148
0.142
0.149
0.144
0.151
0.156
0.149
0.150
0.156
0.155
0.144
0.151
0.147
0.150
0.153
0.156
0.150
0.151
0.148
0.141
0.156
0.154
0.155
0.150
0.148
0.149
0.158
0.149
0.145
0.157
0.142
0.153
0.154
0.150
0.150
0.160
0.149
0.146
0.148
0.153
0.149
0.152
0.106
0.142
0.150
0.153
0.142
0.151
0.148
0.148
0.154
0.146
0.153
0.158
0.140
0.143
0.153
0.152
0.156
0.109
0.147
0.101
0.150
0.151
0.140
0.152
0.152
0.150
0.156
0.142
0.149
0.151
0.152
0.123
0.150
0.148
0.155
0.152
0.146
0.141
0.152
0.153
0.147
0.150
0.153
0.150
0.150
0.141
0.154
0.150
0.150
0.134
0.156
0.151
