19.0
18.2
16.2
15.2
16.6
18.4
15.5
16.0
19.8
16.1
17.3
16.3
16.9
16.10
16.4
17.3
16.0
15.1
16.6
16.10
16.1
17.0
16.1
15.2
16.5
17.5
17.0
16.2
16.8
15.4
16.1
16.1
15.2
16.5
15.3
16.5
15.9
16.7
15.5
16.1
15.1
15.1
16.5
15.2
17.4
15.4
15.8
16.3
15.2
16.5
17.4
16.4
16.8
15.1
16.4
15.2
16.1
15.4
16.8
16.6
15.1
19.6
16.8
16.9
20.6
15.6
17.8
16.3
15.4
16.2
15.3
16.3
16.8
16.3
15.1
16.1
17.2
16.3
15.2
16.4
16.8
15.6
15.6
18.5
17.4
16.6
16.1
15.4
15.10
15.5
16.2
17.4
16.3
17.1
15.9
15.2
16.1
15.2
16.4
15.3
16.4
18.6
15.3
16.2
15.2
16.2
17.5
16.3
16.8
15.0
16.5
14.9
16.6
17.3
19.1
15.5
15.10
17.0
16.2
19.8
15.6
16.7
16.9
16.2
15.1
15.10
15.2
16.3
15.2
16.6
16.6
15.2
16.3
15.5
16.5
17.1
16.2
16.8
16.9
16.4
15.1
16.5
15.3
16.4
16.7
15.1
16.3
17.1
16.4
17.5
16.1
17.0
17.1
15.3
16.3
17.3
16.3
17.4
16.0
17.0
15.10
15.4
16.1
15.5
16.0
15.4
16.7
16.7
15.5
16.2
18.2
16.1
16.3
19.10
15.8
17.6
19.5
17.4
15.7
16.5
16.7
17.2
16.1
17.3
16.1
17.3
16.3
16.9
16.2
15.1
16.2
15.0
16.5
15.0
16.6
16.8
15.3
16.1
15.0
16.4
17.6
16.2
16.6
15.1
16.5
15.0
16.3
15.2
16.5
16.0
16.8
15.3
16.8
16.8
16.0
15.4
16.4
16.8
15.2
15.3
16.2
15.3
16.5
15.6
15.10
16.9
16.1
16.5
19.7
15.6
16.7
24.7
15.1
16.2
17.1
16.4
17.5
16.2
16.8
17.1
16.2
17.3
16.1
15.1
16.6
16.8
16.2
16.10
15.10
15.3
16.5
17.5
16.1
16.9
16.1
15.3
18.1
15.3
16.2
15.1
16.7
16.7
15.1
16.1
15.1
16.3
17.5
16.1
16.9
16.0
15.3
16.2
17.2
16.2
17.4
16.4
16.6
15.1
16.2
17.9
18.3
17.1
19.6
16.2
17.1
16.3
15.1
16.3
17.4
16.2
16.8
16.0
15.4
16.1
15.1
16.5
17.6
16.1
16.7
15.0
16.2
15.4
16.3
17.3
16.3
16.7
15.2
16.1
14.10
16.5
15.5
16.5
16.6
15.2
16.1
17.4
16.1
15.2
16.5
16.8
15.3
16.1
15.2
16.2
15.3
16.7
16.7
15.2
16.0
15.9
16.7
17.6
17.9
15.9
15.3
20.8
16.7
18.4
16.2
16.9
16.2
17.6
15.7
16.6
17.2
17.7
16.1
15.1
16.1
15.2
16.5
17.6
16.1
16.6
15.4
16.2
17.2
16.5
17.1
16.4
16.5
15.3
16.2
15.1
16.4
15.3
16.4
16.9
15.10
15.4
16.2
15.1
16.5
17.4
16.2
16.8
16.2
15.1
16.0
15.4
16.2
15.1
16.6
16.6
15.1
18.2
17.2
17.2
19.9
15.7
16.2
16.7
15.9
15.3
16.3
15.1
16.3
15.10
15.4
16.6
16.5
15.2
15.1
16.3
18.4
19.5
18.1
16.0
15.6
15.4
16.5
16.9
16.1
15.4
16.6
16.8
15.1
15.9
15.2
16.7
15.4
16.2
16.6
15.4
16.1
15.4
16.2
17.3
16.7
16.7
17.1
16.2
17.2
16.4
15.0
16.8
16.5
15.2
16.1
15.2
16.3
18.10
16.7
16.1
16.5
15.1
16.2
15.2
16.4
15.3
16.4
16.5
15.4
16.5
16.9
15.3
16.4
15.3
15.9
16.3
15.4
16.2
15.4
16.4
16.8
15.2
16.2
15.0
16.5
15.2
16.6
17.3
15.4
16.3
15.1
16.4
15.4
16.4
15.7
15.8
15.1
15.10
15.4
16.6
17.4
16.1
16.8
15.1
16.3
15.1
16.5
17.4
16.3
16.10
19.7
16.4
15.3
16.7
15.1
16.6
16.9
16.2
16.8
17.5
16.2
15.1
16.4
16.8
15.3
16.1
15.10
16.5
15.4
18.8
17.3
17.8
16.6
15.4
17.5
15.5
16.3
16.8
17.3
16.2
17.1
16.1
15.3
16.5
16.9
16.2
16.9
16.1
15.5
16.2
15.1
16.6
16.6
16.2
16.5
15.1
16.3
15.1
16.6
16.9
16.1
15.2
16.1
15.2
19.8
17.3
17.1
16.6
15.3
16.2
17.4
15.10
17.4
16.4
16.8
15.1
16.1
15.2
16.6
17.2
16.7
16.2
15.0
16.4
15.1
16.3
15.9
15.2
16.6
16.10
16.1
16.0
15.3
16.4
16.1
16.4
15.9
15.4
16.4
17.6
15.2
15.7
15.8
16.2
15.8
17.4
15.8
15.9
15.1
16.3
15.0
16.5
15.2
16.7
15.3
15.9
16.3
15.3
16.2
15.4
16.5
16.4
18.7
15.8
16.8
17.2
16.1
16.8
15.4
15.10
15.4
16.1
15.2
16.7
17.3
15.7
16.2
15.2
16.3
17.3
16.2
16.6
15.2
16.4
15.1
16.2
17.6
16.3
16.5
15.3
16.2
15.4
16.3
17.4
16.2
16.7
17.0
16.4
15.3
16.3
17.4
16.1
16.10
16.1
15.1
16.0
15.4
16.4
15.2
16.5
16.9
16.1
16.10
16.2
15.2
18.10
15.4
17.0
16.4
16.2
17.1
16.2
17.6
16.8
16.8
16.0
16.7
15.4
16.2
17.1
16.1
17.6
16.6
16.3
15.4
16.0
15.4
16.5
15.2
16.5
16.7
15.1
16.5
15.1
16.6
16.8
16.8
16.4
15.2
16.4
16.8
23.2
16.8
16.6
15.2
16.1
16.0
16.8
17.3
16.3
17.1
15.7
17.2
15.2
16.3
15.2
16.6
16.8
17.9
17.1
15.10
16.7
15.4
16.5
16.7
15.2
16.2
17.2
16.4
17.2
16.2
16.8
15.1
16.10
15.4
16.4
15.2
16.4
15.6
15.8
14.10
16.6
16.8
16.1
15.2
17.0
15.7
15.8
16.1
15.3
16.4
18.0
16.6
16.10
15.10
15.5
17.3
15.4
16.1
16.1
15.2
16.8
16.6
15.2
15.2
16.3
15.7
16.1
15.3
15.5
17.8
16.0
15.2
16.2
15.8
16.8
17.3
16.2
16.6
15.2
18.2
17.1
16.2
15.2
16.7
16.5
15.5
16.4
16.8
16.0
15.6
16.4
16.9
16.3
16.7
16.1
16.6
18.2
16.9
15.4
16.1
15.4
15.7
16.8
16.0
17.7
16.3
16.6
17.2
15.9
17.5
16.4
16.9
16.1
16.6
16.7
15.10
16.1
16.5
15.1
17.4
15.5
15.5
16.3
15.5
15.9
17.4
16.1
16.7
17.2
16.2
14.10
16.5
15.1
16.5
17.5
15.5
16.1
15.1
16.4
17.4
16.2
16.6
15.1
16.1
15.3
16.2
15.4
16.4
16.8
15.3
16.1
15.3
16.2
15.3
16.7
16.6
15.4
16.5
16.8
15.2
16.5
16.7
15.2
16.3
15.1
16.1
15.6
16.3
17.2
15.9
15.1
16.3
15.0
16.4
15.5
16.4
16.7
14.9
16.7
18.8
15.5
16.4
16.7
15.2
16.3
15.1
16.10
15.5
16.7
16.7
17.1
16.1
15.1
16.5
15.2
16.4
16.9
16.1
15.3
16.3
15.1
16.3
15.1
16.6
17.4
15.4
16.5
16.8
15.4
16.5
16.6
15.3
16.7
16.8
15.9
17.5
16.0
16.5
15.2
16.0
15.2
16.4
17.3
16.6
16.4
15.1
16.2
15.2
16.4
15.3
16.5
18.4
15.5
16.1
15.3
16.4
16.1
15.1
16.8
17.7
16.2
16.1
15.2
16.1
15.3
17.2
16.4
14.10
16.6
16.8
16.9
15.4
16.4
17.1
16.5
17.5
15.9
15.10
15.2
16.3
15.2
16.3
15.4
16.3
16.9
16.1
15.3
16.2
15.3
16.5
15.2
16.3
16.8
16.8
16.6
15.1
16.4
15.4
16.3
17.1
16.1
15.5
15.8
16.2
15.4
16.4
16.7
15.4
16.3
18.5
16.1
15.9
16.8
16.0
17.0
15.10
16.0
25.1
15.10
15.3
16.5
17.1
16.3
16.8
15.3
16.0
15.2
16.7
14.10
16.8
16.6
15.1
16.3
15.9
17.4
15.6
16.2
16.9
16.3
17.0
16.2
15.2
16.4
15.6
16.1
16.7
15.6
15.8
15.4
16.0
17.4
16.3
16.7
17.2
15.10
15.0
17.4
16.1
16.7
16.6
15.2
16.1
15.2
16.3
15.3
19.8
16.4
17.3
16.2
15.2
16.1
15.5
16.5
16.5
15.3
15.10
15.2
16.6
15.7
15.10
16.5
15.4
16.5
16.10
16.3
15.2
16.6
16.9
15.9
16.3
15.3
16.2
15.9
16.10
16.2
16.4
15.4
16.6
17.1
16.8
16.8
16.6
15.3
16.0
15.5
16.6
16.9
16.3
16.8
17.3
16.1
15.3
16.5
17.4
17.6
16.1
15.4
16.1
17.8
16.4
15.4
16.5
16.8
18.0
17.4
15.7
16.3
17.5
16.2
16.7
15.2
16.0
15.1
16.4
15.1
16.7
16.7
15.3
16.1
16.1
15.3
16.2
15.3
16.8
16.1
16.8
17.0
16.8
16.9
14.9
15.4
16.8
16.7
15.2
16.2
15.1
16.4
15.3
16.7
16.3
15.5
16.6
16.10
16.1
15.1
18.1
15.9
15.8
16.2
17.1
16.3
15.4
18.5
16.5
15.9
16.10
15.9
15.1
16.2
17.5
16.3
17.3
17.2
15.4
15.8
16.4
15.4
16.6
16.6
15.4
16.2
15.1
16.5
17.3
16.2
16.8
15.2
16.1
16.6
15.8
16.5
16.9
16.1
15.4
16.0
15.2
16.2
15.4
16.6
16.6
15.5
16.1
15.1
16.2
17.4
16.3
16.7
15.4
16.1
15.2
16.4
14.10
16.7
16.6
15.2
18.5
16.9
15.6
16.2
16.7
17.4
16.0
15.5
16.1
15.3
16.6
16.9
15.3
15.8
16.5
17.8
15.9
16.7
15.0
16.4
15.1
16.1
15.3
16.6
16.8
15.4
15.9
15.4
16.1
15.3
16.7
16.7
14.9
16.3
15.3
16.5
17.4
16.1
17.4
15.5
16.5
17.0
16.2
17.5
16.2
16.8
15.10
17.1
16.0
15.4
16.4
15.0
16.7
16.8
15.1
16.2
15.1
16.6
17.2
16.4
16.10
16.9
15.2
16.5
15.1
16.4
15.7
16.1
15.3
15.8
16.4
15.1
16.4
15.2
16.7
15.8
15.2
16.4
14.9
16.4
15.3
16.5
16.8
15.2
15.10
17.3
16.4
17.3
16.1
16.9
16.3
16.9
15.2
16.1
15.2
16.3
17.3
17.2
16.3
16.7
15.2
16.2
16.4
16.10
16.1
15.4
16.2
17.5
16.9
18.8
16.10
16.3
15.6
16.2
16.6
15.2
16.2
15.1
16.4
15.1
16.8
16.7
15.1
16.1
15.3
17.3
15.3
16.7
16.7
15.3
16.1
15.2
16.1
15.5
16.5
16.8
16.5
16.6
15.5
16.3
17.5
16.1
16.9
16.4
17.0
16.2
15.3
16.3
17.5
16.2
16.8
15.1
16.0
15.3
16.2
15.3
16.4
15.4
15.7
16.3
15.6
19.4
17.1
18.5
17.1
15.5
16.1
17.4
24.4
23.3
16.3
17.3
15.6
16.3
21.4
15.9
15.2
16.4
15.4
15.6
16.1
15.1
16.5
17.3
16.1
16.7
15.1
16.2
15.8
15.7
17.3
15.5
15.7
16.2
15.2
16.2
15.2
16.9
16.5
15.3
16.0
17.1
16.5
15.1
16.3
16.9
16.2
15.3
16.3
15.3
16.2
15.1
16.7
20.1
15.7
17.7
16.7
15.4
16.4
16.8
15.6
15.8
16.3
15.3
16.7
16.8
15.3
16.2
16.1
16.3
15.7
15.9
16.8
15.3
16.3
15.1
16.3
15.2
16.7
16.7
15.1
16.2
15.2
16.6
15.2
16.5
16.7
15.2
16.6
16.7
15.6
16.2
16.7
15.3
16.1
15.2
16.3
15.4
16.6
16.7
15.2
16.3
15.2
19.5
17.3
17.10
16.4
16.7
17.2
16.4
18.1
15.6
16.0
15.6
16.2
16.1
16.6
15.3
16.3
17.1
15.0
16.4
15.3
16.8
16.6
15.1
16.5
15.0
16.3
16.0
16.4
16.9
15.3
16.3
15.4
15.10
15.7
16.2
16.8
16.1
15.5
16.2
15.2
16.3
14.9
17.8
16.7
15.1
16.9
15.5
16.4
15.2
16.5
16.10
16.1
15.2
16.2
15.1
16.3
17.4
16.6
16.9
15.5
18.2
15.10
16.4
17.10
16.8
16.10
16.1
15.0
16.4
15.1
16.3
15.1
16.5
16.8
15.2
16.0
17.2
16.4
15.2
16.4
15.3
16.1
15.5
15.8
16.2
15.4
16.4
16.6
15.4
15.10
15.4
16.3
14.9
16.6
16.8
15.3
16.1
15.2
16.6
15.1
16.7
16.8
14.9
16.3
15.0
16.4
14.10
16.7
16.8
15.1
16.3
15.1
18.9
17.2
16.0
16.7
15.2
18.3
17.2
16.7
17.3
16.0
15.3
15.9
15.2
16.1
15.1
16.3
15.4
16.6
16.9
16.0
15.4
16.1
15.3
16.4
17.6
16.2
16.7
15.1
16.7
16.8
15.5
16.3
16.9
16.2
17.0
16.1
15.3
16.2
15.3
16.6
16.7
15.4
16.1
15.1
16.2
15.2
16.5
16.7
15.8
15.5
16.3
15.4
16.5
18.9
18.1
14.9
15.5
16.1
15.1
17.10
16.4
17.5
15.1
16.0
15.1
16.3
16.1
16.9
15.10
16.6
17.4
16.1
15.2
16.3
15.3
16.5
16.8
15.1
15.1
16.2
15.4
16.4
17.4
17.6
17.3
16.1
17.1
16.4
15.10
15.4
16.3
15.4
17.9
15.8
16.4
16.8
15.3
16.2
17.5
16.2
17.0
16.2
15.2
16.2
15.3
16.4
15.1
16.8
16.7
15.0
16.3
15.2
18.3
15.1
16.7
16.7
17.2
16.2
15.1
16.6
15.1
16.9
16.0
16.10
16.2
15.7
15.10
15.1
16.3
15.3
16.5
16.6
15.1
16.0
15.4
16.10
15.6
16.4
16.6
15.3
16.3
15.3
16.0
15.3
16.8
16.5
15.1
16.1
15.1
16.6
15.1
16.7
16.7
16.1
16.2
15.3
16.1
15.3
16.7
16.7
15.3
16.1
15.3
16.3
15.4
19.8
16.6
15.1
16.1
15.5
16.1
15.4
16.3
15.4
15.6
16.4
15.2
16.2
15.3
16.5
16.6
15.2
16.5
14.8
15.5
16.7
16.7
15.2
16.3
15.1
16.5
15.2
16.4
15.9
15.3
16.3
17.2
16.2
15.2
16.6
16.7
15.1
16.9
15.5
16.4
15.1
16.5
16.7
15.3
16.3
15.1
16.4
15.1
16.7
17.1
15.7
19.7
16.8
16.7
15.10
16.7
17.1
16.2
16.6
16.1
17.4
16.2
16.6
15.2
16.5
16.10
16.4
14.9
17.7
16.8
15.1
16.1
15.2
16.5
17.3
17.0
15.6
15.5
16.3
15.4
16.2
15.4
16.3
16.7
15.2
16.3
14.10
16.3
15.4
16.4
16.7
16.2
15.2
16.3
15.3
16.3
16.10
15.1
17.10
16.4
16.6
15.10
15.4
15.9
15.2
16.2
20.5
19.6
17.10
17.2
16.9
15.10
17.2
16.1
18.5
24.3
16.5
19.1
18.3
16.3
16.5
17.3
18.1
17.1
16.3
15.4
15.7
16.3
15.2
18.2
16.9
15.10
15.4
16.3
17.0
17.7
16.9
17.1
17.2
16.0
16.9
16.4
15.8
17.5
16.9
16.2
16.5
15.4
15.9
15.4
16.1
15.2
16.8
16.9
15.10
16.8
16.4
16.2
17.4
16.7
16.2
16.7
18.8
16.2
15.3
16.1
15.6
15.10
17.2
16.2
15.5
16.3
17.1
15.9
17.5
15.8
16.2
15.4
17.8
17.7
15.4
15.9
16.2
15.4
16.1
17.3
16.6
16.5
17.2
16.3
14.10
16.5
15.3
15.10
15.7
15.9
15.8
15.8
16.2
17.7
17.9
16.3
15.2
17.8
16.10
15.8
16.6
16.9
16.2
15.7
15.6
16.4
16.10
16.8
16.6
15.1
16.6
14.9
18.3
15.7
16.1
16.7
16.3
16.3
15.4
18.0
17.3
16.8
17.3
15.6
16.1
15.8
17.6
17.3
15.7
15.9
16.1
15.3
16.3
17.5
16.2
14.9
16.4
15.2
16.2
14.9
18.1
15.5
16.2
17.3
15.9
15.2
16.3
15.2
16.2
15.1
16.6
16.8
17.3
16.3
