19.1
18.8
16.2
15.10
16.6
16.8
15.7
16.6
15.6
16.7
16.5
15.5
16.9
16.6
15.7
16.1
17.3
16.8
15.7
16.6
15.5
16.10
16.5
15.7
16.1
15.5
16.6
15.5
16.8
15.8
16.9
15.7
16.1
15.6
16.7
15.4
18.5
15.9
17.2
17.3
15.8
16.0
15.5
16.7
15.5
16.7
15.6
16.8
15.8
16.7
15.0
16.5
15.4
17.0
16.4
15.6
20.1
16.4
17.2
16.6
15.10
17.1
20.10
16.2
15.8
19.0
16.2
15.5
17.1
16.6
15.6
16.6
15.1
16.6
15.5
16.7
15.7
16.9
17.0
16.7
15.6
16.6
19.1
15.1
16.7
15.4
17.1
16.5
15.6
16.3
15.7
16.6
15.5
16.9
16.5
15.5
17.1
16.6
15.5
16.4
15.3
16.5
15.6
16.8
15.7
16.8
17.1
16.8
15.4
16.6
15.7
18.9
16.1
15.8
16.10
16.5
15.6
15.10
15.8
16.4
15.7
16.7
15.4
17.2
16.4
15.10
16.9
16.5
15.8
16.4
15.8
18.10
15.1
16.8
15.4
17.1
16.6
18.9
15.10
15.5
16.8
15.6
16.6
15.6
16.8
15.9
16.10
16.5
15.7
16.6
15.7
17.6
15.7
16.8
15.8
17.0
16.6
16.8
16.3
15.5
16.8
17.8
16.7
15.7
15.9
15.7
16.5
15.4
16.8
15.5
17.1
16.6
17.0
16.8
15.5
16.7
15.5
17.10
16.3
15.5
16.10
16.6
15.4
18.2
15.6
16.8
15.6
16.6
15.7
16.9
16.5
17.1
16.5
15.8
18.5
15.7
17.4
15.7
17.1
16.6
17.0
16.6
15.5
21.1
15.8
16.10
16.5
15.5
17.1
16.3
15.7
16.1
15.5
16.6
15.5
16.8
16.6
23.5
16.10
16.5
16.10
16.6
15.5
19.9
15.3
16.5
19.9
15.3
16.3
16.10
15.4
17.1
19.10
16.3
16.6
17.1
16.4
15.7
22.7
16.5
15.6
16.5
15.7
16.8
16.7
15.5
16.1
15.8
16.7
16.5
15.5
16.7
15.4
17.1
16.5
15.5
16.1
23.6
20.10
16.1
15.5
16.7
15.6
16.9
16.5
15.8
15.10
15.7
16.6
15.6
16.8
15.4
17.1
16.6
17.1
16.7
15.5
16.8
18.8
16.4
15.6
16.9
16.6
15.6
17.10
15.8
15.5
16.7
15.6
16.7
15.6
16.8
15.8
16.2
15.4
16.5
15.7
16.8
15.7
17.0
16.5
15.6
16.1
15.9
16.10
16.10
16.5
15.9
15.6
19.0
16.2
15.5
17.1
24.7
16.10
16.6
15.5
16.7
15.5
16.9
16.3
17.9
17.4
15.9
15.6
16.1
15.6
16.6
15.7
16.6
15.9
15.3
17.1
16.7
16.9
16.7
15.4
16.9
16.4
15.6
16.7
15.5
17.1
16.7
16.10
16.7
15.5
16.8
15.7
16.5
15.8
16.6
15.8
17.5
15.2
16.7
15.4
16.9
16.5
18.1
17.6
16.7
16.9
16.5
15.6
17.3
15.9
15.7
17.1
15.10
16.3
17.3
16.6
16.3
16.5
15.5
16.5
15.7
16.5
16.7
16.9
18.1
16.2
15.7
16.4
20.3
16.7
15.6
18.10
18.9
16.4
15.1
17.2
16.5
15.6
24.3
15.4
16.5
15.7
16.7
15.5
16.9
16.7
15.5
16.2
16.8
16.3
15.7
16.6
15.7
17.1
16.4
17.2
16.5
15.7
16.7
16.1
17.0
16.5
15.7
16.9
16.5
17.2
16.6
17.4
19.6
15.4
16.9
15.7
16.10
17.1
15.9
15.6
15.10
17.6
16.7
15.5
16.8
15.7
17.0
16.5
17.2
17.6
15.6
16.4
23.6
16.5
15.7
16.9
15.6
16.3
17.5
16.5
15.7
18.8
16.2
15.5
17.0
16.5
15.7
16.1
15.5
16.7
15.4
16.9
16.6
15.4
17.3
16.5
15.8
16.0
15.5
16.6
15.5
16.6
15.7
16.8
24.3
16.8
15.7
17.10
15.6
16.8
16.5
15.5
17.4
15.10
15.7
15.8
17.1
16.6
15.5
16.2
16.4
17.5
16.6
15.5
16.7
16.8
16.5
15.7
16.8
16.9
16.7
15.8
16.4
20.4
17.1
16.4
15.7
17.1
16.7
15.6
16.2
15.5
16.4
15.7
16.8
15.5
17.8
15.6
16.4
15.4
16.5
23.6
18.9
17.1
15.7
17.1
16.7
16.8
15.9
15.5
16.5
15.7
16.7
17.9
15.3
16.8
15.6
15.9
15.8
16.5
15.6
16.6
15.7
19.5
16.1
15.6
16.1
15.6
16.6
20.1
15.1
16.8
17.9
16.7
17.0
16.5
15.6
16.6
15.5
16.9
16.5
17.9
15.2
17.0
16.6
15.4
16.2
15.5
16.7
18.4
16.10
16.4
15.6
16.10
16.8
17.0
19.6
15.4
16.8
15.5
16.7
15.6
16.9
15.5
16.2
15.4
16.6
15.5
16.8
16.6
15.6
16.9
16.6
15.7
16.1
15.6
16.5
15.5
19.3
16.4
15.3
16.9
16.9
17.2
16.1
16.1
17.1
16.5
15.8
15.3
16.8
15.5
16.10
16.6
16.10
16.8
15.5
16.6
18.3
17.1
16.7
15.4
17.0
16.7
27.1
16.7
15.5
16.3
15.7
16.6
15.7
16.9
16.5
15.6
16.2
15.7
16.5
15.6
16.8
15.5
17.1
16.6
16.9
15.4
16.7
17.5
16.1
15.5
16.9
16.4
18.1
15.3
16.8
16.1
16.9
16.6
15.4
16.5
15.7
16.9
16.5
15.4
17.2
16.5
15.6
16.0
16.1
15.2
16.4
15.5
17.3
15.9
17.0
16.8
16.4
15.7
16.0
15.5
16.8
15.6
16.9
16.7
15.3
17.1
16.5
15.7
16.1
17.4
16.6
15.7
16.8
15.6
16.9
15.7
16.1
17.4
17.0
16.1
15.7
19.2
16.4
15.5
16.8
15.8
16.2
15.5
16.6
15.3
16.7
15.6
17.2
16.7
15.6
16.2
15.6
16.8
19.0
15.10
16.6
17.3
16.0
15.5
16.8
15.5
15.9
17.1
16.4
15.7
16.5
16.5
15.5
16.6
15.8
16.7
16.7
17.0
16.4
15.7
16.6
16.4
15.7
16.8
15.8
17.1
16.5
17.6
15.9
15.6
16.8
15.6
16.8
18.8
15.5
16.8
15.8
16.2
15.5
16.6
15.6
16.8
16.4
15.4
16.10
16.6
15.7
16.3
15.4
16.6
15.8
16.6
15.7
20.4
16.2
17.7
15.9
15.6
16.4
15.8
16.1
15.1
16.7
16.3
17.3
16.5
15.6
16.2
15.4
16.8
15.5
16.7
15.6
18.9
16.7
17.1
16.7
15.6
16.3
15.8
16.6
15.7
17.2
16.5
15.8
16.1
15.5
24.6
15.5
16.8
15.7
16.9
16.5
15.5
16.3
15.6
16.5
15.6
19.1
16.5
15.2
16.10
20.1
16.2
17.0
16.7
16.0
16.9
16.6
15.7
16.6
15.5
17.1
16.5
15.7
16.1
15.6
16.4
15.6
16.8
15.5
16.9
16.6
15.5
16.1
15.7
16.7
15.4
18.10
16.5
15.4
17.0
17.1
16.1
17.0
16.4
15.7
16.6
15.4
16.7
15.7
17.1
16.5
15.4
16.1
15.6
16.6
15.7
17.3
16.1
15.4
17.2
16.5
15.4
18.3
15.6
16.4
15.6
16.6
15.8
16.8
15.8
16.0
15.6
16.6
15.8
16.9
15.7
18.7
15.8
16.2
15.8
16.6
15.5
19.2
16.4
15.6
16.9
16.6
15.7
16.1
15.6
16.6
15.5
16.8
15.7
16.10
16.8
16.10
16.6
15.6
16.5
15.6
17.3
17.5
15.0
17.1
16.6
17.1
16.5
17.7
16.5
15.6
16.7
15.6
17.1
16.5
15.6
16.0
15.7
16.8
15.5
16.6
16.0
15.2
16.9
16.6
17.1
16.5
15.7
20.10
16.3
15.6
16.6
15.5
16.8
15.9
15.4
16.2
15.6
16.4
15.8
19.0
24.4
17.8
16.6
17.6
16.3
15.3
16.7
17.7
16.6
15.6
16.9
15.7
15.5
16.2
15.4
16.5
15.8
15.5
16.9
16.6
15.6
18.4
16.10
16.8
15.4
16.2
17.6
15.6
16.8
15.2
16.9
16.5
16.7
15.7
16.9
15.6
16.3
15.5
16.3
15.6
16.7
15.7
16.10
16.5
15.6
16.2
15.4
16.6
15.6
16.7
15.6
16.9
16.6
17.2
17.1
15.9
15.5
16.7
17.5
20.3
18.0
15.4
18.5
16.1
15.6
16.1
15.5
16.5
15.6
16.7
15.6
18.6
15.10
15.5
16.2
15.8
15.8
16.3
23.6
16.6
15.7
16.9
18.2
15.10
16.10
16.8
15.5
16.5
17.7
16.6
15.6
17.1
16.5
15.9
16.9
16.8
17.5
16.6
15.5
16.7
15.8
16.8
15.7
15.9
15.7
16.6
15.6
16.7
15.4
16.9
15.8
16.0
15.6
16.6
15.7
16.8
16.5
15.6
16.9
16.5
15.7
16.1
15.5
17.3
15.9
16.9
16.6
15.6
18.5
15.9
15.8
15.10
15.6
16.5
17.6
16.8
15.4
17.1
16.6
15.6
16.2
15.4
16.6
15.6
16.6
15.8
16.8
15.9
20.10
17.5
15.7
16.6
15.6
16.6
19.8
16.9
16.5
15.7
16.2
15.5
16.5
15.8
16.5
15.7
16.10
16.5
15.4
16.7
15.2
16.6
15.6
16.6
15.7
16.9
18.2
16.10
15.9
16.2
15.7
16.5
15.6
16.8
15.7
16.9
16.5
15.7
16.1
15.6
16.7
16.1
15.3
16.7
16.2
15.2
16.10
16.5
15.6
16.1
15.8
16.5
17.6
16.9
16.5
21.5
16.10
16.6
15.5
16.2
17.6
16.5
15.5
16.7
15.8
16.9
16.5
15.7
15.10
15.7
17.6
15.5
25.5
15.9
15.6
16.9
16.6
15.6
16.1
15.9
15.3
18.6
15.6
16.8
15.5
16.10
16.5
17.5
16.1
15.8
16.5
15.5
16.8
15.7
16.9
16.5
15.6
16.2
15.7
16.6
15.7
16.7
23.6
15.6
17.1
16.5
15.8
16.1
16.5
15.8
16.4
15.7
16.8
16.8
15.7
16.8
17.2
16.5
16.5
15.8
16.6
16.6
16.9
15.4
16.8
15.5
17.1
17.8
16.10
16.5
15.6
16.6
15.4
16.9
15.7
16.9
15.7
16.3
15.9
16.3
15.4
16.7
15.8
16.8
17.2
15.8
16.2
19.3
16.8
15.8
16.5
15.9
17.0
18.0
16.2
15.6
16.2
15.6
16.5
15.5
16.7
15.6
17.1
16.6
15.8
15.9
15.6
16.8
15.5
16.6
15.5
17.0
16.6
16.8
15.8
16.5
15.7
16.7
15.5
16.10
16.5
15.7
16.7
15.1
16.8
15.1
16.8
15.6
16.8
16.5
15.5
16.2
15.9
19.2
16.9
16.5
15.8
16.9
16.5
15.7
16.8
15.7
15.9
15.7
16.5
15.5
16.9
16.6
15.5
16.9
16.6
17.0
16.6
15.5
16.6
15.5
16.8
15.7
16.9
17.7
16.9
16.6
19.7
16.6
15.5
17.0
16.3
15.5
16.10
16.5
15.5
16.4
15.4
16.7
15.6
16.6
15.7
18.4
16.2
15.9
16.10
16.4
15.7
16.7
15.8
16.6
15.6
17.1
19.1
16.1
15.5
24.2
15.9
16.6
15.5
19.0
16.3
15.4
17.1
17.1
15.9
16.3
15.4
16.7
15.5
16.6
15.8
16.9
18.0
16.0
17.0
16.5
15.5
16.9
18.4
15.3
18.10
16.4
15.8
16.8
15.5
16.3
15.5
16.4
15.5
16.6
15.8
16.7
20.9
16.10
16.5
15.5
16.5
15.9
20.6
15.6
16.10
16.5
15.9
17.8
15.8
16.7
16.2
15.3
16.4
15.5
17.1
16.7
15.4
16.1
15.6
16.7
17.7
16.5
19.1
14.10
17.0
16.5
15.8
16.1
20.3
16.8
15.5
16.9
15.7
17.4
16.2
17.0
16.5
15.8
16.3
15.7
16.5
15.7
18.9
16.5
15.7
16.1
15.5
16.6
17.1
15.0
16.6
15.7
17.0
16.4
15.7
15.7
16.0
15.5
16.7
15.4
15.5
16.7
15.4
16.10
16.10
17.3
16.7
16.10
16.8
15.6
15.5
16.7
15.4
16.9
16.6
15.4
17.1
18.0
16.2
15.5
16.0
15.6
16.5
17.9
16.7
15.5
17.1
16.7
15.5
16.1
15.4
16.8
15.6
19.1
16.1
15.5
17.1
16.5
15.7
16.1
15.8
16.5
15.4
16.8
15.7
16.9
16.5
15.9
16.8
15.10
15.3
16.4
16.0
15.0
16.9
16.6
15.6
16.7
15.6
16.3
15.6
16.7
15.5
19.9
16.3
15.7
16.8
16.10
16.6
19.9
15.3
16.7
17.8
16.7
15.6
17.4
16.0
15.4
17.3
15.6
16.5
15.8
16.5
15.8
17.1
16.6
15.6
16.1
15.7
17.8
16.1
15.5
16.7
15.7
16.9
16.2
15.7
16.0
15.6
16.8
15.5
16.6
15.5
17.1
17.4
15.7
16.1
15.6
16.5
15.5
16.7
15.5
16.8
17.7
16.3
15.5
16.5
15.5
16.9
15.7
17.1
16.4
15.2
16.6
15.5
16.6
15.5
16.6
15.8
16.9
16.7
17.4
16.3
15.5
16.5
16.9
15.2
16.8
20.5
15.5
16.9
16.5
17.2
16.6
15.6
16.5
15.5
16.7
15.6
16.7
15.9
16.9
16.5
15.8
16.4
15.7
16.7
17.7
16.7
15.7
16.3
15.6
16.4
15.5
16.5
16.8
16.9
16.6
17.0
16.4
15.8
16.5
15.6
16.6
15.5
17.0
16.6
15.4
16.4
16.1
16.10
16.5
16.1
17.2
20.2
18.2
17.5
16.5
15.7
15.10
15.7
16.7
15.5
16.9
16.5
15.8
16.7
15.5
15.10
15.6
16.6
15.5
16.7
15.8
17.5
16.3
16.6
15.5
16.6
15.5
16.9
16.5
15.7
16.8
16.5
15.9
16.8
16.8
15.4
16.5
15.4
16.7
15.5
17.1
16.6
15.6
16.2
15.5
16.6
15.8
20.3
15.7
16.9
16.5
17.3
15.9
16.9
16.6
15.5
15.6
16.7
15.3
16.8
15.5
15.6
17.2
16.4
15.7
16.0
16.7
15.4
16.6
17.7
16.6
15.6
17.0
16.10
16.1
17.2
17.3
15.8
16.6
15.7
16.4
15.6
17.0
16.6
15.7
15.9
17.8
16.7
15.6
16.7
15.8
16.8
15.6
19.4
15.4
17.0
16.1
15.6
16.6
15.7
16.10
16.4
17.2
16.5
15.6
16.8
15.5
16.7
15.4
17.1
16.6
15.4
18.1
15.7
16.7
15.4
16.9
16.5
15.4
49.2
16.5
17.1
20.7
15.4
16.7
15.6
16.6
15.7
16.9
15.7
16.2
15.8
16.6
15.4
16.9
15.7
16.8
16.7
15.4
19.3
15.5
16.5
15.8
16.5
15.9
17.1
16.5
15.6
16.1
15.6
16.5
15.8
15.4
16.6
15.7
16.10
16.4
17.1
16.5
15.5
16.6
15.6
16.6
16.3
17.2
16.8
16.5
17.0
20.6
15.6
16.5
15.7
16.7
15.5
16.10
16.7
15.6
16.6
15.1
16.7
15.7
16.5
15.5
16.8
15.7
19.2
15.7
16.6
16.5
16.7
15.5
17.1
18.2
15.8
16.6
15.4
16.6
15.5
17.1
16.3
15.5
17.1
16.6
15.9
16.8
15.5
16.7
15.6
16.5
15.8
15.4
17.3
16.4
15.8
20.1
15.5
16.8
15.4
16.8
15.7
17.1
16.5
17.0
16.5
15.6
16.7
15.7
16.4
15.6
16.10
16.5
15.8
15.10
15.5
17.4
15.8
16.9
16.5
15.5
16.9
17.10
16.2
17.1
16.8
15.3
16.6
15.5
16.8
15.5
17.0
16.7
15.9
16.3
15.4
16.5
15.8
15.4
16.9
16.7
15.6
17.0
16.5
15.6
15.9
16.8
16.4
15.7
16.10
16.1
15.6
16.9
17.3
16.3
15.7
16.6
16.1
15.0
16.8
15.3
16.10
16.5
17.3
16.5
15.5
16.8
16.5
16.1
15.0
16.5
19.6
15.7
16.9
16.4
15.6
16.1
16.8
16.0
15.1
16.8
16.5
16.4
15.7
16.5
15.9
15.2
15.5
17.1
16.4
15.8
16.9
15.10
15.7
16.1
15.5
16.10
15.6
16.4
15.4
16.8
15.6
16.9
16.9
16.3
15.8
15.7
16.0
15.10
15.4
16.7
15.5
16.6
15.6
16.8
15.7
16.3
15.5
16.8
16.5
15.7
16.6
15.5
16.9
16.4
15.9
17.1
16.6
15.5
16.4
15.6
16.8
19.9
16.9
16.6
16.9
16.8
15.4
16.6
15.5
16.8
16.5
15.7
17.1
16.6
