18.7
19.2
15.3
16.2
15.3
16.7
16.6
15.3
16.0
15.3
16.6
14.9
16.7
16.7
17.2
16.3
15.2
16.3
15.1
16.5
16.9
15.10
19.6
18.1
17.3
15.1
16.8
16.4
15.6
15.7
16.4
15.2
16.5
16.7
15.3
18.3
16.10
15.2
16.4
15.3
16.6
16.5
16.3
15.3
16.1
15.6
16.7
15.4
16.5
16.9
16.1
15.7
15.6
16.2
15.3
16.4
16.7
15.2
16.4
15.1
16.5
17.4
16.1
16.8
15.2
16.3
15.3
15.10
15.3
16.6
16.7
15.1
16.3
15.1
16.3
15.1
19.0
19.0
17.7
15.9
20.7
16.7
15.2
16.6
16.6
15.5
15.9
16.4
15.3
16.4
16.8
16.1
17.1
16.5
15.1
16.5
17.3
24.2
16.8
15.2
16.2
14.10
16.2
15.2
16.6
16.8
16.1
15.1
16.3
15.2
16.4
15.1
16.4
16.9
16.5
15.0
15.10
15.0
16.6
15.9
16.9
15.9
16.6
15.1
16.2
15.1
16.1
15.1
17.4
16.9
16.0
19.8
18.4
16.5
15.1
16.4
16.5
17.2
16.6
15.1
16.5
17.4
15.9
16.7
15.1
16.3
15.5
16.1
23.3
16.4
16.7
15.5
18.0
15.7
15.9
17.6
15.9
15.3
15.8
16.0
15.1
16.4
15.1
16.4
16.6
15.3
16.1
15.4
16.3
15.1
16.5
16.9
16.1
15.2
16.0
17.4
16.0
15.3
16.5
16.6
15.3
16.1
15.2
16.4
15.1
18.1
17.5
15.8
16.3
19.7
15.7
16.5
16.7
15.1
16.1
15.1
16.3
15.3
16.6
16.7
16.7
15.3
16.2
17.5
16.0
16.8
15.1
15.10
15.3
16.5
15.1
16.5
16.6
16.2
15.10
15.10
15.3
16.3
15.1
16.7
16.3
16.7
15.2
16.1
15.1
15.1
16.3
17.7
16.1
16.8
16.2
15.1
16.1
15.2
16.3
15.1
17.1
16.1
16.8
16.1
15.2
16.2
17.4
16.2
17.6
17.7
16.1
17.1
16.3
15.1
16.2
15.8
17.4
15.7
15.8
15.0
16.3
15.1
16.4
15.1
16.6
16.6
15.0
16.1
15.1
16.2
15.4
16.4
16.7
15.1
16.1
15.3
16.2
15.1
16.5
16.6
15.2
16.2
15.1
16.2
15.3
16.6
17.3
15.5
16.2
15.0
16.4
15.5
16.1
16.9
15.1
16.3
15.1
20.1
15.2
17.9
15.9
16.8
19.0
16.0
18.1
16.7
17.3
17.6
16.1
15.7
15.6
18.5
17.1
16.2
16.7
15.4
16.2
14.9
16.3
15.2
16.7
16.8
15.1
16.0
15.2
16.5
15.2
16.4
16.7
15.3
16.2
15.0
16.3
17.5
16.3
16.8
16.0
15.3
16.2
15.3
16.4
15.5
16.1
16.7
15.1
16.1
14.9
15.6
16.6
16.5
18.10
16.5
17.0
20.3
15.5
18.3
15.5
15.7
16.1
15.3
16.2
17.3
16.4
16.6
15.7
15.9
15.2
16.2
15.0
16.7
16.8
15.3
16.1
17.1
16.3
15.3
16.4
16.8
16.4
14.9
16.3
15.2
16.2
15.1
16.6
16.9
16.2
16.10
16.1
15.1
16.5
15.1
16.4
16.6
15.2
16.3
15.1
16.3
15.0
16.8
16.0
16.8
16.1
15.2
16.5
15.2
19.4
15.8
17.5
15.8
15.7
17.8
15.10
17.2
16.3
15.3
16.5
16.6
17.3
16.5
15.0
16.2
15.1
16.6
16.9
16.2
15.1
16.7
16.7
17.6
16.2
16.7
17.0
16.5
15.2
16.2
23.1
16.5
16.9
16.0
15.3
16.0
15.3
16.4
15.3
16.7
16.2
15.2
16.2
16.8
15.7
16.5
16.6
15.2
16.3
15.3
16.3
15.2
17.3
15.3
15.8
18.4
17.0
17.2
19.10
15.4
16.4
16.6
15.6
15.8
16.1
16.2
17.3
16.3
15.4
15.9
15.1
16.1
15.2
16.3
15.1
16.5
16.10
16.1
16.8
15.3
16.2
14.10
16.6
16.7
15.3
16.2
15.1
16.6
14.9
16.7
16.6
15.2
16.2
15.1
16.3
14.10
16.7
15.3
15.7
16.2
15.1
16.4
17.6
16.1
16.6
15.1
16.3
15.2
16.2
18.2
16.6
16.8
16.2
15.0
18.2
15.1
16.5
15.0
16.5
17.3
15.7
16.2
15.2
16.4
15.1
16.5
15.3
15.8
15.4
16.2
15.1
16.4
15.2
16.5
17.1
15.8
16.1
15.3
16.2
15.4
16.4
16.8
15.2
16.1
15.1
16.4
15.1
16.6
16.6
15.2
16.2
15.2
16.7
17.1
15.10
16.7
15.3
16.2
17.2
16.5
17.1
16.3
19.5
15.4
16.8
16.7
15.9
19.2
16.6
16.8
16.1
15.2
16.3
15.1
15.1
16.9
16.3
16.8
15.10
16.2
17.2
15.8
16.2
15.1
15.1
16.5
15.1
16.6
16.7
16.1
15.2
16.3
15.2
16.2
15.1
16.5
16.7
15.2
15.10
15.1
16.4
15.2
16.7
17.1
15.5
16.2
15.4
16.4
17.4
16.3
16.7
15.3
16.4
15.1
16.2
15.2
16.5
16.7
15.2
15.10
15.3
17.1
15.3
16.4
16.7
19.4
18.5
16.9
17.0
15.3
16.6
16.9
16.0
15.2
16.2
15.1
16.3
15.4
16.3
16.6
15.3
16.2
15.1
16.2
16.0
16.6
16.7
15.3
16.3
15.2
16.3
15.1
16.4
17.0
15.7
16.3
15.1
16.2
15.4
16.3
15.6
15.8
16.1
15.1
16.2
17.5
16.4
16.6
15.2
16.2
15.3
18.6
17.3
16.1
18.8
15.1
16.4
16.10
15.10
19.0
17.2
17.2
16.3
14.9
16.4
17.3
16.2
15.3
16.6
16.6
15.3
16.9
15.3
16.1
15.3
16.7
16.6
15.3
16.7
16.7
15.2
16.5
16.6
15.3
16.1
15.6
15.9
15.0
16.6
16.7
15.3
16.8
16.5
14.2
17.10
15.7
15.6
16.3
15.3
16.1
15.3
16.4
16.8
16.1
15.2
16.3
15.0
17.10
15.6
19.8
16.3
15.2
24.4
15.2
16.4
17.4
16.1
16.7
15.1
16.1
15.2
16.2
15.2
16.4
16.8
15.6
16.1
15.2
16.1
15.1
16.7
16.6
16.1
15.0
16.2
15.4
16.4
16.2
17.3
16.2
16.6
15.2
15.3
16.2
15.4
16.2
15.3
15.4
16.4
16.6
15.4
16.0
15.1
16.3
15.5
16.4
16.8
15.1
16.3
15.1
16.6
17.2
19.3
18.2
15.7
20.5
16.9
16.1
18.1
16.7
16.7
17.0
16.5
17.2
16.2
15.0
16.8
16.6
15.3
16.2
15.1
16.2
15.2
16.7
16.8
15.0
16.4
15.0
16.4
15.2
16.5
17.0
16.2
15.5
15.8
16.2
15.1
16.4
16.8
15.4
16.2
15.1
16.2
15.2
16.5
16.7
15.1
16.1
15.3
17.1
15.2
16.4
16.8
15.5
16.0
15.2
17.6
17.2
19.6
16.2
15.3
15.9
15.1
16.10
15.5
16.7
16.5
16.1
16.4
15.1
16.2
15.3
16.5
16.8
16.1
15.0
17.10
15.1
16.5
14.9
16.7
16.10
15.9
15.3
16.1
15.1
16.7
17.0
16.4
16.6
15.3
15.10
15.3
16.4
17.5
16.1
16.6
15.2
16.3
17.3
16.1
15.3
16.4
16.7
15.1
16.3
15.3
16.4
17.4
19.0
16.8
17.2
20.6
17.0
18.4
17.3
16.5
16.4
15.1
16.0
15.4
16.2
15.2
16.7
16.6
15.3
16.0
15.3
16.3
15.2
16.4
16.6
15.3
16.8
15.5
16.5
15.3
16.3
16.9
16.2
15.3
16.1
15.1
16.4
14.10
16.6
16.6
15.3
16.4
17.2
16.2
17.4
16.3
16.8
15.2
15.1
16.3
14.10
16.5
15.0
15.2
16.6
16.8
15.6
15.5
15.2
16.2
18.2
16.5
17.5
17.1
16.2
18.10
18.0
15.2
16.0
15.2
16.4
17.6
16.2
16.6
15.1
16.2
15.3
16.2
15.3
16.5
15.3
15.8
15.1
16.1
15.3
16.2
15.3
16.4
16.9
15.6
15.9
17.7
15.6
16.4
16.9
16.2
15.1
16.2
15.0
18.8
17.1
16.2
18.6
15.1
16.6
15.2
16.3
15.1
16.4
16.9
24.2
15.2
16.1
15.1
16.5
15.1
18.9
15.10
16.7
15.8
15.5
18.7
17.2
16.2
16.6
15.3
16.1
15.2
16.2
15.4
16.5
16.6
15.2
16.1
15.5
15.8
16.7
16.8
16.1
15.3
16.0
15.2
16.2
15.3
16.7
16.6
15.1
17.0
17.3
16.3
15.1
16.5
16.5
15.3
16.2
15.3
16.2
15.1
16.6
16.6
15.1
16.3
15.1
16.3
15.3
17.3
15.6
15.4
16.2
17.7
15.7
16.6
18.5
15.2
16.3
15.1
16.4
15.1
16.8
16.6
15.2
16.3
14.9
16.4
15.3
16.6
16.6
15.3
16.1
15.1
16.2
15.2
16.5
15.2
15.9
15.0
16.4
14.10
16.5
14.10
16.4
16.9
15.9
15.4
16.0
15.2
16.3
14.10
16.6
16.7
15.1
16.3
15.1
16.4
17.6
16.2
16.7
15.1
16.3
15.0
16.3
15.1
18.2
17.2
16.3
16.9
16.3
15.4
18.3
17.3
16.1
16.1
16.6
15.3
16.3
15.1
15.2
16.3
15.4
16.5
16.8
16.0
15.2
16.3
15.1
16.3
18.7
17.4
16.2
16.5
15.2
16.1
15.3
16.4
17.5
16.2
16.6
15.3
16.2
15.2
16.4
15.1
16.7
16.7
15.1
16.1
15.0
16.5
15.0
16.6
17.2
15.6
16.1
15.1
16.5
15.3
16.3
16.6
19.1
16.3
15.1
28.2
15.1
16.6
16.8
15.3
16.0
15.6
16.7
16.9
16.0
16.7
15.1
16.3
15.3
16.1
15.3
16.5
15.3
15.9
15.0
16.6
16.9
16.2
17.4
16.0
16.6
15.2
16.3
15.2
16.5
17.4
16.2
16.7
15.3
16.4
15.1
16.4
15.2
16.7
16.7
15.6
16.2
15.2
16.3
23.1
16.7
17.2
15.6
16.2
15.3
19.7
17.1
16.1
16.8
15.4
18.3
15.3
16.1
15.3
16.5
15.5
15.6
16.2
15.3
16.4
15.1
16.7
16.6
15.1
16.1
15.2
16.5
15.1
16.6
15.3
15.7
16.3
15.1
16.5
15.0
16.6
16.8
16.1
15.2
16.3
15.0
16.4
15.1
16.7
17.1
15.7
16.2
15.1
16.2
15.1
16.6
16.8
16.2
17.1
16.1
15.1
16.5
14.9
16.7
16.7
15.3
17.5
16.9
28.4
18.7
15.5
15.8
16.2
15.0
16.1
18.3
16.8
16.1
16.6
15.2
16.8
16.6
15.1
16.5
16.6
15.3
16.1
23.2
15.2
16.4
17.4
16.2
16.6
15.10
15.2
16.4
15.1
16.4
16.1
15.3
16.5
16.9
15.9
16.2
15.3
16.3
15.3
16.2
15.1
16.5
16.7
15.1
16.0
15.8
15.9
15.3
16.5
16.7
15.0
16.3
15.2
16.3
18.5
16.3
16.8
15.3
16.2
17.3
16.0
15.2
16.5
16.6
15.2
16.2
15.3
16.4
15.2
16.6
16.6
15.2
23.10
15.3
24.8
15.9
15.1
16.7
16.8
16.1
15.1
16.1
15.0
16.5
15.1
16.5
16.7
15.3
16.3
15.2
16.1
15.4
16.5
16.7
15.2
18.1
15.1
16.2
15.9
16.10
16.1
16.7
15.1
16.3
15.0
16.1
15.3
16.4
16.7
18.1
16.10
15.3
20.5
15.1
16.4
17.0
16.3
15.2
16.3
16.9
16.2
15.1
17.10
15.10
16.5
15.3
16.2
15.0
16.5
14.9
16.6
15.4
15.6
16.1
15.1
16.4
15.4
16.3
16.8
15.1
16.2
15.2
16.5
15.2
16.5
15.2
15.9
15.1
16.2
15.2
16.1
15.2
16.3
16.6
15.1
16.4
15.2
16.4
15.8
15.1
16.6
16.7
14.10
16.3
15.2
18.9
16.10
16.8
20.4
15.3
18.0
17.2
16.1
15.9
16.2
16.4
15.3
18.2
15.1
16.3
15.3
16.5
16.7
15.3
16.1
15.2
16.8
17.2
16.1
16.7
17.1
16.3
15.2
16.2
15.0
16.6
16.7
15.1
16.3
15.1
18.7
17.2
16.1
16.7
15.8
15.4
16.6
15.0
15.0
16.4
15.4
15.8
16.2
16.5
15.3
16.3
15.1
16.5
16.0
19.1
16.0
17.6
15.5
16.5
19.1
18.2
17.1
17.2
15.2
16.1
15.1
16.4
15.7
15.8
15.8
16.4
15.1
16.3
15.4
16.4
16.8
16.2
15.1
15.10
15.7
15.9
15.2
16.5
16.6
15.4
16.2
15.1
16.5
14.9
15.7
15.8
16.2
15.3
16.4
15.2
16.4
15.9
16.10
16.1
15.1
16.0
15.3
16.2
15.2
16.7
16.6
15.3
16.1
15.0
18.5
17.1
16.5
16.7
15.1
16.8
17.5
16.3
15.1
16.5
16.7
15.2
16.2
15.0
16.3
15.2
16.5
16.7
15.2
16.0
15.2
16.9
16.1
17.1
16.2
16.7
15.2
15.9
15.1
16.2
15.3
16.5
16.8
16.0
17.3
16.3
15.1
16.3
15.4
17.4
16.9
16.1
15.3
15.10
15.3
16.2
15.1
16.4
16.6
17.2
16.2
17.3
16.1
15.2
19.9
15.9
18.3
15.4
16.4
19.4
15.7
16.6
16.7
15.1
16.1
15.2
16.1
15.2
16.5
16.7
15.5
16.6
16.3
15.1
16.8
16.6
15.2
16.0
14.9
16.4
15.1
16.7
16.6
15.1
16.1
15.4
15.10
15.1
16.5
16.7
15.2
16.0
17.2
16.1
15.0
16.6
16.7
15.1
15.10
15.3
16.6
17.8
16.6
17.2
15.5
15.10
15.2
17.7
16.8
18.9
15.2
16.1
16.1
15.1
16.4
15.2
16.5
15.9
16.8
15.3
16.0
15.1
15.0
16.6
17.8
15.7
16.2
16.5
15.3
24.4
17.8
16.7
16.8
15.2
16.1
15.2
16.2
15.0
16.7
16.7
15.1
16.1
14.10
24.5
14.9
16.8
16.5
17.0
16.3
15.2
18.8
15.8
16.5
15.4
15.8
16.3
17.7
15.3
18.3
23.5
17.3
16.7
19.5
18.3
17.2
16.3
16.6
15.2
16.3
15.1
16.5
15.2
16.5
16.6
15.2
16.3
15.1
16.1
15.4
16.4
15.4
15.7
16.1
15.3
16.1
17.5
16.2
16.6
15.3
16.2
15.0
16.2
15.2
16.5
16.6
17.2
16.1
15.1
16.3
15.2
16.5
16.8
15.2
15.10
15.0
16.4
17.4
16.3
16.7
15.8
16.5
15.1
18.8
17.3
19.6
18.2
17.1
16.1
15.2
16.2
15.0
16.4
16.8
16.1
14.10
16.3
15.0
16.4
15.3
16.4
16.6
15.2
16.4
15.2
16.2
15.1
16.5
16.6
15.1
16.1
15.1
16.2
15.2
16.4
16.7
15.1
16.6
16.7
17.4
16.2
16.9
15.8
16.3
15.2
16.1
15.1
16.3
16.6
15.1
16.2
15.2
16.0
15.2
19.1
18.2
17.1
16.1
16.1
19.8
19.2
18.1
17.0
16.3
16.7
15.4
15.10
14.9
17.3
15.0
16.6
16.7
15.1
16.3
15.1
16.2
17.4
17.6
16.2
15.3
15.9
15.1
16.2
15.3
16.3
16.7
16.0
15.3
16.0
15.3
16.1
16.1
17.6
16.3
16.6
15.1
14.10
16.3
15.7
15.8
15.0
17.1
15.5
15.7
16.3
15.1
16.3
15.2
16.3
16.7
15.0
18.9
18.1
16.9
16.6
16.9
16.2
18.8
16.1
17.1
16.1
15.2
16.2
15.2
17.1
16.8
16.2
15.3
15.10
16.2
16.2
15.0
18.1
15.7
15.8
16.1
15.2
16.3
15.1
16.4
16.6
15.0
16.2
17.2
16.1
15.1
16.4
16.9
17.10
15.3
16.0
15.3
16.5
15.4
16.4
16.6
15.1
16.2
15.1
16.4
15.1
16.5
16.7
17.1
16.4
15.1
16.2
19.4
16.2
16.6
15.6
15.7
18.9
18.1
17.1
17.3
16.6
15.3
15.8
16.5
15.0
16.5
15.3
15.10
16.7
15.0
16.4
15.1
16.6
16.6
15.1
16.2
15.2
16.3
17.5
16.0
17.6
15.4
16.1
14.9
16.4
15.10
16.9
16.3
16.6
15.1
16.2
15.1
16.2
15.1
16.4
16.9
16.0
15.2
15.10
15.1
16.4
15.2
16.4
16.7
15.4
18.2
17.2
16.1
17.5
16.1
18.6
15.3
15.9
15.3
16.2
15.1
16.7
16.6
15.1
16.0
15.2
24.2
15.1
