17.9
18.6
15.7
15.10
16.1
15.4
15.6
15.7
16.0
15.10
15.8
15.3
15.6
15.10
16.1
15.6
15.7
15.7
15.9
16.2
16.5
16.8
15.4
16.2
16.0
17.2
16.9
15.6
16.1
19.9
16.8
16.4
16.10
15.8
16.3
16.5
16.7
24.9
15.6
15.1
15.6
15.6
15.9
23.4
15.6
15.5
15.9
16.0
16.7
16.6
16.9
15.6
17.0
15.7
16.6
16.2
16.1
16.4
16.9
16.9
15.7
17.1
19.9
16.5
16.8
16.2
16.6
16.4
17.0
15.7
17.1
15.5
15.7
15.9
16.2
16.7
16.7
18.3
16.5
16.5
16.9
15.5
15.10
15.10
16.6
16.8
15.5
15.8
15.2
15.6
15.9
16.9
15.5
15.2
19.3
17.8
17.1
15.7
17.1
15.4
15.7
16.1
16.1
16.7
16.6
17.1
15.5
17.0
15.7
15.6
16.1
16.2
16.6
16.7
16.9
16.3
16.5
16.7
17.1
15.5
15.1
15.6
15.8
16.8
15.8
16.9
15.6
15.8
16.0
15.4
15.3
17.7
18.1
16.8
16.0
16.5
16.6
17.1
15.9
15.9
17.3
16.9
15.6
16.1
16.3
16.5
16.5
17.2
16.10
15.7
15.2
15.8
16.2
16.1
16.5
16.6
16.8
16.3
16.7
16.5
16.10
15.4
15.1
18.7
16.8
16.0
16.2
16.6
16.5
18.4
16.7
16.3
16.7
16.7
16.2
16.7
16.6
17.1
15.4
15.1
15.6
15.5
15.9
16.0
16.6
16.7
16.8
16.3
16.6
16.7
17.1
15.5
15.2
15.4
15.8
16.10
17.9
16.5
15.8
15.7
15.9
16.1
16.5
16.5
16.10
15.7
14.9
15.7
15.5
16.2
15.9
16.7
16.6
16.10
15.6
15.3
15.2
15.8
17.5
15.7
15.5
15.6
16.4
15.6
15.8
16.6
16.8
16.2
16.4
17.1
15.5
15.5
17.2
16.6
16.6
16.10
15.6
17.1
16.5
16.8
16.8
18.2
16.6
16.8
15.5
17.4
15.4
15.7
15.7
15.9
15.10
16.7
16.6
16.9
15.5
15.0
15.8
15.6
15.9
15.10
16.5
16.8
18.6
16.4
16.3
17.1
15.2
16.1
16.1
16.6
16.7
15.6
15.8
17.10
16.7
16.6
16.10
15.10
15.8
16.5
16.7
17.0
15.6
14.10
16.0
16.2
18.8
17.5
16.6
19.5
17.1
15.5
15.0
15.7
15.5
16.1
19.9
16.7
16.7
18.4
16.7
16.7
16.7
17.1
15.4
23.1
15.7
15.6
16.1
16.1
18.5
16.8
16.9
16.1
16.8
16.4
17.0
15.5
16.3
15.5
15.5
16.1
16.6
16.1
16.6
16.10
15.5
15.2
15.6
18.10
16.5
16.2
19.2
25.1
15.6
15.9
16.1
16.6
16.8
15.5
15.8
15.4
15.4
15.8
16.8
15.5
15.2
16.4
16.9
15.5
15.9
16.1
16.3
16.7
16.6
16.10
15.6
14.9
15.8
18.2
16.4
16.4
16.4
16.8
15.5
16.2
19.5
15.9
16.9
19.4
17.8
16.0
16.1
16.6
16.10
15.7
15.1
15.5
15.6
15.9
16.3
16.8
16.5
17.0
15.5
15.3
15.5
23.9
16.8
15.10
16.7
16.6
16.9
15.7
14.10
15.7
15.6
15.10
16.2
16.5
16.7
17.3
16.8
19.6
15.4
15.8
16.8
16.2
16.7
16.6
17.2
16.8
16.6
16.7
16.8
16.3
24.5
16.7
17.0
17.3
15.5
15.5
15.8
16.8
15.6
17.0
15.6
15.7
15.8
16.2
16.5
16.6
16.10
15.5
17.5
15.6
15.3
15.9
16.1
15.6
15.0
15.7
15.8
15.6
17.3
15.6
15.10
16.3
16.5
16.6
17.1
15.6
15.0
15.6
15.7
16.1
15.9
15.6
15.8
16.9
15.5
16.1
16.5
16.4
17.1
15.6
16.1
16.5
18.6
18.9
15.8
20.1
16.5
16.5
17.1
17.1
15.6
15.7
17.10
16.6
16.2
15.5
15.4
15.7
16.1
16.1
16.4
16.8
15.4
16.1
16.2
16.5
16.7
16.9
15.4
15.2
15.5
16.3
16.2
16.2
16.5
16.6
16.8
15.5
17.2
20.1
16.2
16.9
15.5
23.7
18.3
15.4
15.7
15.2
15.5
15.8
15.8
15.1
15.4
15.8
15.8
15.2
15.4
15.7
16.1
16.0
16.5
16.6
16.8
16.2
16.5
16.8
15.5
15.8
15.3
15.6
18.1
20.2
16.6
16.4
15.6
15.0
17.2
15.6
15.7
15.7
16.1
16.1
16.6
16.8
16.7
16.2
18.5
16.5
17.2
15.4
15.3
15.5
15.6
15.9
16.0
16.7
16.7
16.8
16.3
16.5
16.8
15.6
15.7
16.7
19.7
15.1
15.8
15.1
15.5
16.8
17.1
15.8
16.0
15.8
15.7
15.6
15.8
17.2
15.8
15.6
15.8
15.9
16.2
16.5
16.6
17.1
15.4
15.3
15.5
15.6
15.10
16.1
16.6
16.5
16.9
15.6
15.1
18.7
15.7
16.6
18.2
17.3
14.9
15.4
16.2
16.1
16.8
16.4
16.9
17.0
15.5
15.4
15.8
16.9
16.10
15.6
15.4
15.7
15.10
15.9
16.7
16.5
17.1
15.5
15.0
15.7
15.5
15.10
16.0
16.6
17.4
17.1
17.2
17.3
15.6
14.9
15.5
17.7
15.4
17.10
16.6
16.9
15.7
15.1
15.7
15.8
15.7
16.2
15.5
15.8
16.9
15.6
15.1
15.4
15.8
16.7
16.2
16.6
16.6
17.5
17.0
15.2
15.5
15.6
16.1
16.2
18.7
16.5
16.5
24.4
16.4
16.8
16.8
16.2
16.7
16.6
16.9
15.6
15.5
15.4
15.5
16.1
16.3
15.3
15.7
15.5
16.0
16.3
17.5
15.5
16.7
16.10
15.7
15.5
14.10
15.5
16.1
16.1
16.4
24.8
16.9
15.6
15.1
15.7
15.8
16.8
16.3
16.5
16.7
16.8
15.5
15.2
15.5
15.6
15.9
16.1
16.5
16.6
17.1
15.4
17.2
15.6
29.5
16.1
16.2
16.3
16.7
16.9
15.5
15.1
15.5
15.5
15.10
15.10
16.6
16.6
18.5
16.6
16.9
15.3
15.6
15.8
16.1
16.7
16.7
16.9
15.7
15.2
15.7
15.7
15.8
15.3
15.4
15.9
16.9
17.1
17.5
15.4
15.9
17.0
15.3
15.2
15.6
15.7
15.9
16.2
16.3
16.6
17.10
16.5
15.1
15.6
15.6
15.10
16.1
16.5
16.7
16.9
15.7
23.0
15.5
15.8
15.8
15.2
15.5
15.8
16.7
16.0
16.7
16.7
17.1
15.6
16.9
16.3
15.9
15.6
17.5
16.6
16.8
16.7
16.9
15.4
19.2
16.7
16.6
18.4
16.7
16.6
16.8
16.9
15.7
15.0
15.4
15.7
15.9
16.2
16.5
16.8
17.0
15.5
15.3
15.4
24.1
16.9
15.5
17.2
15.6
15.6
16.0
15.10
16.6
16.9
15.4
16.3
15.8
16.5
16.8
16.9
15.7
18.9
15.4
15.8
17.0
15.9
16.8
16.6
16.9
15.10
15.5
15.5
15.6
15.9
16.2
16.6
16.5
17.1
15.4
15.2
15.7
15.7
15.9
16.3
16.6
16.7
16.8
16.3
16.7
16.5
16.9
15.5
17.6
15.6
15.3
15.9
16.0
16.6
16.6
17.1
15.6
15.1
15.5
15.6
16.0
16.0
16.4
16.9
15.4
16.1
16.4
16.5
17.2
14.9
16.0
17.9
16.7
16.8
15.3
16.1
16.1
16.4
16.8
15.5
15.9
16.1
16.5
16.8
15.4
19.5
17.5
15.6
15.6
16.10
17.1
15.6
15.10
16.2
15.5
16.0
16.2
16.6
16.7
16.9
23.6
14.10
15.7
15.6
15.9
16.2
16.6
16.7
17.0
15.6
15.0
15.5
15.8
15.9
16.1
16.6
16.7
16.9
18.7
16.8
15.5
15.6
16.1
16.1
16.6
16.7
16.9
15.5
15.3
15.5
15.7
15.7
15.5
15.4
15.6
15.9
16.9
16.7
16.6
16.9
15.5
14.10
15.8
15.7
15.7
15.6
15.3
15.7
16.3
15.7
15.5
17.0
20.1
16.5
16.6
16.8
16.8
16.5
16.3
16.6
16.9
15.6
15.0
15.5
15.8
15.9
16.0
16.6
16.7
17.1
15.4
15.1
15.6
15.8
16.1
16.3
16.6
16.7
17.0
15.7
14.10
15.4
15.9
16.9
18.3
16.7
15.5
15.7
15.8
15.2
15.5
15.7
23.7
16.2
16.6
16.6
16.9
15.6
16.7
16.1
16.6
16.9
15.5
16.2
16.7
16.7
16.10
17.0
15.5
15.8
15.6
15.9
16.2
16.6
16.8
17.1
15.7
15.1
18.1
16.0
16.8
18.2
16.5
16.9
15.5
15.9
15.2
15.9
15.3
16.3
16.4
16.3
16.4
16.8
15.5
15.9
16.2
16.6
16.6
17.0
15.5
15.3
17.6
15.5
16.1
16.1
16.6
16.7
16.9
15.6
14.10
15.6
15.9
16.8
16.8
20.5
16.6
16.9
16.7
16.5
16.6
16.10
15.5
15.1
15.7
15.5
15.10
16.0
16.7
16.6
16.9
15.5
15.4
15.5
15.6
16.8
15.4
16.6
16.8
18.5
16.4
16.7
16.8
16.9
15.5
15.0
17.7
15.5
15.9
16.2
16.4
16.8
15.6
16.6
15.4
15.4
15.9
16.9
16.3
16.5
16.6
17.1
15.5
14.10
15.7
15.8
15.8
16.1
16.8
16.7
16.8
16.3
15.5
15.5
15.6
16.1
15.9
15.8
15.9
19.1
17.6
15.7
15.5
24.1
16.3
16.3
16.6
16.6
16.9
15.7
15.1
15.7
15.6
16.0
16.1
16.6
17.1
15.1
15.9
16.0
16.7
16.6
17.8
17.1
15.5
15.5
15.7
16.3
15.6
15.4
15.8
16.9
15.5
18.6
15.2
15.6
17.6
15.7
15.2
15.5
16.1
18.5
16.1
16.7
16.8
16.3
16.4
16.6
16.9
15.5
15.2
15.4
16.1
16.6
15.9
16.8
15.4
15.8
16.9
15.4
15.3
15.4
15.8
16.9
15.6
14.10
15.7
15.7
16.0
20.2
19.3
14.7
17.2
15.6
15.0
15.7
15.6
16.1
16.0
16.5
16.7
17.1
15.7
15.1
15.5
15.7
15.10
16.3
16.5
16.6
17.1
15.5
15.3
15.4
15.7
16.1
15.10
16.7
16.7
16.8
15.7
17.7
16.9
15.5
15.8
15.3
16.4
16.8
16.9
15.5
15.1
15.2
15.8
15.6
15.10
15.9
16.6
17.2
15.3
15.8
15.2
15.5
15.7
16.1
16.1
16.5
16.7
16.9
15.6
15.1
15.6
15.9
16.8
16.3
15.4
15.5
16.5
16.8
15.8
18.10
17.7
15.6
15.9
15.10
16.7
16.8
16.10
15.5
15.2
15.6
15.6
16.0
16.2
16.4
16.8
16.9
15.6
15.1
15.5
15.8
15.10
16.3
16.4
16.6
17.1
15.4
15.3
15.5
15.8
15.8
15.6
15.10
20.5
16.7
16.2
16.8
15.4
15.6
15.9
15.2
15.5
15.8
16.9
17.1
15.5
17.6
15.6
15.8
15.10
16.7
14.9
16.1
16.7
15.10
16.7
16.6
16.9
15.6
15.0
15.6
15.10
16.7
16.1
16.8
18.2
17.3
15.6
15.0
15.5
15.8
16.7
16.2
16.6
16.6
16.10
16.9
15.5
15.5
15.7
16.1
15.4
15.2
15.5
15.5
16.1
15.5
15.1
15.5
15.8
16.0
15.10
16.7
16.7
16.8
15.6
15.4
15.4
15.5
17.5
15.7
15.5
18.1
16.4
16.3
16.4
16.9
15.4
15.7
15.3
15.5
15.6
15.8
16.0
16.7
16.6
16.10
15.5
15.0
16.6
15.6
16.2
16.1
16.4
16.8
17.7
17.2
15.5
15.3
15.9
16.9
15.5
15.1
15.5
16.10
20.3
16.8
16.5
16.5
17.1
15.4
15.1
15.7
15.6
23.8
15.3
15.6
15.6
23.9
16.0
16.6
16.9
15.5
16.0
16.1
16.5
16.9
15.5
15.8
15.1
15.6
15.7
16.1
17.9
16.8
16.6
17.0
18.2
16.4
15.7
18.1
16.8
16.1
16.5
16.8
17.0
15.6
15.3
15.5
15.6
16.1
16.3
16.4
16.7
16.8
16.3
17.1
17.1
15.6
15.9
15.2
16.0
16.3
17.1
15.5
15.10
16.5
16.6
15.5
16.0
17.2
15.5
15.8
16.6
20.5
18.4
16.6
16.7
16.9
15.5
15.3
15.6
15.6
16.0
16.0
16.5
16.7
16.9
17.1
15.6
16.1
16.1
16.8
16.8
15.0
15.5
15.7
15.9
16.0
16.6
16.6
16.9
15.7
15.2
15.5
15.8
16.8
17.3
15.7
15.2
15.7
15.8
15.4
15.5
15.8
16.1
16.3
16.6
16.9
17.1
15.9
15.1
15.7
15.9
16.7
16.2
16.6
16.9
15.7
16.4
17.2
15.6
15.2
15.7
16.0
16.9
15.7
14.10
15.6
15.8
16.1
16.3
16.5
16.6
18.6
16.6
14.8
16.8
17.4
17.1
15.6
14.8
14.7
18.1
17.1
15.6
15.6
15.8
16.3
15.9
14.9
16.9
16.10
15.7
15.1
15.5
15.6
16.3
16.0
14.10
15.9
16.5
15.2
16.2
16.0
16.6
20.3
18.8
15.5
15.1
15.8
16.6
16.1
16.10
16.7
18.2
16.4
19.4
17.3
16.4
16.5
16.5
16.0
16.1
16.3
16.9
18.4
17.9
15.6
15.7
15.6
15.8
15.10
15.4
15.6
15.6
16.1
16.1
18.6
16.6
16.9
15.7
15.1
15.5
15.9
17.7
16.1
16.6
16.6
16.8
18.6
18.8
17.4
15.5
15.5
15.9
16.8
16.1
19.6
15.4
15.7
17.0
15.7
16.9
15.5
18.3
16.5
16.2
16.5
17.2
15.8
18.5
16.7
16.5
16.6
17.0
15.9
16.1
16.6
14.7
16.0
17.0
15.7
15.9
16.6
16.0
17.0
15.7
16.1
16.8
16.5
17.1
15.7
15.10
17.4
15.9
16.1
17.0
25.3
16.7
15.7
15.6
16.2
15.8
16.1
14.10
16.2
17.4
16.8
16.6
16.7
16.8
15.7
15.0
15.5
15.7
16.1
15.10
16.6
16.5
17.2
15.5
16.2
16.5
16.8
17.5
16.6
16.7
16.7
16.10
16.3
20.5
18.7
16.8
17.0
15.8
15.7
15.2
15.8
16.9
15.5
15.3
15.5
15.9
16.7
16.2
18.8
15.2
15.3
15.2
17.3
17.2
16.9
15.5
15.5
16.3
16.8
15.6
15.7
15.7
15.7
16.9
15.5
15.1
15.6
15.8
16.8
16.2
17.9
21.7
15.8
16.1
16.8
15.5
15.7
16.9
15.6
16.3
15.6
15.6
15.9
16.8
15.5
15.1
15.7
15.7
15.9
15.10
16.5
16.9
16.10
15.5
14.10
15.6
15.8
15.9
16.1
16.5
16.6
18.5
16.6
20.2
17.1
15.4
15.10
18.10
17.6
15.5
15.8
15.10
15.6
15.2
15.3
15.7
16.1
16.1
16.5
16.7
16.9
15.6
15.2
16.5
16.1
16.6
16.3
16.5
16.8
16.9
16.9
15.8
16.4
16.8
15.6
15.7
15.6
15.3
15.8
19.8
18.5
15.2
15.6
15.6
15.9
15.10
16.7
16.7
17.0
15.4
15.2
15.7
16.8
17.5
15.5
15.5
15.7
16.0
16.3
16.5
17.1
15.0
16.1
16.2
16.5
16.6
16.9
15.5
15.2
15.5
15.8
15.8
21.1
19.7
16.5
16.9
19.0
18.4
16.7
16.7
16.9
16.1
16.7
16.6
16.5
17.1
16.0
15.8
15.4
15.7
16.1
16.1
16.5
16.8
17.1
15.6
17.1
15.9
16.6
16.9
15.7
15.1
15.5
15.8
15.8
15.3
15.5
15.8
16.8
16.7
20.6
15.10
16.10
15.5
15.1
15.5
15.8
16.8
16.2
16.5
16.8
17.1
15.5
15.2
15.4
15.7
16.1
16.3
16.1
15.10
16.7
17.1
15.5
15.1
17.7
15.6
15.10
16.1
16.5
16.6
17.1
16.9
15.8
17.9
16.2
16.9
19.1
17.6
15.7
18.0
16.5
16.2
16.6
16.8
15.5
15.10
16.3
16.5
16.8
16.8
16.3
16.5
16.8
16.8
15.6
15.3
16.6
16.7
16.8
15.5
15.3
15.6
15.8
16.9
15.5
15.2
15.7
15.6
17.5
17.5
15.6
15.7
15.9
16.2
16.4
16.9
15.5
15.9
16.1
16.5
16.7
17.2
15.10
15.6
15.9
16.4
15.5
16.5
15.6
15.7
15.6
17.0
15.7
15.2
15.5
15.9
16.9
15.5
14.10
15.8
15.5
16.2
16.1
16.5
16.8
