0.104
0.104
0.079
0.092
0.087
0.076
0.104
0.078
0.091
0.085
0.091
0.088
0.084
0.089
0.075
0.077
0.091
0.068
0.094
0.081
0.077
0.085
0.093
0.075
0.095
0.089
0.075
0.077
0.090
0.089
0.099
0.079
0.089
0.093
0.098
0.088
0.097
0.086
0.077
0.087
0.077
0.075
0.093
0.089
0.076
0.091
0.077
0.090
0.100
0.093
0.092
0.095
0.099
0.102
0.063
0.087
0.091
0.078
0.076
0.075
0.094
0.079
0.103
0.092
0.090
0.074
0.087
0.089
0.089
0.088
0.075
0.072
0.077
0.088
0.077
0.090
0.099
0.089
0.094
0.073
0.112
0.089
0.076
0.090
0.077
0.090
0.074
0.079
0.091
0.096
0.099
0.091
0.075
0.080
0.082
0.087
0.079
0.091
0.098
0.091
0.091
0.074
0.076
0.077
0.077
0.077
0.074
0.074
0.100
0.087
0.097
0.077
0.090
0.072
0.093
0.096
0.091
0.098
0.092
0.061
0.093
0.076
0.089
0.079
0.091
0.074
0.090
0.086
0.087
0.077
0.115
0.079
0.096
0.074
0.091
0.076
0.099
0.086
0.083
0.089
0.075
0.090
0.091
0.089
0.077
0.090
0.075
0.093
0.091
0.090
0.078
0.076
0.075
0.094
0.087
0.096
0.079
0.075
0.093
0.097
0.086
0.074
0.079
0.090
0.075
0.093
0.097
0.085
0.078
0.074
0.080
0.090
0.076
0.076
0.092
0.074
0.075
0.092
0.079
0.076
0.086
0.076
0.076
0.076
0.090
0.079
0.080
0.087
0.082
0.089
0.075
0.089
0.077
0.076
0.075
0.060
0.090
0.057
0.095
0.076
0.091
0.076
0.092
0.076
0.084
0.075
0.091
0.092
0.078
0.060
0.090
0.058
0.092
0.092
0.102
0.057
0.087
0.095
0.076
0.059
0.091
0.073
0.091
0.074
0.096
0.075
0.076
0.058
0.077
0.097
0.075
0.078
0.076
0.090
0.094
0.073
0.076
0.078
0.075
0.079
0.094
0.071
0.081
0.098
0.077
0.073
0.099
0.074
0.077
0.096
0.076
0.059
0.091
0.084
0.091
0.077
0.075
0.072
0.094
0.074
0.091
0.074
0.076
0.072
0.077
0.076
0.092
0.093
0.078
0.057
0.094
0.073
0.090
0.075
0.077
0.071
0.094
0.098
0.076
0.089
0.076
0.071
0.099
0.084
0.091
0.096
0.094
0.073
0.098
0.082
0.090
0.090
0.076
0.087
0.096
0.090
0.075
0.059
0.092
0.075
0.091
0.073
0.084
0.076
0.082
0.092
0.103
0.090
0.081
0.093
0.076
0.088
0.079
0.074
0.077
0.090
0.081
0.090
0.093
0.084
0.081
0.076
0.091
0.073
0.088
0.090
0.076
0.080
0.100
0.074
0.099
0.087
0.090
0.075
0.090
0.089
0.095
0.099
0.091
0.077
0.076
0.094
0.093
0.072
0.103
0.087
0.091
0.089
0.094
0.087
0.076
0.088
0.076
0.090
0.078
0.090
0.090
0.105
0.075
0.086
0.080
0.058
0.090
0.059
0.073
0.075
0.093
0.076
0.076
0.077
0.091
0.075
0.096
0.075
0.073
0.076
0.098
0.087
0.076
0.076
0.095
0.062
0.097
0.085
0.093
0.071
0.075
0.058
0.078
0.075
0.099
0.087
0.075
0.078
0.076
0.104
0.101
0.086
0.073
0.075
0.098
0.073
0.080
0.088
0.076
0.075
0.089
0.085
0.096
0.057
0.088
0.077
0.076
0.058
0.098
0.058
0.090
0.076
0.088
0.072
0.094
0.061
0.081
0.090
0.077
0.088
0.096
0.074
0.091
0.089
0.091
0.089
0.094
0.093
0.091
0.098
0.090
0.060
0.081
0.090
0.076
0.092
0.077
0.059
0.095
0.086
0.093
0.060
0.076
0.081
0.092
0.060
0.092
0.078
0.082
0.087
0.095
0.072
0.075
0.079
0.093
0.087
0.095
0.076
0.089
0.089
0.076
0.075
0.093
0.090
0.073
0.090
0.090
0.086
0.092
0.094
0.092
0.094
0.078
0.097
0.093
0.058
0.077
0.077
0.083
0.076
0.076
0.058
0.089
0.060
0.084
0.073
0.078
0.070
0.086
0.081
0.089
0.088
0.079
0.096
0.084
0.078
0.092
0.110
0.093
0.085
0.092
0.061
0.096
0.075
0.094
0.086
0.074
0.062
0.076
0.087
0.079
0.088
0.078
0.089
0.093
0.090
0.119
0.076
0.077
0.075
0.090
0.076
0.079
0.072
0.087
0.059
0.091
0.086
0.094
0.075
0.075
0.059
0.082
0.101
0.085
0.075
0.076
0.076
0.100
0.058
0.089
0.059
0.104
0.077
0.084
0.080
0.076
0.076
0.077
0.065
0.091
0.086
0.088
0.075
0.062
0.077
0.097
0.074
0.087
0.072
0.095
0.094
0.085
0.089
0.093
0.083
0.076
0.075
0.083
0.074
0.092
0.086
0.087
0.092
0.075
0.086
0.078
0.074
0.091
0.101
0.091
0.072
0.077
0.080
0.090
0.080
0.076
0.086
0.099
0.090
0.076
0.091
0.090
0.075
0.101
0.087
0.098
0.074
0.091
0.075
0.089
0.091
0.077
0.094
0.090
0.080
0.093
0.084
0.096
0.092
0.091
0.076
0.077
0.075
0.075
0.079
0.090
0.089
0.085
0.076
0.077
0.093
0.080
0.077
0.081
0.072
0.082
0.080
0.093
0.071
0.093
0.073
0.076
0.110
0.091
0.089
0.079
0.090
0.076
0.092
0.090
0.086
0.077
0.089
0.063
0.096
0.080
0.089
0.094
0.072
0.091
0.079
0.087
0.074
0.078
0.072
0.074
0.085
0.085
0.087
0.113
0.089
0.104
0.078
0.078
0.097
0.094
0.074
0.092
0.092
0.094
0.058
0.091
0.072
0.088
0.076
0.076
0.109
0.077
0.077
0.084
0.089
0.078
0.057
0.096
0.088
0.090
0.091
0.076
0.073
0.080
0.091
0.091
0.078
0.090
0.088
0.094
0.060
0.089
0.079
0.097
0.073
0.077
0.077
0.076
0.091
0.077
0.091
0.090
0.078
0.093
0.094
0.070
0.076
0.100
0.090
0.090
0.064
0.081
0.076
0.093
0.072
0.077
0.081
0.091
0.091
0.088
0.076
0.096
0.077
0.076
0.071
0.094
0.058
0.076
0.059
0.094
0.089
0.093
0.071
0.077
0.089
0.098
0.089
0.095
0.087
0.091
0.059
0.090
0.059
0.093
0.075
0.076
0.090
0.091
0.075
0.077
0.086
0.076
0.060
0.091
0.057
0.079
0.077
0.089
0.092
0.104
0.061
0.079
0.076
0.091
0.081
0.091
0.071
0.089
0.060
0.076
0.089
0.091
0.086
0.092
0.080
0.106
0.073
0.077
0.090
0.078
0.095
0.075
0.079
0.090
0.076
0.079
0.090
0.076
0.093
0.090
0.075
0.120
0.057
0.076
0.077
0.087
0.076
0.099
0.106
0.083
0.093
0.075
0.084
0.098
0.076
0.077
0.103
0.078
0.085
0.093
0.073
0.076
0.094
0.089
0.083
0.099
0.086
0.084
0.075
0.075
0.076
0.080
0.104
0.061
0.077
0.091
0.093
0.087
0.086
0.090
0.089
0.097
0.075
0.094
0.073
0.090
0.077
0.076
0.073
0.094
0.090
0.078
0.093
0.091
0.086
0.084
0.082
0.078
0.078
0.103
0.093
0.078
0.091
0.090
0.091
0.076
0.095
0.087
0.072
0.077
0.077
0.076
0.090
0.093
0.081
0.077
0.076
0.103
0.096
0.094
0.061
0.094
0.077
0.091
0.074
0.078
0.073
0.074
0.078
0.089
0.091
0.077
0.090
0.075
0.069
0.090
0.072
0.078
0.074
0.076
0.091
0.075
0.084
0.062
0.079
0.076
0.092
0.090
0.091
0.092
0.088
0.075
0.088
0.091
0.091
0.093
0.090
0.090
0.086
0.095
0.072
0.078
0.084
0.078
0.058
0.088
0.058
0.092
0.103
0.091
0.074
0.076
0.068
0.078
0.084
0.077
0.099
0.077
0.071
0.092
0.082
0.090
0.085
0.100
0.074
0.099
0.076
0.073
0.078
0.074
0.061
0.078
0.086
0.099
0.079
0.090
0.074
0.094
0.076
0.077
0.073
0.076
0.092
0.095
0.115
0.078
0.092
0.091
0.059
0.080
0.090
0.092
0.088
0.076
0.127
0.093
0.073
0.077
0.075
0.074
0.090
0.114
0.095
0.088
0.088
0.073
0.076
0.088
0.072
0.063
0.101
0.092
0.076
0.096
0.118
0.090
0.089
0.091
0.073
0.077
0.092
0.099
0.094
0.077
0.082
0.093
0.091
0.088
0.079
0.099
0.072
0.093
0.075
0.077
0.088
0.105
0.096
0.093
0.059
0.075
0.075
0.077
0.091
0.090
0.062
0.076
0.092
0.087
0.084
0.079
0.097
0.082
0.095
0.091
0.077
0.088
0.076
0.059
0.078
0.076
0.077
0.079
0.091
0.106
0.092
0.077
0.057
0.077
0.055
0.098
0.093
0.086
0.060
0.079
0.076
0.090
0.061
0.092
0.091
0.093
0.088
0.075
0.095
0.076
0.088
0.091
0.089
0.072
0.088
0.091
0.100
0.062
0.090
0.098
0.078
0.093
0.090
0.094
0.074
0.077
0.077
0.080
0.079
0.079
0.061
0.075
0.079
0.082
0.095
0.093
0.074
0.076
0.063
0.093
0.089
0.089
0.072
0.060
0.108
0.090
0.076
0.094
0.084
0.086
0.075
0.062
0.060
0.093
0.089
0.075
0.073
0.076
0.072
0.077
0.078
0.090
0.093
0.091
0.075
0.092
0.090
0.078
0.061
0.076
0.089
0.099
0.075
0.091
0.082
0.091
0.098
0.088
0.076
0.084
0.072
0.089
0.097
0.078
0.095
0.083
0.089
0.076
0.077
0.079
0.073
0.084
0.078
0.104
0.092
0.095
0.074
0.097
0.094
0.090
0.078
0.078
0.086
0.099
0.090
0.075
0.091
0.092
0.070
0.093
0.077
0.077
0.076
0.063
0.090
0.092
0.077
0.077
0.097
0.078
0.074
0.077
0.091
0.077
0.085
0.092
0.075
0.103
0.062
0.077
0.093
0.078
0.090
0.076
0.076
0.077
0.076
0.094
0.076
0.076
0.076
0.075
0.090
0.095
0.085
0.082
0.078
0.076
0.077
0.080
0.078
0.062
0.080
0.060
0.075
0.078
0.076
0.088
0.091
0.093
0.073
0.077
0.056
0.099
0.074
0.081
0.076
0.092
0.074
0.075
0.076
0.097
0.078
0.079
0.088
0.100
0.095
0.074
0.074
0.078
0.072
0.075
0.091
0.093
0.058
0.077
0.072
0.076
0.075
0.076
0.082
0.104
0.076
0.075
0.093
0.094
0.090
0.079
0.074
0.077
0.076
0.119
0.096
0.093
0.073
0.090
0.079
0.092
0.092
0.063
0.072
0.087
0.088
0.076
0.075
0.062
0.060
0.098
0.089
0.090
0.085
0.077
0.081
0.076
0.078
0.076
0.073
0.100
0.073
0.087
0.092
0.097
0.086
0.079
0.085
0.093
0.076
0.092
0.075
0.079
0.061
0.090
0.093
0.074
0.092
0.076
0.059
0.090
0.099
0.104
0.100
0.086
0.058
0.095
0.059
0.061
0.058
0.078
0.075
0.075
0.080
0.083
0.090
0.094
0.076
0.077
0.077
0.083
0.083
0.095
0.071
0.091
0.091
0.076
0.073
0.093
0.069
0.077
0.090
0.075
0.090
0.096
0.085
0.078
0.090
0.060
0.072
0.089
0.090
0.060
0.073
0.107
0.096
0.078
0.090
0.090
0.075
0.094
0.088
0.094
0.075
0.090
0.077
0.075
0.089
0.108
0.077
0.062
0.076
0.077
0.059
0.080
0.077
0.080
0.061
0.077
0.086
0.098
0.060
0.098
0.093
0.090
0.075
0.077
0.061
0.078
0.093
0.091
0.087
0.079
0.074
0.076
0.078
0.089
0.088
0.092
0.076
0.074
0.093
0.089
0.074
0.091
0.063
0.077
0.077
0.089
0.088
0.098
0.091
0.075
0.093
0.076
0.073
0.088
0.076
0.074
0.084
0.074
0.087
0.092
0.067
0.076
0.097
0.061
0.088
0.092
0.091
0.090
0.076
0.085
0.089
0.093
0.087
0.090
0.092
0.076
0.072
0.062
0.098
0.091
0.062
0.075
0.086
0.093
0.087
0.093
0.094
0.077
0.097
0.077
0.084
0.090
0.092
0.092
0.091
0.095
0.073
0.091
0.079
0.076
0.076
0.096
0.086
0.092
0.089
0.076
0.077
0.062
0.060
0.091
0.072
0.073
0.073
0.084
0.098
0.092
0.108
0.090
0.090
0.093
0.075
0.091
0.101
0.075
0.073
0.063
0.091
0.082
0.107
0.085
0.077
0.061
0.091
0.092
0.084
0.076
0.089
0.092
0.074
0.081
0.063
0.088
0.090
