0.192
0.122
0.108
0.112
0.097
0.097
0.099
0.079
0.091
0.105
0.097
0.095
0.114
0.096
0.098
0.093
0.096
0.079
0.095
0.080
0.102
0.095
0.096
0.097
0.077
0.097
0.098
0.096
0.081
0.079
0.077
0.080
0.091
0.095
0.098
0.102
0.093
0.097
0.092
0.097
0.078
0.097
0.098
0.095
0.097
0.085
0.097
0.098
0.079
0.085
0.079
0.080
0.093
0.079
0.079
0.097
0.060
0.096
0.097
0.096
0.078
0.096
0.082
0.097
0.098
0.079
0.094
0.083
0.093
0.100
0.086
0.097
0.093
0.098
0.103
0.097
0.091
0.080
0.097
0.097
0.099
0.097
0.097
0.094
0.081
0.079
0.097
0.082
0.081
0.081
0.112
0.098
0.079
0.097
0.094
0.081
0.082
0.100
0.111
0.098
0.097
0.082
0.108
0.081
0.098
0.097
0.105
0.097
0.100
0.098
0.093
0.080
0.098
0.063
0.098
0.083
0.126
0.080
0.080
0.096
0.097
0.080
0.081
0.097
0.098
0.079
0.081
0.099
0.098
0.097
0.079
0.080
0.098
0.080
0.077
0.081
0.080
0.097
0.097
0.098
0.097
0.093
0.098
0.086
0.082
0.097
0.093
0.110
0.105
0.103
0.102
0.082
0.104
0.095
0.079
0.082
0.078
0.077
0.098
0.078
0.091
0.097
0.080
0.096
0.094
0.081
0.094
0.090
0.090
0.082
0.094
0.080
0.076
0.082
0.093
0.095
0.100
0.084
0.105
0.102
0.075
0.096
0.079
0.080
0.076
0.076
0.097
0.061
0.099
0.081
0.135
0.096
0.098
0.079
0.077
0.114
0.093
0.065
0.094
0.079
0.080
0.059
0.099
0.082
0.105
0.075
0.080
0.098
0.078
0.096
0.089
0.111
0.097
0.081
0.094
0.079
0.082
0.096
0.091
0.081
0.095
0.063
0.098
0.102
0.078
0.092
0.080
0.098
0.094
0.080
0.077
0.076
0.081
0.101
0.077
0.080
0.076
0.079
0.099
0.079
0.108
0.079
0.079
0.080
0.103
0.078
0.082
0.079
0.098
0.097
0.097
0.095
0.099
0.080
0.080
0.101
0.090
0.080
0.077
0.097
0.094
0.096
0.103
0.079
0.061
0.080
0.079
0.064
0.095
0.065
0.098
0.095
0.089
0.063
0.079
0.104
0.078
0.096
0.098
0.079
0.064
0.095
0.097
0.062
0.104
0.080
0.079
0.065
0.093
0.081
0.076
0.078
0.097
0.095
0.104
0.079
0.092
0.063
0.091
0.080
0.098
0.097
0.094
0.079
0.103
0.092
0.103
0.097
0.111
0.099
0.097
0.096
0.094
0.080
0.093
0.095
0.091
0.081
0.077
0.080
0.097
0.079
0.102
0.097
0.085
0.081
0.098
0.078
0.104
0.098
0.093
0.063
0.080
0.079
0.082
0.085
0.092
0.080
0.094
0.079
0.096
0.080
0.078
0.080
0.078
0.078
0.096
0.095
0.093
0.096
0.094
0.079
0.097
0.097
0.077
0.085
0.092
0.097
0.083
0.097
0.093
0.101
0.081
0.098
0.096
0.083
0.078
0.080
0.076
0.080
0.081
0.099
0.094
0.098
0.094
0.096
0.080
0.096
0.084
0.080
0.077
0.077
0.097
0.095
0.081
0.080
0.083
0.098
0.080
0.088
0.098
0.086
0.099
0.081
0.082
0.081
0.107
0.083
0.100
0.098
0.096
0.098
0.092
0.080
0.086
0.083
0.075
0.104
0.096
0.098
0.060
0.097
0.077
0.099
0.095
0.096
0.084
0.081
0.075
0.086
0.096
0.099
0.097
0.080
0.093
0.095
0.100
0.082
0.098
0.078
0.098
0.099
0.077
0.102
0.093
0.113
0.075
0.082
0.095
0.081
0.077
0.098
0.100
0.063
0.076
0.087
0.126
0.102
0.092
0.096
0.098
0.079
0.080
0.097
0.096
0.098
0.096
0.098
0.087
0.100
0.081
0.098
0.083
0.080
0.076
0.098
0.082
0.101
0.106
0.081
0.079
0.080
0.104
0.095
0.097
0.097
0.097
0.099
0.094
0.087
0.097
0.097
0.103
0.080
0.093
0.099
0.100
0.080
0.077
0.082
0.096
0.094
0.096
0.100
0.096
0.099
0.081
0.076
0.080
0.097
0.080
0.089
0.106
0.080
0.078
0.060
0.097
0.081
0.098
0.114
0.099
0.087
0.081
0.097
0.085
0.084
0.078
0.097
0.100
0.104
0.077
0.097
0.089
0.096
0.103
0.088
0.079
0.079
0.079
0.097
0.094
0.079
0.083
0.097
0.104
0.082
0.079
0.065
0.094
0.095
0.093
0.080
0.094
0.095
0.082
0.098
0.098
0.097
0.097
0.102
0.077
0.097
0.079
0.079
0.095
0.097
0.093
0.097
0.081
0.098
0.091
0.079
0.109
0.063
0.102
0.096
0.099
0.084
0.094
0.081
0.098
0.096
0.097
0.115
0.101
0.088
0.109
0.095
0.097
0.095
0.079
0.079
0.109
0.080
0.077
0.095
0.083
0.080
0.102
0.080
0.078
0.084
0.103
0.097
0.080
0.096
0.096
0.080
0.098
0.080
0.080
0.091
0.079
0.078
0.098
0.097
0.063
0.095
0.062
0.080
0.097
0.078
0.079
0.078
0.095
0.094
0.079
0.098
0.095
0.102
0.094
0.081
0.082
0.095
0.086
0.112
0.077
0.094
0.097
0.096
0.064
0.096
0.097
0.079
0.081
0.095
0.097
0.097
0.078
0.102
0.096
0.095
0.099
0.099
0.093
0.079
0.098
0.097
0.077
0.081
0.080
0.085
0.102
0.081
0.083
0.063
0.098
0.095
0.082
0.084
0.098
0.093
0.098
0.104
0.063
0.081
0.067
0.081
0.094
0.081
0.090
0.102
0.079
0.093
0.079
0.085
0.095
0.098
0.099
0.100
0.106
0.097
0.078
0.080
0.098
0.104
0.077
0.103
0.093
0.096
0.076
0.098
0.097
0.097
0.098
0.067
0.073
0.097
0.077
0.079
0.077
0.098
0.077
0.093
0.093
0.096
0.085
0.095
0.094
0.080
0.101
0.083
0.110
0.080
0.098
0.088
0.063
0.112
0.116
0.080
0.099
0.095
0.094
0.097
0.099
0.079
0.080
0.099
0.097
0.080
0.073
0.101
0.077
0.093
0.081
0.064
0.102
0.096
0.099
0.080
0.077
0.099
0.099
0.094
0.077
0.106
0.108
0.079
0.099
0.098
0.094
0.099
0.098
0.081
0.100
0.090
0.080
0.097
0.094
0.097
0.077
0.080
0.095
0.080
0.080
0.081
0.083
0.105
0.078
0.097
0.107
0.096
0.079
0.103
0.105
0.085
0.077
0.080
0.086
0.080
0.094
0.080
0.080
0.087
0.098
0.098
0.094
0.085
0.098
0.097
0.077
0.095
0.112
0.065
0.103
0.098
0.095
0.100
0.097
0.079
0.094
0.085
0.097
0.075
0.096
0.095
0.101
0.080
0.093
0.098
0.095
0.094
0.095
0.083
0.076
0.097
0.077
0.095
0.076
0.110
0.079
0.081
0.083
0.081
0.101
0.107
0.089
0.098
0.097
0.100
0.108
0.077
0.099
0.097
0.086
0.105
0.093
0.098
0.100
0.080
0.078
0.096
0.099
0.096
0.096
0.100
0.080
0.095
0.095
0.098
0.099
0.097
0.094
0.063
0.098
0.080
0.093
0.094
0.097
0.095
0.098
0.064
0.081
0.094
0.094
0.080
0.092
0.099
0.078
0.099
0.094
0.099
0.092
0.078
0.095
0.091
0.097
0.096
0.080
0.092
0.082
0.096
0.095
0.079
0.097
0.097
0.079
0.086
0.095
0.079
0.097
0.096
0.105
0.100
0.095
0.096
0.094
0.559
0.112
0.102
0.102
0.095
0.081
0.080
0.077
0.097
0.077
0.065
0.079
0.103
0.105
0.098
0.091
0.096
0.107
0.095
0.093
0.097
0.103
0.078
0.078
0.098
0.078
0.096
0.097
0.080
0.100
0.084
0.096
0.097
0.087
0.093
0.082
0.079
0.100
0.097
0.094
0.096
0.094
0.095
0.079
0.086
0.092
0.106
0.117
0.081
0.088
0.098
0.095
0.080
0.098
0.082
0.097
0.097
0.087
0.082
0.076
0.083
0.077
0.098
0.061
0.080
0.081
0.082
0.095
0.098
0.097
0.083
0.092
0.099
0.064
0.087
0.080
0.096
0.079
0.080
0.112
0.081
0.095
0.080
0.078
0.063
0.108
0.080
0.083
0.102
0.078
0.098
0.090
0.083
0.098
0.097
0.097
0.081
0.093
0.081
0.081
0.080
0.078
0.079
0.103
0.090
0.096
0.097
0.100
0.099
0.079
0.098
0.100
0.103
0.099
0.078
0.084
0.097
0.100
0.080
0.064
0.080
0.095
0.081
0.097
0.099
0.080
0.097
0.077
0.081
0.084
0.076
0.080
0.063
0.097
0.080
0.078
0.094
0.077
0.105
0.092
0.104
0.077
0.099
0.077
0.079
0.094
0.080
0.102
0.095
0.081
0.100
0.093
0.097
0.089
0.083
0.097
0.083
0.091
0.081
0.060
0.099
0.092
0.084
0.100
0.080
0.096
0.097
0.096
0.084
0.096
0.085
0.059
0.098
0.096
0.077
0.079
0.064
0.081
0.098
0.111
0.096
0.090
0.081
0.093
0.081
0.102
0.099
0.080
0.118
0.076
0.097
0.094
0.088
0.096
0.102
0.080
0.078
0.079
0.079
0.083
0.102
0.089
0.082
0.097
0.096
0.092
0.097
0.093
0.080
0.064
0.096
0.098
0.096
0.091
0.078
0.103
0.096
0.091
0.093
0.081
0.104
0.101
0.103
0.092
0.091
0.073
0.096
0.099
0.079
0.092
0.081
0.081
0.096
0.102
0.094
0.097
0.082
0.103
0.098
0.076
0.079
0.103
0.079
0.064
0.078
0.095
0.096
0.081
0.095
0.077
0.081
0.094
0.077
0.080
0.084
0.079
0.092
0.098
0.094
0.099
0.075
0.104
0.098
0.099
0.097
0.094
0.080
0.097
0.095
0.077
0.080
0.081
0.080
0.093
0.098
0.096
0.062
0.091
0.079
0.081
0.097
0.081
0.099
0.094
0.101
0.081
0.104
0.077
0.082
0.072
0.080
0.094
0.096
0.077
0.095
0.108
0.096
0.077
0.064
0.077
0.079
0.075
0.098
0.094
0.096
0.076
0.092
0.093
0.078
0.077
0.093
0.081
0.082
0.096
0.080
0.080
0.096
0.094
0.064
0.063
0.076
0.096
0.094
0.107
0.079
0.079
0.063
0.077
0.101
0.060
0.099
0.076
0.096
0.077
0.112
0.078
0.098
0.098
0.078
0.094
0.096
0.097
0.078
0.083
0.080
0.090
0.100
0.096
0.083
0.093
0.101
0.098
0.079
0.111
0.101
0.098
0.099
0.078
0.103
0.081
0.098
0.107
0.084
0.075
0.107
0.092
0.100
0.079
0.097
0.097
0.093
0.076
0.096
0.094
0.080
0.099
0.098
0.101
0.098
0.116
0.122
0.078
0.100
0.097
0.097
0.096
0.082
0.098
0.064
0.099
0.109
0.091
0.096
0.081
0.100
0.093
0.098
0.090
0.101
0.079
0.099
0.096
0.107
0.076
0.110
0.096
0.101
0.084
0.102
0.083
0.097
0.097
0.082
0.106
0.099
0.097
0.098
0.099
0.079
0.078
0.080
0.099
0.099
0.083
0.080
0.081
0.101
0.079
0.065
0.097
0.101
0.089
0.080
0.094
0.093
0.059
0.099
0.079
0.123
0.097
0.080
0.077
0.096
0.083
0.099
0.078
0.094
0.095
0.105
0.097
0.079
0.101
0.080
0.080
0.111
0.114
0.099
0.093
0.080
0.080
0.088
0.100
0.083
0.077
0.079
0.079
0.094
0.060
0.098
0.090
0.082
0.080
0.080
0.061
0.076
0.080
0.100
0.098
0.097
0.061
0.099
0.093
0.100
0.099
0.080
0.098
0.080
0.084
0.083
0.099
0.091
0.094
0.085
0.077
0.098
0.097
0.099
0.096
0.097
0.078
0.085
0.097
0.084
0.108
0.091
0.096
0.075
0.079
0.080
0.080
0.096
0.078
0.097
0.061
0.095
0.080
0.106
0.099
0.080
0.098
0.097
0.080
0.096
0.093
0.095
0.097
0.079
0.098
0.096
0.078
0.096
0.092
0.096
0.082
0.096
0.082
0.097
0.093
0.078
0.098
0.097
0.095
0.081
0.101
0.106
0.076
0.085
0.082
0.102
0.080
0.085
0.091
0.081
0.090
0.096
0.092
0.110
0.091
0.096
0.097
0.105
0.096
0.095
0.104
0.096
0.096
0.096
0.094
0.079
0.093
0.075
0.097
0.100
0.095
0.066
0.097
0.079
0.085
0.115
0.095
0.079
0.077
0.107
0.078
0.095
0.082
0.097
0.094
0.098
0.102
0.075
0.097
0.081
0.094
0.078
0.079
0.078
0.087
0.096
0.061
0.078
0.096
0.103
