0.102
0.079
0.106
0.093
0.098
0.083
0.095
0.106
0.102
0.092
0.098
0.088
0.102
0.078
0.103
0.093
0.096
0.093
0.079
0.091
0.101
0.080
0.080
0.079
0.097
0.090
0.113
0.076
0.080
0.076
0.094
0.076
0.100
0.090
0.076
0.094
0.097
0.078
0.110
0.106
0.080
0.097
0.098
0.078
0.093
0.092
0.094
0.079
0.079
0.094
0.108
0.080
0.085
0.078
0.081
0.082
0.104
0.080
0.080
0.100
0.097
0.093
0.104
0.094
0.096
0.094
0.098
0.091
0.082
0.083
0.081
0.078
0.099
0.092
0.101
0.096
0.099
0.077
0.097
0.093
0.086
0.095
0.096
0.094
0.087
0.095
0.102
0.077
0.078
0.091
0.099
0.094
0.088
0.083
0.103
0.079
0.098
0.076
0.100
0.075
0.097
0.093
0.096
0.100
0.102
0.083
0.095
0.098
0.082
0.091
0.104
0.096
0.096
0.080
0.094
0.094
0.082
0.095
0.098
0.096
0.080
0.090
0.083
0.095
0.078
0.097
0.084
0.076
0.082
0.102
0.098
0.088
0.097
0.078
0.102
0.092
0.093
0.078
0.096
0.094
0.086
0.088
0.098
0.082
0.099
0.092
0.102
0.082
0.089
0.094
0.097
0.077
0.102
0.096
0.093
0.093
0.097
0.094
0.101
0.079
0.080
0.096
0.096
0.107
0.115
0.077
0.080
0.095
0.099
0.076
0.090
0.098
0.099
0.101
0.098
0.088
0.085
0.091
0.096
0.098
0.102
0.076
0.104
0.093
0.097
0.094
0.080
0.077
0.084
0.084
0.080
0.097
0.081
0.078
0.103
0.095
0.095
0.093
0.096
0.076
0.104
0.078
0.110
0.077
0.081
0.105
0.101
0.095
0.078
0.100
0.095
0.076
0.102
0.094
0.097
0.077
0.113
0.076
0.105
0.095
0.083
0.085
0.098
0.091
0.100
0.078
0.093
0.096
0.079
0.094
0.083
0.076
0.097
0.076
0.097
0.076
0.106
0.092
0.097
0.082
0.093
0.094
0.107
0.082
0.097
0.080
0.097
0.076
0.085
0.094
0.093
0.077
0.101
0.077
0.101
0.078
0.096
0.085
0.097
0.076
0.100
0.098
0.097
0.089
0.098
0.082
0.101
0.107
0.095
0.099
0.096
0.093
0.101
0.101
0.098
0.103
0.100
0.089
0.112
0.096
0.098
0.092
0.082
0.107
0.101
0.076
0.098
0.098
0.080
0.108
0.102
0.093
0.080
0.101
0.099
0.077
0.100
0.097
0.100
0.077
0.098
0.093
0.101
0.110
0.102
0.081
0.097
0.091
0.099
0.089
0.096
0.096
0.099
0.075
0.107
0.093
0.099
0.095
0.102
0.076
0.088
0.094
0.093
0.100
0.096
0.089
0.101
0.095
0.098
0.093
0.093
0.077
0.085
0.101
0.081
0.077
0.100
0.095
0.098
0.102
0.099
0.099
0.097
0.084
0.087
0.092
0.097
0.081
0.097
0.077
0.103
0.078
0.080
0.080
0.097
0.098
0.101
0.095
0.098
0.077
0.099
0.089
0.100
0.092
0.099
0.096
0.081
0.077
0.065
0.096
0.097
0.085
0.097
0.093
0.105
0.076
0.093
0.084
0.081
0.099
0.106
0.092
0.105
0.076
0.096
0.110
0.098
0.093
0.094
0.100
0.111
0.092
0.085
0.088
0.100
0.096
0.075
0.077
0.097
0.109
0.096
0.085
0.097
0.089
0.103
0.078
0.095
0.083
0.081
0.093
0.106
0.083
0.099
0.098
0.095
0.083
0.105
0.100
0.097
0.077
0.080
0.081
0.087
0.092
0.080
0.089
0.079
0.097
0.085
0.076
0.097
0.099
0.102
0.076
0.096
0.078
0.096
0.060
0.095
0.076
0.081
0.084
0.078
0.076
0.098
0.098
0.109
0.097
0.078
0.077
0.096
0.077
0.083
0.096
0.097
0.097
0.098
0.092
0.099
0.097
0.099
0.076
0.095
0.091
0.102
0.095
0.097
0.092
0.099
0.078
0.097
0.091
0.081
0.098
0.098
0.079
0.085
0.091
0.103
0.094
0.095
0.093
0.108
0.094
0.095
0.084
0.079
0.092
0.086
0.101
0.097
0.103
0.098
0.092
0.090
0.079
0.081
0.080
0.097
0.093
0.087
0.094
0.096
0.077
0.098
0.091
0.102
0.097
0.080
0.096
0.092
0.098
0.084
0.098
0.094
0.095
0.094
0.090
0.101
0.100
0.098
0.093
0.097
0.076
0.113
0.109
0.100
0.082
0.079
0.100
0.099
0.096
0.080
0.096
0.080
0.092
0.099
0.083
0.093
0.082
0.098
0.082
0.102
0.098
0.097
0.094
0.096
0.075
0.082
0.079
0.097
0.086
0.107
0.097
0.090
0.077
0.099
0.086
0.092
0.092
0.083
0.099
0.080
0.095
0.081
0.077
0.101
0.096
0.080
0.077
0.098
0.092
0.103
0.094
0.101
0.093
0.098
0.105
0.100
0.097
0.099
0.093
0.096
0.093
0.116
0.108
0.101
0.082
0.063
0.093
0.083
0.096
0.097
0.105
0.097
0.093
0.101
0.095
0.097
0.095
0.099
0.077
0.103
0.095
0.101
0.083
0.099
0.077
0.083
0.077
0.083
0.092
0.097
0.080
0.101
0.094
0.079
0.079
0.085
0.089
0.103
0.094
0.101
0.097
0.080
0.090
0.107
0.077
0.064
0.091
0.093
0.080
0.102
0.095
0.080
0.095
0.099
0.100
0.094
0.082
0.096
0.096
0.102
0.088
0.106
0.088
0.082
0.080
0.066
0.093
0.108
0.097
0.082
0.096
0.099
0.098
0.100
0.108
0.096
0.077
0.095
0.092
0.084
0.083
0.088
0.097
0.096
0.078
0.067
0.093
0.098
0.076
0.110
0.092
0.100
0.079
0.093
0.093
0.095
0.093
0.101
0.085
0.097
0.079
0.081
0.090
0.100
0.079
0.079
0.097
0.081
0.092
0.065
0.077
0.096
0.081
0.114
0.078
0.084
0.082
0.099
0.102
0.111
0.092
0.085
0.096
0.099
0.078
0.096
0.092
0.082
0.092
0.078
0.097
0.096
0.091
0.083
0.099
0.081
0.092
0.099
0.092
0.101
0.091
0.102
0.076
0.102
0.085
0.085
0.098
0.079
0.088
0.097
0.077
0.082
0.082
0.084
0.095
0.098
0.092
0.102
0.076
0.100
0.078
0.101
0.072
0.110
0.098
0.078
0.093
0.085
0.076
0.118
0.083
0.081
0.097
0.097
0.078
0.100
0.107
0.080
0.077
0.104
0.091
0.101
0.097
0.080
0.098
0.095
0.081
0.100
0.094
0.097
0.085
0.096
0.091
0.104
0.082
0.094
0.091
0.099
0.096
0.084
0.083
0.098
0.096
0.092
0.099
0.084
0.078
0.097
0.092
0.082
0.091
0.097
0.093
0.092
0.077
0.080
0.092
0.083
0.103
0.081
0.110
0.080
0.077
0.112
0.082
0.079
0.101
0.100
0.083
0.101
0.097
0.096
0.105
0.097
0.098
0.085
0.064
0.081
0.093
0.098
0.091
0.082
0.096
0.083
0.094
0.078
0.092
0.101
0.097
0.082
0.079
0.080
0.080
0.080
0.082
0.097
0.098
0.095
0.078
0.084
0.094
0.099
0.098
0.097
0.092
0.082
0.097
0.100
0.092
0.079
0.098
0.102
0.101
0.097
0.107
0.114
0.075
0.082
0.081
0.083
0.082
0.080
0.091
0.095
0.096
0.093
0.091
0.093
0.091
0.100
0.088
0.081
0.100
0.097
0.092
0.102
0.091
0.099
0.082
0.095
0.084
0.099
0.092
0.096
0.083
0.063
0.092
0.102
0.099
0.080
0.079
0.096
0.104
0.103
0.083
0.093
0.095
0.097
0.092
0.100
0.096
0.097
0.097
0.105
0.092
0.096
0.081
0.093
0.082
0.103
0.091
0.082
0.077
0.097
0.093
0.085
0.083
0.082
0.096
0.108
0.094
0.095
0.097
0.102
0.103
0.065
0.096
0.096
0.096
0.110
0.075
0.097
0.097
0.099
0.080
0.104
0.100
0.098
0.102
0.076
0.092
0.085
0.097
0.081
0.098
0.090
0.087
0.084
0.090
0.097
0.082
0.081
0.093
0.101
0.093
0.096
0.082
0.081
0.092
0.096
0.098
0.080
0.105
0.097
0.090
0.083
0.102
0.098
0.083
0.102
0.091
0.107
0.099
0.098
0.079
0.096
0.079
0.100
0.098
0.098
0.084
0.112
0.089
0.109
0.102
0.079
0.091
0.102
0.092
0.099
0.077
0.080
0.078
0.095
0.091
0.108
0.077
0.098
0.078
0.098
0.077
0.102
0.091
0.079
0.095
0.084
0.090
0.084
0.096
0.097
0.108
0.080
0.092
0.083
0.083
0.098
0.101
0.097
0.092
0.095
0.097
0.110
0.076
0.081
0.094
0.082
0.093
0.100
0.082
0.082
0.077
0.101
0.085
0.085
0.097
0.097
0.078
0.101
0.076
0.094
0.095
0.104
0.092
0.103
0.093
0.094
0.078
0.114
0.093
0.101
0.076
0.096
0.084
0.098
0.092
0.101
0.095
0.128
0.084
0.093
0.088
0.085
0.084
0.099
0.101
0.081
0.100
0.097
0.097
0.099
0.082
0.098
0.098
0.101
0.083
0.080
0.091
0.097
0.093
0.107
0.077
0.098
0.077
0.098
0.076
0.083
0.076
0.081
0.080
0.083
0.077
0.100
0.077
0.080
0.093
0.094
0.092
0.083
0.097
0.105
0.082
0.086
0.076
0.097
0.097
0.078
0.097
0.096
0.090
0.101
0.079
0.098
0.092
0.096
0.092
0.102
0.081
0.098
0.078
0.098
0.078
0.107
0.095
0.096
0.107
0.065
0.093
0.102
0.094
0.097
0.097
0.099
0.104
0.097
0.088
0.063
0.078
0.096
0.091
0.101
0.081
0.093
0.097
0.113
0.098
0.066
0.087
0.097
0.079
0.101
0.092
0.101
0.084
0.095
0.095
0.098
0.090
0.096
0.103
0.083
0.082
0.096
0.096
0.098
0.094
0.098
0.097
0.095
0.089
0.113
0.077
0.096
0.095
0.096
0.099
0.087
0.097
0.080
0.091
0.086
0.089
0.102
0.077
0.097
0.103
0.093
0.093
0.101
0.091
0.097
0.078
0.097
0.096
0.102
0.083
0.079
0.061
0.099
0.091
0.083
0.099
0.098
0.095
0.095
0.094
0.083
0.094
0.098
0.105
0.099
0.094
0.084
0.083
0.098
0.099
0.097
0.094
0.097
0.076
0.085
0.092
0.097
0.084
0.089
0.095
0.063
0.101
0.097
0.090
0.100
0.075
0.097
0.083
0.098
0.089
0.101
0.080
0.095
0.078
0.099
0.094
0.085
0.084
0.113
0.082
0.080
0.093
0.083
0.077
0.110
0.061
0.103
0.111
0.101
0.096
0.079
0.093
0.102
0.058
0.084
0.080
0.100
0.097
0.085
0.094
0.083
0.077
0.098
0.095
0.096
0.092
0.103
0.097
0.099
0.081
0.098
0.092
0.101
0.083
0.097
0.082
0.097
0.112
0.085
0.082
0.080
0.078
0.065
0.076
0.100
0.098
0.083
0.089
0.099
0.091
0.085
0.078
0.097
0.093
0.083
0.092
0.103
0.095
0.099
0.075
0.095
0.059
0.099
0.089
0.082
0.097
0.097
0.093
0.098
0.092
0.103
0.094
0.081
0.093
0.103
0.093
0.102
0.093
0.099
0.076
0.095
0.079
0.096
0.095
0.098
0.092
0.099
0.080
0.095
0.078
0.098
0.093
0.102
0.096
0.080
0.078
0.101
0.100
0.084
0.097
0.095
0.098
0.107
0.092
0.084
0.096
0.080
0.080
0.080
0.091
0.106
0.095
0.081
0.077
0.096
0.093
0.115
0.092
0.096
0.091
0.062
0.096
0.084
0.088
0.080
0.079
0.097
0.091
0.084
0.105
0.111
0.078
0.097
0.087
0.105
0.086
0.080
0.093
0.081
0.081
0.095
0.096
0.096
0.076
0.105
0.075
0.084
0.098
0.097
0.083
0.081
0.077
0.082
0.083
0.097
0.087
0.103
0.091
0.100
0.095
0.079
0.096
0.097
0.094
0.108
0.096
0.080
0.077
0.101
0.092
0.103
0.076
0.098
0.079
0.096
0.076
0.085
0.082
0.081
0.082
0.062
0.075
0.099
0.083
0.119
0.098
0.100
0.091
0.107
0.088
0.096
0.114
0.098
0.075
0.085
0.103
0.097
0.096
0.104
0.097
0.082
0.099
0.098
0.119
0.096
0.077
0.085
0.078
0.097
0.081
0.098
0.094
0.082
0.092
0.096
0.095
0.097
0.078
0.085
0.082
0.079
0.087
0.096
0.078
0.089
0.082
0.099
0.115
0.093
0.091
0.089
0.090
0.080
0.094
0.081
0.082
0.084
0.092
0.093
0.093
0.081
0.091
0.100
0.076
0.102
0.081
0.095
0.105
0.103
0.078
0.081
0.092
