0.082
0.102
0.087
0.102
0.100
0.086
0.088
0.090
0.092
0.091
0.089
0.062
0.093
0.076
0.081
0.090
0.090
0.075
0.075
0.073
0.089
0.091
0.090
0.074
0.059
0.076
0.088
0.091
0.100
0.074
0.075
0.061
0.061
0.077
0.087
0.061
0.076
0.073
0.089
0.082
0.089
0.090
0.077
0.089
0.060
0.076
0.095
0.059
0.079
0.059
0.057
0.063
0.071
0.082
0.061
0.092
0.071
0.083
0.059
0.074
0.074
0.074
0.084
0.091
0.072
0.060
0.075
0.073
0.079
0.089
0.081
0.073
0.099
0.089
0.095
0.076
0.058
0.073
0.077
0.074
0.071
0.064
0.087
0.087
0.078
0.072
0.087
0.075
0.098
0.074
0.090
0.073
0.072
0.105
0.062
0.074
0.077
0.074
0.057
0.079
0.089
0.074
0.090
0.089
0.074
0.073
0.073
0.076
0.063
0.059
0.074
0.091
0.089
0.088
0.059
0.088
0.071
0.075
0.085
0.088
0.059
0.076
0.084
0.076
0.072
0.089
0.090
0.074
0.081
0.088
0.112
0.088
0.058
0.073
0.058
0.075
0.098
0.087
0.075
0.073
0.085
0.078
0.083
0.094
0.088
0.075
0.070
0.060
0.074
0.071
0.077
0.071
0.074
0.084
0.072
0.074
0.059
0.074
0.086
0.077
0.091
0.060
0.059
0.073
0.073
0.061
0.071
0.089
0.089
0.086
0.077
0.075
0.088
0.086
0.075
0.061
0.090
0.093
0.071
0.088
0.090
0.089
0.075
0.061
0.059
0.088
0.094
0.072
0.074
0.091
0.073
0.088
0.088
0.058
0.086
0.078
0.062
0.074
0.090
0.080
0.075
0.077
0.075
0.085
0.082
0.075
0.090
0.058
0.060
0.073
0.089
0.074
0.087
0.076
0.089
0.073
0.093
0.097
0.053
0.091
0.074
0.074
0.090
0.080
0.056
0.077
0.072
0.074
0.077
0.101
0.088
0.080
0.070
0.080
0.076
0.059
0.080
0.061
0.090
0.094
0.072
0.075
0.086
0.076
0.069
0.073
0.073
0.071
0.075
0.077
0.084
0.074
0.088
0.087
0.074
0.061
0.071
0.071
0.061
0.075
0.059
0.061
0.059
0.073
0.075
0.074
0.093
0.075
0.071
0.073
0.091
0.089
0.077
0.077
0.069
0.076
0.074
0.088
0.075
0.077
0.086
0.059
0.088
0.074
0.084
0.075
0.056
0.075
0.074
0.103
0.071
0.077
0.074
0.075
0.092
0.076
0.079
0.095
0.057
0.077
0.059
0.061
0.059
0.090
0.083
0.099
0.088
0.060
0.061
0.091
0.073
0.091
0.092
0.061
0.055
0.075
0.078
0.087
0.073
0.073
0.087
0.091
0.058
0.059
0.075
0.087
0.087
0.074
0.087
0.061
0.086
0.074
0.092
0.063
0.058
0.095
0.089
0.060
0.072
0.077
0.057
0.074
0.084
0.059
0.075
0.091
0.071
0.061
0.091
0.089
0.074
0.093
0.057
0.077
0.077
0.115
0.060
0.091
0.090
0.087
0.091
0.074
0.057
0.092
0.072
0.059
0.090
0.088
0.087
0.062
0.090
0.060
0.062
0.074
0.071
0.092
0.087
0.080
0.091
0.072
0.075
0.078
0.060
0.058
0.077
0.061
0.072
0.076
0.080
0.074
0.088
0.084
0.076
0.078
0.084
0.073
0.077
0.087
0.100
0.077
0.086
0.084
0.092
0.060
0.058
0.076
0.074
0.074
0.076
0.089
0.081
0.077
0.097
0.085
0.073
0.088
0.074
0.090
0.075
0.073
0.077
0.075
0.072
0.074
0.057
0.072
0.089
0.088
0.086
0.082
0.070
0.091
0.057
0.074
0.091
0.089
0.073
0.088
0.075
0.088
0.083
0.120
0.075
0.060
0.087
0.089
0.058
0.063
0.061
0.074
0.081
0.098
0.108
0.059
0.059
0.088
0.072
0.096
0.062
0.091
0.075
0.092
0.060
0.061
0.074
0.092
0.088
0.075
0.095
0.074
0.096
0.075
0.073
0.081
0.073
0.075
0.086
0.089
0.088
0.089
0.087
0.075
0.089
0.088
0.075
0.060
0.057
0.087
0.073
0.075
0.058
0.074
0.086
0.077
0.077
0.075
0.088
0.098
0.075
0.078
0.079
0.090
0.096
0.077
0.074
0.087
0.074
0.076
0.074
0.088
0.089
0.062
0.075
0.060
0.090
0.096
0.088
0.075
0.083
0.088
0.074
0.089
0.086
0.059
0.077
0.075
0.085
0.089
0.094
0.096
0.082
0.058
0.095
0.075
0.089
0.070
0.075
0.094
0.070
0.075
0.073
0.076
0.058
0.075
0.087
0.089
0.090
0.089
0.075
0.074
0.089
0.061
0.076
0.060
0.073
0.082
0.085
0.077
0.076
0.087
0.088
0.061
0.074
0.093
0.095
0.087
0.072
0.088
0.073
0.085
0.073
0.095
0.091
0.088
0.074
0.090
0.073
0.075
0.092
0.075
0.088
0.089
0.072
0.074
0.062
0.060
0.079
0.092
0.090
0.074
0.096
0.091
0.079
0.097
0.075
0.074
0.077
0.090
0.059
0.074
0.094
0.084
0.073
0.075
0.082
0.088
0.073
0.089
0.087
0.088
0.058
0.074
0.073
0.076
0.058
0.076
0.073
0.087
0.074
0.077
0.057
0.073
0.087
0.081
0.093
0.061
0.083
0.072
0.075
0.073
0.089
0.077
0.071
0.075
0.089
0.088
0.072
0.096
0.084
0.091
0.073
0.073
0.086
0.076
0.088
0.073
0.072
0.087
0.084
0.061
0.071
0.075
0.057
0.087
0.089
0.087
0.089
0.077
0.085
0.075
0.071
0.074
0.070
0.087
0.076
0.067
0.089
0.076
0.081
0.089
0.106
0.072
0.062
0.089
0.056
0.089
0.091
0.073
0.072
0.075
0.059
0.088
0.086
0.059
0.057
0.074
0.097
0.073
0.090
0.078
0.089
0.090
0.072
0.075
0.093
0.073
0.060
0.089
0.087
0.090
0.098
0.075
0.090
0.074
0.057
0.078
0.074
0.085
0.070
0.088
0.087
0.073
0.060
0.073
0.074
0.088
0.074
0.099
0.091
0.059
0.098
0.087
0.075
0.074
0.059
0.087
0.075
0.089
0.088
0.061
0.073
0.074
0.075
0.089
0.059
0.062
0.091
0.059
0.077
0.060
0.085
0.061
0.060
0.087
0.075
0.088
0.070
0.089
0.073
0.088
0.071
0.075
0.062
0.061
0.075
0.086
0.074
0.083
0.090
0.078
0.072
0.073
0.076
0.074
0.084
0.072
0.074
0.088
0.102
0.097
0.095
0.061
0.112
0.061
0.075
0.089
0.075
0.060
0.078
0.075
0.087
0.074
0.082
0.091
0.077
0.089
0.084
0.077
0.092
0.089
0.103
0.089
0.100
0.062
0.060
0.075
0.090
0.073
0.072
0.076
0.088
0.074
0.073
0.074
0.089
0.059
0.085
0.074
0.089
0.075
0.089
0.089
0.076
0.074
0.087
0.074
0.074
0.088
0.077
0.077
0.072
0.090
0.073
0.089
0.072
0.070
0.077
0.074
0.074
0.074
0.088
0.073
0.074
0.099
0.095
0.060
0.074
0.061
0.075
0.088
0.073
0.090
0.058
0.073
0.061
0.125
0.077
0.088
0.060
0.081
0.074
0.081
0.103
0.075
0.059
0.089
0.086
0.087
0.074
0.072
0.085
0.075
0.095
0.073
0.087
0.089
0.061
0.060
0.093
0.074
0.091
0.060
0.075
0.073
0.088
0.060
0.090
0.089
0.098
0.074
0.090
0.075
0.069
0.074
0.088
0.091
0.091
0.081
0.090
0.082
0.071
0.059
0.081
0.073
0.083
0.060
0.071
0.077
0.074
0.076
0.058
0.060
0.074
0.060
0.073
0.087
0.076
0.095
0.087
0.064
0.063
0.074
0.089
0.076
0.057
0.101
0.076
0.073
0.075
0.061
0.060
0.078
0.091
0.060
0.061
0.074
0.106
0.089
0.074
0.072
0.072
0.089
0.091
0.062
0.091
0.095
0.072
0.097
0.072
0.076
0.088
0.059
0.074
0.088
0.072
0.074
0.061
0.088
0.091
0.060
0.100
0.075
0.059
0.087
0.086
0.089
0.088
0.088
0.074
0.087
0.074
0.063
0.085
0.097
0.075
0.087
0.073
0.082
0.072
0.084
0.059
0.074
0.090
0.092
0.085
0.087
0.082
0.088
0.076
0.073
0.072
0.082
0.088
0.075
0.075
0.060
0.075
0.076
0.058
0.095
0.091
0.061
0.088
0.075
0.091
0.087
0.076
0.074
0.088
0.089
0.096
0.086
0.076
0.076
0.070
0.077
0.098
0.074
0.075
0.087
0.058
0.075
0.072
0.088
0.095
0.264
0.075
0.085
0.075
0.088
0.073
0.072
0.094
0.089
0.094
0.088
0.058
0.074
0.090
0.074
0.089
0.087
0.070
0.085
0.084
0.085
0.071
0.087
0.072
0.090
0.072
0.076
0.092
0.060
0.077
0.089
0.096
0.096
0.060
0.076
0.072
0.075
0.108
0.088
0.089
0.088
0.091
0.090
0.072
0.089
0.076
0.073
0.072
0.060
0.071
0.097
0.086
0.087
0.093
0.088
0.086
0.075
0.089
0.070
0.060
0.077
0.087
0.088
0.094
0.074
0.089
0.082
0.057
0.087
0.072
0.073
0.073
0.103
0.079
0.089
0.061
0.074
0.096
0.093
0.089
0.084
0.076
0.073
0.081
0.071
0.091
0.087
0.074
0.087
0.061
0.074
0.056
0.075
0.094
0.060
0.058
0.060
0.073
0.097
0.075
0.078
0.087
0.092
0.098
0.059
0.084
0.083
0.059
0.090
0.075
0.074
0.061
0.073
0.057
0.076
0.081
0.061
0.076
0.087
0.076
0.085
0.097
0.074
0.087
0.074
0.075
0.061
0.072
0.076
0.089
0.073
0.074
0.089
0.072
0.075
0.090
0.073
0.064
0.063
0.101
0.061
0.072
0.074
0.086
0.059
0.078
0.084
0.060
0.097
0.071
0.074
0.061
0.075
0.056
0.074
0.076
0.094
0.059
0.081
0.058
0.060
0.075
0.073
0.072
0.075
0.084
0.057
0.086
0.087
0.091
0.089
0.073
0.085
0.074
0.094
0.090
0.060
0.057
0.077
0.125
0.087
0.060
0.074
0.091
0.072
0.075
0.087
0.090
0.057
0.071
0.073
0.090
0.074
0.075
0.060
0.092
0.060
0.078
0.087
0.091
0.088
0.076
0.061
0.072
0.074
0.057
0.088
0.060
0.060
0.076
0.071
0.077
0.090
0.073
0.071
0.061
0.088
0.074
0.074
0.089
0.102
0.062
0.073
0.075
0.072
0.074
0.073
0.060
0.093
0.074
0.077
0.072
0.077
0.104
0.073
0.075
0.060
0.075
0.060
0.074
0.083
0.084
0.064
0.072
0.074
0.074
0.073
0.091
0.098
0.090
0.075
0.072
0.087
0.059
0.059
0.072
0.061
0.090
0.102
0.082
0.088
0.089
0.077
0.092
0.073
0.062
0.091
0.061
0.076
0.089
0.073
0.089
0.061
0.088
0.075
0.090
0.073
0.071
0.104
0.073
0.085
0.089
0.087
0.075
0.089
0.071
0.088
0.087
0.091
0.075
0.073
0.086
0.075
0.072
0.086
0.090
0.074
0.072
0.091
0.075
0.072
0.076
0.074
0.088
0.091
0.075
0.088
0.088
0.074
0.085
0.075
0.075
0.087
0.074
0.060
0.093
0.074
0.086
0.078
0.076
0.073
0.089
0.060
0.088
0.072
0.095
0.060
0.075
0.073
0.076
0.072
0.058
0.060
0.084
0.096
0.089
0.075
0.072
0.076
0.073
0.074
0.080
0.087
0.058
0.059
0.090
0.077
0.086
0.087
0.090
0.057
0.094
0.088
0.094
0.072
0.070
0.060
0.083
0.078
0.076
0.081
0.072
0.100
0.071
0.094
0.082
0.060
0.091
0.091
0.089
0.089
0.086
0.088
0.073
0.092
0.086
0.083
0.088
0.073
0.071
0.075
0.098
0.071
0.082
0.088
0.078
0.060
0.070
0.061
0.072
0.074
0.063
0.103
0.072
0.097
0.075
0.089
0.086
0.092
0.057
0.073
0.092
0.087
0.059
0.090
0.080
0.076
0.076
0.088
0.089
0.061
0.059
0.073
0.091
0.071
0.088
0.089
0.071
0.057
0.073
0.075
0.088
0.086
0.089
0.082
0.090
0.089
0.060
0.072
0.117
0.095
0.079
0.076
0.074
0.056
0.074
0.089
0.061
0.075
0.103
0.084
0.086
0.093
0.090
0.094
0.094
0.075
0.076
0.100
0.075
0.074
0.074
0.074
0.072
0.074
0.075
0.074
0.088
0.076
0.076
0.073
0.087
0.059
0.073
0.088
0.061
0.073
0.085
0.088
0.059
0.071
0.087
0.073
0.090
0.080
0.089
0.059
0.083
0.060
0.089
0.059
0.094
0.076
0.075
0.075
