0.119
0.125
0.127
0.128
0.129
0.124
0.121
0.114
0.099
0.075
0.098
0.117
0.123
0.096
0.075
0.097
0.122
0.131
0.096
0.097
0.123
0.099
0.123
0.077
0.091
0.110
0.121
0.097
0.122
0.122
0.121
0.139
0.134
0.098
0.121
0.075
0.116
0.098
0.121
0.123
0.099
0.072
0.121
0.074
0.123
0.121
0.140
0.098
0.120
0.097
0.121
0.102
0.076
0.077
0.069
0.123
0.101
0.122
0.100
0.131
0.125
0.073
0.097
0.097
0.098
0.097
0.119
0.116
0.112
0.121
0.122
0.098
0.122
0.116
0.098
0.119
0.123
0.097
0.131
0.096
0.113
0.115
0.122
0.097
0.097
0.123
0.122
0.100
0.114
0.092
0.098
0.097
0.116
0.110
0.098
0.100
0.100
0.124
0.104
0.115
0.092
0.094
0.120
0.097
0.076
0.080
0.126
0.097
0.104
0.098
0.121
0.098
0.121
0.095
0.098
0.128
0.121
0.114
0.101
0.099
0.099
0.096
0.113
0.122
0.122
0.097
0.098
0.122
0.122
0.097
0.098
0.098
0.122
0.096
0.098
0.119
0.125
0.112
0.113
0.118
0.100
0.120
0.097
0.098
0.076
0.123
0.098
0.096
0.119
0.103
0.077
0.096
0.124
0.094
0.121
0.119
0.099
0.120
0.100
0.094
0.097
0.097
0.112
0.098
0.098
0.095
0.098
0.122
0.093
0.122
0.104
0.097
0.099
0.077
0.125
0.099
0.122
0.098
0.122
0.113
0.099
0.098
0.132
0.117
0.124
0.122
0.075
0.096
0.096
0.096
0.123
0.116
0.097
0.100
0.099
0.100
0.120
0.076
0.121
0.118
0.099
0.097
0.125
0.099
0.076
0.122
0.120
0.124
0.099
0.100
0.098
0.101
0.137
0.124
0.113
0.076
0.123
0.098
0.098
0.120
0.076
0.074
0.097
0.111
0.121
0.121
0.122
0.099
0.123
0.122
0.099
0.102
0.133
0.074
0.099
0.108
0.099
0.121
0.098
0.121
0.121
0.123
0.099
0.107
0.121
0.123
0.117
0.128
0.131
0.119
0.076
0.097
0.099
0.124
0.121
0.099
0.122
0.099
0.122
0.098
0.113
0.122
0.133
0.123
0.124
0.077
0.122
0.094
0.100
0.120
0.123
0.101
0.099
0.122
0.122
0.100
0.098
0.120
0.076
0.077
0.121
0.117
0.118
0.120
0.124
0.076
0.099
0.122
0.125
0.120
0.120
0.099
0.125
0.111
0.121
0.110
0.114
0.106
0.075
0.095
0.124
0.094
0.075
0.077
0.133
0.100
0.123
0.116
0.123
0.073
0.123
0.121
0.124
0.128
0.076
0.098
0.101
0.120
0.120
0.123
0.121
0.077
0.121
0.120
0.120
0.117
0.125
0.120
0.078
0.095
0.098
0.099
0.124
0.099
0.121
0.122
0.077
0.122
0.099
0.118
0.099
0.117
0.100
0.117
0.114
0.099
0.122
0.098
0.123
0.100
0.122
0.121
0.098
0.118
0.092
0.127
0.122
0.120
0.078
0.120
0.123
0.099
0.119
0.094
0.121
0.123
0.125
0.115
0.124
0.099
0.098
0.100
0.120
0.114
0.100
0.092
0.078
0.123
0.114
0.128
0.116
0.099
0.120
0.121
0.122
0.100
0.098
0.097
0.098
0.101
0.121
0.100
0.123
0.111
0.121
0.110
0.117
0.097
0.120
0.072
0.125
0.121
0.101
0.098
0.097
0.139
0.097
0.100
0.123
0.124
0.122
0.116
0.128
0.098
0.100
0.095
0.122
0.076
0.076
0.122
0.123
0.097
0.121
0.121
0.099
0.098
0.121
0.098
0.099
0.122
0.114
0.095
0.101
0.077
0.123
0.122
0.123
0.117
0.123
0.124
0.079
0.118
0.099
0.101
0.123
0.116
0.111
0.100
0.119
0.097
0.115
0.134
0.076
0.107
0.121
0.126
0.124
0.094
0.121
0.136
0.119
0.096
0.123
0.075
0.126
0.075
0.099
0.120
0.121
0.122
0.102
0.113
0.123
0.121
0.121
0.116
0.097
0.101
0.135
0.120
0.100
0.114
0.098
0.095
0.113
0.099
0.100
0.074
0.094
0.121
0.115
0.076
0.121
0.079
0.113
0.124
0.123
0.077
0.122
0.134
0.119
0.099
0.100
0.098
0.099
0.101
0.075
0.117
0.122
0.111
0.136
0.116
0.100
0.098
0.123
0.119
0.099
0.121
0.077
0.117
0.122
0.095
0.099
0.098
0.075
0.097
0.077
0.111
0.075
0.122
0.101
0.120
0.121
0.098
0.100
0.118
0.115
0.121
0.121
0.111
0.099
0.116
0.097
0.095
0.121
0.098
0.077
0.103
0.097
0.094
0.099
0.093
0.122
0.100
0.118
0.098
0.122
0.096
0.121
0.121
0.075
0.125
0.106
0.093
0.121
0.097
0.121
0.075
0.122
0.125
0.123
0.107
0.121
0.077
0.100
0.067
0.120
0.096
0.097
0.091
0.116
0.122
0.095
0.099
0.100
0.074
0.121
0.095
0.098
0.111
0.100
0.099
0.098
0.100
0.101
0.095
0.098
0.100
0.121
0.125
0.123
0.095
0.075
0.074
0.120
0.096
0.122
0.092
0.134
0.097
0.124
0.098
0.121
0.098
0.107
0.097
0.124
0.119
0.131
0.122
0.100
0.100
0.122
0.075
0.122
0.074
0.102
0.099
0.123
0.106
0.102
0.123
0.100
0.099
0.118
0.096
0.125
0.095
0.098
0.127
0.107
0.118
0.122
0.078
0.114
0.101
0.121
0.101
0.123
0.124
0.125
0.096
0.115
0.110
0.091
0.125
0.103
0.095
0.098
0.123
0.091
0.127
0.098
0.123
0.100
0.102
0.096
0.133
0.099
0.124
0.098
0.080
0.094
0.125
0.114
0.079
0.120
0.131
0.122
0.153
0.096
0.101
0.124
0.123
0.077
0.101
0.121
0.099
0.116
0.132
0.120
0.123
0.101
0.078
0.122
0.099
0.100
0.097
0.099
0.101
0.100
0.078
0.098
0.121
0.114
0.123
0.122
0.101
0.114
0.103
0.093
0.122
0.100
0.123
0.121
0.111
0.096
0.118
0.077
0.105
0.098
0.098
0.133
0.122
0.131
0.121
0.077
0.121
0.123
0.076
0.122
0.132
0.122
0.133
0.097
0.099
0.133
0.122
0.100
0.119
0.099
0.121
0.075
0.120
0.101
0.124
0.122
0.099
0.121
0.117
0.120
0.120
0.123
0.111
0.119
0.131
0.121
0.077
0.076
0.090
0.101
0.096
0.098
0.119
0.113
0.118
0.100
0.117
0.121
0.104
0.123
0.124
0.099
0.093
0.101
0.124
0.127
0.097
0.100
0.118
0.099
0.119
0.120
0.095
0.098
0.123
0.137
0.098
0.097
0.099
0.122
0.095
0.115
0.121
0.097
0.074
0.119
0.117
0.099
0.121
0.100
0.099
0.122
0.092
0.101
0.097
0.123
0.094
0.122
0.102
0.098
0.099
0.097
0.075
0.123
0.131
0.100
0.133
0.077
0.109
0.101
0.095
0.134
0.121
0.122
0.115
0.098
0.115
0.121
0.074
0.122
0.119
0.122
0.122
0.124
0.074
0.122
0.122
0.120
0.118
0.124
0.074
0.123
0.098
0.076
0.111
0.099
0.098
0.121
0.125
0.123
0.128
0.123
0.120
0.097
0.114
0.123
0.121
0.099
0.095
0.076
0.119
0.099
0.121
0.113
0.103
0.121
0.100
0.075
0.123
0.120
0.124
0.123
0.099
0.099
0.099
0.104
0.117
0.121
0.123
0.078
0.120
0.100
0.094
0.098
0.120
0.097
0.117
0.124
0.121
0.099
0.096
0.136
0.118
0.075
0.101
0.098
0.122
0.122
0.121
0.130
0.098
0.121
0.098
0.131
0.100
0.076
0.121
0.120
0.095
0.078
0.088
0.121
0.099
0.099
0.099
0.098
0.099
0.112
0.075
0.342
0.099
0.319
0.302
0.281
0.274
0.233
0.228
0.281
0.104
0.123
0.116
0.104
0.093
0.124
0.100
0.103
0.103
0.079
0.101
0.121
0.110
0.136
0.076
0.113
0.100
0.104
0.104
0.080
0.098
0.135
0.097
0.080
0.101
0.102
0.114
0.099
0.077
0.097
0.078
0.123
0.121
0.110
0.099
0.113
0.097
0.098
0.099
0.099
0.118
0.074
0.099
0.102
0.132
0.099
0.119
0.121
0.119
0.078
0.098
0.098
0.104
0.135
0.095
0.102
0.074
0.114
0.123
0.120
0.102
0.121
0.123
0.122
0.102
0.123
0.125
0.122
0.123
0.100
0.103
0.125
0.103
0.123
0.125
0.134
0.136
0.123
0.125
0.098
0.079
0.132
0.121
0.100
0.112
0.122
0.101
0.100
0.122
0.102
0.091
0.121
0.100
0.098
0.126
0.077
0.101
0.114
0.111
0.121
0.123
0.098
0.122
0.110
0.143
0.100
0.124
0.122
0.096
0.078
0.097
0.078
0.097
0.130
0.124
0.116
0.100
0.127
0.120
0.100
0.136
0.133
0.115
0.099
0.078
0.101
0.092
0.122
0.119
0.102
0.077
0.075
0.097
0.122
0.075
0.135
0.099
0.131
0.134
0.098
0.077
0.127
0.117
0.132
0.099
0.100
0.099
0.100
0.097
0.123
0.095
0.123
0.118
0.133
0.123
0.099
0.087
0.098
0.114
0.122
0.120
0.099
0.117
0.102
0.073
0.091
0.109
0.123
0.107
0.098
0.139
0.099
0.078
0.122
0.100
0.100
0.078
0.123
0.099
0.121
0.099
0.121
0.123
0.123
0.101
0.122
0.118
0.120
0.099
0.098
0.129
0.122
0.125
0.100
0.124
0.122
0.133
0.136
0.117
0.125
0.077
0.077
0.100
0.099
0.118
0.120
0.122
0.124
0.123
0.121
0.112
0.131
0.099
0.097
0.121
0.123
0.121
0.121
0.097
0.114
0.119
0.098
0.120
0.121
0.119
0.100
0.120
0.136
0.095
0.100
0.132
0.100
0.096
0.123
0.098
0.120
0.112
0.122
0.118
0.121
0.123
0.134
0.118
0.121
0.108
0.099
0.130
0.076
0.101
0.129
0.119
0.099
0.133
0.099
0.123
0.093
0.102
0.116
0.109
0.114
0.109
0.128
0.076
0.123
0.134
0.120
0.128
0.121
0.074
0.099
0.122
0.133
0.124
0.099
0.095
0.102
0.120
0.121
0.107
0.123
0.110
0.123
0.122
0.119
0.123
0.122
0.114
0.099
0.113
0.121
0.072
0.101
0.095
0.099
0.092
0.113
0.101
0.120
0.110
0.128
0.074
0.122
0.120
0.098
0.112
0.101
0.123
0.075
0.098
0.121
0.111
0.100
0.125
0.074
0.098
0.098
0.113
0.077
0.119
0.115
0.097
0.099
0.127
0.114
0.114
0.100
0.111
0.126
0.101
0.074
0.118
0.114
0.123
0.099
0.097
0.091
0.096
0.121
0.119
0.098
0.121
0.119
0.079
0.101
0.121
0.121
0.102
0.075
0.098
0.099
0.092
0.120
0.122
0.122
0.124
0.122
0.122
0.121
0.109
0.099
0.098
0.103
0.136
0.122
0.113
0.122
0.113
0.113
0.129
0.093
0.115
0.097
0.076
0.122
0.076
0.102
0.148
0.119
0.100
0.121
0.112
0.122
0.118
0.121
0.114
0.123
0.136
0.101
0.098
0.099
0.108
0.122
0.131
0.123
0.124
0.100
0.123
0.121
0.121
0.119
0.123
0.116
0.100
0.124
0.121
0.099
0.118
0.124
0.099
0.099
0.078
0.121
0.099
0.099
0.119
0.097
0.136
0.123
0.105
0.120
0.120
0.099
0.120
0.115
0.100
0.077
0.126
0.100
0.117
0.118
0.099
0.114
0.121
0.099
0.118
0.124
0.138
0.098
0.123
0.141
0.125
0.080
0.102
0.132
0.123
0.125
0.098
0.123
0.122
0.117
0.133
0.117
0.114
0.121
0.098
0.116
0.103
0.103
0.115
0.122
0.117
0.075
0.091
0.099
0.132
0.123
0.075
0.099
0.115
0.121
0.121
0.100
0.099
0.122
0.099
0.100
0.110
0.123
0.120
0.123
0.120
0.101
0.118
0.114
0.121
0.120
0.115
0.114
0.093
0.121
0.125
0.100
0.120
0.135
0.097
0.098
0.112
0.163
0.109
0.113
0.102
0.121
0.098
0.125
0.118
0.121
0.078
0.121
0.128
0.122
0.116
0.110
0.094
0.123
0.123
0.145
0.118
0.113
0.119
0.124
0.134
0.099
0.103
0.093
0.099
0.077
0.119
0.121
0.100
0.115
0.125
0.122
0.119
0.132
0.119
0.123
0.124
0.102
0.097
0.101
0.118
0.099
0.097
0.098
0.100
0.098
0.126
0.100
0.119
0.094
0.119
0.124
0.122
0.102
0.111
0.101
0.121
0.121
0.102
0.098
0.128
0.115
0.100
0.099
0.110
0.135
0.120
0.099
0.118
0.125
0.124
