0.094
0.083
0.104
0.114
0.085
0.087
0.079
0.077
0.077
0.078
0.091
0.095
0.093
0.064
0.062
0.079
0.075
0.060
0.079
0.079
0.087
0.093
0.088
0.074
0.087
0.076
0.099
0.092
0.091
0.086
0.076
0.095
0.105
0.092
0.094
0.090
0.077
0.088
0.076
0.091
0.081
0.074
0.075
0.077
0.080
0.088
0.079
0.077
0.094
0.077
0.074
0.076
0.096
0.075
0.082
0.073
0.090
0.091
0.061
0.077
0.077
0.097
0.076
0.057
0.091
0.080
0.061
0.075
0.091
0.098
0.077
0.090
0.077
0.091
0.077
0.091
0.084
0.130
0.060
0.093
0.093
0.058
0.075
0.098
0.077
0.086
0.089
0.092
0.083
0.075
0.078
0.079
0.092
0.096
0.075
0.073
0.082
0.089
0.100
0.092
0.076
0.077
0.093
0.075
0.093
0.076
0.075
0.086
0.076
0.088
0.084
0.075
0.076
0.086
0.093
0.090
0.076
0.075
0.089
0.097
0.077
0.075
0.098
0.073
0.083
0.091
0.062
0.086
0.076
0.090
0.060
0.076
0.082
0.075
0.098
0.076
0.096
0.076
0.091
0.061
0.077
0.091
0.074
0.091
0.076
0.090
0.079
0.071
0.075
0.076
0.090
0.091
0.078
0.078
0.101
0.103
0.087
0.074
0.094
0.080
0.090
0.098
0.076
0.094
0.083
0.090
0.061
0.088
0.104
0.089
0.091
0.087
0.075
0.075
0.061
0.092
0.077
0.089
0.077
0.090
0.076
0.070
0.076
0.075
0.076
0.080
0.075
0.070
0.087
0.085
0.061
0.093
0.077
0.089
0.091
0.074
0.089
0.078
0.078
0.089
0.104
0.090
0.062
0.087
0.083
0.082
0.075
0.090
0.090
0.075
0.090
0.060
0.063
0.074
0.091
0.091
0.088
0.089
0.078
0.087
0.061
0.061
0.075
0.060
0.076
0.093
0.074
0.091
0.090
0.061
0.088
0.096
0.090
0.061
0.075
0.087
0.076
0.075
0.085
0.087
0.091
0.086
0.107
0.061
0.088
0.075
0.092
0.062
0.090
0.085
0.074
0.092
0.060
0.075
0.077
0.087
0.074
0.089
0.076
0.084
0.075
0.088
0.092
0.090
0.092
0.059
0.076
0.088
0.060
0.087
0.091
0.087
0.080
0.071
0.089
0.106
0.095
0.086
0.063
0.078
0.093
0.059
0.075
0.062
0.093
0.088
0.086
0.076
0.092
0.094
0.078
0.091
0.077
0.076
0.077
0.090
0.060
0.090
0.074
0.075
0.077
0.091
0.093
0.059
0.074
0.092
0.090
0.094
0.087
0.089
0.089
0.087
0.103
0.081
0.089
0.073
0.090
0.058
0.094
0.076
0.097
0.076
0.074
0.090
0.092
0.076
0.094
0.106
0.091
0.058
0.077
0.090
0.096
0.088
0.062
0.087
0.061
0.100
0.090
0.076
0.090
0.091
0.076
0.076
0.062
0.081
0.087
0.060
0.092
0.092
0.061
0.089
0.076
0.088
0.059
0.097
0.077
0.090
0.075
0.083
0.075
0.074
0.062
0.095
0.093
0.093
0.062
0.089
0.076
0.060
0.075
0.076
0.077
0.090
0.064
0.074
0.075
0.100
0.078
0.097
0.064
0.085
0.092
0.095
0.078
0.083
0.090
0.087
0.091
0.090
0.090
0.089
0.092
0.096
0.075
0.073
0.076
0.089
0.093
0.063
0.075
0.081
0.076
0.082
0.076
0.092
0.089
0.077
0.093
0.083
0.076
0.089
0.082
0.089
0.061
0.089
0.077
0.074
0.075
0.077
0.092
0.085
0.075
0.089
0.075
0.091
0.092
0.086
0.076
0.097
0.090
0.099
0.096
0.087
0.078
0.076
0.089
0.092
0.093
0.088
0.076
0.077
0.090
0.089
0.091
0.089
0.093
0.092
0.061
0.111
0.091
0.075
0.076
0.058
0.090
0.088
0.084
0.086
0.092
0.091
0.065
0.090
0.097
0.090
0.089
0.091
0.078
0.072
0.084
0.089
0.093
0.075
0.091
0.074
0.096
0.060
0.091
0.077
0.075
0.090
0.076
0.061
0.095
0.105
0.063
0.078
0.092
0.090
0.078
0.077
0.076
0.082
0.079
0.075
0.092
0.076
0.075
0.072
0.092
0.073
0.064
0.094
0.083
0.104
0.076
0.081
0.076
0.076
0.087
0.088
0.059
0.106
0.099
0.090
0.090
0.058
0.092
0.074
0.084
0.092
0.100
0.098
0.096
0.075
0.076
0.089
0.076
0.061
0.077
0.097
0.077
0.095
0.086
0.088
0.092
0.076
0.062
0.093
0.076
0.075
0.078
0.060
0.077
0.076
0.075
0.076
0.062
0.089
0.076
0.076
0.092
0.084
0.076
0.076
0.077
0.091
0.088
0.080
0.079
0.090
0.093
0.077
0.083
0.085
0.062
0.075
0.074
0.090
0.075
0.093
0.062
0.099
0.061
0.058
0.090
0.084
0.093
0.075
0.060
0.090
0.090
0.088
0.094
0.076
0.077
0.063
0.076
0.093
0.092
0.089
0.091
0.075
0.074
0.097
0.088
0.070
0.096
0.074
0.091
0.086
0.063
0.114
0.091
0.094
0.082
0.085
0.078
0.091
0.074
0.074
0.090
0.075
0.115
0.089
0.075
0.076
0.101
0.060
0.078
0.096
0.060
0.079
0.074
0.096
0.092
0.074
0.076
0.072
0.091
0.070
0.107
0.089
0.091
0.062
0.076
0.090
0.085
0.059
0.089
0.106
0.091
0.075
0.088
0.075
0.077
0.079
0.060
0.075
0.093
0.087
0.096
0.077
0.061
0.074
0.080
0.090
0.093
0.074
0.078
0.070
0.079
0.089
0.074
0.098
0.060
0.075
0.080
0.102
0.087
0.089
0.075
0.073
0.076
0.090
0.093
0.089
0.097
0.092
0.092
0.074
0.075
0.072
0.082
0.089
0.102
0.093
0.089
0.093
0.089
0.076
0.105
0.088
0.077
0.075
0.086
0.083
0.079
0.089
0.089
0.093
0.076
0.075
0.077
0.089
0.092
0.091
0.090
0.101
0.078
0.086
0.074
0.078
0.096
0.094
0.094
0.081
0.090
0.076
0.090
0.090
0.093
0.074
0.088
0.075
0.073
0.110
0.100
0.105
0.091
0.102
0.075
0.061
0.077
0.090
0.089
0.092
0.076
0.095
0.102
0.087
0.061
0.091
0.060
0.074
0.096
0.089
0.090
0.077
0.091
0.086
0.076
0.075
0.075
0.074
0.089
0.090
0.093
0.091
0.091
0.095
0.073
0.086
0.100
0.087
0.107
0.088
0.077
0.087
0.077
0.085
0.090
0.088
0.082
0.060
0.092
0.070
0.075
0.092
0.091
0.073
0.101
0.062
0.074
0.092
0.089
0.082
0.094
0.105
0.060
0.073
0.090
0.073
0.094
0.076
0.091
0.106
0.336
0.332
0.325
0.317
0.079
0.094
0.090
0.069
0.078
0.074
0.089
0.078
0.076
0.330
0.312
0.300
0.302
0.278
0.295
0.209
0.293
0.202
0.143
0.128
0.135
0.099
0.135
0.089
0.084
0.067
0.059
0.056
0.059
0.044
0.075
0.092
0.057
0.071
0.094
0.065
0.045
0.057
0.073
0.054
0.050
0.044
0.047
0.055
0.055
0.058
0.075
0.077
0.075
0.073
0.096
0.073
0.093
0.087
0.089
0.093
0.074
0.076
0.079
0.089
0.096
0.089
0.090
0.091
0.092
0.088
0.089
0.090
0.092
0.082
0.077
0.090
0.076
0.090
0.088
0.097
0.093
0.085
0.090
0.057
0.075
0.075
0.092
0.078
0.073
0.094
0.075
0.085
0.079
0.073
0.109
0.103
0.091
0.095
0.093
0.091
0.075
0.099
0.097
0.074
0.093
0.076
0.090
0.082
0.091
0.082
0.094
0.075
0.074
0.080
0.090
0.080
0.097
0.087
0.090
0.077
0.090
0.089
0.097
0.093
0.091
0.078
0.092
0.077
0.094
0.139
0.076
0.094
0.076
0.099
0.093
0.071
0.096
0.081
0.079
0.083
0.078
0.087
0.086
0.089
0.083
0.100
0.080
0.088
0.075
0.090
0.074
0.088
0.078
0.086
0.076
0.074
0.092
0.091
0.098
0.098
0.097
0.089
0.079
0.114
0.090
0.074
0.075
0.075
0.091
0.087
0.077
0.091
0.088
0.077
0.093
0.074
0.091
0.091
0.100
0.077
0.093
0.094
0.091
0.087
0.090
0.074
0.078
0.072
0.077
0.084
0.124
0.079
0.078
0.079
0.092
0.073
0.091
0.089
0.077
0.089
0.078
0.090
0.089
0.077
0.078
0.086
0.092
0.091
0.077
0.091
0.092
0.103
0.093
0.061
0.075
0.083
0.080
0.074
0.091
0.096
0.118
0.091
0.076
0.092
0.091
0.074
0.077
0.087
0.078
0.100
0.092
0.088
0.076
0.089
0.083
0.091
0.091
0.090
0.090
0.091
0.078
0.085
0.092
0.087
0.075
0.075
0.092
0.078
0.092
0.089
0.106
0.098
0.079
0.087
0.091
0.080
0.102
0.087
0.076
0.076
0.077
0.100
0.094
0.077
0.092
0.096
0.092
0.098
0.091
0.088
0.091
0.089
0.092
0.087
0.096
0.072
0.075
0.072
0.092
0.091
0.090
0.074
0.075
0.075
0.091
0.073
0.091
0.088
0.084
0.073
0.076
0.073
0.090
0.087
0.077
0.093
0.078
0.073
0.089
0.099
0.098
0.073
0.077
0.075
0.100
0.088
0.076
0.085
0.088
0.087
0.090
0.090
0.091
0.089
0.077
0.074
0.088
0.075
0.076
0.076
0.077
0.077
0.090
0.091
0.092
0.072
0.092
0.073
0.082
0.077
0.106
0.073
0.084
0.090
0.089
0.092
0.085
0.068
0.089
0.062
0.099
0.073
0.073
0.074
0.094
0.091
0.077
0.078
0.077
0.095
0.089
0.110
0.075
0.080
0.092
0.073
0.077
0.073
0.075
0.091
0.077
0.088
0.093
0.091
0.092
0.088
0.090
0.073
0.090
0.073
0.089
0.083
0.092
0.071
0.090
0.074
0.091
0.091
0.094
0.101
0.078
0.076
0.089
0.094
0.092
0.075
0.091
0.077
0.091
0.091
0.091
0.096
0.092
0.093
0.085
0.074
0.077
0.089
0.091
0.093
0.074
0.074
0.077
0.088
0.077
0.092
0.092
0.075
0.090
0.074
0.078
0.082
0.094
0.075
0.093
0.073
0.090
0.079
0.090
0.077
0.093
0.074
0.091
0.072
0.078
0.076
0.092
0.090
0.093
0.075
0.089
0.076
0.092
0.091
0.084
0.083
0.096
0.078
0.091
0.074
0.098
0.075
0.090
0.073
0.091
0.089
0.076
0.093
0.090
0.093
0.088
0.075
0.092
0.074
0.076
0.088
0.091
0.082
0.092
0.091
0.091
0.075
0.091
0.088
0.077
0.093
0.076
0.088
0.092
0.089
0.097
0.089
0.095
0.078
0.077
0.102
0.092
0.088
0.083
0.088
0.091
0.092
0.099
0.107
0.075
0.091
0.105
0.087
0.076
0.072
0.083
0.094
0.076
0.086
0.090
0.074
0.090
0.076
0.091
0.076
0.090
0.081
0.091
0.094
0.093
0.075
0.082
0.091
0.082
0.069
0.091
0.088
0.091
0.074
0.092
0.075
0.089
0.088
0.086
0.094
0.092
0.086
0.077
0.075
0.089
0.088
0.092
0.076
0.092
0.091
0.090
0.092
0.078
0.095
0.076
0.096
0.089
0.089
0.076
0.073
0.092
0.086
0.093
0.091
0.090
0.089
0.077
0.115
0.076
0.075
0.076
0.098
0.077
0.087
0.076
0.078
0.094
0.082
0.092
0.091
0.089
0.091
0.093
0.072
0.093
0.088
0.091
0.076
0.090
0.076
0.077
0.092
0.076
0.089
0.077
0.074
0.093
0.089
0.076
0.073
0.079
0.076
0.093
0.076
0.091
0.078
0.091
0.089
0.093
0.087
0.098
0.092
0.087
0.075
0.076
0.079
0.076
0.076
0.078
0.075
0.089
0.115
0.074
0.090
0.092
0.090
0.091
0.087
0.090
0.090
0.079
0.089
0.094
0.099
0.097
0.091
0.098
0.088
0.094
0.087
0.074
0.091
0.089
0.090
0.098
0.078
0.075
0.076
0.096
0.075
0.086
0.076
0.087
0.088
0.090
0.072
0.075
0.081
0.097
0.087
0.077
0.089
0.090
0.084
0.120
0.089
0.078
0.074
0.092
0.083
0.085
0.076
0.100
0.088
0.076
0.071
0.074
0.072
0.075
0.072
0.091
0.084
0.076
0.090
0.090
0.086
0.075
0.078
0.078
0.088
0.088
0.095
0.092
0.074
0.091
0.087
0.075
0.089
0.074
0.078
0.089
0.073
0.090
0.076
0.101
0.076
0.075
0.094
0.080
0.087
0.092
0.090
0.099
0.087
0.078
0.086
0.090
0.074
0.092
0.113
0.088
0.075
0.092
0.097
