0.116
0.105
0.103
0.062
0.080
0.062
0.094
0.076
0.077
0.103
0.077
0.062
0.100
0.060
0.097
0.077
0.076
0.075
0.079
0.089
0.075
0.077
0.077
0.105
0.091
0.091
0.084
0.093
0.076
0.077
0.102
0.090
0.074
0.076
0.093
0.093
0.094
0.101
0.059
0.079
0.091
0.108
0.091
0.077
0.076
0.083
0.092
0.087
0.060
0.092
0.093
0.076
0.059
0.084
0.093
0.098
0.077
0.063
0.083
0.078
0.095
0.092
0.060
0.062
0.059
0.059
0.095
0.074
0.094
0.077
0.077
0.080
0.077
0.077
0.096
0.094
0.074
0.092
0.090
0.089
0.090
0.103
0.075
0.090
0.077
0.075
0.090
0.062
0.093
0.090
0.075
0.093
0.089
0.092
0.075
0.092
0.093
0.076
0.098
0.063
0.080
0.098
0.092
0.093
0.088
0.061
0.076
0.079
0.079
0.098
0.081
0.078
0.091
0.090
0.090
0.076
0.093
0.060
0.092
0.091
0.092
0.092
0.090
0.093
0.093
0.075
0.079
0.090
0.059
0.094
0.062
0.091
0.084
0.088
0.092
0.077
0.092
0.076
0.090
0.104
0.093
0.099
0.094
0.060
0.077
0.077
0.076
0.061
0.059
0.078
0.096
0.075
0.098
0.087
0.085
0.075
0.090
0.072
0.093
0.091
0.061
0.091
0.112
0.108
0.087
0.097
0.077
0.078
0.090
0.091
0.077
0.079
0.075
0.091
0.094
0.079
0.085
0.090
0.077
0.074
0.075
0.092
0.076
0.093
0.062
0.092
0.075
0.091
0.088
0.099
0.093
0.091
0.093
0.092
0.088
0.094
0.104
0.074
0.078
0.078
0.078
0.077
0.094
0.060
0.063
0.075
0.062
0.090
0.062
0.091
0.078
0.092
0.076
0.094
0.090
0.087
0.062
0.086
0.095
0.077
0.095
0.076
0.079
0.093
0.062
0.092
0.088
0.060
0.107
0.081
0.077
0.116
0.085
0.097
0.086
0.079
0.077
0.090
0.090
0.105
0.090
0.093
0.078
0.080
0.099
0.077
0.075
0.091
0.086
0.090
0.088
0.076
0.076
0.079
0.089
0.094
0.059
0.078
0.076
0.092
0.102
0.059
0.088
0.073
0.099
0.090
0.075
0.103
0.075
0.093
0.095
0.090
0.077
0.093
0.095
0.063
0.058
0.092
0.094
0.061
0.102
0.092
0.094
0.082
0.096
0.077
0.089
0.076
0.062
0.075
0.077
0.078
0.072
0.078
0.075
0.060
0.099
0.091
0.066
0.093
0.090
0.091
0.072
0.077
0.088
0.079
0.073
0.083
0.091
0.092
0.074
0.077
0.060
0.061
0.063
0.075
0.089
0.077
0.089
0.075
0.077
0.077
0.062
0.107
0.076
0.102
0.093
0.062
0.074
0.092
0.072
0.062
0.077
0.078
0.074
0.092
0.079
0.075
0.090
0.094
0.061
0.076
0.077
0.092
0.090
0.092
0.088
0.077
0.078
0.098
0.091
0.076
0.077
0.080
0.076
0.092
0.089
0.108
0.101
0.077
0.089
0.094
0.093
0.121
0.060
0.063
0.090
0.074
0.077
0.078
0.081
0.078
0.089
0.090
0.075
0.077
0.061
0.098
0.076
0.063
0.090
0.094
0.091
0.078
0.076
0.062
0.062
0.092
0.077
0.085
0.062
0.074
0.079
0.093
0.087
0.078
0.091
0.077
0.122
0.092
0.099
0.094
0.078
0.074
0.095
0.097
0.087
0.077
0.057
0.099
0.090
0.062
0.091
0.062
0.078
0.075
0.098
0.106
0.062
0.079
0.078
0.074
0.117
0.093
0.087
0.093
0.102
0.076
0.077
0.079
0.075
0.062
0.075
0.075
0.091
0.075
0.058
0.062
0.078
0.093
0.093
0.092
0.088
0.092
0.095
0.092
0.074
0.079
0.098
0.092
0.100
0.093
0.086
0.091
0.090
0.076
0.062
0.063
0.060
0.084
0.059
0.076
0.060
0.103
0.073
0.098
0.089
0.076
0.079
0.076
0.073
0.088
0.077
0.090
0.079
0.084
0.059
0.095
0.098
0.077
0.090
0.093
0.092
0.091
0.074
0.086
0.088
0.092
0.076
0.086
0.093
0.097
0.074
0.077
0.089
0.108
0.073
0.074
0.076
0.078
0.089
0.076
0.077
0.086
0.075
0.092
0.058
0.081
0.076
0.078
0.076
0.077
0.093
0.078
0.073
0.076
0.078
0.092
0.092
0.091
0.060
0.061
0.074
0.064
0.074
0.093
0.077
0.077
0.078
0.077
0.078
0.077
0.096
0.090
0.077
0.077
0.076
0.103
0.086
0.076
0.093
0.078
0.098
0.078
0.075
0.087
0.077
0.078
0.098
0.092
0.094
0.090
0.090
0.093
0.062
0.092
0.104
0.086
0.093
0.093
0.090
0.094
0.089
0.079
0.073
0.092
0.080
0.079
0.078
0.105
0.077
0.097
0.092
0.104
0.077
0.105
0.090
0.076
0.090
0.093
0.060
0.090
0.078
0.077
0.060
0.095
0.091
0.074
0.063
0.075
0.076
0.076
0.081
0.098
0.076
0.063
0.077
0.113
0.093
0.091
0.093
0.092
0.083
0.074
0.062
0.091
0.108
0.077
0.088
0.091
0.078
0.091
0.093
0.099
0.092
0.078
0.090
0.099
0.083
0.091
0.097
0.077
0.078
0.077
0.079
0.093
0.074
0.077
0.096
0.061
0.059
0.099
0.095
0.105
0.114
0.078
0.081
0.077
0.096
0.061
0.062
0.099
0.077
0.093
0.088
0.091
0.077
0.062
0.063
0.092
0.087
0.099
0.088
0.062
0.091
0.075
0.076
0.092
0.063
0.075
0.087
0.077
0.076
0.076
0.059
0.075
0.061
0.079
0.058
0.089
0.079
0.097
0.078
0.077
0.059
0.099
0.078
0.075
0.092
0.107
0.076
0.078
0.078
0.084
0.082
0.092
0.083
0.076
0.088
0.092
0.076
0.091
0.092
0.079
0.089
0.092
0.093
0.076
0.091
0.078
0.077
0.086
0.102
0.063
0.093
0.084
0.074
0.076
0.089
0.076
0.079
0.062
0.094
0.063
0.091
0.063
0.096
0.059
0.078
0.122
0.076
0.077
0.084
0.075
0.093
0.091
0.063
0.077
0.107
0.098
0.075
0.091
0.075
0.077
0.088
0.092
0.078
0.061
0.086
0.059
0.075
0.100
0.075
0.092
0.062
0.080
0.131
0.083
0.092
0.077
0.083
0.078
0.105
0.084
0.090
0.077
0.075
0.079
0.091
0.091
0.093
0.075
0.095
0.084
0.072
0.075
0.093
0.090
0.089
0.092
0.076
0.098
0.083
0.091
0.091
0.098
0.073
0.077
0.070
0.077
0.063
0.084
0.087
0.077
0.060
0.075
0.078
0.075
0.077
0.075
0.078
0.083
0.059
0.078
0.078
0.078
0.083
0.075
0.061
0.091
0.061
0.075
0.078
0.075
0.077
0.093
0.060
0.076
0.101
0.077
0.093
0.098
0.076
0.093
0.061
0.090
0.094
0.078
0.090
0.076
0.098
0.101
0.095
0.074
0.087
0.061
0.073
0.082
0.090
0.079
0.095
0.063
0.060
0.090
0.061
0.093
0.059
0.098
0.106
0.091
0.077
0.076
0.075
0.092
0.085
0.062
0.076
0.096
0.092
0.093
0.081
0.076
0.075
0.080
0.059
0.078
0.081
0.075
0.092
0.080
0.083
0.078
0.093
0.091
0.097
0.095
0.077
0.092
0.060
0.102
0.092
0.080
0.091
0.092
0.092
0.091
0.060
0.078
0.088
0.079
0.074
0.075
0.078
0.078
0.072
0.060
0.093
0.077
0.089
0.062
0.075
0.093
0.088
0.078
0.078
0.088
0.087
0.093
0.075
0.077
0.090
0.075
0.099
0.095
0.076
0.095
0.074
0.094
0.093
0.101
0.095
0.115
0.076
0.074
0.099
0.092
0.075
0.090
0.091
0.077
0.098
0.093
0.074
0.076
0.061
0.093
0.082
0.092
0.077
0.076
0.097
0.092
0.090
0.078
0.089
0.078
0.084
0.093
0.075
0.092
0.077
0.063
0.102
0.078
0.088
0.095
0.082
0.090
0.092
0.077
0.089
0.092
0.075
0.060
0.074
0.078
0.092
0.078
0.093
0.098
0.075
0.090
0.074
0.093
0.089
0.076
0.059
0.094
0.100
0.077
0.093
0.074
0.093
0.091
0.073
0.076
0.074
0.076
0.095
0.080
0.089
0.093
0.094
0.062
0.091
0.092
0.090
0.110
0.090
0.090
0.089
0.077
0.075
0.114
0.087
0.092
0.077
0.089
0.078
0.098
0.090
0.078
0.061
0.092
0.059
0.089
0.078
0.058
0.103
0.080
0.091
0.093
0.075
0.092
0.075
0.093
0.073
0.093
0.091
0.092
0.090
0.092
0.074
0.076
0.061
0.092
0.076
0.094
0.074
0.078
0.060
0.091
0.089
0.077
0.082
0.074
0.083
0.078
0.082
0.062
0.076
0.076
0.099
0.091
0.093
0.098
0.103
0.094
0.097
0.077
0.090
0.077
0.092
0.095
0.099
0.075
0.076
0.077
0.074
0.094
0.059
0.076
0.060
0.076
0.088
0.094
0.058
0.076
0.062
0.093
0.078
0.093
0.059
0.090
0.077
0.076
0.075
0.082
0.078
0.077
0.077
0.095
0.102
0.093
0.075
0.097
0.103
0.092
0.089
0.098
0.085
0.076
0.102
0.060
0.053
0.090
0.074
0.074
0.093
0.089
0.073
0.090
0.078
0.074
0.075
0.098
0.087
0.094
0.062
0.096
0.061
0.075
0.088
0.076
0.089
0.077
0.074
0.107
0.060
0.107
0.094
0.061
0.060
0.079
0.092
0.098
0.084
0.075
0.078
0.077
0.082
0.093
0.077
0.059
0.078
0.078
0.081
0.093
0.075
0.117
0.094
0.078
0.076
0.093
0.077
0.074
0.059
0.077
0.091
0.061
0.107
0.076
0.091
0.077
0.094
0.100
0.089
0.076
0.060
0.097
0.074
0.078
0.061
0.092
0.083
0.062
0.060
0.089
0.073
0.096
0.079
0.082
0.076
0.098
0.097
0.074
0.093
0.101
0.091
0.088
0.074
0.092
0.077
0.095
0.092
0.078
0.098
0.074
0.059
0.099
0.077
0.079
0.091
0.091
0.085
0.092
0.077
0.086
0.086
0.076
0.094
0.108
0.092
0.077
0.090
0.075
0.075
0.076
0.101
0.108
0.077
0.093
0.074
0.077
0.078
0.090
0.059
0.092
0.107
0.075
0.079
0.063
0.092
0.085
0.077
0.100
0.082
0.095
0.092
0.093
0.078
0.076
0.060
0.089
0.090
0.073
0.105
0.087
0.094
0.078
0.061
0.084
0.092
0.092
0.076
0.081
0.088
0.092
0.090
0.061
0.078
0.078
0.059
0.092
0.093
0.075
0.075
0.077
0.077
0.062
0.094
0.092
0.059
0.083
0.102
0.078
0.081
0.087
0.091
0.093
0.092
0.078
0.076
0.076
0.090
0.093
0.073
0.058
0.078
0.080
0.077
0.075
0.091
0.092
0.059
0.078
0.090
0.077
0.088
0.092
0.056
0.092
0.060
0.080
0.073
0.077
0.059
0.077
0.075
0.078
0.088
0.077
0.093
0.077
0.108
0.078
0.085
0.079
0.061
0.085
0.093
0.109
0.073
0.094
0.073
0.091
0.056
0.100
0.072
0.092
0.093
0.090
0.075
0.077
0.090
0.076
0.091
0.088
0.100
0.062
0.103
0.097
0.082
0.091
0.093
0.085
0.074
0.060
0.080
0.075
0.093
0.085
0.060
0.092
0.090
0.105
0.060
0.078
0.088
0.079
0.078
0.092
0.094
0.078
0.091
0.076
0.097
0.079
0.060
0.094
0.096
0.079
0.078
0.060
0.073
0.076
0.073
0.081
0.059
0.078
0.078
0.063
0.075
0.106
0.104
0.082
0.061
0.093
0.061
0.092
0.096
0.091
0.080
0.078
0.072
0.093
0.074
0.091
0.092
0.076
0.073
0.077
0.075
0.083
0.077
0.093
0.091
0.092
0.098
0.075
0.094
0.077
0.076
0.093
0.090
0.076
0.092
0.081
0.075
0.092
0.095
0.079
0.089
0.060
0.096
0.077
0.094
0.125
0.088
0.084
0.095
0.088
0.075
0.078
0.076
0.075
0.090
0.077
0.078
0.075
0.076
0.062
0.072
0.083
0.092
0.076
0.058
0.063
0.087
0.077
0.092
0.072
0.094
0.076
0.091
0.079
0.089
0.091
0.076
0.060
0.061
0.090
0.090
0.103
0.077
0.095
0.106
0.092
0.088
0.074
0.085
0.093
0.091
0.084
0.093
0.075
0.093
0.091
0.077
0.079
0.075
0.090
0.076
0.091
0.091
0.077
0.092
0.073
0.094
0.093
0.062
0.084
0.076
0.093
0.077
0.077
0.075
0.078
0.075
0.075
0.073
0.084
0.060
0.076
0.063
0.090
0.092
0.097
0.078
0.093
