0.130
0.113
0.105
0.085
0.076
0.080
0.081
0.098
0.076
0.088
0.082
0.079
0.082
0.084
0.059
0.081
0.091
0.092
0.096
0.093
0.099
0.082
0.087
0.077
0.097
0.078
0.092
0.091
0.093
0.078
0.080
0.079
0.093
0.096
0.094
0.092
0.096
0.108
0.063
0.086
0.099
0.080
0.082
0.079
0.089
0.087
0.078
0.084
0.079
0.099
0.077
0.101
0.082
0.094
0.079
0.077
0.093
0.081
0.076
0.089
0.095
0.095
0.078
0.098
0.093
0.091
0.083
0.115
0.095
0.095
0.099
0.092
0.081
0.079
0.075
0.098
0.089
0.062
0.095
0.092
0.076
0.089
0.217
0.097
0.095
0.092
0.079
0.096
0.084
0.093
0.092
0.092
0.077
0.095
0.078
0.096
0.092
0.095
0.093
0.065
0.078
0.096
0.080
0.089
0.092
0.062
0.081
0.092
0.093
0.093
0.088
0.080
0.078
0.093
0.095
0.089
0.102
0.095
0.073
0.098
0.081
0.063
0.094
0.096
0.079
0.093
0.095
0.089
0.077
0.111
0.077
0.083
0.103
0.093
0.090
0.080
0.093
0.092
0.078
0.079
0.077
0.080
0.090
0.102
0.082
0.096
0.082
0.095
0.077
0.078
0.061
0.131
0.092
0.095
0.093
0.091
0.083
0.093
0.092
0.096
0.076
0.077
0.079
0.078
0.091
0.081
0.090
0.077
0.066
0.092
0.094
0.096
0.076
0.094
0.094
0.076
0.096
0.080
0.095
0.063
0.092
0.078
0.087
0.094
0.106
0.093
0.095
0.092
0.098
0.094
0.073
0.091
0.105
0.065
0.099
0.108
0.089
0.079
0.080
0.094
0.090
0.080
0.094
0.077
0.080
0.093
0.074
0.095
0.074
0.078
0.078
0.099
0.084
0.094
0.087
0.093
0.100
0.078
0.096
0.079
0.089
0.078
0.094
0.096
0.090
0.077
0.080
0.093
0.080
0.098
0.072
0.093
0.076
0.092
0.086
0.106
0.063
0.101
0.076
0.093
0.077
0.088
0.093
0.080
0.099
0.097
0.062
0.080
0.077
0.095
0.096
0.091
0.079
0.080
0.103
0.081
0.095
0.079
0.093
0.077
0.075
0.097
0.073
0.099
0.078
0.078
0.083
0.091
0.093
0.078
0.080
0.078
0.077
0.095
0.093
0.094
0.066
0.080
0.077
0.080
0.093
0.087
0.080
0.077
0.093
0.068
0.083
0.078
0.089
0.092
0.090
0.081
0.090
0.092
0.095
0.093
0.094
0.080
0.095
0.078
0.093
0.092
0.090
0.112
0.102
0.092
0.081
0.093
0.090
0.082
0.092
0.093
0.092
0.092
0.077
0.082
0.077
0.094
0.094
0.096
0.092
0.097
0.077
0.092
0.079
0.099
0.089
0.096
0.100
0.092
0.098
0.078
0.077
0.081
0.086
0.093
0.079
0.092
0.100
0.096
0.101
0.079
0.093
0.091
0.089
0.078
0.094
0.077
0.095
0.093
0.084
0.110
0.101
0.101
0.088
0.092
0.082
0.094
0.073
0.076
0.078
0.094
0.091
0.092
0.096
0.092
0.079
0.092
0.076
0.096
0.078
0.077
0.093
0.062
0.085
0.080
0.121
0.082
0.080
0.062
0.093
0.110
0.088
0.077
0.096
0.093
0.064
0.095
0.075
0.077
0.092
0.091
0.092
0.094
0.093
0.092
0.096
0.098
0.092
0.095
0.093
0.091
0.092
0.091
0.092
0.093
0.088
0.078
0.096
0.093
0.076
0.102
0.094
0.108
0.076
0.098
0.078
0.109
0.096
0.090
0.096
0.102
0.093
0.081
0.093
0.091
0.097
0.090
0.094
0.082
0.090
0.079
0.089
0.078
0.090
0.098
0.092
0.079
0.094
0.091
0.078
0.104
0.250
0.079
0.084
0.079
0.101
0.081
0.079
0.092
0.097
0.094
0.089
0.078
0.090
0.101
0.080
0.081
0.089
0.095
0.099
0.099
0.077
0.080
0.094
0.094
0.095
0.088
0.078
0.077
0.062
0.081
0.092
0.078
0.093
0.078
0.094
0.094
0.087
0.078
0.098
0.078
0.103
0.096
0.093
0.094
0.079
0.083
0.079
0.098
0.090
0.094
0.079
0.093
0.085
0.096
0.100
0.078
0.079
0.079
0.062
0.082
0.090
0.092
0.081
0.088
0.075
0.095
0.071
0.092
0.095
0.079
0.094
0.095
0.091
0.095
0.109
0.092
0.075
0.081
0.094
0.078
0.093
0.088
0.079
0.080
0.092
0.077
0.094
0.078
0.073
0.081
0.081
0.091
0.085
0.078
0.084
0.081
0.083
0.092
0.062
0.078
0.074
0.080
0.085
0.079
0.065
0.078
0.076
0.080
0.059
0.088
0.096
0.092
0.087
0.079
0.101
0.095
0.077
0.080
0.064
0.099
0.076
0.093
0.077
0.079
0.075
0.095
0.080
0.084
0.094
0.073
0.091
0.110
0.077
0.078
0.094
0.078
0.080
0.102
0.099
0.108
0.077
0.079
0.080
0.076
0.090
0.095
0.119
0.092
0.089
0.080
0.062
0.095
0.106
0.095
0.094
0.080
0.091
0.089
0.094
0.061
0.094
0.098
0.081
0.094
0.086
0.078
0.080
0.095
0.089
0.079
0.096
0.063
0.074
0.083
0.093
0.094
0.100
0.097
0.094
0.078
0.089
0.079
0.094
0.118
0.097
0.081
0.075
0.080
0.060
0.077
0.061
0.084
0.076
0.094
0.073
0.083
0.060
0.082
0.079
0.090
0.091
0.108
0.076
0.095
0.059
0.103
0.094
0.093
0.107
0.099
0.083
0.095
0.076
0.076
0.082
0.082
0.086
0.085
0.093
0.087
0.059
0.079
0.091
0.093
0.079
0.093
0.076
0.080
0.091
0.093
0.088
0.084
0.080
0.097
0.061
0.109
0.095
0.079
0.079
0.078
0.078
0.078
0.094
0.088
0.102
0.079
0.093
0.077
0.091
0.094
0.095
0.079
0.073
0.094
0.078
0.079
0.063
0.094
0.079
0.092
0.076
0.099
0.061
0.064
0.094
0.092
0.077
0.078
0.062
0.077
0.094
0.078
0.095
0.079
0.093
0.092
0.104
0.079
0.084
0.079
0.102
0.079
0.078
0.102
0.060
0.078
0.077
0.093
0.063
0.099
0.077
0.078
0.078
0.098
0.096
0.092
0.077
0.095
0.076
0.094
0.078
0.093
0.086
0.102
0.089
0.094
0.083
0.092
0.094
0.080
0.108
0.080
0.080
0.077
0.078
0.093
0.091
0.078
0.095
0.078
0.080
0.080
0.077
0.102
0.065
0.078
0.109
0.098
0.076
0.093
0.091
0.082
0.089
0.093
0.093
0.097
0.110
0.098
0.095
0.077
0.090
0.099
0.081
0.078
0.094
0.092
0.059
0.093
0.076
0.091
0.062
0.094
0.078
0.102
0.081
0.093
0.088
0.099
0.086
0.094
0.087
0.101
0.091
0.094
0.091
0.094
0.077
0.077
0.077
0.078
0.085
0.085
0.093
0.079
0.080
0.062
0.093
0.094
0.093
0.092
0.091
0.079
0.100
0.061
0.082
0.061
0.080
0.079
0.090
0.092
0.080
0.083
0.085
0.079
0.093
0.094
0.105
0.062
0.081
0.078
0.088
0.095
0.079
0.092
0.081
0.078
0.078
0.083
0.089
0.084
0.061
0.094
0.092
0.103
0.092
0.077
0.079
0.079
0.093
0.081
0.078
0.094
0.092
0.084
0.105
0.077
0.062
0.084
0.090
0.094
0.090
0.080
0.092
0.078
0.092
0.084
0.091
0.097
0.103
0.094
0.062
0.095
0.094
0.080
0.060
0.094
0.061
0.078
0.099
0.081
0.105
0.079
0.077
0.095
0.101
0.082
0.064
0.085
0.080
0.094
0.086
0.096
0.060
0.078
0.079
0.094
0.078
0.078
0.107
0.089
0.091
0.085
0.097
0.093
0.075
0.088
0.092
0.084
0.095
0.085
0.096
0.093
0.094
0.078
0.078
0.098
0.061
0.092
0.088
0.094
0.078
0.094
0.085
0.078
0.095
0.105
0.077
0.080
0.098
0.094
0.075
0.094
0.095
0.078
0.079
0.078
0.077
0.093
0.087
0.093
0.079
0.093
0.077
0.083
0.077
0.084
0.092
0.080
0.078
0.078
0.073
0.094
0.079
0.083
0.060
0.110
0.090
0.089
0.097
0.101
0.095
0.080
0.077
0.080
0.080
0.099
0.078
0.077
0.079
0.095
0.077
0.093
0.094
0.094
0.080
0.077
0.078
0.077
0.089
0.090
0.078
0.095
0.065
0.092
0.077
0.064
0.075
0.081
0.086
0.079
0.061
0.107
0.078
0.094
0.081
0.090
0.100
0.097
0.078
0.077
0.077
0.079
0.079
0.080
0.076
0.095
0.076
0.092
0.078
0.095
0.077
0.091
0.081
0.091
0.095
0.078
0.090
0.095
0.094
0.079
0.094
0.076
0.078
0.080
0.081
0.079
0.080
0.079
0.074
0.063
0.092
0.105
0.095
0.077
0.086
0.091
0.079
0.080
0.095
0.081
0.096
0.084
0.078
0.078
0.100
0.096
0.093
0.084
0.080
0.080
0.095
0.080
0.093
0.092
0.091
0.083
0.077
0.092
0.098
0.094
0.061
0.094
0.079
0.098
0.060
0.095
0.110
0.098
0.076
0.080
0.094
0.078
0.100
0.078
0.081
0.082
0.076
0.080
0.064
0.077
0.092
0.096
0.075
0.094
0.089
0.104
0.091
0.094
0.060
0.078
0.078
0.080
0.061
0.079
0.077
0.077
0.080
0.097
0.094
0.080
0.086
0.081
0.080
0.097
0.094
0.080
0.078
0.094
0.078
0.101
0.062
0.095
0.077
0.097
0.094
0.093
0.061
0.079
0.077
0.079
0.091
0.094
0.084
0.102
0.060
0.094
0.078
0.088
0.076
0.080
0.074
0.092
0.093
0.099
0.074
0.100
0.092
0.062
0.092
0.079
0.078
0.079
0.094
0.091
0.080
0.079
0.092
0.100
0.095
0.093
0.247
0.091
0.094
0.079
0.075
0.094
0.093
0.093
0.094
0.091
0.081
0.078
0.091
0.105
0.097
0.097
0.105
0.077
0.080
0.063
0.090
0.080
0.090
0.083
0.078
0.100
0.081
0.079
0.091
0.094
0.094
0.091
0.094
0.078
0.090
0.086
0.092
0.079
0.090
0.080
0.086
0.093
0.096
0.109
0.092
0.094
0.097
0.079
0.080
0.119
0.080
0.101
0.090
0.093
0.109
0.093
0.075
0.080
0.090
0.080
0.097
0.094
0.092
0.080
0.080
0.106
0.062
0.092
0.077
0.095
0.111
0.079
0.094
0.081
0.081
0.094
0.064
0.094
0.092
0.094
0.079
0.098
0.076
0.079
0.090
0.092
0.078
0.093
0.085
0.093
0.087
0.089
0.077
0.084
0.094
0.099
0.100
0.078
0.076
0.080
0.089
0.094
0.094
0.078
0.078
0.095
0.095
0.095
0.099
0.093
0.091
0.094
0.099
0.079
0.094
0.096
0.077
0.094
0.062
0.083
0.079
0.092
0.091
0.094
0.092
0.079
0.081
0.080
0.108
0.078
0.093
0.079
0.093
0.092
0.063
0.079
0.084
0.080
0.080
0.079
0.092
0.089
0.097
0.065
0.076
0.083
0.094
0.094
0.091
0.080
0.081
0.092
0.091
0.080
0.093
0.087
0.094
0.092
0.094
0.079
0.093
0.095
0.093
0.094
0.087
0.078
0.080
0.102
0.096
0.098
0.080
0.089
0.092
0.095
0.093
0.092
0.096
0.081
0.075
0.089
0.079
0.092
0.087
0.079
0.117
0.094
0.076
0.092
0.089
0.079
0.078
0.087
0.062
0.078
0.093
0.080
0.099
0.092
0.077
0.079
0.077
0.063
0.091
0.078
0.082
0.094
0.082
0.097
0.089
0.080
0.095
0.078
0.095
0.094
0.077
0.082
0.077
0.085
0.066
0.079
0.079
0.079
0.096
0.093
0.101
0.095
0.077
0.102
0.092
0.062
0.094
0.096
0.094
0.081
0.078
0.078
0.062
0.096
0.074
0.093
0.093
0.095
0.079
0.062
0.060
0.091
0.092
0.090
0.077
0.090
0.095
0.092
0.108
0.093
0.084
0.078
0.078
0.080
0.080
0.092
0.089
0.093
0.062
0.076
0.082
0.094
0.097
0.096
0.133
0.094
0.095
0.094
0.101
0.079
0.095
0.078
0.098
0.062
0.096
0.095
0.096
0.079
0.094
0.079
0.084
0.074
0.089
0.094
0.096
0.099
0.099
0.089
0.059
0.094
0.076
0.076
0.094
0.095
0.077
0.106
0.089
0.094
0.093
0.097
0.095
0.093
0.061
0.092
0.096
0.075
0.076
0.101
0.101
0.125
0.086
0.094
0.087
0.079
0.087
0.084
0.090
0.079
0.096
0.079
0.078
0.092
0.078
0.094
0.076
0.089
0.062
0.092
0.121
0.095
0.095
0.061
0.078
0.079
