0.191
0.089
0.077
0.106
0.092
0.099
0.093
0.098
0.093
0.109
0.076
0.065
0.097
0.097
0.076
0.118
0.084
0.096
0.082
0.098
0.076
0.083
0.078
0.098
0.060
0.076
0.092
0.081
0.085
0.101
0.076
0.080
0.081
0.112
0.096
0.096
0.076
0.077
0.091
0.103
0.076
0.097
0.077
0.101
0.090
0.084
0.092
0.078
0.077
0.098
0.076
0.101
0.082
0.081
0.096
0.082
0.077
0.108
0.092
0.079
0.077
0.080
0.092
0.087
0.096
0.096
0.099
0.062
0.091
0.082
0.094
0.085
0.063
0.096
0.060
0.100
0.096
0.080
0.095
0.096
0.105
0.084
0.097
0.079
0.101
0.082
0.083
0.084
0.092
0.096
0.096
0.100
0.075
0.066
0.081
0.098
0.078
0.087
0.091
0.101
0.090
0.095
0.092
0.080
0.090
0.084
0.082
0.081
0.088
0.086
0.092
0.102
0.090
0.095
0.099
0.085
0.076
0.101
0.081
0.085
0.106
0.097
0.094
0.088
0.079
0.076
0.083
0.078
0.078
0.088
0.082
0.082
0.081
0.097
0.090
0.100
0.077
0.096
0.075
0.097
0.093
0.097
0.081
0.097
0.094
0.080
0.091
0.098
0.081
0.096
0.081
0.081
0.107
0.084
0.082
0.082
0.082
0.097
0.091
0.087
0.077
0.096
0.079
0.102
0.091
0.094
0.095
0.062
0.107
0.094
0.081
0.099
0.085
0.098
0.096
0.109
0.093
0.101
0.091
0.095
0.089
0.078
0.077
0.084
0.097
0.103
0.060
0.062
0.094
0.102
0.075
0.103
0.079
0.106
0.088
0.084
0.096
0.081
0.063
0.097
0.077
0.065
0.062
0.064
0.099
0.063
0.091
0.083
0.088
0.096
0.066
0.080
0.093
0.102
0.076
0.082
0.086
0.097
0.091
0.102
0.096
0.097
0.095
0.097
0.060
0.084
0.081
0.081
0.076
0.078
0.091
0.102
0.081
0.098
0.081
0.063
0.076
0.101
0.095
0.096
0.097
0.093
0.077
0.093
0.095
0.093
0.091
0.078
0.094
0.103
0.093
0.080
0.097
0.079
0.077
0.087
0.092
0.096
0.093
0.098
0.060
0.083
0.061
0.082
0.082
0.094
0.092
0.064
0.075
0.080
0.083
0.099
0.099
0.101
0.082
0.081
0.097
0.102
0.094
0.086
0.096
0.097
0.064
0.080
0.100
0.089
0.095
0.062
0.102
0.096
0.092
0.102
0.077
0.081
0.092
0.097
0.093
0.108
0.099
0.097
0.083
0.076
0.076
0.103
0.102
0.093
0.079
0.085
0.077
0.065
0.079
0.097
0.083
0.097
0.099
0.083
0.066
0.079
0.065
0.082
0.094
0.084
0.081
0.085
0.095
0.096
0.091
0.068
0.096
0.080
0.075
0.096
0.076
0.083
0.076
0.100
0.104
0.097
0.092
0.101
0.098
0.098
0.096
0.082
0.096
0.100
0.080
0.060
0.079
0.093
0.076
0.105
0.102
0.079
0.079
0.093
0.092
0.096
0.079
0.093
0.079
0.116
0.075
0.101
0.100
0.096
0.077
0.098
0.091
0.103
0.079
0.062
0.098
0.076
0.061
0.107
0.093
0.080
0.092
0.108
0.075
0.097
0.094
0.082
0.096
0.096
0.094
0.099
0.076
0.099
0.079
0.081
0.093
0.085
0.105
0.078
0.092
0.096
0.075
0.103
0.093
0.093
0.081
0.082
0.094
0.102
0.100
0.078
0.083
0.085
0.094
0.094
0.078
0.116
0.084
0.098
0.091
0.101
0.093
0.080
0.095
0.081
0.092
0.100
0.111
0.103
0.257
0.078
0.060
0.101
0.084
0.081
0.097
0.097
0.307
0.084
0.069
0.231
0.096
0.314
0.309
0.079
0.094
0.083
0.226
0.082
0.066
0.096
0.092
0.082
0.064
0.083
0.078
0.097
0.063
0.255
0.080
0.249
0.062
0.098
0.228
0.105
0.084
0.077
0.094
0.087
0.208
0.065
0.252
0.083
0.082
0.079
0.066
0.089
0.254
0.082
0.101
0.117
0.077
0.083
0.087
0.096
0.075
0.085
0.079
0.084
0.084
0.064
0.077
0.095
0.081
0.097
0.059
0.080
0.082
0.084
0.082
0.091
0.081
0.102
0.092
0.095
0.092
0.102
0.098
0.083
0.075
0.079
0.079
0.095
0.082
0.098
0.091
0.103
0.079
0.098
0.095
0.081
0.089
0.105
0.098
0.080
0.093
0.077
0.094
0.099
0.081
0.101
0.095
0.110
0.093
0.065
0.092
0.085
0.078
0.060
0.078
0.101
0.085
0.095
0.074
0.093
0.094
0.103
0.092
0.102
0.097
0.078
0.102
0.109
0.092
0.098
0.077
0.080
0.100
0.084
0.075
0.096
0.097
0.101
0.093
0.101
0.111
0.098
0.096
0.096
0.091
0.079
0.094
0.098
0.082
0.097
0.076
0.097
0.080
0.082
0.075
0.096
0.089
0.095
0.095
0.096
0.091
0.095
0.093
0.101
0.091
0.078
0.092
0.078
0.074
0.091
0.126
0.104
0.079
0.098
0.083
0.099
0.091
0.098
0.078
0.098
0.076
0.102
0.081
0.079
0.096
0.084
0.106
0.102
0.067
0.081
0.092
0.102
0.098
0.100
0.078
0.099
0.079
0.103
0.073
0.100
0.078
0.097
0.107
0.095
0.077
0.084
0.100
0.095
0.094
0.079
0.092
0.101
0.060
0.096
0.095
0.079
0.092
0.087
0.088
0.097
0.093
0.099
0.091
0.100
0.063
0.078
0.104
0.097
0.075
0.089
0.091
0.085
0.097
0.100
0.092
0.103
0.092
0.081
0.096
0.097
0.077
0.082
0.061
0.098
0.095
0.062
0.075
0.100
0.079
0.080
0.092
0.096
0.075
0.081
0.091
0.098
0.077
0.100
0.099
0.103
0.080
0.096
0.097
0.097
0.096
0.067
0.080
0.098
0.097
0.102
0.093
0.066
0.093
0.081
0.083
0.082
0.076
0.106
0.081
0.092
0.096
0.112
0.092
0.110
0.080
0.097
0.097
0.104
0.091
0.101
0.082
0.097
0.095
0.098
0.076
0.084
0.079
0.104
0.076
0.093
0.092
0.084
0.092
0.096
0.076
0.061
0.092
0.109
0.079
0.103
0.092
0.097
0.076
0.101
0.105
0.079
0.099
0.079
0.077
0.083
0.077
0.096
0.077
0.097
0.091
0.084
0.074
0.104
0.078
0.081
0.076
0.101
0.096
0.096
0.103
0.098
0.089
0.107
0.091
0.097
0.091
0.096
0.076
0.101
0.062
0.095
0.080
0.093
0.089
0.084
0.092
0.096
0.083
0.096
0.093
0.105
0.093
0.080
0.103
0.098
0.106
0.108
0.076
0.084
0.094
0.107
0.091
0.109
0.081
0.099
0.099
0.081
0.091
0.103
0.092
0.096
0.092
0.098
0.091
0.083
0.085
0.080
0.095
0.095
0.093
0.084
0.077
0.081
0.076
0.097
0.090
0.083
0.093
0.098
0.080
0.096
0.093
0.102
0.093
0.079
0.083
0.079
0.087
0.105
0.094
0.079
0.092
0.095
0.109
0.111
0.089
0.079
0.107
0.108
0.092
0.101
0.080
0.086
0.089
0.081
0.080
0.098
0.091
0.096
0.075
0.077
0.073
0.091
0.095
0.079
0.092
0.097
0.089
0.114
0.098
0.081
0.093
0.083
0.085
0.096
0.086
0.097
0.088
0.082
0.061
0.078
0.097
0.079
0.093
0.096
0.077
0.102
0.092
0.096
0.103
0.098
0.093
0.080
0.095
0.093
0.077
0.079
0.079
0.116
0.083
0.076
0.100
0.097
0.089
0.097
0.079
0.063
0.092
0.096
0.077
0.082
0.094
0.080
0.081
0.080
0.107
0.080
0.105
0.082
0.086
0.078
0.082
0.107
0.082
0.095
0.092
0.081
0.093
0.095
0.097
0.097
0.082
0.096
0.075
0.101
0.095
0.096
0.097
0.100
0.090
0.062
0.096
0.101
0.082
0.096
0.087
0.101
0.099
0.080
0.107
0.097
0.088
0.092
0.097
0.083
0.093
0.099
0.092
0.097
0.096
0.074
0.095
0.063
0.098
0.096
0.092
0.081
0.095
0.097
0.075
0.102
0.089
0.096
0.081
0.097
0.076
0.101
0.065
0.102
0.079
0.107
0.093
0.098
0.097
0.081
0.095
0.081
0.075
0.084
0.095
0.080
0.106
0.096
0.093
0.096
0.096
0.078
0.096
0.097
0.091
0.083
0.096
0.096
0.080
0.097
0.091
0.099
0.078
0.101
0.093
0.078
0.101
0.097
0.082
0.081
0.098
0.080
0.090
0.084
0.083
0.079
0.078
0.098
0.079
0.101
0.082
0.097
0.080
0.081
0.092
0.101
0.098
0.079
0.077
0.097
0.076
0.104
0.079
0.102
0.093
0.061
0.098
0.068
0.075
0.097
0.079
0.098
0.077
0.101
0.075
0.078
0.091
0.079
0.075
0.103
0.109
0.096
0.082
0.095
0.092
0.082
0.100
0.095
0.062
0.077
0.093
0.084
0.093
0.098
0.095
0.110
0.092
0.105
0.094
0.096
0.092
0.089
0.076
0.102
0.092
0.096
0.088
0.096
0.092
0.098
0.089
0.096
0.076
0.080
0.076
0.111
0.063
0.081
0.096
0.095
0.100
0.085
0.076
0.102
0.092
0.079
0.076
0.102
0.082
0.101
0.065
0.096
0.092
0.088
0.100
0.098
0.094
0.078
0.060
0.085
0.097
0.095
0.093
0.098
0.093
0.078
0.096
0.085
0.099
0.096
0.088
0.099
0.098
0.097
0.081
0.080
0.092
0.097
0.079
0.107
0.096
0.092
0.091
0.095
0.094
0.080
0.085
0.100
0.094
0.101
0.079
0.095
0.078
0.096
0.092
0.101
0.077
0.094
0.078
0.097
0.098
0.098
0.087
0.090
0.073
0.077
0.083
0.100
0.076
0.085
0.083
0.078
0.091
0.097
0.080
0.090
0.077
0.077
0.075
0.082
0.076
0.080
0.097
0.080
0.076
0.088
0.061
0.098
0.096
0.097
0.075
0.083
0.078
0.081
0.076
0.092
0.093
0.101
0.059
0.097
0.093
0.097
0.092
0.102
0.081
0.078
0.076
0.096
0.088
0.097
0.081
0.098
0.088
0.097
0.090
0.085
0.092
0.097
0.060
0.099
0.085
0.101
0.079
0.096
0.097
0.081
0.087
0.116
0.062
0.081
0.079
0.081
0.091
0.099
0.096
0.081
0.096
0.095
0.093
0.083
0.093
0.079
0.077
0.101
0.078
0.099
0.095
0.098
0.063
0.096
0.092
0.087
0.060
0.105
0.095
0.079
0.079
0.081
0.098
0.099
0.094
0.062
0.084
0.071
0.076
0.109
0.092
0.080
0.098
0.100
0.090
0.102
0.082
0.080
0.090
0.068
0.084
0.094
0.083
0.095
0.088
0.100
0.094
0.097
0.079
0.097
0.091
0.101
0.098
0.093
0.083
0.095
0.076
0.096
0.089
0.102
0.076
0.081
0.091
0.084
0.079
0.081
0.101
0.100
0.098
0.078
0.092
0.078
0.096
0.102
0.077
0.102
0.082
0.080
0.097
0.081
0.077
0.099
0.092
0.101
0.077
0.097
0.076
0.085
0.096
0.077
0.098
0.096
0.060
0.084
0.092
0.101
0.095
0.098
0.084
0.097
0.093
0.064
0.102
0.096
0.092
0.100
0.082
0.102
0.079
0.078
0.078
0.089
0.098
0.098
0.060
0.095
0.089
0.083
0.097
0.079
0.095
0.098
0.077
0.102
0.101
0.096
0.098
0.092
0.092
0.101
0.106
0.096
0.085
0.096
0.091
0.085
0.088
0.097
0.094
0.099
0.091
0.100
0.082
0.080
0.093
0.098
0.078
0.099
0.106
0.078
0.081
0.097
0.060
0.097
0.077
0.098
0.076
0.080
0.095
0.100
0.081
0.114
0.075
0.079
0.104
0.101
0.113
0.083
0.088
0.094
0.077
0.114
0.076
0.080
0.078
0.095
0.087
0.104
0.095
0.080
0.093
0.080
0.075
0.084
0.078
0.101
0.105
0.099
0.059
0.098
0.077
0.093
0.074
0.076
0.091
0.107
0.084
0.095
0.081
0.113
0.077
0.101
0.078
0.081
0.060
0.097
0.060
0.084
0.096
0.079
0.076
0.099
0.094
0.066
0.084
0.097
0.073
0.081
0.100
0.089
0.076
0.063
0.081
0.096
0.106
0.096
0.081
0.097
0.060
0.093
0.076
0.102
0.093
0.081
0.060
0.081
0.094
0.084
0.079
0.087
0.060
0.099
0.093
0.099
0.097
0.097
0.065
0.097
0.088
0.098
0.096
0.112
0.083
0.096
0.093
0.112
0.076
0.082
0.096
0.096
0.104
0.102
0.058
0.096
0.062
0.099
0.092
0.086
0.077
0.078
0.091
0.063
0.083
0.082
0.077
0.102
0.090
0.097
0.076
0.100
0.097
0.097
