0.113
0.108
0.109
0.112
0.087
0.087
0.076
0.084
0.071
0.085
0.086
0.084
0.093
0.075
0.060
0.089
0.084
0.073
0.075
0.087
0.074
0.077
0.118
0.072
0.077
0.069
0.088
0.073
0.091
0.095
0.063
0.086
0.084
0.087
0.074
0.093
0.085
0.101
0.087
0.089
0.087
0.089
0.092
0.074
0.096
0.076
0.086
0.088
0.076
0.106
0.073
0.093
0.070
0.095
0.091
0.088
0.074
0.077
0.087
0.084
0.075
0.073
0.085
0.095
0.084
0.074
0.090
0.089
0.086
0.077
0.057
0.073
0.089
0.087
0.057
0.078
0.086
0.075
0.076
0.087
0.085
0.089
0.088
0.101
0.089
0.084
0.074
0.089
0.070
0.087
0.060
0.074
0.070
0.082
0.093
0.085
0.076
0.083
0.057
0.095
0.085
0.075
0.076
0.085
0.087
0.085
0.073
0.072
0.089
0.077
0.057
0.088
0.087
0.087
0.059
0.086
0.074
0.088
0.073
0.087
0.075
0.073
0.089
0.091
0.086
0.086
0.096
0.098
0.093
0.088
0.074
0.087
0.088
0.087
0.071
0.089
0.088
0.073
0.089
0.087
0.075
0.088
0.099
0.074
0.076
0.075
0.058
0.077
0.074
0.074
0.095
0.102
0.059
0.076
0.098
0.074
0.075
0.073
0.092
0.090
0.073
0.085
0.099
0.087
0.070
0.077
0.074
0.075
0.073
0.083
0.091
0.094
0.059
0.086
0.060
0.087
0.073
0.090
0.087
0.074
0.084
0.060
0.072
0.075
0.071
0.076
0.081
0.086
0.070
0.095
0.073
0.094
0.075
0.086
0.060
0.091
0.087
0.073
0.088
0.086
0.088
0.094
0.093
0.084
0.094
0.098
0.087
0.092
0.074
0.074
0.075
0.072
0.084
0.075
0.074
0.087
0.076
0.086
0.081
0.095
0.073
0.092
0.090
0.074
0.081
0.091
0.093
0.093
0.060
0.085
0.058
0.088
0.103
0.075
0.088
0.086
0.057
0.089
0.091
0.083
0.089
0.087
0.098
0.094
0.086
0.074
0.059
0.086
0.070
0.092
0.086
0.087
0.090
0.074
0.073
0.088
0.072
0.088
0.076
0.075
0.070
0.076
0.072
0.075
0.094
0.095
0.079
0.076
0.086
0.074
0.088
0.087
0.084
0.090
0.071
0.085
0.082
0.075
0.083
0.087
0.071
0.088
0.059
0.098
0.060
0.092
0.073
0.087
0.060
0.073
0.086
0.098
0.084
0.091
0.074
0.075
0.084
0.078
0.086
0.086
0.078
0.089
0.073
0.076
0.060
0.075
0.090
0.087
0.086
0.090
0.059
0.076
0.088
0.075
0.073
0.089
0.070
0.086
0.075
0.076
0.075
0.089
0.072
0.073
0.072
0.093
0.085
0.087
0.074
0.086
0.096
0.079
0.058
0.086
0.087
0.087
0.094
0.088
0.070
0.085
0.085
0.086
0.090
0.093
0.073
0.085
0.057
0.073
0.089
0.080
0.089
0.076
0.057
0.075
0.073
0.074
0.073
0.082
0.090
0.086
0.075
0.088
0.059
0.087
0.074
0.086
0.078
0.086
0.057
0.075
0.059
0.074
0.077
0.074
0.089
0.079
0.085
0.074
0.075
0.087
0.088
0.090
0.086
0.072
0.061
0.074
0.071
0.079
0.069
0.081
0.060
0.075
0.094
0.077
0.072
0.076
0.085
0.076
0.072
0.084
0.086
0.091
0.075
0.082
0.102
0.091
0.072
0.075
0.075
0.087
0.072
0.075
0.087
0.088
0.060
0.093
0.058
0.095
0.072
0.081
0.060
0.095
0.059
0.059
0.060
0.086
0.104
0.074
0.086
0.073
0.092
0.071
0.101
0.076
0.072
0.089
0.087
0.070
0.087
0.073
0.103
0.100
0.085
0.073
0.086
0.082
0.084
0.088
0.086
0.085
0.089
0.073
0.088
0.097
0.073
0.074
0.076
0.103
0.075
0.077
0.072
0.094
0.079
0.084
0.085
0.095
0.073
0.074
0.090
0.083
0.072
0.096
0.070
0.085
0.081
0.085
0.094
0.075
0.073
0.074
0.074
0.086
0.075
0.076
0.057
0.085
0.094
0.073
0.085
0.088
0.078
0.088
0.076
0.086
0.074
0.089
0.073
0.074
0.089
0.086
0.094
0.077
0.087
0.085
0.095
0.094
0.091
0.095
0.101
0.091
0.077
0.075
0.071
0.089
0.078
0.086
0.090
0.073
0.074
0.098
0.102
0.085
0.077
0.080
0.073
0.091
0.080
0.091
0.099
0.073
0.103
0.089
0.074
0.086
0.071
0.086
0.073
0.089
0.072
0.094
0.106
0.085
0.076
0.077
0.092
0.085
0.077
0.087
0.091
0.098
0.074
0.087
0.085
0.074
0.059
0.090
0.086
0.073
0.089
0.101
0.056
0.105
0.085
0.091
0.083
0.083
0.074
0.086
0.071
0.074
0.070
0.074
0.095
0.090
0.072
0.091
0.089
0.073
0.081
0.089
0.080
0.073
0.092
0.072
0.071
0.089
0.073
0.073
0.086
0.082
0.068
0.085
0.096
0.087
0.084
0.082
0.073
0.089
0.074
0.086
0.099
0.089
0.088
0.085
0.084
0.090
0.060
0.094
0.057
0.090
0.088
0.088
0.074
0.075
0.086
0.077
0.070
0.087
0.059
0.098
0.094
0.089
0.086
0.086
0.060
0.074
0.072
0.083
0.087
0.074
0.093
0.073
0.081
0.089
0.060
0.088
0.076
0.086
0.073
0.088
0.075
0.073
0.076
0.086
0.074
0.088
0.087
0.081
0.072
0.086
0.073
0.082
0.059
0.087
0.075
0.087
0.069
0.082
0.084
0.092
0.072
0.085
0.086
0.083
0.083
0.074
0.060
0.087
0.058
0.094
0.087
0.087
0.073
0.074
0.072
0.089
0.057
0.083
0.076
0.086
0.057
0.081
0.057
0.074
0.073
0.083
0.073
0.092
0.074
0.086
0.076
0.089
0.074
0.089
0.058
0.094
0.072
0.073
0.056
0.079
0.083
0.074
0.060
0.083
0.094
0.082
0.074
0.090
0.074
0.073
0.072
0.075
0.074
0.082
0.075
0.073
0.083
0.075
0.073
0.080
0.087
0.099
0.058
0.096
0.074
0.086
0.077
0.072
0.084
0.091
0.086
0.087
0.092
0.081
0.086
0.075
0.084
0.073
0.059
0.090
0.074
0.074
0.073
0.074
0.085
0.086
0.083
0.092
0.073
0.075
0.059
0.074
0.087
0.097
0.072
0.085
0.089
0.080
0.062
0.090
0.074
0.089
0.080
0.086
0.069
0.089
0.094
0.077
0.102
0.094
0.057
0.089
0.078
0.075
0.075
0.075
0.073
0.092
0.058
0.076
0.075
0.085
0.061
0.095
0.101
0.085
0.076
0.085
0.086
0.076
0.069
0.072
0.060
0.082
0.058
0.083
0.074
0.087
0.089
0.086
0.072
0.089
0.072
0.087
0.090
0.074
0.057
0.088
0.072
0.091
0.077
0.082
0.070
0.075
0.070
0.081
0.058
0.073
0.081
0.075
0.058
0.088
0.074
0.073
0.086
0.091
0.072
0.057
0.094
0.058
0.075
0.075
0.095
0.085
0.078
0.087
0.086
0.085
0.087
0.091
0.075
0.072
0.086
0.074
0.084
0.085
0.091
0.076
0.073
0.075
0.069
0.058
0.073
0.091
0.083
0.075
0.058
0.083
0.078
0.083
0.074
0.075
0.058
0.087
0.091
0.060
0.080
0.096
0.077
0.298
0.076
0.073
0.087
0.089
0.082
0.071
0.089
0.087
0.089
0.108
0.073
0.074
0.074
0.074
0.072
0.085
0.088
0.087
0.061
0.069
0.076
0.091
0.086
0.072
0.074
0.073
0.080
0.096
0.087
0.073
0.090
0.084
0.084
0.086
0.087
0.074
0.074
0.086
0.071
0.100
0.059
0.057
0.092
0.086
0.072
0.085
0.075
0.073
0.088
0.085
0.072
0.091
0.058
0.100
0.076
0.087
0.074
0.082
0.072
0.074
0.074
0.070
0.074
0.070
0.074
0.086
0.089
0.073
0.083
0.089
0.085
0.073
0.077
0.073
0.074
0.086
0.073
0.085
0.087
0.087
0.071
0.088
0.074
0.075
0.075
0.093
0.073
0.086
0.094
0.085
0.076
0.074
0.078
0.090
0.081
0.074
0.084
0.090
0.086
0.090
0.059
0.094
0.076
0.074
0.072
0.080
0.073
0.073
0.076
0.077
0.060
0.091
0.089
0.085
0.076
0.079
0.086
0.084
0.074
0.076
0.091
0.083
0.073
0.110
0.071
0.059
0.077
0.090
0.088
0.082
0.087
0.087
0.076
0.083
0.080
0.087
0.083
0.091
0.075
0.086
0.058
0.087
0.086
0.082
0.088
0.088
0.095
0.088
0.071
0.088
0.089
0.087
0.071
0.088
0.059
0.086
0.072
0.075
0.060
0.088
0.073
0.099
0.098
0.074
0.058
0.081
0.079
0.060
0.076
0.074
0.078
0.087
0.072
0.075
0.087
0.074
0.059
0.072
0.058
0.091
0.058
0.086
0.074
0.076
0.075
0.090
0.102
0.087
0.072
0.072
0.072
0.087
0.076
0.085
0.060
0.085
0.084
0.081
0.074
0.088
0.093
0.074
0.058
0.074
0.086
0.073
0.081
0.083
0.078
0.074
0.060
0.086
0.074
0.084
0.092
0.088
0.076
0.088
0.092
0.087
0.086
0.090
0.071
0.074
0.091
0.088
0.085
0.086
0.088
0.086
0.072
0.061
0.082
0.088
0.059
0.086
0.093
0.072
0.086
0.089
0.089
0.075
0.075
0.061
0.080
0.086
0.072
0.087
0.070
0.070
0.073
0.090
0.060
0.084
0.087
0.073
0.087
0.087
0.059
0.074
0.075
0.072
0.085
0.084
0.075
0.082
0.073
0.079
0.083
0.060
0.072
0.053
0.090
0.088
0.087
0.059
0.078
0.086
0.060
0.088
0.073
0.089
0.093
0.086
0.075
0.060
0.085
0.088
0.083
0.086
0.072
0.084
0.084
0.087
0.083
0.072
0.073
0.087
0.086
0.086
0.087
0.083
0.087
0.102
0.074
0.087
0.074
0.086
0.075
0.075
0.072
0.093
0.074
0.085
0.075
0.094
0.085
0.088
0.058
0.071
0.088
0.075
0.075
0.082
0.059
0.093
0.087
0.093
0.071
0.087
0.080
0.074
0.088
0.086
0.058
0.080
0.095
0.088
0.087
0.075
0.070
0.072
0.073
0.077
0.087
0.088
0.100
0.075
0.087
0.086
0.087
0.072
0.097
0.089
0.059
0.080
0.071
0.087
0.093
0.076
0.074
0.094
0.088
0.095
0.085
0.091
0.061
0.088
0.071
0.074
0.073
0.087
0.058
0.086
0.074
0.076
0.086
0.087
0.090
0.085
0.088
0.076
0.085
0.074
0.096
0.087
0.097
0.078
0.057
0.076
0.087
0.072
0.086
0.099
0.058
0.094
0.105
0.095
0.073
0.096
0.088
0.087
0.083
0.060
0.075
0.088
0.058
0.074
0.087
0.076
0.094
0.087
0.093
0.087
0.092
0.058
0.070
0.088
0.074
0.079
0.072
0.083
0.090
0.087
0.059
0.085
0.098
0.085
0.088
0.074
0.087
0.060
0.086
0.097
0.071
0.095
0.074
0.070
0.089
0.085
0.072
0.074
0.059
0.073
0.060
0.075
0.085
0.088
0.086
0.073
0.063
0.088
0.080
0.075
0.060
0.091
0.074
0.076
0.086
0.072
0.059
0.083
0.059
0.088
0.087
0.088
0.073
0.060
0.077
0.087
0.074
0.077
0.091
0.091
0.073
0.081
0.089
0.075
0.088
0.074
0.059
0.084
0.074
0.086
0.073
0.087
0.073
0.091
0.058
0.081
0.072
0.087
0.087
0.087
0.073
0.094
0.059
0.085
0.073
0.087
0.086
0.075
0.075
0.087
0.088
0.122
0.083
0.075
0.060
0.087
0.098
0.088
0.071
0.088
0.088
0.071
0.074
0.061
0.094
0.089
0.103
0.083
0.094
0.076
0.072
0.089
0.087
0.085
0.073
0.088
0.058
0.093
0.080
0.074
0.076
0.090
0.058
0.087
0.087
0.084
0.073
0.074
0.085
0.099
0.086
0.090
0.091
0.076
0.057
0.072
0.059
0.088
0.075
0.076
0.086
0.089
0.074
0.070
0.058
0.059
0.087
0.094
0.075
0.083
0.088
0.074
0.058
0.072
0.073
0.086
0.087
0.085
0.082
0.094
0.058
0.078
0.093
0.109
0.059
0.087
0.087
0.074
0.082
0.071
0.087
0.087
0.073
0.073
0.076
0.087
0.080
0.072
0.088
0.085
0.075
0.088
0.086
0.083
0.070
0.085
0.088
0.075
0.090
0.086
0.070
0.071
0.081
0.069
0.074
0.059
0.060
0.072
0.059
0.094
0.072
0.093
0.085
0.072
0.075
0.085
0.086
0.086
0.087
0.084
0.073
0.100
0.059
0.073
0.086
0.097
