0.087
0.114
0.115
0.108
0.106
0.090
0.113
0.094
0.080
0.095
0.097
0.080
0.062
0.089
0.081
0.075
0.095
0.092
0.097
0.103
0.081
0.077
0.079
0.086
0.078
0.078
0.096
0.077
0.080
0.095
0.063
0.093
0.079
0.076
0.097
0.062
0.079
0.065
0.093
0.102
0.095
0.076
0.091
0.079
0.093
0.097
0.103
0.077
0.080
0.077
0.080
0.079
0.080
0.075
0.062
0.100
0.062
0.062
0.081
0.062
0.095
0.092
0.078
0.099
0.062
0.092
0.080
0.079
0.095
0.080
0.078
0.093
0.080
0.095
0.109
0.095
0.095
0.103
0.062
0.063
0.078
0.095
0.080
0.081
0.079
0.090
0.077
0.061
0.095
0.072
0.078
0.096
0.094
0.061
0.080
0.078
0.081
0.094
0.094
0.080
0.095
0.092
0.078
0.079
0.100
0.077
0.096
0.062
0.077
0.062
0.094
0.076
0.094
0.078
0.064
0.079
0.093
0.079
0.079
0.094
0.095
0.062
0.079
0.075
0.095
0.094
0.077
0.080
0.093
0.078
0.096
0.094
0.103
0.077
0.076
0.101
0.095
0.093
0.080
0.061
0.060
0.077
0.089
0.092
0.095
0.094
0.095
0.080
0.093
0.089
0.060
0.060
0.062
0.086
0.099
0.080
0.100
0.060
0.096
0.094
0.094
0.077
0.094
0.093
0.079
0.078
0.078
0.087
0.094
0.078
0.079
0.078
0.079
0.095
0.099
0.097
0.078
0.077
0.080
0.083
0.077
0.077
0.107
0.078
0.078
0.061
0.080
0.090
0.079
0.062
0.079
0.079
0.080
0.078
0.095
0.080
0.089
0.106
0.092
0.083
0.080
0.077
0.074
0.094
0.097
0.091
0.103
0.060
0.100
0.092
0.085
0.061
0.062
0.078
0.094
0.062
0.077
0.075
0.079
0.102
0.095
0.077
0.080
0.078
0.078
0.081
0.095
0.107
0.077
0.104
0.079
0.061
0.094
0.096
0.095
0.090
0.063
0.077
0.076
0.089
0.095
0.115
0.096
0.078
0.091
0.063
0.094
0.060
0.061
0.061
0.107
0.079
0.090
0.079
0.078
0.084
0.078
0.077
0.111
0.078
0.084
0.094
0.079
0.095
0.096
0.103
0.065
0.111
0.124
0.093
0.103
0.097
0.094
0.084
0.089
0.063
0.083
0.102
0.077
0.106
0.061
0.094
0.081
0.079
0.079
0.079
0.090
0.078
0.083
0.095
0.096
0.061
0.095
0.078
0.078
0.077
0.095
0.078
0.095
0.111
0.099
0.079
0.077
0.076
0.078
0.077
0.079
0.080
0.078
0.093
0.077
0.095
0.078
0.080
0.101
0.079
0.062
0.080
0.094
0.094
0.100
0.066
0.096
0.095
0.081
0.078
0.096
0.088
0.061
0.061
0.080
0.112
0.100
0.077
0.081
0.077
0.097
0.077
0.096
0.094
0.093
0.076
0.096
0.097
0.102
0.084
0.107
0.096
0.079
0.061
0.093
0.091
0.098
0.092
0.082
0.093
0.095
0.077
0.079
0.063
0.079
0.093
0.080
0.077
0.080
0.088
0.093
0.091
0.076
0.076
0.094
0.095
0.095
0.075
0.093
0.076
0.092
0.096
0.099
0.093
0.079
0.078
0.091
0.062
0.094
0.082
0.097
0.082
0.093
0.078
0.079
0.095
0.080
0.081
0.096
0.079
0.095
0.091
0.077
0.095
0.095
0.095
0.097
0.079
0.079
0.077
0.107
0.076
0.094
0.086
0.100
0.101
0.094
0.060
0.099
0.078
0.094
0.101
0.098
0.063
0.094
0.079
0.096
0.060
0.078
0.076
0.096
0.100
0.082
0.101
0.097
0.081
0.077
0.093
0.093
0.116
0.079
0.077
0.094
0.090
0.095
0.096
0.084
0.060
0.077
0.077
0.092
0.061
0.080
0.078
0.096
0.079
0.103
0.079
0.079
0.076
0.082
0.076
0.097
0.077
0.096
0.094
0.095
0.076
0.091
0.079
0.099
0.089
0.097
0.093
0.095
0.078
0.110
0.078
0.101
0.078
0.094
0.096
0.094
0.077
0.108
0.096
0.095
0.063
0.096
0.076
0.080
0.093
0.097
0.095
0.080
0.062
0.091
0.093
0.101
0.095
0.078
0.062
0.101
0.076
0.082
0.095
0.090
0.090
0.080
0.078
0.095
0.094
0.078
0.097
0.077
0.077
0.093
0.097
0.096
0.095
0.079
0.077
0.099
0.101
0.096
0.079
0.080
0.078
0.091
0.061
0.095
0.077
0.093
0.094
0.094
0.060
0.077
0.095
0.096
0.077
0.063
0.078
0.095
0.101
0.079
0.105
0.079
0.061
0.094
0.082
0.111
0.080
0.097
0.078
0.094
0.076
0.099
0.078
0.079
0.077
0.086
0.095
0.090
0.080
0.079
0.077
0.096
0.078
0.112
0.076
0.094
0.083
0.062
0.095
0.094
0.089
0.089
0.061
0.101
0.092
0.096
0.077
0.094
0.102
0.097
0.092
0.095
0.092
0.093
0.060
0.096
0.078
0.100
0.083
0.108
0.092
0.079
0.077
0.093
0.079
0.097
0.077
0.079
0.077
0.092
0.084
0.096
0.077
0.091
0.100
0.095
0.090
0.078
0.089
0.088
0.079
0.064
0.077
0.061
0.093
0.100
0.062
0.095
0.092
0.076
0.079
0.094
0.077
0.094
0.077
0.078
0.095
0.077
0.079
0.093
0.095
0.093
0.076
0.096
0.095
0.103
0.076
0.096
0.099
0.077
0.090
0.102
0.084
0.094
0.078
0.093
0.075
0.101
0.062
0.092
0.078
0.097
0.083
0.099
0.076
0.076
0.062
0.077
0.094
0.080
0.075
0.078
0.079
0.101
0.077
0.081
0.095
0.101
0.080
0.094
0.082
0.078
0.083
0.079
0.077
0.096
0.089
0.093
0.078
0.061
0.082
0.080
0.061
0.081
0.107
0.101
0.093
0.086
0.078
0.083
0.086
0.095
0.078
0.097
0.093
0.093
0.079
0.094
0.078
0.078
0.085
0.062
0.080
0.103
0.092
0.095
0.096
0.077
0.076
0.080
0.077
0.094
0.094
0.079
0.096
0.122
0.094
0.080
0.095
0.092
0.076
0.100
0.079
0.077
0.076
0.095
0.082
0.079
0.060
0.100
0.078
0.094
0.077
0.096
0.095
0.079
0.096
0.103
0.081
0.093
0.088
0.101
0.061
0.081
0.092
0.105
0.061
0.094
0.078
0.079
0.081
0.093
0.100
0.095
0.078
0.094
0.098
0.099
0.094
0.095
0.060
0.101
0.082
0.099
0.078
0.080
0.094
0.095
0.084
0.078
0.105
0.095
0.098
0.095
0.095
0.081
0.099
0.093
0.091
0.079
0.078
0.095
0.096
0.092
0.061
0.091
0.078
0.091
0.103
0.082
0.077
0.063
0.093
0.096
0.060
0.096
0.078
0.095
0.084
0.095
0.078
0.080
0.061
0.083
0.079
0.097
0.094
0.098
0.094
0.079
0.104
0.093
0.080
0.091
0.101
0.093
0.063
0.097
0.063
0.078
0.094
0.093
0.078
0.084
0.100
0.106
0.078
0.078
0.091
0.094
0.078
0.107
0.078
0.078
0.078
0.078
0.077
0.082
0.092
0.062
0.076
0.097
0.062
0.093
0.110
0.093
0.099
0.079
0.093
0.094
0.078
0.082
0.080
0.102
0.077
0.078
0.077
0.079
0.095
0.094
0.078
0.095
0.078
0.093
0.093
0.094
0.081
0.098
0.089
0.097
0.082
0.096
0.062
0.108
0.095
0.062
0.077
0.062
0.092
0.078
0.088
0.079
0.096
0.078
0.081
0.094
0.061
0.091
0.078
0.093
0.078
0.096
0.088
0.095
0.079
0.079
0.094
0.094
0.089
0.079
0.094
0.096
0.095
0.078
0.083
0.108
0.103
0.085
0.079
0.094
0.094
0.078
0.093
0.094
0.091
0.100
0.094
0.094
0.077
0.078
0.076
0.078
0.089
0.079
0.093
0.095
0.095
0.078
0.077
0.096
0.095
0.099
0.078
0.093
0.060
0.097
0.107
0.085
0.075
0.106
0.093
0.079
0.095
0.094
0.061
0.078
0.093
0.099
0.062
0.093
0.077
0.095
0.078
0.077
0.089
0.095
0.081
0.077
0.091
0.092
0.083
0.077
0.095
0.090
0.061
0.078
0.095
0.095
0.076
0.077
0.077
0.084
0.096
0.095
0.093
0.077
0.099
0.086
0.077
0.108
0.095
0.077
0.074
0.107
0.098
0.064
0.061
0.094
0.077
0.095
0.094
0.094
0.078
0.083
0.096
0.076
0.077
0.107
0.078
0.080
0.088
0.081
0.088
0.099
0.091
0.078
0.093
0.078
0.078
0.077
0.080
0.096
0.062
0.093
0.087
0.108
0.078
0.064
0.077
0.097
0.091
0.080
0.092
0.081
0.061
0.081
0.060
0.096
0.078
0.082
0.079
0.094
0.077
0.080
0.078
0.097
0.079
0.078
0.110
0.095
0.062
0.080
0.080
0.078
0.063
0.099
0.076
0.096
0.077
0.081
0.063
0.064
0.061
0.097
0.100
0.079
0.063
0.094
0.084
0.094
0.110
0.101
0.092
0.079
0.094
0.094
0.093
0.104
0.095
0.079
0.092
0.061
0.076
0.105
0.063
0.097
0.095
0.094
0.077
0.093
0.092
0.080
0.063
0.094
0.060
0.079
0.060
0.094
0.095
0.107
0.096
0.078
0.061
0.079
0.062
0.084
0.079
0.078
0.061
0.079
0.081
0.079
0.094
0.096
0.061
0.095
0.096
0.102
0.079
0.094
0.093
0.094
0.061
0.095
0.078
0.080
0.091
0.063
0.100
0.094
0.061
0.114
0.097
0.077
0.079
0.095
0.093
0.093
0.102
0.079
0.095
0.108
0.089
0.080
0.095
0.094
0.092
0.094
0.078
0.095
0.078
0.096
0.061
0.110
0.098
0.081
0.079
0.095
0.063
0.096
0.077
0.103
0.096
0.096
0.096
0.093
0.076
0.078
0.077
0.099
0.083
0.092
0.096
0.095
0.093
0.094
0.082
0.095
0.080
0.096
0.062
0.078
0.063
0.099
0.065
0.079
0.079
0.097
0.095
0.099
0.080
0.094
0.078
0.094
0.094
0.084
0.094
0.077
0.100
0.084
0.077
0.095
0.094
0.096
0.090
0.104
0.086
0.093
0.077
0.093
0.080
0.080
0.092
0.079
0.096
0.096
0.078
0.097
0.093
0.079
0.116
0.083
0.077
0.078
0.090
0.095
0.099
0.096
0.075
0.094
0.095
0.078
0.093
0.094
0.078
0.077
0.094
0.096
0.095
0.093
0.060
0.094
0.076
0.080
0.081
0.088
0.081
0.064
0.062
0.077
0.091
0.085
0.080
0.079
0.097
0.063
0.079
0.094
0.078
0.079
0.079
0.080
0.095
0.079
0.078
0.078
0.075
0.078
0.079
0.081
0.093
0.093
0.079
0.081
0.092
0.100
0.078
0.102
0.096
0.079
0.078
0.078
0.077
0.094
0.077
0.099
0.079
0.079
0.060
0.090
0.095
0.100
0.092
0.104
0.080
0.079
0.059
0.096
0.077
0.077
0.062
0.099
0.095
0.080
0.062
0.078
0.059
0.079
0.093
0.079
0.097
0.062
0.092
0.094
0.077
0.061
0.078
0.098
0.079
0.080
0.097
0.101
0.092
0.100
0.077
0.079
0.080
0.096
0.061
0.096
0.078
0.095
0.092
0.097
0.109
0.080
0.093
0.097
0.079
0.079
0.094
0.099
0.077
0.094
0.077
0.096
0.076
0.064
0.083
0.098
0.092
0.090
0.092
0.077
0.094
0.080
0.080
0.061
0.079
0.095
0.079
0.101
0.060
0.083
0.061
0.064
0.077
0.102
0.062
0.099
0.094
0.080
0.063
0.107
0.096
0.079
0.077
0.095
0.078
0.083
0.075
0.098
0.091
0.078
0.081
0.061
0.060
0.077
0.077
0.101
0.066
0.079
0.093
0.079
0.095
0.094
0.092
0.079
0.084
0.077
0.074
0.102
0.091
0.084
0.077
0.095
0.091
0.079
0.077
0.094
0.077
0.079
0.061
0.083
0.060
0.078
0.078
0.103
0.075
0.078
0.096
0.062
0.096
0.094
0.091
0.095
0.100
0.079
0.099
0.097
0.106
0.110
0.100
0.107
0.095
0.083
0.077
0.095
0.061
0.102
0.079
0.077
0.079
0.078
0.063
0.098
0.093
0.097
0.061
0.079
0.074
0.084
0.060
0.094
0.079
0.094
0.100
0.094
0.077
0.090
0.078
0.061
0.060
0.085
0.091
0.061
0.091
0.100
0.094
0.079
0.062
0.078
0.085
0.094
0.092
0.093
0.081
0.099
0.095
0.101
0.078
0.080
0.094
0.110
0.096
0.095
0.077
0.096
0.094
0.098
0.092
0.100
0.079
0.077
0.062
0.082
0.090
0.096
0.076
0.097
0.060
0.082
0.077
0.096
0.079
0.094
0.103
0.061
0.079
