0.092
0.109
0.103
0.089
0.099
0.120
0.097
0.078
0.091
0.075
0.095
0.079
0.096
0.080
0.094
0.063
0.094
0.078
0.080
0.096
0.080
0.079
0.096
0.060
0.078
0.077
0.079
0.095
0.085
0.077
0.093
0.095
0.094
0.080
0.079
0.080
0.091
0.100
0.103
0.093
0.095
0.062
0.081
0.079
0.102
0.091
0.094
0.092
0.095
0.092
0.080
0.078
0.077
0.062
0.094
0.093
0.093
0.104
0.094
0.062
0.096
0.095
0.094
0.092
0.064
0.093
0.101
0.090
0.081
0.095
0.078
0.075
0.097
0.075
0.081
0.078
0.081
0.078
0.099
0.076
0.063
0.093
0.079
0.080
0.095
0.094
0.094
0.098
0.093
0.078
0.080
0.063
0.075
0.077
0.094
0.077
0.079
0.079
0.079
0.078
0.093
0.078
0.061
0.097
0.077
0.096
0.096
0.098
0.098
0.093
0.094
0.096
0.104
0.098
0.096
0.096
0.081
0.080
0.062
0.080
0.092
0.094
0.097
0.078
0.079
0.079
0.060
0.079
0.074
0.097
0.064
0.076
0.098
0.094
0.078
0.079
0.096
0.077
0.082
0.079
0.096
0.061
0.079
0.093
0.077
0.077
0.095
0.106
0.063
0.097
0.078
0.078
0.095
0.096
0.079
0.063
0.079
0.093
0.076
0.093
0.093
0.078
0.081
0.095
0.093
0.096
0.091
0.078
0.093
0.087
0.099
0.089
0.080
0.093
0.099
0.091
0.093
0.077
0.091
0.079
0.093
0.080
0.079
0.076
0.060
0.062
0.092
0.079
0.101
0.094
0.078
0.096
0.096
0.078
0.080
0.075
0.078
0.081
0.080
0.061
0.082
0.092
0.078
0.096
0.096
0.079
0.104
0.098
0.063
0.077
0.079
0.093
0.078
0.079
0.095
0.076
0.100
0.079
0.076
0.077
0.093
0.093
0.095
0.079
0.063
0.094
0.099
0.077
0.096
0.076
0.078
0.078
0.093
0.098
0.061
0.076
0.081
0.094
0.092
0.100
0.095
0.060
0.063
0.096
0.097
0.061
0.078
0.109
0.096
0.078
0.093
0.094
0.079
0.096
0.094
0.093
0.078
0.060
0.090
0.094
0.097
0.092
0.106
0.075
0.093
0.097
0.096
0.076
0.094
0.092
0.080
0.064
0.074
0.079
0.075
0.079
0.063
0.093
0.092
0.090
0.063
0.093
0.078
0.084
0.061
0.080
0.063
0.064
0.096
0.102
0.087
0.094
0.082
0.097
0.085
0.081
0.083
0.065
0.078
0.078
0.094
0.078
0.086
0.076
0.078
0.093
0.077
0.091
0.100
0.090
0.076
0.091
0.104
0.079
0.077
0.094
0.079
0.091
0.094
0.075
0.078
0.080
0.078
0.096
0.079
0.078
0.079
0.063
0.095
0.089
0.100
0.092
0.078
0.103
0.084
0.095
0.081
0.079
0.101
0.075
0.079
0.094
0.077
0.099
0.091
0.100
0.096
0.083
0.078
0.080
0.063
0.077
0.098
0.101
0.081
0.096
0.095
0.078
0.093
0.094
0.096
0.096
0.093
0.079
0.077
0.084
0.092
0.094
0.080
0.076
0.078
0.094
0.096
0.097
0.077
0.096
0.078
0.092
0.096
0.076
0.095
0.094
0.077
0.093
0.079
0.076
0.098
0.078
0.077
0.091
0.077
0.083
0.102
0.080
0.093
0.099
0.075
0.077
0.079
0.094
0.085
0.082
0.080
0.091
0.096
0.078
0.079
0.077
0.082
0.092
0.078
0.061
0.085
0.091
0.077
0.080
0.096
0.077
0.095
0.076
0.091
0.089
0.093
0.062
0.063
0.100
0.092
0.076
0.089
0.079
0.092
0.076
0.082
0.075
0.093
0.059
0.097
0.080
0.096
0.062
0.079
0.093
0.095
0.081
0.097
0.078
0.097
0.094
0.075
0.081
0.093
0.079
0.093
0.095
0.063
0.080
0.094
0.080
0.094
0.076
0.095
0.092
0.094
0.090
0.085
0.098
0.100
0.099
0.079
0.094
0.097
0.106
0.079
0.094
0.091
0.091
0.096
0.060
0.101
0.098
0.101
0.093
0.079
0.062
0.093
0.091
0.080
0.094
0.078
0.079
0.080
0.094
0.095
0.092
0.079
0.079
0.094
0.076
0.095
0.113
0.098
0.075
0.096
0.096
0.095
0.077
0.100
0.094
0.078
0.061
0.062
0.095
0.088
0.087
0.094
0.075
0.079
0.076
0.081
0.064
0.079
0.094
0.083
0.091
0.079
0.095
0.092
0.085
0.084
0.063
0.095
0.060
0.090
0.079
0.082
0.096
0.080
0.097
0.094
0.077
0.079
0.073
0.096
0.078
0.098
0.091
0.094
0.076
0.078
0.092
0.101
0.078
0.094
0.095
0.093
0.092
0.079
0.088
0.078
0.095
0.096
0.078
0.095
0.079
0.063
0.079
0.112
0.081
0.094
0.097
0.079
0.094
0.077
0.081
0.080
0.082
0.096
0.061
0.086
0.097
0.095
0.078
0.078
0.078
0.098
0.079
0.103
0.079
0.099
0.093
0.088
0.096
0.100
0.094
0.094
0.091
0.078
0.077
0.094
0.099
0.062
0.101
0.078
0.077
0.098
0.076
0.094
0.094
0.079
0.093
0.080
0.097
0.095
0.095
0.079
0.061
0.079
0.077
0.077
0.078
0.094
0.063
0.060
0.062
0.079
0.062
0.078
0.062
0.092
0.103
0.083
0.093
0.099
0.078
0.096
0.062
0.077
0.094
0.079
0.103
0.093
0.092
0.097
0.096
0.078
0.092
0.110
0.078
0.078
0.078
0.078
0.079
0.080
0.080
0.079
0.063
0.100
0.097
0.097
0.078
0.351
0.325
0.306
0.299
0.290
0.294
0.208
0.183
0.197
0.189
0.174
0.158
0.163
0.079
0.117
0.061
0.092
0.081
0.074
0.060
0.045
0.044
0.069
0.062
0.070
0.044
0.072
0.046
0.045
0.045
0.057
0.082
0.045
0.077
0.094
0.113
0.079
0.102
0.096
0.077
0.062
0.091
0.079
0.097
0.078
0.095
0.079
0.077
0.061
0.062
0.078
0.094
0.096
0.101
0.079
0.077
0.077
0.092
0.076
0.092
0.095
0.078
0.079
0.116
0.079
0.094
0.098
0.091
0.081
0.101
0.080
0.096
0.092
0.091
0.080
0.095
0.095
0.079
0.095
0.080
0.095
0.077
0.096
0.085
0.101
0.089
0.078
0.081
0.080
0.097
0.097
0.097
0.096
0.084
0.076
0.084
0.090
0.094
0.080
0.125
0.098
0.095
0.080
0.093
0.095
0.093
0.092
0.092
0.096
0.077
0.094
0.078
0.094
0.095
0.104
0.092
0.092
0.082
0.094
0.078
0.092
0.091
0.079
0.101
0.095
0.096
0.104
0.100
0.095
0.078
0.095
0.093
0.093
0.094
0.095
0.093
0.096
0.095
0.080
0.097
0.095
0.093
0.091
0.079
0.093
0.079
0.094
0.080
0.093
0.095
0.096
0.077
0.078
0.083
0.080
0.093
0.107
0.099
0.096
0.076
0.085
0.102
0.093
0.079
0.081
0.095
0.079
0.098
0.094
0.094
0.101
0.095
0.099
0.095
0.077
0.095
0.091
0.097
0.095
0.079
0.122
0.094
0.099
0.075
0.094
0.079
0.078
0.108
0.080
0.094
0.078
0.094
0.084
0.096
0.093
0.092
0.097
0.098
0.094
0.077
0.093
0.093
0.109
0.085
0.097
0.081
0.093
0.094
0.074
0.095
0.101
0.092
0.096
0.092
0.079
0.096
0.096
0.077
0.094
0.093
0.080
0.084
0.108
0.094
0.094
0.094
0.080
0.095
0.109
0.085
0.078
0.077
0.094
0.078
0.091
0.092
0.096
0.100
0.086
0.092
0.096
0.094
0.081
0.094
0.097
0.093
0.078
0.078
0.100
0.098
0.098
0.078
0.102
0.098
0.093
0.094
0.079
0.095
0.091
0.095
0.100
0.079
0.102
0.090
0.078
0.093
0.092
0.078
0.104
0.097
0.092
0.094
0.094
0.095
0.078
0.102
0.096
0.078
0.094
0.098
0.098
0.077
0.080
0.095
0.096
0.094
0.078
0.101
0.096
0.079
0.095
0.094
0.094
0.095
0.095
0.094
0.078
0.093
0.078
0.095
0.096
0.078
0.098
0.080
0.079
0.093
0.093
0.094
0.092
0.080
0.100
0.095
0.095
0.091
0.097
0.077
0.094
0.079
0.095
0.092
0.105
0.096
0.108
0.096
0.095
0.084
0.097
0.093
0.078
0.086
0.096
0.095
0.101
0.078
0.077
0.097
0.096
0.094
0.102
0.095
0.095
0.082
0.097
0.077
0.100
0.078
0.097
0.079
0.096
0.095
0.081
0.095
0.110
0.076
0.094
0.080
0.095
0.096
0.091
0.091
0.076
0.095
0.084
0.094
0.081
0.096
0.079
0.079
0.099
0.076
0.095
0.114
0.089
0.095
0.096
0.076
0.079
0.091
0.080
0.095
0.095
0.091
0.097
0.078
0.078
0.076
0.101
0.093
0.077
0.092
0.095
0.095
0.079
0.090
0.078
0.100
0.096
0.079
0.094
0.097
0.092
0.095
0.094
0.078
0.078
0.077
0.077
0.098
0.087
0.097
0.094
0.079
0.101
0.094
0.093
0.099
0.094
0.077
0.095
0.094
0.078
0.079
0.101
0.095
0.079
0.079
0.095
0.095
0.095
0.095
0.081
0.095
0.095
0.100
0.102
0.101
0.077
0.078
0.092
0.087
0.108
0.096
0.095
0.062
0.081
0.078
0.094
0.098
0.093
0.094
0.078
0.100
0.093
0.095
0.086
0.077
0.095
0.078
0.096
0.097
0.099
0.077
0.094
0.093
0.104
0.079
0.094
0.093
0.091
0.094
0.064
0.100
0.093
0.106
0.094
0.090
0.079
0.079
0.095
0.093
0.078
0.096
0.079
0.078
0.095
0.089
0.095
0.094
0.092
0.096
0.082
0.088
0.102
0.092
0.094
0.083
0.094
0.093
0.078
0.092
0.098
0.077
0.080
0.079
0.095
0.101
0.092
0.083
0.098
0.092
0.091
0.094
0.094
0.083
0.078
0.095
0.095
0.100
0.093
0.095
0.095
0.095
0.077
0.094
0.099
0.075
0.089
0.079
0.079
0.095
0.100
0.090
0.101
0.077
0.084
0.094
0.077
0.093
0.077
0.092
0.092
0.093
0.094
0.079
0.093
0.076
0.111
0.097
0.103
0.096
0.094
0.075
0.078
0.094
0.094
0.093
0.098
0.082
0.100
0.081
0.103
0.102
0.079
0.092
0.091
0.081
0.098
0.093
0.091
0.096
0.097
0.096
0.077
0.096
0.100
0.113
0.098
0.092
0.091
0.094
0.079
0.083
0.084
0.094
0.103
0.091
0.095
0.077
0.107
0.078
0.096
0.093
0.094
0.094
0.060
0.077
0.095
0.093
0.074
0.108
0.095
0.096
0.096
0.103
0.095
0.096
0.100
0.095
0.092
0.093
0.095
0.093
0.089
0.096
0.080
0.094
0.079
0.092
0.090
0.078
0.062
0.095
0.096
0.095
0.094
0.103
0.092
0.093
0.095
0.078
0.079
0.094
0.060
0.097
0.104
0.086
0.101
0.104
0.089
0.079
0.087
0.079
0.098
0.096
0.091
0.078
0.080
0.094
0.080
0.085
0.084
0.080
0.079
0.078
0.111
0.078
0.096
0.078
0.080
0.080
0.087
0.065
0.078
0.079
0.102
0.093
0.102
0.062
0.082
0.098
0.096
0.062
0.094
0.098
0.078
0.096
0.094
0.078
0.087
0.096
0.077
0.076
0.077
0.065
0.076
0.077
0.098
0.078
0.097
0.060
0.094
0.103
0.097
0.061
0.086
0.095
0.093
0.078
0.092
0.092
0.096
0.076
0.110
0.091
0.096
0.061
0.096
0.075
0.079
0.080
0.091
0.063
0.098
0.075
0.079
0.061
0.078
0.060
0.095
0.088
0.107
0.093
0.064
0.078
0.096
0.081
0.102
0.062
0.112
0.095
0.079
0.077
0.081
0.103
0.100
0.100
0.097
0.061
0.082
0.077
0.097
0.062
0.101
0.064
0.079
0.079
0.090
0.076
0.095
0.079
0.096
0.079
0.082
0.060
0.092
0.120
0.105
0.063
0.094
0.062
0.099
0.077
0.096
0.103
0.080
0.079
0.077
0.097
0.080
0.061
0.096
0.092
0.096
0.094
0.097
0.078
0.095
0.076
0.083
0.093
0.094
0.092
0.094
0.085
0.062
0.066
0.104
0.080
0.100
0.100
0.063
0.079
0.093
0.077
0.102
0.098
0.117
0.076
0.082
0.079
0.062
0.078
0.095
0.077
0.079
0.079
0.101
0.077
0.097
0.073
0.098
0.076
0.079
0.094
0.092
0.107
0.095
0.075
0.081
0.061
0.080
0.080
0.080
0.078
0.094
0.077
0.096
0.094
0.101
0.096
0.097
0.103
0.079
0.100
0.094
0.093
0.096
0.077
0.079
0.124
