0.130
0.083
0.088
0.101
0.086
0.088
0.098
0.086
0.087
0.101
0.101
0.096
0.087
0.094
0.068
0.087
0.077
0.088
0.133
0.099
0.112
0.091
0.089
0.090
0.073
0.076
0.077
0.099
0.074
0.091
0.096
0.088
0.078
0.061
0.061
0.089
0.088
0.092
0.089
0.104
0.059
0.094
0.102
0.090
0.076
0.078
0.089
0.090
0.088
0.089
0.090
0.078
0.083
0.076
0.060
0.090
0.090
0.078
0.087
0.078
0.074
0.078
0.082
0.060
0.090
0.077
0.093
0.078
0.076
0.084
0.077
0.090
0.089
0.094
0.084
0.084
0.090
0.081
0.088
0.089
0.061
0.089
0.075
0.091
0.076
0.061
0.091
0.090
0.077
0.062
0.078
0.087
0.084
0.086
0.088
0.086
0.073
0.076
0.075
0.078
0.060
0.078
0.088
0.094
0.076
0.079
0.077
0.075
0.089
0.090
0.077
0.091
0.090
0.064
0.092
0.072
0.061
0.090
0.079
0.067
0.075
0.088
0.091
0.073
0.088
0.078
0.062
0.089
0.078
0.088
0.106
0.091
0.076
0.088
0.091
0.089
0.090
0.078
0.078
0.089
0.079
0.060
0.096
0.078
0.093
0.075
0.078
0.091
0.085
0.079
0.077
0.088
0.093
0.097
0.075
0.078
0.077
0.077
0.078
0.091
0.073
0.092
0.059
0.072
0.083
0.089
0.087
0.091
0.087
0.101
0.078
0.089
0.090
0.083
0.076
0.089
0.091
0.094
0.089
0.106
0.090
0.084
0.075
0.075
0.082
0.090
0.089
0.092
0.090
0.090
0.084
0.091
0.074
0.061
0.077
0.095
0.097
0.092
0.074
0.090
0.096
0.083
0.077
0.098
0.089
0.077
0.077
0.091
0.077
0.078
0.090
0.093
0.090
0.075
0.076
0.083
0.075
0.090
0.077
0.096
0.061
0.073
0.075
0.075
0.095
0.088
0.077
0.096
0.086
0.084
0.088
0.093
0.091
0.092
0.090
0.062
0.091
0.076
0.091
0.090
0.075
0.061
0.078
0.095
0.110
0.079
0.074
0.096
0.071
0.077
0.078
0.091
0.089
0.095
0.079
0.088
0.063
0.084
0.076
0.090
0.088
0.075
0.092
0.090
0.085
0.090
0.078
0.090
0.105
0.076
0.090
0.087
0.116
0.091
0.099
0.072
0.074
0.093
0.076
0.089
0.075
0.090
0.095
0.076
0.060
0.090
0.091
0.087
0.063
0.074
0.100
0.090
0.082
0.074
0.095
0.091
0.083
0.076
0.075
0.090
0.088
0.090
0.098
0.090
0.076
0.092
0.076
0.094
0.090
0.096
0.091
0.073
0.088
0.077
0.078
0.085
0.087
0.075
0.075
0.098
0.089
0.062
0.090
0.077
0.089
0.062
0.077
0.097
0.074
0.081
0.061
0.101
0.060
0.076
0.094
0.090
0.059
0.077
0.074
0.096
0.091
0.080
0.075
0.090
0.091
0.061
0.092
0.090
0.074
0.092
0.100
0.095
0.093
0.077
0.087
0.076
0.089
0.091
0.093
0.077
0.078
0.095
0.096
0.097
0.077
0.078
0.074
0.086
0.089
0.089
0.091
0.095
0.090
0.092
0.089
0.074
0.078
0.076
0.060
0.104
0.062
0.079
0.083
0.089
0.059
0.077
0.088
0.077
0.083
0.079
0.060
0.090
0.062
0.087
0.073
0.091
0.091
0.063
0.074
0.076
0.072
0.092
0.074
0.085
0.079
0.077
0.077
0.078
0.088
0.086
0.060
0.088
0.091
0.080
0.060
0.073
0.077
0.081
0.122
0.087
0.089
0.092
0.077
0.104
0.062
0.072
0.082
0.059
0.093
0.098
0.059
0.062
0.091
0.076
0.079
0.072
0.076
0.081
0.092
0.077
0.086
0.089
0.075
0.084
0.090
0.061
0.063
0.091
0.089
0.080
0.076
0.072
0.092
0.089
0.074
0.088
0.078
0.089
0.077
0.089
0.090
0.092
0.060
0.077
0.084
0.079
0.089
0.081
0.076
0.086
0.061
0.076
0.076
0.092
0.090
0.090
0.063
0.078
0.076
0.080
0.077
0.077
0.075
0.061
0.099
0.092
0.079
0.096
0.080
0.088
0.093
0.092
0.062
0.097
0.077
0.085
0.061
0.079
0.076
0.089
0.076
0.077
0.086
0.062
0.072
0.076
0.083
0.089
0.090
0.085
0.060
0.088
0.075
0.076
0.075
0.083
0.073
0.096
0.083
0.076
0.059
0.092
0.093
0.089
0.078
0.089
0.135
0.090
0.073
0.093
0.063
0.089
0.090
0.091
0.075
0.091
0.081
0.061
0.092
0.090
0.079
0.092
0.091
0.100
0.076
0.078
0.091
0.086
0.061
0.089
0.076
0.093
0.087
0.093
0.076
0.088
0.086
0.079
0.079
0.079
0.089
0.076
0.098
0.078
0.060
0.074
0.059
0.089
0.088
0.092
0.075
0.078
0.074
0.087
0.091
0.091
0.077
0.085
0.090
0.087
0.074
0.073
0.074
0.092
0.074
0.075
0.079
0.090
0.077
0.078
0.098
0.089
0.076
0.080
0.091
0.086
0.074
0.102
0.090
0.089
0.079
0.078
0.104
0.073
0.077
0.090
0.091
0.062
0.091
0.101
0.092
0.094
0.060
0.105
0.076
0.090
0.077
0.078
0.100
0.090
0.060
0.089
0.061
0.074
0.073
0.094
0.078
0.060
0.078
0.077
0.075
0.077
0.061
0.101
0.088
0.082
0.061
0.078
0.077
0.090
0.061
0.078
0.089
0.062
0.076
0.061
0.091
0.094
0.101
0.076
0.091
0.096
0.089
0.101
0.074
0.076
0.076
0.078
0.094
0.095
0.101
0.089
0.075
0.091
0.059
0.096
0.093
0.089
0.076
0.078
0.091
0.090
0.091
0.078
0.089
0.090
0.095
0.078
0.093
0.102
0.071
0.091
0.075
0.093
0.089
0.102
0.088
0.107
0.077
0.079
0.076
0.077
0.073
0.077
0.075
0.097
0.075
0.090
0.089
0.077
0.093
0.076
0.092
0.089
0.096
0.091
0.105
0.076
0.088
0.096
0.075
0.090
0.075
0.075
0.090
0.091
0.075
0.090
0.077
0.061
0.073
0.088
0.076
0.077
0.084
0.090
0.074
0.088
0.090
0.077
0.062
0.062
0.073
0.082
0.075
0.094
0.079
0.078
0.077
0.091
0.077
0.089
0.088
0.107
0.075
0.090
0.092
0.091
0.062
0.077
0.060
0.091
0.078
0.077
0.079
0.091
0.076
0.077
0.076
0.085
0.074
0.100
0.104
0.097
0.092
0.096
0.078
0.074
0.060
0.091
0.061
0.089
0.092
0.076
0.075
0.090
0.098
0.062
0.083
0.091
0.090
0.060
0.063
0.085
0.073
0.091
0.092
0.091
0.089
0.087
0.097
0.090
0.084
0.073
0.076
0.078
0.074
0.090
0.093
0.089
0.076
0.074
0.074
0.097
0.078
0.078
0.061
0.092
0.095
0.090
0.090
0.074
0.091
0.082
0.062
0.086
0.091
0.091
0.076
0.091
0.093
0.086
0.091
0.073
0.090
0.095
0.074
0.085
0.082
0.089
0.084
0.063
0.059
0.061
0.061
0.075
0.090
0.088
0.092
0.090
0.077
0.089
0.097
0.097
0.088
0.084
0.062
0.088
0.074
0.068
0.092
0.077
0.077
0.075
0.077
0.090
0.086
0.060
0.078
0.076
0.076
0.090
0.076
0.096
0.076
0.096
0.076
0.090
0.075
0.077
0.092
0.089
0.106
0.078
0.090
0.090
0.092
0.077
0.077
0.094
0.060
0.113
0.089
0.093
0.076
0.090
0.076
0.071
0.083
0.077
0.092
0.081
0.062
0.091
0.104
0.089
0.089
0.078
0.076
0.075
0.096
0.078
0.083
0.084
0.078
0.079
0.061
0.089
0.092
0.077
0.083
0.078
0.059
0.091
0.097
0.091
0.084
0.078
0.076
0.060
0.081
0.076
0.086
0.080
0.090
0.090
0.093
0.087
0.086
0.091
0.074
0.088
0.094
0.083
0.090
0.085
0.091
0.075
0.077
0.060
0.074
0.092
0.077
0.110
0.075
0.079
0.074
0.090
0.060
0.060
0.079
0.095
0.076
0.079
0.078
0.091
0.090
0.076
0.077
0.092
0.072
0.060
0.095
0.090
0.089
0.080
0.099
0.090
0.079
0.088
0.090
0.106
0.087
0.090
0.091
0.076
0.059
0.087
0.060
0.073
0.090
0.081
0.076
0.078
0.061
0.089
0.077
0.090
0.075
0.094
0.059
0.089
0.080
0.075
0.077
0.093
0.073
0.091
0.062
0.075
0.090
0.092
0.089
0.100
0.061
0.076
0.060
0.075
0.061
0.103
0.078
0.090
0.090
0.084
0.090
0.087
0.079
0.077
0.075
0.099
0.075
0.090
0.083
0.083
0.088
0.078
0.074
0.088
0.077
0.092
0.060
0.079
0.060
0.076
0.079
0.090
0.090
0.079
0.077
0.090
0.094
0.073
0.094
0.075
0.062
0.077
0.063
0.074
0.059
0.061
0.061
0.076
0.078
0.076
0.075
0.080
0.074
0.076
0.075
0.077
0.077
0.089
0.081
0.078
0.078
0.076
0.061
0.078
0.074
0.063
0.096
0.091
0.074
0.090
0.093
0.095
0.079
0.090
0.089
0.092
0.060
0.077
0.078
0.075
0.060
0.061
0.077
0.086
0.092
0.076
0.091
0.093
0.094
0.092
0.077
0.073
0.072
0.077
0.073
0.089
0.077
0.097
0.094
0.075
0.097
0.072
0.074
0.083
0.091
0.076
0.073
0.089
0.079
0.077
0.089
0.078
0.087
0.089
0.082
0.088
0.089
0.091
0.089
0.062
0.080
0.106
0.091
0.079
0.090
0.078
0.090
0.088
0.094
0.079
0.077
0.089
0.098
0.090
0.097
0.090
0.103
0.095
0.091
0.090
0.076
0.091
0.075
0.091
0.062
0.062
0.059
0.092
0.089
0.075
0.079
0.097
0.071
0.100
0.088
0.095
0.092
0.088
0.087
0.078
0.096
0.078
0.075
0.091
0.091
0.077
0.061
0.089
0.076
0.111
0.087
0.079
0.077
0.089
0.092
0.072
0.090
0.080
0.077
0.088
0.071
0.077
0.089
0.098
0.092
0.099
0.071
0.091
0.072
0.092
0.060
0.075
0.077
0.087
0.071
0.084
0.076
0.088
0.078
0.090
0.090
0.091
0.097
0.077
0.092
0.086
0.088
0.077
0.076
0.089
0.078
0.089
0.088
0.079
0.095
0.090
0.096
0.088
0.076
0.073
0.093
0.089
0.074
0.076
0.072
0.092
0.095
0.092
0.093
0.090
0.075
0.093
0.061
0.073
0.079
0.073
0.077
0.093
0.091
0.088
0.107
0.084
0.087
0.093
0.074
0.076
0.077
0.089
0.079
0.093
0.097
0.089
0.074
0.088
0.074
0.092
0.074
0.088
0.090
0.090
0.074
0.096
0.077
0.076
0.075
0.061
0.076
0.088
0.059
0.088
0.108
0.076
0.076
0.091
0.090
0.073
0.096
0.090
0.092
0.082
0.072
0.090
0.062
0.075
0.075
0.092
0.059
0.095
0.079
0.073
0.089
0.099
0.077
0.086
0.089
0.075
0.088
0.093
0.090
0.082
0.063
0.089
0.088
0.077
0.061
0.075
0.093
0.091
0.073
0.093
0.077
0.076
0.076
0.091
0.076
0.096
0.059
0.089
0.063
0.088
0.073
0.088
0.091
0.089
0.078
0.089
0.076
0.091
0.073
0.088
0.093
0.088
0.082
0.062
0.086
0.090
0.090
0.090
0.087
0.108
0.075
0.087
0.078
0.060
0.074
0.093
0.060
0.088
0.069
0.087
0.093
0.101
0.076
0.089
0.091
0.081
0.091
0.093
0.092
0.089
0.074
0.085
0.084
0.091
0.090
0.089
0.075
0.059
0.079
0.079
0.088
0.078
0.079
0.088
0.060
0.078
0.077
0.076
0.091
0.088
0.091
0.091
0.074
0.060
0.097
0.089
0.091
0.094
0.073
0.092
0.079
0.077
0.061
0.074
0.090
0.073
0.093
0.089
0.090
0.091
0.074
0.073
0.067
0.089
0.074
0.094
0.090
0.083
0.097
0.095
0.059
0.085
0.106
0.075
0.078
0.077
0.091
0.064
0.061
0.077
0.094
0.091
0.074
0.076
0.077
0.089
0.076
0.092
0.089
0.095
0.069
0.075
0.078
0.096
0.096
0.077
0.093
0.088
0.078
0.075
0.090
0.092
0.087
0.060
0.077
0.091
0.092
0.078
0.091
0.081
0.091
0.077
0.063
0.086
0.089
0.077
0.061
0.088
0.090
0.083
0.073
0.076
0.078
0.075
0.098
0.077
0.088
0.062
0.088
0.074
0.074
0.106
0.088
0.077
0.093
0.088
0.076
0.091
0.071
0.084
0.078
0.092
0.089
0.100
0.072
0.091
0.091
0.089
0.090
0.097
0.091
0.078
0.076
0.091
0.091
0.092
