0.090
0.125
0.103
0.108
0.103
0.092
0.097
0.082
0.099
0.082
0.098
0.093
0.078
0.077
0.078
0.078
0.106
0.087
0.063
0.063
0.080
0.096
0.099
0.079
0.078
0.097
0.064
0.078
0.093
0.079
0.097
0.080
0.097
0.101
0.111
0.078
0.095
0.078
0.079
0.093
0.094
0.096
0.081
0.078
0.118
0.096
0.099
0.079
0.101
0.078
0.083
0.102
0.095
0.060
0.085
0.092
0.094
0.102
0.096
0.078
0.063
0.100
0.078
0.078
0.075
0.093
0.097
0.083
0.062
0.095
0.080
0.096
0.080
0.083
0.081
0.081
0.083
0.062
0.096
0.082
0.082
0.084
0.094
0.082
0.090
0.078
0.095
0.103
0.083
0.099
0.105
0.079
0.079
0.091
0.079
0.091
0.083
0.108
0.095
0.076
0.096
0.101
0.084
0.078
0.080
0.065
0.095
0.079
0.099
0.091
0.079
0.100
0.087
0.078
0.094
0.062
0.080
0.078
0.097
0.080
0.094
0.097
0.081
0.096
0.096
0.091
0.078
0.079
0.097
0.082
0.092
0.093
0.079
0.062
0.082
0.094
0.094
0.098
0.100
0.081
0.061
0.079
0.079
0.096
0.097
0.100
0.062
0.077
0.080
0.093
0.079
0.092
0.097
0.079
0.095
0.082
0.092
0.096
0.096
0.095
0.110
0.083
0.081
0.079
0.096
0.091
0.114
0.077
0.094
0.064
0.096
0.078
0.078
0.093
0.095
0.096
0.080
0.076
0.094
0.095
0.094
0.077
0.101
0.079
0.080
0.096
0.079
0.080
0.079
0.061
0.078
0.100
0.096
0.064
0.081
0.095
0.079
0.095
0.094
0.079
0.081
0.113
0.110
0.097
0.099
0.093
0.101
0.094
0.079
0.096
0.080
0.079
0.080
0.062
0.096
0.094
0.100
0.105
0.094
0.079
0.094
0.094
0.094
0.089
0.096
0.095
0.097
0.079
0.099
0.078
0.079
0.098
0.079
0.081
0.097
0.078
0.079
0.102
0.100
0.095
0.097
0.062
0.064
0.092
0.099
0.094
0.101
0.080
0.094
0.063
0.096
0.080
0.092
0.098
0.095
0.077
0.078
0.063
0.077
0.077
0.077
0.093
0.102
0.079
0.082
0.079
0.100
0.064
0.084
0.101
0.077
0.077
0.097
0.093
0.094
0.077
0.100
0.095
0.092
0.063
0.099
0.081
0.079
0.094
0.078
0.107
0.091
0.081
0.082
0.091
0.102
0.079
0.079
0.078
0.083
0.085
0.094
0.079
0.096
0.081
0.095
0.078
0.078
0.109
0.096
0.084
0.095
0.095
0.079
0.078
0.078
0.079
0.063
0.097
0.080
0.064
0.093
0.061
0.092
0.111
0.096
0.096
0.098
0.096
0.079
0.080
0.095
0.091
0.103
0.086
0.101
0.097
0.097
0.095
0.078
0.094
0.097
0.061
0.095
0.079
0.093
0.078
0.095
0.088
0.080
0.081
0.102
0.110
0.095
0.096
0.097
0.094
0.098
0.080
0.102
0.094
0.080
0.060
0.062
0.092
0.095
0.080
0.096
0.097
0.062
0.081
0.097
0.078
0.081
0.098
0.097
0.091
0.079
0.097
0.094
0.063
0.077
0.097
0.096
0.098
0.080
0.078
0.079
0.096
0.102
0.112
0.079
0.083
0.082
0.061
0.096
0.096
0.081
0.062
0.080
0.062
0.062
0.079
0.095
0.066
0.090
0.077
0.122
0.093
0.081
0.095
0.094
0.089
0.061
0.098
0.095
0.082
0.085
0.090
0.079
0.091
0.082
0.079
0.079
0.096
0.064
0.079
0.099
0.093
0.094
0.095
0.097
0.096
0.082
0.077
0.096
0.076
0.082
0.079
0.097
0.078
0.314
0.336
0.318
0.332
0.207
0.301
0.160
0.196
0.230
0.136
0.160
0.092
0.104
0.108
0.100
0.083
0.104
0.086
0.060
0.059
0.046
0.044
0.054
0.045
0.071
0.065
0.063
0.092
0.064
0.087
0.059
0.047
0.063
0.107
0.107
0.063
0.078
0.063
0.096
0.080
0.079
0.079
0.078
0.100
0.063
0.094
0.066
0.093
0.086
0.077
0.096
0.089
0.081
0.085
0.079
0.099
0.090
0.102
0.094
0.079
0.093
0.097
0.097
0.078
0.080
0.097
0.095
0.099
0.094
0.082
0.103
0.079
0.101
0.097
0.078
0.096
0.096
0.093
0.096
0.108
0.077
0.095
0.098
0.092
0.078
0.081
0.099
0.079
0.079
0.095
0.079
0.078
0.085
0.081
0.098
0.094
0.078
0.096
0.093
0.094
0.079
0.094
0.077
0.079
0.081
0.080
0.097
0.095
0.090
0.084
0.079
0.061
0.097
0.079
0.078
0.078
0.085
0.079
0.080
0.083
0.077
0.093
0.092
0.077
0.081
0.095
0.096
0.085
0.100
0.107
0.094
0.078
0.095
0.096
0.078
0.077
0.096
0.093
0.094
0.100
0.096
0.078
0.096
0.100
0.079
0.093
0.079
0.079
0.075
0.099
0.096
0.097
0.095
0.091
0.095
0.080
0.097
0.096
0.100
0.095
0.095
0.091
0.096
0.094
0.078
0.095
0.081
0.091
0.079
0.078
0.075
0.095
0.080
0.100
0.096
0.077
0.111
0.080
0.079
0.095
0.079
0.095
0.095
0.097
0.079
0.095
0.095
0.095
0.079
0.079
0.079
0.095
0.080
0.094
0.094
0.101
0.080
0.097
0.079
0.095
0.095
0.097
0.101
0.092
0.098
0.080
0.093
0.097
0.079
0.095
0.062
0.091
0.097
0.101
0.078
0.085
0.081
0.080
0.106
0.081
0.097
0.079
0.079
0.078
0.082
0.098
0.095
0.088
0.078
0.097
0.079
0.091
0.096
0.097
0.095
0.112
0.081
0.081
0.094
0.118
0.082
0.076
0.077
0.076
0.109
0.076
0.095
0.077
0.079
0.095
0.080
0.096
0.080
0.094
0.096
0.092
0.080
0.101
0.078
0.099
0.104
0.095
0.095
0.093
0.096
0.097
0.130
0.079
0.082
0.078
0.079
0.080
0.082
0.097
0.096
0.096
0.092
0.095
0.081
0.098
0.079
0.080
0.094
0.081
0.111
0.093
0.079
0.096
0.098
0.093
0.096
0.099
0.080
0.097
0.079
0.081
0.096
0.090
0.080
0.100
0.097
0.095
0.096
0.079
0.096
0.091
0.080
0.094
0.092
0.078
0.081
0.094
0.102
0.083
0.091
0.108
0.097
0.101
0.079
0.077
0.083
0.079
0.078
0.091
0.079
0.086
0.079
0.078
0.078
0.097
0.093
0.088
0.092
0.088
0.079
0.094
0.080
0.096
0.096
0.079
0.101
0.097
0.080
0.092
0.094
0.078
0.080
0.096
0.095
0.078
0.092
0.095
0.095
0.085
0.095
0.094
0.110
0.080
0.078
0.078
0.095
0.114
0.096
0.095
0.097
0.093
0.079
0.079
0.111
0.078
0.102
0.092
0.085
0.094
0.078
0.080
0.079
0.080
0.080
0.094
0.095
0.107
0.079
0.095
0.080
0.094
0.098
0.096
0.080
0.095
0.081
0.080
0.081
0.081
0.094
0.095
0.082
0.084
0.095
0.077
0.080
0.096
0.095
0.087
0.080
0.096
0.096
0.097
0.094
0.095
0.079
0.095
0.095
0.084
0.094
0.078
0.107
0.095
0.086
0.093
0.110
0.079
0.094
0.084
0.099
0.094
0.096
0.078
0.098
0.105
0.080
0.086
0.092
0.078
0.094
0.078
0.096
0.096
0.092
0.096
0.080
0.093
0.096
0.097
0.098
0.099
0.101
0.094
0.103
0.079
0.089
0.076
0.100
0.098
0.094
0.079
0.078
0.085
0.095
0.090
0.097
0.078
0.095
0.078
0.080
0.091
0.094
0.096
0.080
0.095
0.097
0.078
0.078
0.096
0.098
0.091
0.096
0.095
0.099
0.094
0.080
0.103
0.095
0.096
0.079
0.096
0.080
0.092
0.095
0.098
0.078
0.095
0.081
0.079
0.095
0.099
0.099
0.078
0.090
0.079
0.097
0.079
0.102
0.095
0.093
0.093
0.079
0.097
0.096
0.095
0.096
0.096
0.079
0.082
0.092
0.078
0.097
0.080
0.098
0.098
0.080
0.080
0.098
0.096
0.094
0.096
0.094
0.096
0.080
0.080
0.096
0.096
0.077
0.096
0.084
0.077
0.084
0.062
0.098
0.099
0.096
0.078
0.082
0.092
0.081
0.095
0.099
0.095
0.080
0.082
0.095
0.078
0.080
0.094
0.084
0.081
0.096
0.093
0.077
0.093
0.081
0.091
0.060
0.100
0.095
0.094
0.080
0.094
0.079
0.096
0.081
0.082
0.081
0.082
0.096
0.088
0.097
0.095
0.099
0.079
0.081
0.111
0.097
0.088
0.095
0.093
0.099
0.100
0.086
0.126
0.084
0.096
0.095
0.081
0.098
0.098
0.080
0.098
0.096
0.081
0.109
0.105
0.100
0.097
0.082
0.077
0.081
0.094
0.080
0.062
0.102
0.093
0.081
0.095
0.079
0.077
0.080
0.096
0.081
0.081
0.082
0.079
0.081
0.095
0.082
0.095
0.111
0.117
0.094
0.104
0.079
0.098
0.079
0.079
0.097
0.080
0.099
0.093
0.097
0.094
0.094
0.093
0.080
0.082
0.095
0.080
0.082
0.080
0.099
0.093
0.096
0.103
0.084
0.076
0.095
0.092
0.080
0.107
0.094
0.093
0.078
0.079
0.100
0.061
0.081
0.094
0.095
0.079
0.081
0.081
0.104
0.063
0.080
0.096
0.087
0.080
0.099
0.062
0.080
0.094
0.080
0.076
0.081
0.094
0.081
0.064
0.095
0.077
0.078
0.084
0.081
0.077
0.074
0.101
0.094
0.080
0.094
0.078
0.098
0.091
0.097
0.095
0.087
0.082
0.096
0.078
0.083
0.077
0.085
0.098
0.096
0.107
0.080
0.096
0.096
0.095
0.100
0.062
0.097
0.077
0.084
0.095
0.099
0.079
0.081
0.079
0.096
0.097
0.079
0.078
0.082
0.094
0.099
0.082
0.080
0.076
0.060
0.062
0.105
0.092
0.087
0.082
0.082
0.076
0.098
0.077
0.097
0.064
0.083
0.097
0.096
0.080
0.097
0.060
0.099
0.079
0.096
0.078
0.078
0.081
0.079
0.063
0.098
0.078
0.098
0.081
0.096
0.078
0.080
0.097
0.098
0.097
0.096
0.082
0.096
0.079
0.081
0.101
0.109
0.078
0.080
0.101
0.085
0.101
0.104
0.060
0.098
0.094
0.080
0.078
0.095
0.060
0.097
0.064
0.105
0.100
0.081
0.082
0.096
0.102
0.079
0.094
0.094
0.079
0.080
0.079
0.082
0.076
0.080
0.087
0.081
0.079
0.083
0.093
0.102
0.077
0.080
0.078
0.081
0.079
0.075
0.106
0.097
0.092
0.097
0.062
0.098
0.097
0.098
0.081
0.101
0.082
0.078
0.095
0.097
0.062
0.102
0.077
0.081
0.076
0.096
0.094
0.080
0.081
0.081
0.097
0.094
0.080
0.080
0.079
0.087
0.094
0.095
0.099
0.081
0.096
0.079
0.094
0.080
0.097
0.115
0.089
0.112
0.078
0.111
0.105
0.099
0.079
0.098
0.080
0.095
0.062
0.081
0.107
0.082
0.063
0.101
0.104
0.077
0.095
0.094
0.077
0.098
0.093
0.095
0.080
0.096
0.061
0.094
0.095
0.081
0.080
0.079
0.093
0.095
0.095
0.099
0.093
0.098
0.076
0.094
0.101
0.097
0.097
0.092
0.093
0.096
0.080
0.081
0.079
0.081
0.076
0.097
0.092
0.112
0.078
0.079
0.099
0.084
0.081
0.079
0.094
0.080
0.118
0.088
0.095
0.094
0.080
0.063
0.064
0.081
0.079
0.079
0.114
0.095
0.079
0.096
0.094
0.083
0.080
0.082
0.078
0.083
0.091
0.078
0.062
0.082
0.085
0.076
0.098
0.084
0.063
0.080
0.093
0.096
0.102
0.083
0.081
0.079
0.097
0.084
0.079
0.082
0.100
0.084
0.097
0.095
0.061
0.097
0.077
0.098
0.085
0.098
0.095
0.086
0.078
0.107
0.085
0.099
0.080
0.091
0.097
0.097
0.094
0.096
0.095
0.098
0.079
0.081
0.092
0.098
0.093
0.078
0.094
0.104
0.094
0.095
0.094
0.095
0.096
0.080
0.084
0.097
0.080
0.108
0.080
0.063
0.084
0.083
0.091
0.099
0.093
0.080
0.094
0.079
0.110
0.101
0.078
0.082
0.081
0.096
0.075
0.098
0.094
0.096
0.061
0.083
0.098
0.101
0.081
0.079
0.113
0.095
0.083
0.097
0.082
0.096
0.080
0.081
0.093
0.096
0.095
0.080
0.109
0.095
0.079
0.079
0.100
0.097
0.079
0.081
0.095
0.085
0.094
0.080
0.079
0.095
0.076
0.094
0.100
0.103
0.084
0.085
0.091
