0.069
0.091
0.124
0.116
0.100
0.112
0.099
0.105
0.096
0.078
0.087
0.080
0.098
0.093
0.097
0.076
0.084
0.092
0.096
0.090
0.079
0.079
0.094
0.101
0.097
0.060
0.099
0.094
0.087
0.075
0.062
0.079
0.111
0.093
0.077
0.083
0.106
0.078
0.080
0.075
0.079
0.095
0.082
0.079
0.074
0.081
0.080
0.077
0.077
0.092
0.076
0.106
0.072
0.096
0.094
0.095
0.078
0.076
0.087
0.107
0.079
0.065
0.060
0.087
0.094
0.062
0.095
0.096
0.079
0.109
0.092
0.095
0.093
0.114
0.061
0.092
0.064
0.078
0.075
0.100
0.097
0.077
0.092
0.063
0.080
0.098
0.105
0.095
0.093
0.079
0.064
0.078
0.096
0.075
0.085
0.105
0.081
0.076
0.094
0.095
0.093
0.103
0.096
0.078
0.095
0.078
0.100
0.062
0.077
0.078
0.078
0.104
0.079
0.077
0.096
0.076
0.112
0.095
0.095
0.078
0.080
0.098
0.108
0.092
0.082
0.077
0.094
0.078
0.085
0.061
0.095
0.078
0.108
0.062
0.078
0.077
0.079
0.081
0.101
0.064
0.063
0.063
0.090
0.092
0.098
0.063
0.095
0.078
0.098
0.079
0.102
0.096
0.098
0.093
0.101
0.061
0.080
0.096
0.093
0.090
0.078
0.076
0.097
0.093
0.095
0.078
0.095
0.076
0.096
0.103
0.101
0.080
0.082
0.092
0.061
0.092
0.081
0.063
0.101
0.093
0.075
0.080
0.094
0.093
0.080
0.092
0.079
0.084
0.111
0.076
0.097
0.083
0.110
0.092
0.078
0.095
0.080
0.073
0.080
0.093
0.099
0.079
0.081
0.077
0.064
0.075
0.064
0.099
0.063
0.100
0.090
0.078
0.079
0.078
0.096
0.090
0.064
0.080
0.099
0.094
0.095
0.077
0.061
0.094
0.098
0.092
0.096
0.077
0.079
0.079
0.089
0.092
0.079
0.098
0.097
0.091
0.098
0.076
0.082
0.087
0.080
0.093
0.081
0.093
0.095
0.081
0.080
0.106
0.095
0.080
0.096
0.061
0.093
0.092
0.095
0.085
0.080
0.075
0.096
0.079
0.096
0.087
0.097
0.093
0.095
0.095
0.094
0.093
0.099
0.093
0.096
0.062
0.080
0.061
0.093
0.062
0.094
0.093
0.078
0.107
0.093
0.081
0.096
0.094
0.064
0.079
0.079
0.094
0.096
0.092
0.078
0.078
0.102
0.095
0.101
0.087
0.078
0.098
0.101
0.092
0.102
0.094
0.081
0.061
0.110
0.075
0.067
0.094
0.067
0.063
0.096
0.076
0.079
0.095
0.095
0.078
0.097
0.105
0.079
0.061
0.097
0.061
0.080
0.064
0.094
0.080
0.096
0.077
0.078
0.103
0.094
0.114
0.064
0.079
0.099
0.095
0.097
0.074
0.101
0.079
0.077
0.084
0.094
0.092
0.096
0.100
0.064
0.079
0.098
0.062
0.094
0.075
0.063
0.061
0.085
0.097
0.092
0.093
0.059
0.062
0.079
0.078
0.094
0.094
0.062
0.093
0.079
0.087
0.095
0.093
0.083
0.092
0.079
0.062
0.094
0.077
0.091
0.080
0.092
0.077
0.082
0.099
0.079
0.077
0.078
0.095
0.063
0.076
0.094
0.061
0.095
0.081
0.084
0.077
0.080
0.098
0.062
0.093
0.096
0.094
0.095
0.079
0.093
0.077
0.094
0.093
0.079
0.102
0.078
0.078
0.101
0.093
0.079
0.093
0.087
0.060
0.098
0.079
0.064
0.091
0.079
0.065
0.079
0.076
0.077
0.093
0.077
0.090
0.092
0.095
0.095
0.063
0.082
0.090
0.094
0.094
0.079
0.095
0.095
0.097
0.078
0.077
0.099
0.079
0.095
0.097
0.096
0.077
0.090
0.079
0.078
0.095
0.077
0.094
0.077
0.081
0.079
0.097
0.078
0.089
0.094
0.092
0.080
0.079
0.082
0.094
0.096
0.095
0.081
0.104
0.077
0.093
0.099
0.099
0.093
0.079
0.091
0.095
0.064
0.092
0.096
0.081
0.078
0.077
0.080
0.093
0.062
0.098
0.077
0.094
0.094
0.081
0.078
0.094
0.082
0.093
0.079
0.090
0.101
0.059
0.076
0.098
0.094
0.084
0.079
0.076
0.099
0.096
0.073
0.077
0.081
0.090
0.061
0.099
0.077
0.091
0.101
0.094
0.095
0.063
0.094
0.095
0.095
0.095
0.095
0.098
0.083
0.077
0.078
0.098
0.081
0.078
0.094
0.082
0.080
0.064
0.094
0.077
0.079
0.106
0.101
0.077
0.095
0.078
0.077
0.091
0.091
0.061
0.084
0.077
0.079
0.085
0.094
0.094
0.078
0.079
0.074
0.092
0.090
0.078
0.093
0.096
0.062
0.078
0.093
0.077
0.092
0.094
0.077
0.081
0.084
0.096
0.077
0.080
0.093
0.061
0.092
0.078
0.095
0.100
0.078
0.096
0.076
0.077
0.080
0.098
0.094
0.077
0.077
0.078
0.081
0.078
0.078
0.095
0.084
0.075
0.079
0.076
0.095
0.100
0.079
0.096
0.094
0.064
0.095
0.077
0.102
0.077
0.095
0.090
0.097
0.094
0.095
0.075
0.095
0.095
0.094
0.096
0.077
0.092
0.101
0.094
0.113
0.093
0.078
0.096
0.079
0.078
0.075
0.095
0.100
0.100
0.090
0.076
0.080
0.097
0.100
0.076
0.101
0.079
0.091
0.078
0.082
0.093
0.082
0.077
0.079
0.079
0.095
0.090
0.094
0.078
0.078
0.082
0.078
0.077
0.085
0.098
0.079
0.078
0.097
0.077
0.090
0.095
0.100
0.061
0.096
0.099
0.101
0.099
0.097
0.077
0.096
0.106
0.090
0.063
0.084
0.062
0.062
0.094
0.079
0.095
0.078
0.094
0.093
0.095
0.077
0.093
0.094
0.100
0.079
0.097
0.094
0.076
0.094
0.094
0.091
0.083
0.079
0.079
0.077
0.078
0.093
0.078
0.077
0.079
0.078
0.088
0.079
0.078
0.078
0.078
0.059
0.061
0.079
0.078
0.077
0.099
0.093
0.089
0.078
0.062
0.079
0.077
0.093
0.091
0.062
0.100
0.075
0.097
0.093
0.077
0.078
0.097
0.078
0.093
0.094
0.079
0.076
0.075
0.080
0.101
0.095
0.077
0.081
0.100
0.095
0.067
0.098
0.094
0.102
0.092
0.077
0.060
0.078
0.093
0.078
0.101
0.100
0.063
0.109
0.090
0.093
0.077
0.078
0.064
0.080
0.077
0.099
0.095
0.094
0.096
0.079
0.100
0.079
0.095
0.078
0.079
0.094
0.078
0.100
0.096
0.096
0.092
0.077
0.077
0.078
0.094
0.080
0.097
0.076
0.063
0.097
0.078
0.095
0.098
0.094
0.097
0.080
0.093
0.077
0.097
0.099
0.095
0.097
0.062
0.078
0.061
0.101
0.076
0.094
0.060
0.078
0.094
0.079
0.094
0.093
0.073
0.079
0.075
0.090
0.093
0.096
0.076
0.078
0.076
0.078
0.094
0.076
0.094
0.110
0.092
0.089
0.074
0.091
0.090
0.094
0.090
0.064
0.080
0.085
0.077
0.099
0.108
0.095
0.096
0.096
0.093
0.078
0.095
0.079
0.094
0.078
0.080
0.101
0.079
0.077
0.096
0.061
0.089
0.080
0.094
0.065
0.077
0.087
0.062
0.092
0.076
0.080
0.061
0.078
0.080
0.079
0.078
0.078
0.093
0.110
0.092
0.099
0.095
0.082
0.094
0.064
0.076
0.098
0.077
0.081
0.094
0.064
0.078
0.077
0.081
0.077
0.065
0.080
0.094
0.098
0.078
0.078
0.080
0.081
0.103
0.095
0.079
0.082
0.101
0.077
0.104
0.103
0.079
0.079
0.094
0.124
0.076
0.082
0.095
0.080
0.094
0.077
0.061
0.085
0.101
0.078
0.100
0.085
0.097
0.094
0.094
0.098
0.072
0.096
0.061
0.082
0.079
0.078
0.095
0.102
0.079
0.079
0.094
0.079
0.096
0.100
0.093
0.083
0.101
0.078
0.108
0.080
0.093
0.061
0.095
0.078
0.080
0.094
0.061
0.079
0.092
0.076
0.062
0.076
0.093
0.060
0.097
0.082
0.090
0.078
0.100
0.076
0.095
0.078
0.095
0.095
0.095
0.080
0.096
0.095
0.080
0.101
0.093
0.077
0.077
0.080
0.079
0.080
0.078
0.078
0.079
0.080
0.096
0.079
0.093
0.084
0.072
0.099
0.078
0.078
0.089
0.078
0.078
0.079
0.078
0.093
0.080
0.080
0.102
0.100
0.076
0.088
0.091
0.108
0.081
0.063
0.094
0.098
0.080
0.096
0.073
0.063
0.060
0.063
0.079
0.084
0.093
0.077
0.094
0.094
0.078
0.079
0.092
0.078
0.060
0.095
0.095
0.094
0.079
0.095
0.086
0.078
0.078
0.095
0.078
0.079
0.079
0.101
0.094
0.078
0.080
0.079
0.095
0.094
0.075
0.078
0.079
0.077
0.077
0.080
0.097
0.077
0.093
0.081
0.093
0.078
0.061
0.062
0.080
0.094
0.098
0.093
0.100
0.077
0.076
0.098
0.092
0.093
0.099
0.098
0.075
0.097
0.077
0.078
0.078
0.095
0.076
0.096
0.078
0.096
0.077
0.103
0.061
0.076
0.091
0.098
0.079
0.077
0.110
0.083
0.095
0.094
0.077
0.097
0.077
0.097
0.082
0.081
0.090
0.098
0.091
0.082
0.062
0.079
0.078
0.078
0.064
0.103
0.095
0.095
0.102
0.101
0.077
0.081
0.105
0.093
0.082
0.076
0.105
0.094
0.093
0.080
0.097
0.099
0.078
0.081
0.093
0.080
0.077
0.104
0.074
0.095
0.119
0.084
0.086
0.078
0.075
0.079
0.078
0.097
0.095
0.076
0.094
0.094
0.076
0.085
0.076
0.080
0.078
0.082
0.062
0.080
0.092
0.080
0.092
0.079
0.092
0.065
0.094
0.095
0.061
0.081
0.077
0.094
0.096
0.079
0.081
0.300
0.289
0.249
0.235
0.293
0.066
0.100
0.078
0.079
0.080
0.084
0.080
0.093
0.093
0.084
0.095
0.084
0.081
0.094
0.100
0.081
0.079
0.082
0.101
0.087
0.087
0.088
0.079
0.079
0.077
0.081
0.080
0.095
0.063
0.080
0.065
0.091
0.085
0.084
0.081
0.097
0.098
0.079
0.062
0.097
0.093
0.097
0.077
0.086
0.079
0.062
0.097
0.101
0.078
0.096
0.094
0.099
0.081
0.096
0.060
0.077
0.092
0.084
0.095
0.093
0.076
0.095
0.077
0.094
0.091
0.093
0.093
0.093
0.096
0.098
0.080
0.093
0.075
0.096
0.076
0.094
0.078
0.081
0.079
0.078
0.076
0.097
0.094
0.095
0.092
0.082
0.091
0.096
0.096
0.079
0.091
0.094
0.061
0.075
0.093
0.083
0.105
0.095
0.095
0.093
0.095
0.097
0.077
0.111
0.100
0.082
0.108
0.094
0.093
0.096
0.094
0.096
0.063
0.090
0.097
0.094
0.093
0.101
0.099
0.093
0.092
0.064
0.080
0.099
0.076
0.059
0.092
0.110
0.063
0.097
0.079
0.091
0.061
0.097
0.100
0.060
0.081
0.096
0.092
0.093
0.077
0.077
0.094
0.081
0.080
0.074
0.092
0.077
0.095
0.098
0.091
0.094
0.095
0.097
0.081
0.094
0.103
0.081
0.076
0.096
0.094
0.092
0.080
0.099
0.063
0.076
0.094
0.091
0.094
0.099
0.094
0.093
0.095
0.093
0.095
0.079
0.095
0.078
0.090
0.094
0.104
0.080
0.077
0.077
0.079
0.080
0.094
0.078
0.091
0.094
0.092
0.077
0.095
0.094
0.095
0.096
0.091
0.101
0.090
0.079
0.077
0.063
0.091
0.080
0.092
0.078
0.094
0.061
0.095
0.094
0.104
0.094
0.102
0.094
0.077
0.096
0.061
0.097
0.097
0.077
0.108
0.095
0.091
0.092
0.080
0.092
0.099
0.095
0.076
0.106
0.092
0.101
0.095
0.096
0.102
0.094
0.095
0.098
0.075
0.077
0.095
0.079
0.079
0.090
0.090
0.107
0.062
0.085
0.094
0.099
0.078
0.094
0.063
0.095
0.089
0.099
0.077
0.096
0.096
0.094
0.078
0.102
0.090
0.084
0.077
0.097
0.094
0.097
0.093
0.098
0.079
0.109
0.077
0.090
0.079
0.078
0.094
0.111
0.076
0.096
0.095
0.076
0.094
0.104
0.093
0.096
0.089
0.103
0.093
0.095
0.099
0.081
0.080
0.079
0.085
0.098
0.078
0.102
0.078
0.097
0.107
0.104
0.092
0.080
0.078
0.096
0.093
0.096
0.092
0.082
0.076
0.097
0.077
0.097
0.079
0.095
0.076
0.095
0.078
0.107
0.096
