0.116
0.099
0.087
0.075
0.073
0.087
0.099
0.086
0.070
0.089
0.085
0.061
0.077
0.072
0.081
0.097
0.059
0.086
0.073
0.097
0.074
0.076
0.062
0.073
0.075
0.073
0.057
0.076
0.073
0.077
0.091
0.087
0.073
0.078
0.071
0.087
0.059
0.074
0.087
0.087
0.073
0.086
0.071
0.058
0.092
0.089
0.073
0.071
0.076
0.080
0.075
0.088
0.073
0.075
0.077
0.074
0.057
0.081
0.072
0.073
0.084
0.086
0.073
0.089
0.072
0.075
0.078
0.085
0.060
0.077
0.073
0.060
0.061
0.070
0.076
0.090
0.060
0.088
0.090
0.087
0.074
0.077
0.073
0.087
0.076
0.083
0.072
0.078
0.057
0.069
0.058
0.087
0.072
0.089
0.071
0.072
0.090
0.075
0.072
0.085
0.089
0.086
0.076
0.073
0.086
0.078
0.085
0.069
0.091
0.074
0.088
0.078
0.057
0.086
0.087
0.086
0.073
0.089
0.074
0.086
0.076
0.072
0.072
0.077
0.074
0.087
0.075
0.089
0.072
0.077
0.059
0.089
0.090
0.085
0.089
0.092
0.103
0.073
0.089
0.072
0.085
0.091
0.087
0.059
0.060
0.095
0.076
0.093
0.073
0.074
0.063
0.077
0.084
0.090
0.072
0.071
0.089
0.084
0.072
0.088
0.073
0.074
0.076
0.074
0.086
0.089
0.087
0.074
0.089
0.075
0.087
0.094
0.085
0.088
0.089
0.075
0.059
0.095
0.086
0.058
0.089
0.074
0.072
0.073
0.086
0.086
0.075
0.059
0.075
0.087
0.074
0.091
0.092
0.084
0.073
0.075
0.083
0.074
0.077
0.073
0.076
0.077
0.069
0.074
0.074
0.087
0.073
0.074
0.093
0.085
0.091
0.105
0.074
0.089
0.071
0.058
0.076
0.075
0.073
0.089
0.085
0.071
0.084
0.089
0.086
0.076
0.086
0.074
0.076
0.075
0.072
0.089
0.074
0.092
0.074
0.058
0.072
0.077
0.075
0.073
0.076
0.083
0.087
0.075
0.070
0.071
0.082
0.086
0.072
0.074
0.093
0.059
0.061
0.075
0.073
0.061
0.073
0.074
0.083
0.087
0.086
0.088
0.071
0.072
0.079
0.075
0.094
0.090
0.070
0.083
0.073
0.087
0.092
0.082
0.075
0.088
0.092
0.088
0.075
0.095
0.086
0.076
0.090
0.087
0.085
0.082
0.088
0.083
0.074
0.094
0.084
0.076
0.085
0.072
0.073
0.073
0.085
0.084
0.072
0.094
0.091
0.082
0.087
0.077
0.073
0.086
0.084
0.091
0.071
0.061
0.071
0.070
0.074
0.081
0.072
0.089
0.081
0.074
0.076
0.088
0.072
0.059
0.077
0.060
0.086
0.076
0.074
0.060
0.087
0.075
0.091
0.072
0.058
0.104
0.088
0.083
0.075
0.080
0.087
0.089
0.059
0.075
0.074
0.072
0.075
0.061
0.084
0.073
0.071
0.073
0.088
0.090
0.071
0.087
0.088
0.087
0.075
0.061
0.074
0.087
0.082
0.074
0.074
0.075
0.072
0.072
0.090
0.085
0.092
0.060
0.072
0.074
0.089
0.079
0.072
0.076
0.082
0.086
0.104
0.085
0.087
0.095
0.059
0.086
0.087
0.093
0.093
0.077
0.073
0.070
0.076
0.072
0.084
0.087
0.092
0.076
0.096
0.089
0.072
0.080
0.073
0.076
0.090
0.073
0.071
0.097
0.070
0.082
0.076
0.082
0.072
0.091
0.086
0.081
0.074
0.074
0.073
0.076
0.088
0.087
0.089
0.074
0.088
0.073
0.059
0.086
0.061
0.075
0.060
0.075
0.086
0.073
0.064
0.073
0.071
0.093
0.098
0.081
0.076
0.086
0.074
0.096
0.071
0.093
0.077
0.086
0.059
0.079
0.058
0.074
0.089
0.073
0.088
0.060
0.073
0.079
0.076
0.086
0.084
0.104
0.088
0.074
0.085
0.087
0.071
0.060
0.088
0.082
0.078
0.087
0.073
0.075
0.086
0.086
0.076
0.073
0.071
0.061
0.101
0.074
0.089
0.086
0.073
0.079
0.073
0.058
0.077
0.094
0.071
0.099
0.059
0.088
0.089
0.073
0.091
0.089
0.093
0.090
0.062
0.080
0.088
0.088
0.057
0.086
0.091
0.093
0.085
0.090
0.108
0.085
0.075
0.087
0.076
0.078
0.074
0.075
0.062
0.071
0.073
0.076
0.100
0.091
0.086
0.101
0.116
0.078
0.070
0.071
0.077
0.086
0.083
0.090
0.069
0.087
0.078
0.058
0.095
0.089
0.058
0.075
0.077
0.076
0.086
0.061
0.088
0.059
0.077
0.074
0.075
0.089
0.073
0.093
0.094
0.085
0.086
0.084
0.073
0.075
0.076
0.082
0.086
0.077
0.074
0.071
0.074
0.075
0.057
0.089
0.091
0.085
0.075
0.084
0.073
0.078
0.058
0.090
0.075
0.082
0.072
0.085
0.086
0.059
0.077
0.088
0.074
0.076
0.087
0.074
0.095
0.073
0.086
0.087
0.087
0.075
0.061
0.088
0.074
0.075
0.092
0.073
0.059
0.079
0.097
0.080
0.088
0.072
0.080
0.094
0.085
0.074
0.071
0.084
0.091
0.081
0.075
0.085
0.104
0.078
0.060
0.087
0.086
0.075
0.073
0.088
0.072
0.091
0.075
0.090
0.071
0.073
0.062
0.086
0.060
0.076
0.085
0.074
0.075
0.085
0.075
0.076
0.085
0.072
0.098
0.086
0.080
0.076
0.059
0.085
0.075
0.099
0.070
0.088
0.085
0.087
0.074
0.078
0.088
0.089
0.073
0.087
0.072
0.075
0.075
0.075
0.058
0.075
0.090
0.071
0.074
0.093
0.059
0.075
0.077
0.086
0.074
0.090
0.086
0.085
0.086
0.073
0.073
0.090
0.069
0.087
0.090
0.085
0.086
0.093
0.070
0.092
0.085
0.073
0.088
0.076
0.101
0.084
0.089
0.085
0.087
0.095
0.074
0.083
0.095
0.086
0.087
0.086
0.070
0.072
0.090
0.075
0.072
0.078
0.113
0.072
0.084
0.075
0.086
0.076
0.090
0.091
0.088
0.092
0.082
0.060
0.074
0.087
0.081
0.071
0.071
0.059
0.084
0.087
0.088
0.094
0.059
0.090
0.074
0.089
0.075
0.102
0.083
0.074
0.087
0.075
0.095
0.093
0.058
0.092
0.087
0.071
0.078
0.075
0.091
0.083
0.085
0.059
0.075
0.074
0.085
0.095
0.092
0.074
0.076
0.071
0.081
0.087
0.070
0.074
0.071
0.074
0.073
0.074
0.071
0.073
0.077
0.071
0.084
0.086
0.071
0.082
0.089
0.087
0.058
0.089
0.071
0.075
0.075
0.083
0.098
0.073
0.092
0.087
0.097
0.073
0.073
0.073
0.088
0.085
0.080
0.074
0.086
0.089
0.069
0.059
0.091
0.085
0.073
0.092
0.094
0.082
0.091
0.085
0.087
0.076
0.073
0.094
0.063
0.076
0.074
0.092
0.078
0.086
0.075
0.075
0.072
0.060
0.087
0.085
0.074
0.097
0.092
0.077
0.086
0.082
0.091
0.086
0.076
0.073
0.080
0.090
0.076
0.099
0.074
0.077
0.086
0.072
0.073
0.073
0.061
0.086
0.086
0.073
0.077
0.086
0.087
0.090
0.090
0.087
0.089
0.089
0.070
0.079
0.087
0.092
0.059
0.072
0.058
0.076
0.088
0.075
0.074
0.076
0.061
0.083
0.081
0.095
0.076
0.086
0.058
0.095
0.073
0.073
0.075
0.074
0.088
0.077
0.087
0.074
0.082
0.087
0.087
0.076
0.088
0.063
0.094
0.087
0.093
0.089
0.073
0.073
0.075
0.075
0.085
0.076
0.060
0.088
0.089
0.074
0.072
0.094
0.071
0.088
0.092
0.080
0.059
0.107
0.070
0.094
0.087
0.091
0.093
0.068
0.073
0.089
0.097
0.058
0.074
0.086
0.086
0.075
0.094
0.090
0.058
0.089
0.074
0.089
0.078
0.074
0.094
0.077
0.087
0.086
0.073
0.061
0.085
0.090
0.083
0.087
0.088
0.087
0.058
0.073
0.087
0.082
0.080
0.074
0.094
0.076
0.087
0.093
0.087
0.086
0.086
0.075
0.073
0.087
0.075
0.078
0.090
0.092
0.088
0.085
0.091
0.075
0.082
0.077
0.096
0.086
0.085
0.086
0.103
0.090
0.074
0.075
0.089
0.073
0.059
0.075
0.088
0.086
0.087
0.076
0.072
0.097
0.094
0.086
0.088
0.074
0.072
0.076
0.086
0.085
0.091
0.102
0.071
0.084
0.075
0.087
0.071
0.086
0.071
0.076
0.073
0.082
0.092
0.074
0.058
0.076
0.073
0.074
0.076
0.093
0.087
0.073
0.058
0.097
0.083
0.077
0.089
0.075
0.087
0.080
0.090
0.081
0.075
0.077
0.058
0.089
0.076
0.074
0.073
0.076
0.088
0.080
0.090
0.093
0.088
0.078
0.083
0.073
0.097
0.074
0.096
0.077
0.075
0.074
0.089
0.085
0.071
0.076
0.076
0.093
0.077
0.088
0.085
0.083
0.087
0.076
0.095
0.096
0.072
0.076
0.071
0.073
0.087
0.060
0.083
0.076
0.097
0.078
0.077
0.086
0.060
0.090
0.057
0.073
0.071
0.076
0.087
0.101
0.075
0.086
0.073
0.074
0.072
0.079
0.087
0.095
0.077
0.086
0.087
0.076
0.088
0.083
0.075
0.073
0.087
0.077
0.086
0.091
0.091
0.076
0.086
0.090
0.092
0.087
0.075
0.071
0.082
0.076
0.073
0.059
0.096
0.087
0.074
0.095
0.059
0.087
0.090
0.093
0.057
0.093
0.087
0.088
0.076
0.074
0.102
0.088
0.090
0.073
0.074
0.074
0.073
0.074
0.073
0.081
0.074
0.086
0.060
0.090
0.092
0.073
0.078
0.059
0.084
0.075
0.061
0.074
0.061
0.081
0.059
0.081
0.073
0.060
0.061
0.086
0.092
0.089
0.094
0.072
0.097
0.073
0.074
0.078
0.093
0.084
0.077
0.081
0.097
0.059
0.084
0.079
0.090
0.074
0.073
0.076
0.073
0.087
0.101
0.074
0.058
0.076
0.088
0.087
0.059
0.086
0.085
0.076
0.095
0.073
0.076
0.097
0.085
0.074
0.071
0.059
0.089
0.082
0.088
0.075
0.075
0.079
0.099
0.074
0.088
0.094
0.074
0.086
0.063
0.075
0.076
0.060
0.071
0.088
0.059
0.082
0.072
0.078
0.113
0.075
0.075
0.059
0.058
0.097
0.081
0.097
0.076
0.087
0.084
0.074
0.087
0.088
0.075
0.058
0.074
0.060
0.070
0.058
0.117
0.074
0.062
0.076
0.087
0.088
0.076
0.087
0.073
0.075
0.070
0.085
0.059
0.088
0.086
0.090
0.086
0.082
0.089
0.071
0.087
0.091
0.094
0.074
0.078
0.071
0.093
0.089
0.083
0.086
0.088
0.093
0.059
0.075
0.071
0.071
0.080
0.077
0.072
0.076
0.087
0.070
0.090
0.073
0.089
0.089
0.091
0.083
0.075
0.086
0.075
0.095
0.059
0.058
0.074
0.086
0.090
0.071
0.074
0.074
0.097
0.077
0.085
0.059
0.058
0.073
0.089
0.071
0.087
0.085
0.084
0.086
0.086
0.086
0.073
0.075
0.088
0.089
0.087
0.056
0.090
0.076
0.073
0.076
0.090
0.087
0.059
0.084
0.079
0.085
0.074
0.071
0.074
0.058
0.071
0.088
0.088
0.093
0.074
0.071
0.088
0.088
0.087
0.072
0.073
0.075
0.059
0.074
0.076
0.073
0.073
0.087
0.057
0.075
0.087
0.086
0.092
0.088
0.075
0.076
0.059
0.088
0.057
0.081
0.073
0.072
0.085
0.081
0.072
0.089
0.073
0.074
0.076
0.058
0.092
0.085
0.088
0.076
0.084
0.087
0.076
0.096
0.073
0.057
0.089
0.091
0.087
0.085
0.057
0.084
0.094
0.086
0.076
0.085
0.071
0.074
0.076
0.070
0.082
0.088
0.073
0.072
0.089
0.074
0.088
0.071
0.087
0.075
0.086
0.057
0.076
0.098
0.086
0.074
0.096
0.087
0.073
0.074
0.069
0.075
0.088
0.083
0.074
0.075
0.101
0.075
0.087
0.076
0.059
0.076
0.093
0.075
0.073
0.074
0.060
0.075
0.088
0.088
0.072
0.086
0.077
0.083
0.076
0.094
0.074
0.087
0.075
0.088
0.072
0.072
0.076
0.072
0.071
0.084
0.084
0.088
0.095
0.094
0.086
0.077
0.082
0.069
0.060
0.074
0.088
0.071
0.074
0.084
0.060
0.085
0.074
0.091
0.093
0.075
0.073
0.073
0.076
0.091
0.059
0.088
0.070
0.071
0.089
0.087
0.059
0.075
0.062
0.074
0.073
0.073
0.085
0.070
