0.100
0.106
0.103
0.105
0.086
0.060
0.073
0.089
0.072
0.090
0.087
0.091
0.094
0.076
0.061
0.085
0.070
0.089
0.115
0.096
0.072
0.096
0.058
0.059
0.090
0.087
0.085
0.083
0.084
0.094
0.092
0.096
0.074
0.075
0.061
0.072
0.075
0.085
0.073
0.090
0.074
0.084
0.075
0.072
0.071
0.089
0.059
0.071
0.077
0.090
0.086
0.085
0.073
0.092
0.073
0.072
0.085
0.089
0.087
0.086
0.090
0.074
0.093
0.091
0.086
0.075
0.088
0.073
0.082
0.090
0.070
0.088
0.075
0.087
0.069
0.089
0.071
0.089
0.072
0.072
0.087
0.089
0.086
0.092
0.090
0.088
0.071
0.076
0.072
0.087
0.074
0.071
0.099
0.112
0.072
0.076
0.068
0.074
0.071
0.089
0.073
0.089
0.075
0.083
0.072
0.089
0.084
0.085
0.089
0.087
0.102
0.092
0.093
0.073
0.074
0.085
0.074
0.090
0.060
0.059
0.095
0.085
0.073
0.094
0.098
0.087
0.087
0.072
0.070
0.073
0.059
0.087
0.088
0.093
0.086
0.089
0.086
0.087
0.090
0.076
0.072
0.076
0.073
0.086
0.073
0.089
0.083
0.077
0.084
0.083
0.102
0.076
0.073
0.075
0.085
0.087
0.098
0.087
0.089
0.079
0.071
0.073
0.090
0.074
0.072
0.089
0.073
0.088
0.089
0.089
0.087
0.096
0.085
0.094
0.097
0.086
0.059
0.089
0.072
0.071
0.091
0.083
0.085
0.088
0.095
0.087
0.060
0.083
0.074
0.088
0.086
0.086
0.076
0.099
0.075
0.089
0.072
0.093
0.091
0.069
0.069
0.088
0.064
0.086
0.091
0.102
0.093
0.075
0.075
0.074
0.077
0.093
0.087
0.099
0.058
0.086
0.087
0.086
0.077
0.078
0.082
0.083
0.054
0.080
0.045
0.090
0.076
0.086
0.105
0.094
0.086
0.073
0.090
0.072
0.073
0.085
0.073
0.074
0.070
0.089
0.091
0.075
0.093
0.090
0.083
0.092
0.076
0.086
0.088
0.084
0.072
0.087
0.091
0.086
0.074
0.075
0.061
0.074
0.076
0.087
0.059
0.089
0.088
0.096
0.075
0.087
0.081
0.096
0.071
0.059
0.078
0.089
0.101
0.075
0.086
0.091
0.074
0.076
0.071
0.091
0.087
0.075
0.089
0.087
0.089
0.086
0.071
0.086
0.091
0.075
0.070
0.096
0.087
0.084
0.091
0.073
0.078
0.087
0.086
0.074
0.073
0.087
0.074
0.092
0.086
0.086
0.075
0.087
0.086
0.089
0.072
0.075
0.073
0.086
0.073
0.090
0.086
0.085
0.074
0.086
0.074
0.084
0.072
0.103
0.089
0.086
0.077
0.077
0.086
0.088
0.105
0.094
0.086
0.090
0.060
0.093
0.110
0.088
0.087
0.087
0.059
0.086
0.074
0.074
0.101
0.090
0.083
0.089
0.107
0.084
0.086
0.104
0.059
0.086
0.086
0.074
0.086
0.076
0.112
0.072
0.089
0.084
0.095
0.077
0.070
0.097
0.076
0.081
0.073
0.090
0.089
0.060
0.074
0.086
0.072
0.089
0.085
0.085
0.077
0.074
0.062
0.089
0.072
0.086
0.090
0.075
0.076
0.076
0.087
0.087
0.098
0.086
0.086
0.078
0.089
0.088
0.094
0.070
0.075
0.098
0.059
0.089
0.060
0.059
0.073
0.073
0.072
0.087
0.080
0.099
0.071
0.085
0.088
0.088
0.072
0.093
0.097
0.088
0.073
0.076
0.072
0.085
0.060
0.088
0.087
0.087
0.075
0.075
0.072
0.074
0.089
0.090
0.078
0.087
0.071
0.091
0.097
0.086
0.090
0.087
0.059
0.079
0.087
0.087
0.063
0.087
0.089
0.091
0.058
0.092
0.089
0.087
0.075
0.109
0.097
0.074
0.087
0.099
0.072
0.083
0.086
0.088
0.088
0.086
0.059
0.088
0.072
0.088
0.090
0.084
0.094
0.081
0.057
0.084
0.093
0.075
0.086
0.090
0.072
0.086
0.088
0.076
0.071
0.094
0.087
0.088
0.071
0.088
0.086
0.084
0.088
0.071
0.065
0.096
0.074
0.088
0.074
0.091
0.086
0.071
0.073
0.077
0.058
0.093
0.077
0.092
0.087
0.089
0.086
0.086
0.089
0.073
0.073
0.088
0.088
0.072
0.074
0.083
0.060
0.075
0.087
0.071
0.064
0.086
0.072
0.097
0.075
0.085
0.061
0.074
0.059
0.076
0.074
0.086
0.086
0.070
0.072
0.090
0.086
0.086
0.072
0.086
0.095
0.098
0.080
0.058
0.077
0.074
0.058
0.089
0.073
0.099
0.062
0.092
0.075
0.084
0.087
0.082
0.079
0.082
0.058
0.089
0.092
0.074
0.061
0.075
0.080
0.095
0.087
0.087
0.091
0.088
0.072
0.089
0.059
0.096
0.089
0.085
0.074
0.089
0.074
0.086
0.086
0.086
0.086
0.087
0.087
0.087
0.077
0.086
0.087
0.090
0.056
0.084
0.061
0.073
0.087
0.090
0.058
0.070
0.108
0.075
0.074
0.089
0.094
0.074
0.076
0.086
0.072
0.088
0.074
0.074
0.092
0.075
0.071
0.089
0.075
0.071
0.091
0.086
0.087
0.083
0.082
0.075
0.079
0.095
0.088
0.090
0.072
0.074
0.088
0.074
0.085
0.074
0.086
0.094
0.092
0.071
0.060
0.090
0.086
0.074
0.074
0.094
0.061
0.096
0.090
0.086
0.061
0.058
0.069
0.087
0.088
0.082
0.062
0.083
0.072
0.082
0.094
0.058
0.089
0.088
0.072
0.090
0.088
0.086
0.074
0.086
0.087
0.088
0.087
0.074
0.078
0.074
0.070
0.088
0.088
0.085
0.077
0.087
0.076
0.089
0.074
0.070
0.096
0.087
0.072
0.090
0.087
0.074
0.085
0.087
0.073
0.095
0.074
0.073
0.059
0.086
0.086
0.090
0.058
0.082
0.089
0.080
0.086
0.090
0.085
0.087
0.091
0.071
0.086
0.077
0.091
0.070
0.077
0.081
0.080
0.076
0.093
0.084
0.073
0.075
0.075
0.090
0.071
0.087
0.075
0.087
0.074
0.090
0.058
0.070
0.060
0.087
0.087
0.079
0.073
0.075
0.078
0.089
0.087
0.091
0.092
0.087
0.060
0.088
0.058
0.092
0.078
0.075
0.074
0.072
0.078
0.076
0.076
0.087
0.077
0.086
0.064
0.076
0.073
0.083
0.076
0.093
0.096
0.077
0.075
0.086
0.060
0.075
0.073
0.099
0.072
0.086
0.077
0.083
0.075
0.090
0.085
0.074
0.077
0.085
0.086
0.083
0.071
0.075
0.089
0.074
0.088
0.090
0.074
0.086
0.098
0.071
0.059
0.085
0.074
0.088
0.078
0.088
0.074
0.089
0.087
0.085
0.077
0.085
0.084
0.088
0.086
0.086
0.059
0.088
0.087
0.093
0.071
0.087
0.085
0.087
0.086
0.096
0.086
0.086
0.090
0.085
0.072
0.089
0.060
0.089
0.076
0.081
0.075
0.090
0.071
0.071
0.088
0.087
0.073
0.101
0.094
0.088
0.094
0.073
0.087
0.090
0.087
0.085
0.074
0.086
0.072
0.076
0.075
0.083
0.075
0.091
0.088
0.087
0.087
0.071
0.083
0.072
0.071
0.090
0.074
0.084
0.060
0.086
0.074
0.089
0.073
0.086
0.089
0.060
0.074
0.089
0.089
0.088
0.078
0.076
0.084
0.089
0.089
0.075
0.087
0.087
0.071
0.088
0.085
0.070
0.091
0.087
0.072
0.094
0.074
0.086
0.088
0.069
0.083
0.089
0.081
0.085
0.075
0.071
0.059
0.089
0.087
0.085
0.076
0.074
0.073
0.088
0.087
0.086
0.060
0.093
0.086
0.061
0.057
0.073
0.090
0.085
0.081
0.087
0.088
0.085
0.076
0.087
0.085
0.095
0.074
0.079
0.075
0.074
0.075
0.106
0.058
0.057
0.074
0.073
0.093
0.101
0.084
0.084
0.077
0.092
0.076
0.077
0.060
0.090
0.089
0.070
0.076
0.096
0.094
0.090
0.087
0.086
0.072
0.076
0.058
0.075
0.091
0.086
0.074
0.077
0.071
0.088
0.089
0.073
0.071
0.088
0.087
0.075
0.074
0.095
0.097
0.075
0.073
0.085
0.061
0.087
0.072
0.099
0.059
0.089
0.073
0.086
0.076
0.082
0.088
0.083
0.104
0.086
0.060
0.087
0.059
0.088
0.088
0.074
0.087
0.071
0.074
0.084
0.074
0.086
0.062
0.090
0.073
0.087
0.079
0.087
0.073
0.101
0.074
0.073
0.097
0.087
0.075
0.087
0.088
0.078
0.075
0.085
0.077
0.089
0.086
0.087
0.090
0.086
0.075
0.088
0.073
0.084
0.060
0.089
0.075
0.082
0.059
0.091
0.089
0.086
0.082
0.114
0.087
0.088
0.085
0.071
0.075
0.077
0.088
0.103
0.071
0.074
0.076
0.072
0.074
0.103
0.059
0.096
0.075
0.076
0.073
0.076
0.075
0.086
0.059
0.086
0.081
0.077
0.074
0.085
0.073
0.084
0.110
0.086
0.074
0.088
0.074
0.075
0.074
0.088
0.059
0.074
0.075
0.086
0.073
0.061
0.072
0.075
0.093
0.085
0.087
0.082
0.088
0.074
0.089
0.092
0.070
0.077
0.096
0.080
0.082
0.091
0.058
0.072
0.076
0.093
0.074
0.059
0.072
0.086
0.060
0.088
0.074
0.089
0.087
0.089
0.085
0.086
0.089
0.070
0.088
0.089
0.073
0.087
0.076
0.088
0.085
0.095
0.079
0.068
0.074
0.087
0.074
0.088
0.075
0.089
0.088
0.088
0.072
0.088
0.059
0.097
0.072
0.092
0.103
0.098
0.060
0.083
0.086
0.086
0.087
0.096
0.085
0.086
0.088
0.085
0.080
0.089
0.059
0.086
0.074
0.089
0.074
0.072
0.073
0.086
0.070
0.090
0.085
0.088
0.087
0.080
0.087
0.087
0.070
0.084
0.073
0.093
0.093
0.076
0.070
0.087
0.088
0.085
0.088
0.088
0.075
0.087
0.072
0.093
0.074
0.073
0.086
0.089
0.088
0.073
0.087
0.059
0.073
0.073
0.087
0.088
0.084
0.087
0.071
0.061
0.075
0.090
0.075
0.086
0.086
0.090
0.088
0.076
0.071
0.084
0.082
0.074
0.082
0.085
0.087
0.087
0.088
0.089
0.075
0.088
0.075
0.087
0.086
0.073
0.076
0.086
0.074
0.060
0.093
0.089
0.074
0.088
0.075
0.078
0.101
0.088
0.073
0.089
0.090
0.091
0.071
0.083
0.060
0.086
0.101
0.088
0.087
0.071
0.077
0.072
0.060
0.075
0.086
0.089
0.089
0.076
0.087
0.094
0.072
0.073
0.070
0.086
0.059
0.085
0.074
0.075
0.075
0.083
0.074
0.086
0.074
0.088
0.073
0.086
0.077
0.099
0.059
0.072
0.087
0.086
0.075
0.088
0.073
0.094
0.081
0.092
0.075
0.100
0.073
0.093
0.060
0.079
0.061
0.093
0.081
0.091
0.088
0.102
0.073
0.088
0.074
0.087
0.072
0.075
0.088
0.114
0.073
0.089
0.088
0.060
0.074
0.090
0.087
0.088
0.093
0.088
0.074
0.088
0.072
0.088
0.087
0.059
0.071
0.077
0.095
0.075
0.070
0.084
0.089
0.075
0.086
0.074
0.087
0.068
0.073
0.089
0.085
0.096
0.085
0.087
0.074
0.098
0.087
0.093
0.076
0.088
0.075
0.087
0.093
0.088
0.089
0.073
0.064
0.072
0.074
0.087
0.073
0.073
0.077
0.137
0.072
0.089
0.058
0.088
0.088
0.086
0.085
0.089
0.075
0.075
0.073
0.071
0.090
0.082
0.077
0.087
0.074
0.089
0.073
0.098
0.088
0.085
0.077
0.090
0.087
0.089
0.074
0.087
0.076
0.090
0.071
0.084
0.075
0.088
0.069
0.075
0.087
0.089
0.089
0.087
0.075
0.091
0.070
0.094
0.081
0.103
0.062
0.074
0.086
0.088
0.081
0.075
0.059
0.087
0.073
0.075
0.087
0.074
0.102
0.087
0.073
0.096
0.090
0.087
0.089
0.070
0.059
0.081
0.071
0.082
0.076
0.086
0.107
0.088
0.114
0.081
0.073
0.073
0.072
0.091
0.076
0.073
0.075
0.084
0.076
0.077
0.076
0.094
0.088
0.094
0.057
0.095
0.073
0.087
0.074
0.071
0.089
0.089
0.062
0.072
0.076
0.059
0.088
0.087
0.072
0.071
0.074
0.091
0.080
0.090
0.074
0.062
0.088
0.077
0.063
0.086
0.076
0.086
0.059
0.087
0.086
0.093
0.075
0.086
0.101
0.088
0.089
0.088
0.074
0.087
0.082
0.095
0.087
0.089
