0.168
0.130
0.104
0.106
0.128
0.161
0.098
0.095
0.112
0.119
0.098
0.119
0.095
0.098
0.074
0.133
0.135
0.119
0.123
0.076
0.098
0.119
0.094
0.124
0.099
0.076
0.097
0.118
0.098
0.119
0.098
0.121
0.111
0.120
0.099
0.119
0.119
0.095
0.100
0.116
0.098
0.124
0.096
0.096
0.116
0.121
0.119
0.096
0.113
0.077
0.077
0.117
0.119
0.117
0.097
0.097
0.124
0.099
0.118
0.129
0.120
0.097
0.075
0.075
0.098
0.100
0.119
0.074
0.132
0.111
0.101
0.090
0.123
0.096
0.096
0.074
0.098
0.096
0.074
0.121
0.098
0.123
0.098
0.110
0.111
0.110
0.069
0.099
0.093
0.115
0.097
0.075
0.118
0.133
0.120
0.075
0.132
0.097
0.098
0.098
0.097
0.096
0.102
0.074
0.101
0.111
0.122
0.119
0.121
0.117
0.119
0.097
0.075
0.095
0.120
0.096
0.098
0.095
0.119
0.119
0.123
0.076
0.130
0.108
0.118
0.117
0.119
0.118
0.120
0.101
0.096
0.119
0.096
0.118
0.119
0.096
0.100
0.121
0.117
0.096
0.099
0.119
0.119
0.098
0.097
0.098
0.114
0.121
0.095
0.073
0.119
0.110
0.130
0.122
0.098
0.119
0.103
0.121
0.121
0.120
0.076
0.118
0.098
0.119
0.119
0.110
0.120
0.102
0.126
0.098
0.099
0.075
0.129
0.096
0.098
0.079
0.122
0.095
0.100
0.108
0.119
0.125
0.098
0.120
0.098
0.119
0.092
0.118
0.096
0.076
0.120
0.098
0.099
0.098
0.133
0.076
0.097
0.119
0.097
0.098
0.098
0.123
0.119
0.117
0.098
0.120
0.131
0.111
0.094
0.113
0.096
0.129
0.118
0.095
0.102
0.097
0.120
0.125
0.098
0.121
0.097
0.120
0.077
0.149
0.121
0.120
0.131
0.120
0.114
0.121
0.101
0.090
0.135
0.098
0.076
0.088
0.097
0.115
0.095
0.097
0.075
0.077
0.120
0.076
0.098
0.117
0.097
0.098
0.098
0.111
0.118
0.090
0.098
0.095
0.098
0.075
0.120
0.076
0.131
0.099
0.118
0.075
0.112
0.108
0.098
0.097
0.125
0.094
0.118
0.094
0.097
0.098
0.099
0.097
0.101
0.100
0.096
0.130
0.100
0.116
0.122
0.097
0.090
0.095
0.098
0.121
0.123
0.096
0.098
0.099
0.121
0.074
0.101
0.075
0.096
0.120
0.121
0.096
0.096
0.132
0.102
0.117
0.099
0.111
0.122
0.117
0.096
0.112
0.108
0.093
0.123
0.097
0.097
0.126
0.073
0.074
0.121
0.117
0.121
0.117
0.102
0.132
0.098
0.095
0.103
0.094
0.120
0.097
0.097
0.095
0.098
0.121
0.101
0.121
0.119
0.096
0.101
0.096
0.098
0.144
0.098
0.132
0.099
0.097
0.121
0.131
0.099
0.090
0.098
0.119
0.118
0.095
0.100
0.100
0.100
0.107
0.075
0.119
0.098
0.116
0.123
0.120
0.100
0.117
0.100
0.117
0.121
0.118
0.098
0.098
0.149
0.119
0.138
0.117
0.109
0.121
0.099
0.099
0.099
0.077
0.125
0.097
0.098
0.100
0.121
0.122
0.098
0.100
0.119
0.118
0.098
0.122
0.120
0.097
0.122
0.098
0.122
0.120
0.098
0.075
0.101
0.111
0.100
0.075
0.121
0.074
0.099
0.121
0.113
0.095
0.098
0.125
0.120
0.120
0.120
0.098
0.120
0.103
0.076
0.121
0.100
0.117
0.095
0.120
0.128
0.120
0.119
0.098
0.131
0.116
0.123
0.133
0.122
0.109
0.120
0.078
0.120
0.088
0.099
0.075
0.123
0.075
0.119
0.076
0.100
0.111
0.099
0.102
0.096
0.099
0.124
0.097
0.123
0.097
0.133
0.119
0.099
0.107
0.102
0.095
0.134
0.096
0.113
0.116
0.098
0.101
0.121
0.072
0.112
0.076
0.151
0.099
0.121
0.073
0.121
0.103
0.099
0.119
0.100
0.094
0.120
0.088
0.098
0.121
0.099
0.074
0.098
0.091
0.121
0.122
0.121
0.098
0.122
0.120
0.100
0.099
0.121
0.098
0.120
0.100
0.113
0.095
0.098
0.074
0.123
0.107
0.101
0.119
0.126
0.097
0.099
0.135
0.076
0.109
0.150
0.099
0.121
0.096
0.098
0.119
0.099
0.098
0.099
0.095
0.111
0.076
0.098
0.099
0.122
0.099
0.118
0.120
0.122
0.117
0.097
0.096
0.119
0.130
0.097
0.094
0.102
0.121
0.133
0.098
0.099
0.129
0.097
0.098
0.099
0.098
0.098
0.120
0.098
0.118
0.121
0.096
0.119
0.101
0.101
0.100
0.117
0.121
0.097
0.119
0.077
0.077
0.077
0.119
0.113
0.116
0.075
0.094
0.073
0.134
0.118
0.075
0.118
0.097
0.110
0.096
0.076
0.120
0.097
0.096
0.097
0.075
0.118
0.129
0.120
0.097
0.100
0.117
0.123
0.117
0.116
0.118
0.115
0.095
0.114
0.118
0.121
0.118
0.102
0.120
0.110
0.112
0.075
0.100
0.075
0.115
0.098
0.122
0.118
0.098
0.102
0.097
0.100
0.120
0.122
0.117
0.121
0.097
0.122
0.130
0.117
0.118
0.119
0.102
0.119
0.112
0.100
0.094
0.097
0.098
0.123
0.073
0.133
0.096
0.122
0.098
0.134
0.121
0.123
0.124
0.112
0.098
0.102
0.075
0.102
0.073
0.100
0.117
0.100
0.118
0.129
0.099
0.121
0.098
0.097
0.122
0.097
0.100
0.099
0.098
0.120
0.109
0.123
0.124
0.123
0.121
0.099
0.119
0.118
0.121
0.119
0.133
0.074
0.094
0.123
0.096
0.120
0.073
0.099
0.075
0.098
0.098
0.100
0.111
0.119
0.075
0.099
0.100
0.099
0.075
0.099
0.076
0.097
0.097
0.101
0.099
0.118
0.096
0.129
0.119
0.091
0.113
0.098
0.078
0.130
0.096
0.121
0.117
0.098
0.099
0.136
0.121
0.098
0.096
0.118
0.096
0.099
0.119
0.102
0.119
0.118
0.077
0.099
0.098
0.123
0.131
0.099
0.097
0.101
0.118
0.097
0.097
0.110
0.098
0.097
0.101
0.119
0.119
0.123
0.097
0.115
0.121
0.122
0.130
0.098
0.119
0.077
0.119
0.101
0.120
0.099
0.120
0.073
0.102
0.122
0.117
0.120
0.076
0.080
0.133
0.101
0.095
0.098
0.110
0.118
0.100
0.100
0.121
0.116
0.097
0.099
0.114
0.112
0.099
0.075
0.118
0.133
0.119
0.123
0.097
0.127
0.118
0.134
0.099
0.120
0.095
0.120
0.131
0.100
0.123
0.131
0.073
0.135
0.096
0.125
0.097
0.096
0.096
0.123
0.100
0.120
0.075
0.100
0.120
0.124
0.132
0.099
0.099
0.098
0.119
0.134
0.108
0.134
0.097
0.120
0.101
0.098
0.074
0.119
0.073
0.101
0.096
0.118
0.097
0.098
0.097
0.100
0.122
0.120
0.094
0.098
0.073
0.122
0.073
0.100
0.100
0.096
0.090
0.098
0.097
0.121
0.099
0.123
0.098
0.113
0.097
0.122
0.122
0.121
0.096
0.100
0.100
0.096
0.116
0.120
0.120
0.099
0.117
0.126
0.150
0.097
0.112
0.118
0.119
0.095
0.118
0.098
0.115
0.130
0.118
0.120
0.094
0.132
0.118
0.120
0.111
0.109
0.086
0.102
0.131
0.118
0.117
0.132
0.102
0.119
0.074
0.120
0.118
0.120
0.117
0.101
0.098
0.100
0.093
0.098
0.095
0.100
0.119
0.100
0.121
0.099
0.119
0.097
0.098
0.098
0.096
0.131
0.123
0.127
0.119
0.111
0.119
0.119
0.075
0.098
0.113
0.119
0.111
0.097
0.112
0.120
0.118
0.126
0.117
0.089
0.120
0.120
0.074
0.119
0.119
0.112
0.115
0.120
0.097
0.098
0.099
0.099
0.124
0.099
0.096
0.117
0.097
0.120
0.100
0.119
0.099
0.097
0.100
0.098
0.093
0.115
0.094
0.095
0.117
0.132
0.095
0.120
0.097
0.100
0.119
0.117
0.095
0.098
0.078
0.098
0.119
0.097
0.121
0.120
0.118
0.101
0.095
0.118
0.094
0.097
0.129
0.119
0.111
0.131
0.125
0.098
0.095
0.097
0.100
0.097
0.131
0.117
0.096
0.077
0.096
0.099
0.098
0.120
0.094
0.098
0.102
0.119
0.097
0.097
0.077
0.099
0.094
0.100
0.098
0.131
0.096
0.097
0.123
0.117
0.095
0.098
0.099
0.098
0.098
0.097
0.123
0.131
0.118
0.124
0.097
0.099
0.075
0.099
0.099
0.099
0.116
0.098
0.115
0.119
0.096
0.076
0.119
0.096
0.122
0.077
0.122
0.096
0.120
0.122
0.099
0.122
0.119
0.118
0.113
0.118
0.132
0.134
0.097
0.097
0.094
0.123
0.095
0.122
0.116
0.099
0.120
0.119
0.137
0.099
0.100
0.121
0.129
0.120
0.096
0.118
0.117
0.122
0.096
0.114
0.093
0.097
0.120
0.068
0.115
0.075
0.121
0.103
0.120
0.119
0.113
0.119
0.116
0.100
0.118
0.119
0.119
0.108
0.119
0.117
0.116
0.118
0.120
0.099
0.118
0.103
0.118
0.076
0.112
0.122
0.108
0.120
0.118
0.118
0.097
0.099
0.113
0.120
0.099
0.119
0.116
0.111
0.133
0.120
0.119
0.101
0.096
0.097
0.108
0.100
0.076
0.098
0.097
0.120
0.076
0.128
0.095
0.133
0.074
0.120
0.098
0.120
0.098
0.098
0.116
0.119
0.074
0.119
0.098
0.101
0.077
0.100
0.119
0.119
0.110
0.097
0.134
0.100
0.098
0.119
0.094
0.119
0.120
0.122
0.098
0.121
0.075
0.122
0.120
0.121
0.097
0.096
0.129
0.106
0.110
0.097
0.120
0.077
0.119
0.120
0.074
0.076
0.100
0.099
0.096
0.119
0.131
0.101
0.109
0.102
0.111
0.119
0.122
0.122
0.120
0.098
0.120
0.119
0.100
0.098
0.120
0.120
0.109
0.128
0.118
0.116
0.117
0.121
0.118
0.098
0.120
0.098
0.074
0.075
0.123
0.099
0.096
0.118
0.096
0.067
0.074
0.115
0.117
0.076
0.120
0.093
0.121
0.112
0.096
0.131
0.126
0.119
0.098
0.096
0.119
0.097
0.098
0.307
0.271
0.256
0.250
0.240
0.318
0.278
0.102
0.103
0.078
0.103
0.100
0.120
0.099
0.121
0.076
0.102
0.099
0.098
0.077
0.111
0.101
0.116
0.078
0.102
0.130
0.103
0.095
0.101
0.097
0.120
0.120
0.134
0.078
0.098
0.095
0.136
0.078
0.120
0.110
0.108
0.104
0.102
0.097
0.122
0.118
0.075
0.116
0.097
0.117
0.129
0.096
0.119
0.118
0.130
0.073
0.119
0.123
0.111
0.076
0.099
0.095
0.129
0.130
0.090
0.119
0.122
0.097
0.117
0.120
0.112
0.123
0.120
0.097
0.122
0.121
0.120
0.118
0.121
0.116
0.111
0.098
0.121
0.110
0.123
0.117
0.096
0.121
0.095
0.112
0.074
0.098
0.097
0.118
0.104
0.096
0.098
0.096
0.126
0.117
0.126
0.112
0.098
0.099
0.095
0.096
0.098
0.118
0.119
0.117
0.119
0.097
0.119
0.118
0.099
0.097
0.116
0.128
0.119
0.094
0.076
0.097
0.119
0.123
0.120
0.120
0.096
0.094
0.133
0.087
0.079
0.117
0.099
0.119
0.118
0.096
0.097
0.118
0.120
0.120
0.075
0.118
0.117
0.117
0.120
0.093
0.126
0.094
0.097
0.097
0.112
0.097
0.120
0.096
0.118
0.099
0.111
0.097
0.125
0.095
0.098
0.116
0.120
0.116
0.076
0.118
0.119
0.130
0.111
0.086
0.121
0.120
0.119
0.099
0.119
0.101
0.075
0.093
0.121
0.131
0.099
0.117
0.104
0.117
0.119
0.095
0.101
0.098
0.119
0.099
0.096
0.118
0.118
0.119
0.122
0.132
0.134
0.118
0.099
0.098
0.122
0.120
0.120
0.099
0.098
0.097
0.096
0.098
0.111
0.092
0.098
0.095
0.113
0.120
0.120
0.117
0.119
0.095
0.096
0.100
0.096
0.119
0.118
0.120
0.118
0.119
0.114
0.101
0.098
0.117
0.120
0.128
0.119
0.117
0.113
0.118
0.118
0.095
0.120
0.120
0.097
0.117
0.126
0.117
0.119
0.099
0.118
0.095
0.120
0.123
0.098
0.106
0.117
0.098
0.118
0.120
0.121
0.100
0.118
0.131
0.119
0.124
0.100
0.096
0.098
0.097
0.118
0.118
0.121
0.099
