0.119
0.119
0.105
0.105
0.112
0.094
0.090
0.089
0.089
0.076
0.078
0.083
0.061
0.074
0.093
0.089
0.076
0.089
0.091
0.071
0.093
0.087
0.074
0.079
0.093
0.094
0.073
0.090
0.089
0.089
0.092
0.115
0.088
0.086
0.088
0.074
0.074
0.074
0.075
0.091
0.091
0.075
0.086
0.073
0.084
0.084
0.074
0.074
0.092
0.098
0.074
0.091
0.086
0.086
0.088
0.073
0.075
0.091
0.072
0.093
0.071
0.071
0.088
0.077
0.085
0.096
0.092
0.089
0.087
0.078
0.089
0.092
0.089
0.072
0.061
0.091
0.094
0.096
0.097
0.087
0.070
0.090
0.075
0.087
0.092
0.085
0.082
0.090
0.072
0.088
0.093
0.084
0.087
0.060
0.060
0.078
0.077
0.085
0.094
0.089
0.088
0.094
0.092
0.081
0.059
0.076
0.059
0.084
0.074
0.067
0.072
0.098
0.070
0.088
0.092
0.087
0.071
0.091
0.085
0.075
0.097
0.089
0.086
0.091
0.088
0.075
0.087
0.074
0.106
0.074
0.070
0.089
0.089
0.087
0.083
0.093
0.086
0.074
0.091
0.086
0.099
0.089
0.072
0.084
0.097
0.074
0.089
0.061
0.074
0.086
0.091
0.071
0.082
0.091
0.073
0.088
0.089
0.086
0.069
0.086
0.072
0.087
0.105
0.094
0.086
0.086
0.086
0.074
0.089
0.093
0.070
0.090
0.088
0.093
0.091
0.089
0.070
0.091
0.086
0.075
0.078
0.087
0.087
0.075
0.073
0.075
0.073
0.089
0.100
0.090
0.061
0.094
0.092
0.094
0.072
0.091
0.083
0.085
0.084
0.113
0.074
0.089
0.083
0.086
0.094
0.087
0.087
0.078
0.083
0.089
0.090
0.073
0.088
0.096
0.088
0.074
0.095
0.072
0.059
0.090
0.088
0.087
0.076
0.087
0.088
0.090
0.089
0.075
0.076
0.088
0.072
0.075
0.089
0.086
0.101
0.084
0.087
0.079
0.074
0.086
0.096
0.071
0.087
0.089
0.088
0.074
0.076
0.088
0.071
0.089
0.090
0.088
0.091
0.088
0.072
0.091
0.087
0.087
0.089
0.075
0.071
0.090
0.073
0.084
0.075
0.072
0.076
0.086
0.090
0.088
0.072
0.088
0.086
0.076
0.086
0.084
0.075
0.072
0.072
0.085
0.081
0.088
0.088
0.090
0.072
0.105
0.088
0.087
0.076
0.088
0.074
0.094
0.058
0.087
0.061
0.084
0.072
0.090
0.094
0.088
0.075
0.086
0.058
0.094
0.097
0.086
0.092
0.083
0.087
0.074
0.087
0.095
0.090
0.087
0.088
0.090
0.073
0.084
0.076
0.093
0.087
0.072
0.073
0.086
0.075
0.091
0.085
0.073
0.070
0.084
0.076
0.092
0.075
0.090
0.095
0.090
0.076
0.086
0.084
0.078
0.087
0.075
0.092
0.080
0.088
0.092
0.072
0.087
0.109
0.071
0.091
0.089
0.076
0.075
0.091
0.098
0.086
0.091
0.074
0.086
0.061
0.087
0.070
0.074
0.075
0.087
0.077
0.083
0.076
0.077
0.075
0.088
0.060
0.085
0.082
0.110
0.080
0.072
0.089
0.071
0.059
0.091
0.088
0.084
0.084
0.089
0.074
0.078
0.087
0.094
0.079
0.088
0.072
0.107
0.093
0.087
0.091
0.086
0.087
0.085
0.092
0.088
0.059
0.084
0.088
0.083
0.077
0.094
0.078
0.080
0.074
0.092
0.072
0.084
0.077
0.089
0.071
0.088
0.060
0.074
0.075
0.087
0.100
0.078
0.072
0.091
0.093
0.074
0.085
0.077
0.072
0.075
0.078
0.086
0.073
0.084
0.075
0.088
0.090
0.088
0.072
0.078
0.061
0.087
0.085
0.074
0.087
0.078
0.060
0.084
0.074
0.073
0.058
0.074
0.080
0.084
0.088
0.086
0.060
0.074
0.080
0.091
0.077
0.074
0.086
0.095
0.060
0.071
0.099
0.090
0.074
0.091
0.076
0.084
0.075
0.089
0.089
0.091
0.075
0.087
0.079
0.075
0.073
0.073
0.088
0.092
0.091
0.069
0.101
0.085
0.097
0.092
0.060
0.073
0.059
0.092
0.086
0.083
0.060
0.094
0.086
0.076
0.072
0.071
0.093
0.108
0.072
0.096
0.084
0.088
0.077
0.087
0.088
0.092
0.073
0.089
0.077
0.089
0.071
0.091
0.074
0.072
0.060
0.086
0.071
0.082
0.092
0.087
0.104
0.088
0.071
0.092
0.072
0.086
0.075
0.068
0.059
0.093
0.075
0.088
0.090
0.093
0.082
0.093
0.072
0.083
0.074
0.086
0.082
0.078
0.074
0.086
0.089
0.088
0.075
0.079
0.073
0.085
0.061
0.075
0.073
0.092
0.087
0.088
0.092
0.089
0.070
0.086
0.087
0.087
0.077
0.095
0.083
0.098
0.088
0.089
0.074
0.089
0.088
0.090
0.088
0.075
0.072
0.071
0.073
0.091
0.091
0.087
0.082
0.069
0.059
0.090
0.075
0.084
0.087
0.071
0.076
0.091
0.085
0.087
0.082
0.116
0.075
0.088
0.072
0.088
0.090
0.097
0.075
0.073
0.076
0.101
0.092
0.076
0.087
0.086
0.073
0.073
0.075
0.094
0.059
0.075
0.071
0.087
0.076
0.088
0.059
0.087
0.074
0.087
0.076
0.074
0.086
0.076
0.058
0.087
0.060
0.074
0.090
0.089
0.073
0.086
0.076
0.088
0.074
0.090
0.087
0.074
0.060
0.085
0.076
0.090
0.080
0.075
0.089
0.075
0.070
0.090
0.089
0.088
0.096
0.088
0.073
0.090
0.086
0.060
0.090
0.060
0.059
0.077
0.061
0.089
0.060
0.074
0.071
0.097
0.072
0.099
0.074
0.089
0.086
0.091
0.089
0.075
0.086
0.094
0.087
0.078
0.070
0.076
0.076
0.088
0.075
0.090
0.092
0.088
0.060
0.087
0.072
0.097
0.057
0.087
0.077
0.093
0.088
0.098
0.081
0.089
0.059
0.088
0.085
0.096
0.071
0.072
0.076
0.087
0.095
0.099
0.084
0.083
0.073
0.088
0.088
0.096
0.089
0.084
0.059
0.071
0.086
0.089
0.089
0.075
0.077
0.073
0.074
0.086
0.073
0.087
0.076
0.088
0.072
0.090
0.088
0.085
0.077
0.088
0.074
0.091
0.087
0.082
0.078
0.075
0.086
0.078
0.060
0.076
0.073
0.093
0.073
0.090
0.073
0.072
0.074
0.072
0.088
0.079
0.071
0.087
0.076
0.089
0.060
0.076
0.077
0.071
0.075
0.087
0.074
0.096
0.077
0.087
0.091
0.088
0.073
0.096
0.077
0.088
0.061
0.086
0.081
0.098
0.075
0.087
0.100
0.075
0.058
0.091
0.072
0.088
0.090
0.094
0.057
0.087
0.059
0.094
0.075
0.092
0.058
0.076
0.086
0.071
0.060
0.075
0.072
0.075
0.073
0.084
0.075
0.084
0.058
0.089
0.086
0.087
0.077
0.088
0.073
0.076
0.059
0.075
0.061
0.093
0.088
0.090
0.098
0.071
0.082
0.088
0.088
0.079
0.073
0.087
0.092
0.094
0.077
0.083
0.075
0.087
0.074
0.072
0.075
0.272
0.060
0.089
0.090
0.085
0.106
0.092
0.084
0.089
0.075
0.087
0.075
0.088
0.058
0.076
0.096
0.089
0.104
0.098
0.070
0.071
0.087
0.071
0.074
0.074
0.074
0.077
0.076
0.088
0.061
0.089
0.101
0.090
0.060
0.075
0.075
0.088
0.087
0.072
0.072
0.081
0.072
0.095
0.074
0.086
0.099
0.084
0.072
0.089
0.086
0.084
0.090
0.086
0.089
0.084
0.080
0.088
0.083
0.089
0.073
0.084
0.058
0.088
0.088
0.087
0.073
0.088
0.060
0.076
0.074
0.071
0.091
0.089
0.059
0.088
0.074
0.090
0.076
0.074
0.074
0.090
0.074
0.088
0.075
0.088
0.059
0.087
0.081
0.095
0.075
0.087
0.058
0.091
0.073
0.089
0.073
0.089
0.111
0.091
0.100
0.093
0.075
0.091
0.093
0.088
0.094
0.075
0.087
0.088
0.074
0.082
0.074
0.090
0.060
0.089
0.060
0.081
0.074
0.084
0.090
0.089
0.088
0.087
0.090
0.085
0.089
0.088
0.075
0.078
0.088
0.086
0.079
0.086
0.088
0.072
0.091
0.091
0.091
0.061
0.073
0.088
0.093
0.087
0.073
0.071
0.073
0.092
0.074
0.088
0.075
0.075
0.070
0.086
0.091
0.088
0.072
0.070
0.074
0.100
0.087
0.086
0.094
0.090
0.059
0.101
0.081
0.094
0.087
0.076
0.074
0.073
0.091
0.114
0.072
0.077
0.072
0.088
0.090
0.088
0.085
0.074
0.079
0.076
0.087
0.076
0.060
0.073
0.087
0.089
0.093
0.069
0.060
0.093
0.061
0.088
0.088
0.095
0.071
0.094
0.073
0.089
0.075
0.087
0.060
0.088
0.094
0.074
0.077
0.086
0.086
0.087
0.088
0.087
0.074
0.095
0.074
0.088
0.072
0.089
0.059
0.093
0.083
0.087
0.090
0.084
0.088
0.087
0.073
0.091
0.072
0.091
0.090
0.098
0.092
0.090
0.072
0.087
0.059
0.085
0.083
0.075
0.093
0.088
0.059
0.086
0.079
0.086
0.087
0.088
0.061
0.113
0.082
0.075
0.082
0.089
0.077
0.073
0.090
0.085
0.073
0.090
0.077
0.084
0.090
0.088
0.080
0.088
0.101
0.090
0.093
0.076
0.074
0.078
0.077
0.087
0.076
0.077
0.074
0.091
0.082
0.111
0.094
0.075
0.086
0.090
0.074
0.087
0.086
0.090
0.059
0.088
0.081
0.087
0.077
0.076
0.091
0.104
0.059
0.089
0.072
0.087
0.073
0.060
0.075
0.085
0.073
0.074
0.059
0.089
0.098
0.089
0.078
0.071
0.061
0.102
0.090
0.098
0.078
0.075
0.087
0.091
0.084
0.076
0.090
0.089
0.072
0.088
0.075
0.072
0.071
0.089
0.072
0.089
0.089
0.071
0.089
0.089
0.088
0.090
0.091
0.076
0.085
0.076
0.076
0.082
0.076
0.072
0.074
0.090
0.089
0.076
0.072
0.092
0.076
0.104
0.058
0.094
0.081
0.071
0.073
0.088
0.086
0.088
0.086
0.075
0.094
0.106
0.060
0.071
0.072
0.083
0.073
0.100
0.073
0.079
0.078
0.086
0.084
0.089
0.089
0.076
0.095
0.071
0.089
0.077
0.081
0.075
0.074
0.090
0.075
0.090
0.096
0.089
0.076
0.072
0.076
0.090
0.076
0.094
0.090
0.085
0.079
0.088
0.086
0.074
0.080
0.094
0.074
0.101
0.071
0.077
0.087
0.072
0.075
0.097
0.108
0.088
0.059
0.074
0.075
0.089
0.072
0.071
0.090
0.084
0.076
0.098
0.070
0.090
0.089
0.072
0.072
0.089
0.072
0.088
0.074
0.098
0.095
0.089
0.074
0.060
0.092
0.073
0.088
0.060
0.058
0.090
0.074
0.089
0.090
0.089
0.086
0.070
0.089
0.076
0.060
0.077
0.072
0.089
0.076
0.086
0.091
0.097
0.075
0.089
0.072
0.056
0.088
0.073
0.080
0.078
0.090
0.075
0.091
0.089
0.093
0.076
0.088
0.103
0.087
0.089
0.072
0.075
0.095
0.087
0.075
0.104
0.075
0.089
0.073
0.088
0.060
0.090
0.075
0.087
0.089
0.074
0.097
0.077
0.059
0.085
0.072
0.100
0.087
0.088
0.087
0.076
0.073
0.087
0.098
0.090
0.086
0.074
0.073
0.075
0.075
0.090
0.074
0.086
0.074
0.086
0.075
0.086
0.087
0.072
0.074
0.090
0.086
0.075
0.080
0.086
0.088
0.087
0.077
0.091
0.073
0.085
0.089
0.086
0.076
0.090
0.073
0.089
0.075
0.088
0.076
0.059
0.075
0.088
0.072
0.074
0.089
0.089
0.074
0.086
0.074
0.099
0.088
0.088
0.070
0.078
0.091
0.075
0.080
0.087
0.106
0.084
0.075
0.059
0.093
0.076
0.092
0.082
0.074
0.075
0.060
0.054
0.074
0.077
0.096
0.081
0.083
0.089
0.059
0.055
0.087
0.075
0.073
0.089
0.087
0.094
0.082
0.071
0.092
0.088
0.085
0.075
0.076
0.087
0.074
0.083
0.087
0.087
0.072
0.092
0.089
0.090
0.087
0.073
0.089
0.086
0.075
0.087
0.088
0.091
0.076
0.074
0.076
0.074
0.085
0.070
0.075
0.073
0.090
0.073
0.074
0.074
0.059
0.092
0.075
0.057
0.076
0.095
0.082
0.061
0.076
0.094
0.087
0.084
0.060
0.076
0.076
0.074
0.074
0.108
0.090
0.089
0.103
0.089
0.076
0.075
