0.000140370
0.000148434
0.000178261
0.000182195
0.000176978
0.000170498
0.000145564
0.000142318
0.000158349
0.000109909
0.000151873
0.000144604
0.000139910
0.000165038
0.000136357
0.000143910
0.000144128
0.000146695
0.000137669
0.000172676
0.000186194
0.000146033
0.000142281
0.000135807
0.000149567
0.000144888
0.000167709
0.000131685
0.000144378
0.000143295
0.000142974
0.000142024
0.000155958
0.000143372
0.000125561
0.000152709
0.000176167
0.000139363
0.000143668
0.000130678
0.000177789
0.000142329
0.000183141
0.000148021
0.000147367
0.000174032
0.000159389
0.000159196
0.000158096
0.000173597
0.000134088
0.000141874
0.000146987
0.000176933
0.000163794
0.000178839
0.000097013
0.000183673
0.000166603
0.000174703
0.000148065
0.000167060
0.000175274
0.000190538
0.000136938
0.000142543
0.000136378
0.000143227
0.000169581
0.000178566
0.000145856
0.000143993
0.000187622
0.000152057
0.000145231
0.000181633
0.000177634
0.000173785
0.000158882
0.000147315
0.000177479
0.000168590
0.000162831
0.000172071
0.000144993
0.000143341
0.000164269
0.000148207
0.000151489
0.000142880
0.000149377
0.000201727
0.000174708
0.000186990
0.000146157
0.000140245
0.000185361
0.000178045
0.000149871
0.000142229
0.000141467
0.000096199
0.000144364
0.000143211
0.000138611
0.000165382
0.000165595
0.000156641
0.000149071
0.000141303
0.000152508
0.000145824
0.000145022
0.000106862
0.000147223
0.000148611
0.000147955
0.000191943
0.000137188
0.000164911
0.000145989
0.000142768
0.000147184
0.000150138
0.000177739
0.000143697
0.000178080
0.000136292
0.000148568
0.000148987
0.000159810
0.000149401
0.000099019
0.000182730
0.000177945
0.000179459
0.000138394
0.000177589
0.000172517
0.000142538
0.000177339
0.000139515
0.000179117
0.000148124
0.000183091
0.000135851
0.000177197
0.000177639
0.000164733
0.000152035
0.000176697
0.000177810
0.000146286
0.000146478
0.000148472
0.000160661
0.000150121
0.000141288
0.000141802
0.000160374
0.000187075
0.000179464
0.000188095
0.000137083
0.000103275
0.000144868
0.000184079
0.000154940
0.000135234
0.000154649
0.000145693
0.000146453
0.000142830
0.000144816
0.000139602
0.000118249
0.000169381
0.000141139
0.000143506
0.000148786
0.000184108
0.000139998
0.000097740
0.000148342
0.000180070
0.000141397
0.000180771
0.000180962
0.000151586
0.000144403
0.000184162
0.000144842
0.000178837
0.000144958
0.000148638
0.000069407
0.000174007
0.000189235
0.000224414
0.000147643
0.000184853
0.000182546
0.000143437
0.000175249
0.000157774
0.000140430
0.000176843
0.000186294
0.000108942
0.000144900
0.000143621
0.000177715
0.000199839
0.000140195
0.000158124
0.000160498
0.000181107
0.000117885
0.000146810
0.000163488
0.000183848
0.000178987
0.000136717
0.000140929
0.000185903
0.000133340
0.000144417
0.000143623
0.000144146
0.000177880
0.000174943
0.000154855
0.000144487
0.000149943
0.000176577
0.000169697
0.000177033
0.000179895
0.000144172
0.000147375
0.000136467
0.000143318
0.000144369
0.000196355
0.000144152
0.000144247
0.000144698
0.000147568
0.000177558
0.000138715
0.000144264
0.000170027
0.000150005
0.000131507
0.000137655
0.000159533
0.000128474
0.000141794
0.000138929
0.000184500
0.000148066
0.000181342
0.000150490
0.000136093
0.000144317
0.000146934
0.000135183
0.000141587
0.000153691
0.000183853
0.000135393
0.000161285
0.000157605
0.000089762
0.000147048
0.000175705
0.000129261
0.000184209
0.000150500
0.000144432
0.000179514
0.000163542
0.000177008
0.000144812
0.000196667
0.000152794
0.000177689
0.000097227
0.000144472
0.000159627
0.000172976
0.000071132
0.000185045
0.000150142
0.000131406
0.000144045
0.000180850
0.000144182
0.000143770
0.000133322
0.000144230
0.000159041
0.000144029
0.000147361
0.000148494
0.000144192
0.000177598
0.000158504
0.000136794
0.000183858
0.000179469
0.000145081
0.000120170
0.000177675
0.000144934
0.000166222
0.000179138
0.000157540
0.000182616
0.000159883
0.000178822
0.000148030
0.000182956
0.000150480
0.000148956
0.000144508
0.000143477
0.000151183
0.000160363
0.000140882
0.000181598
0.000134209
0.000175725
0.000149885
0.000178311
0.000141856
0.000147306
0.000144572
0.000094162
0.000144117
0.000148708
0.000145350
0.000143828
0.000144104
0.000169430
0.000162183
0.000180050
0.000143971
0.000147203
0.000117770
0.000149672
0.000146618
0.000183587
0.000170323
0.000144913
0.000174430
0.000158988
0.000181824
0.000174893
0.000174808
0.000183152
0.000185015
0.000176472
0.000176447
0.000145136
0.000149731
0.000173823
0.000154506
0.000093827
0.000187441
0.000184181
0.000137229
0.000151323
0.000124069
0.000175049
0.000175429
0.000164639
0.000102567
0.000148813
0.000101775
0.000117810
0.000138912
0.000146221
0.000153610
0.000183963
0.000142084
0.000177519
0.000179785
0.000142916
0.000133121
0.000168731
0.000146131
0.000143423
0.000140648
0.000134911
0.000157581
0.000138674
0.000143451
0.000139884
0.000148183
0.000179238
0.000145041
0.000143868
0.000139815
0.000142127
0.000143410
0.000164240
0.000141373
0.000144696
0.000148085
0.000151210
0.000092384
0.000139717
0.000145922
0.000167058
0.000153895
0.000140039
0.000137648
0.000178125
0.000096948
0.000160783
0.000137391
0.000182199
0.000177910
0.000057440
0.000143570
0.000178055
0.000149883
0.000183692
0.000124270
0.000134466
0.000144453
0.000148714
0.000184571
0.000185204
0.000165666
0.000145052
0.000177509
0.000183984
0.000133018
0.000144603
0.000183059
0.000180997
0.000139738
0.000116801
0.000149397
0.000183833
0.000167759
0.000165565
0.000176933
0.000144854
0.000189899
0.000154409
0.000145561
0.000179389
0.000168083
0.000154312
0.000134502
0.000185261
0.000152627
0.000145807
0.000145329
0.000137778
0.000058996
0.000136971
0.000136421
0.000135561
0.000101743
0.000145852
0.000147337
0.000142841
0.000136394
0.000186185
0.000097942
0.000177700
0.000169787
0.000145524
0.000150244
0.000152939
0.000145530
0.000167792
0.000149099
0.000143872
0.000099198
0.000108992
0.000145250
0.000145957
0.000181153
0.000145957
0.000137783
0.000146862
0.000144630
0.000160033
0.000144841
0.000180136
0.000176291
0.000188178
0.000179483
0.000136806
0.000144611
0.000172066
0.000142524
0.000173545
0.000146356
0.000150232
0.000099747
0.000137465
0.000131459
0.000058845
0.000133879
0.000134907
0.000165743
0.000154971
0.000197181
0.000145888
0.000181650
0.000117056
0.000151135
0.000192232
0.000143060
0.000148594
0.000175625
0.000136797
0.000145162
0.000146084
0.000141606
0.000140299
0.000162584
0.000177249
0.000144497
0.000181232
0.000153958
0.000150833
0.000144374
0.000170107
0.000128489
0.000148406
0.000143735
0.000145773
0.000157708
0.000143968
0.000159276
0.000183578
0.000171861
0.000136355
0.000150385
0.000139740
0.000174768
0.000138448
0.000162494
0.000149329
0.000144600
0.000171751
0.000182992
0.000138720
0.000173789
0.000179481
0.000136335
0.000144704
0.000148369
0.000173946
0.000168840
0.000186540
0.000146555
0.000179378
0.000170682
0.000143622
0.000186217
0.000094997
0.000166615
0.000152467
0.000180285
0.000141558
0.000138792
0.000144245
0.000136308
0.000171955
0.000191968
0.000165577
0.000136735
0.000171656
0.000147547
0.000143717
0.000148623
0.000130567
0.000180631
0.000179158
0.000148772
0.000168980
0.000061353
0.000137727
0.000147217
0.000163768
0.000145155
0.000188493
0.000168399
0.000174853
0.000092852
0.000177880
0.000065108
0.000156490
0.000159733
0.000140907
0.000149828
0.000161441
0.000147933
0.000137764
0.000177564
0.000150003
0.000141032
0.000177489
0.000175469
0.000139824
0.000095427
0.000139460
0.000112136
0.000181984
0.000144723
0.000170329
0.000177564
0.000152217
0.000137814
0.000150160
0.000140952
0.000145803
0.000185271
0.000147952
0.000180215
0.000060922
0.000160135
0.000154159
0.000186379
0.000140309
0.000142396
0.000149293
0.000143672
0.000181373
0.000149288
0.000129842
0.000143706
0.000177479
0.000148924
0.000143773
0.000185441
0.000133119
0.000138782
0.000161027
0.000135140
0.000147055
0.000163585
0.000152506
0.000144084
0.000136570
0.000138943
0.000149608
0.000139572
0.000158747
0.000181894
0.000151555
0.000093146
0.000148905
0.000153518
0.000166088
0.000144040
0.000182355
0.000169215
0.000145959
0.000148005
0.000097500
0.000149701
0.000148355
0.000146664
0.000149205
0.000177133
0.000123511
0.000144423
0.000151099
0.000131396
0.000169983
0.000145580
0.000094352
0.000147745
0.000175419
0.000169190
0.000145795
0.000140355
0.000144210
0.000144107
0.000138694
0.000111222
0.000135410
0.000153846
0.000147376
0.000147514
0.000181438
0.000148559
0.000143116
0.000162274
0.000188800
0.000143921
0.000172887
0.000140932
0.000181904
0.000178597
0.000141535
0.000063716
0.000130840
0.000145571
0.000174527
0.000123494
0.000152011
0.000142175
0.000175319
0.000181022
0.000137034
0.000140788
0.000178997
0.000144787
0.000142051
0.000141639
0.000149757
0.000131811
0.000136639
0.000176642
0.000134772
0.000162482
0.000123321
0.000139666
0.000155206
0.000160165
0.000123171
0.000145638
0.000190358
0.000169481
0.000150130
0.000162316
0.000140837
0.000144647
0.000161291
0.000139155
0.000196120
0.000191810
0.000130368
0.000193775
0.000145141
0.000173323
0.000178862
0.000165958
0.000176892
0.000141179
0.000170880
0.000174678
0.000147445
0.000177252
0.000142114
0.000179118
0.000167502
0.000131451
0.000144110
0.000128257
0.000134452
0.000144991
0.000180917
0.000132857
0.000133820
0.000144541
0.000177203
0.000164531
0.000144839
0.000135713
0.000142598
0.000143422
0.000137560
0.000147326
0.000141527
0.000181529
0.000139279
0.000189125
0.000168288
0.000162535
0.000148595
0.000141067
0.000147407
0.000108811
0.000184936
0.000147104
0.000143331
0.000134248
0.000149976
0.000140745
0.000188324
0.000159857
0.000140419
0.000176622
0.000100723
0.000149092
0.000174221
0.000149999
0.000176041
0.000178035
0.000176542
0.000168784
0.000173260
0.000181077
0.000146829
0.000109036
0.000147927
0.000144178
0.000189352
0.000144520
0.000129933
0.000125871
0.000149241
0.000148601
0.000172420
0.000150739
0.000161323
0.000148984
0.000177163
0.000169531
0.000166744
0.000141160
0.000179298
0.000138905
0.000144791
0.000143291
0.000149403
0.000149033
0.000177745
0.000186599
0.000179423
0.000145031
0.000151935
0.000177113
0.000146445
0.000171424
0.000143127
0.000173335
0.000138228
0.000159930
0.000140989
0.000177188
0.000154747
0.000183006
0.000177159
0.000107589
0.000168343
0.000146042
0.000177404
0.000133144
0.000147880
0.000170277
0.000164728
0.000142822
0.000138687
0.000169361
0.000140287
0.000142232
0.000177349
0.000141534
0.000140827
0.000142576
0.000149271
0.000179221
0.000132795
0.000138535
0.000138185
0.000176348
0.000140664
0.000136169
0.000144566
0.000132533
0.000143892
0.000136522
0.000176743
0.000142584
0.000178181
0.000141456
0.000137272
0.000143980
0.000139740
0.000176371
0.000104418
0.000140035
0.000150718
0.000140175
0.000177053
0.000136250
0.000169661
0.000143582
0.000158987
0.000103641
0.000170011
0.000148495
0.000140186
0.000144455
0.000128963
0.000175149
0.000191564
0.000124646
0.000126069
0.000143971
0.000174251
0.000166420
0.000170403
0.000132862
0.000148183
0.000096906
0.000132552
0.000102770
0.000144226
0.000140431
0.000186859
0.000063234
0.000143534
0.000169534
0.000140193
0.000142116
0.000087103
0.000142675
0.000141600
0.000185055
0.000166150
0.000132550
0.000141954
0.000145499
0.000177479
0.000140652
0.000142874
0.000146032
0.000171792
0.000149548
0.000170498
0.000146402
0.000122302
0.000158840
0.000139768
0.000147728
0.000150774
0.000181713
0.000174502
0.000169265
0.000144064
0.000149257
0.000147107
0.000142262
0.000137993
0.000141195
0.000126820
0.000187537
0.000170172
0.000162996
0.000134589
0.000130027
0.000147682
0.000178316
0.000136080
0.000142962
0.000143618
0.000153576
0.000143322
0.000146775
0.000144957
0.000145996
0.000062450
0.000167399
0.000140914
0.000143608
0.000135606
0.000096657
0.000184966
0.000135033
0.000160548
0.000177519
0.000181378
0.000143540
0.000143795
0.000152619
0.000161653
0.000146464
0.000181613
0.000169265
0.000177697
0.000146367
0.000143996
0.000177990
0.000129668
0.000135946
0.000147492
0.000173096
0.000143352
0.000139303
0.000146038
0.000144975
0.000148562
0.000142249
0.000141410
0.000144549
0.000148087
0.000143664
0.000136614
0.000148537
0.000143789
0.000180042
0.000117591
0.000169474
0.000174868
0.000175158
0.000178126
0.000173971
0.000181739
0.000143610
0.000156071
0.000143975
0.000142187
0.000179744
0.000137160
0.000143900
0.000178100
0.000144583
0.000164280
0.000143271
0.000125030
0.000145410
0.000178396
0.000168856
0.000168042
0.000142835
0.000145193
0.000147233
0.000162825
0.000098010
0.000146302
0.000144643
0.000179202
0.000182059
0.000136616
0.000177354
0.000143242
0.000142794
0.000149697
0.000177950
0.000152607
0.000061525
0.000131776
0.000138728
0.000145201
0.000165587
0.000140061
0.000144123
0.000142607
0.000145622
0.000145310
0.000130233
0.000141799
0.000144686
0.000148602
0.000182699
0.000138266
0.000165811
0.000149643
0.000144311
0.000148404
0.000157246
0.000187660
0.000150548
0.000178321
0.000186301
0.000169256
0.000147735
0.000155960
0.000208895
0.000171927
0.000144451
0.000148937
0.000151656
0.000132906
0.000171269
0.000192307
0.000185768
0.000145153
0.000156370
0.000185502
0.000178697
0.000178401
0.000144266
0.000136765
0.000174132
0.000145785
0.000135449
0.000109820
0.000151510
0.000125744
0.000100667
0.000144384
0.000136072
0.000143648
0.000141168
0.000143913
0.000106369
0.000153688
0.000182425
0.000149522
0.000181327
0.000063550
0.000150381
0.000148221
0.000146535
0.000106886
0.000147352
0.000182044
0.000140216
0.000131731
0.000173580
0.000143941
0.000152031
0.000166758
0.000140831
0.000143710
0.000182716
0.000172393
0.000182390
0.000137092
0.000177594
0.000179013
0.000149814
0.000170764
0.000180311
0.000166826
0.000148189
0.000147988
0.000154757
0.000143373
0.000169296
0.000187472
0.000159940
0.000184345
0.000134887
0.000144326
0.000144821
0.000119149
0.000141274
0.000098544
0.000142719
0.000146479
0.000145148
0.000167102
0.000170972
0.000147476
0.000111296
0.000146144
0.000176768
0.000161031
0.000144370
0.000137800
0.000090921
0.000177575
0.000142690
0.000161630
0.000190594
0.000187006
0.000154969
0.000177239
0.000139732
0.000174291
0.000144448
0.000136982
0.000175144
0.000143719
0.000166715
0.000146775
0.000151660
0.000136266
0.000144143
0.000173319
0.000147597
0.000136968
0.000154382
0.000181538
0.000144857
0.000174282
0.000136102
0.000140704
0.000171939
0.000179905
0.000169501
0.000176688
0.000147895
0.000137598
0.000149131
0.000137800
0.000136319
0.000165650
0.000145630
0.000152564
0.000149018
