0.261
0.161
0.150
0.161
0.169
0.109
0.202
0.156
0.155
0.190
0.137
0.205
0.184
0.183
0.227
0.182
0.211
0.208
0.225
0.127
0.223
0.188
0.153
0.154
0.157
0.216
0.235
0.160
0.161
0.157
0.215
0.213
0.212
0.205
0.187
0.154
0.228
0.121
0.209
0.156
0.196
0.215
0.152
0.156
0.158
0.162
0.174
0.244
0.220
0.192
0.157
0.148
0.165
0.158
0.214
0.180
0.158
0.160
0.157
0.158
0.213
0.156
0.182
0.170
0.214
0.151
0.158
0.165
0.214
0.154
0.218
0.160
0.201
0.225
0.216
0.209
0.177
0.188
0.150
0.156
0.161
0.211
0.220
0.204
0.134
0.218
0.221
0.212
0.164
0.179
0.215
0.213
0.152
0.154
0.150
0.158
0.206
0.210
0.162
0.159
0.224
0.203
0.161
0.217
0.213
0.205
0.214
0.159
0.213
0.218
0.220
0.184
0.161
0.159
0.198
0.160
0.168
0.158
0.166
0.252
0.189
0.222
0.192
0.149
0.222
0.213
0.167
0.197
0.158
0.108
0.180
0.155
0.159
0.161
0.181
0.211
0.165
0.156
0.168
0.198
0.209
0.119
0.164
0.161
0.188
0.213
0.152
0.219
0.202
0.156
0.162
0.166
0.213
0.156
0.213
0.148
0.165
0.162
0.217
0.162
0.115
0.176
0.213
0.209
0.154
0.212
0.230
0.156
0.212
0.151
0.215
0.160
0.217
0.187
0.234
0.207
0.221
0.165
0.212
0.206
0.162
0.162
0.223
0.217
0.379
0.153
0.156
0.174
0.223
0.208
0.184
0.171
0.119
0.163
0.220
0.203
0.152
0.178
0.163
0.159
0.159
0.158
0.196
0.131
0.205
0.153
0.159
0.161
0.219
0.197
0.134
0.164
0.215
0.165
0.176
0.211
0.167
0.157
0.207
0.159
0.214
0.158
0.201
0.088
0.191
0.219
0.251
0.175
0.200
0.217
0.199
0.204
0.214
0.154
0.213
0.216
0.126
0.157
0.160
0.212
0.220
0.157
0.214
0.216
0.216
0.171
0.162
0.217
0.220
0.214
0.153
0.155
0.221
0.168
0.159
0.159
0.161
0.214
0.211
0.205
0.161
0.165
0.212
0.206
0.214
0.215
0.160
0.160
0.153
0.158
0.160
0.230
0.160
0.159
0.204
0.159
0.212
0.203
0.160
0.204
0.217
0.185
0.154
0.214
0.145
0.213
0.154
0.220
0.164
0.212
0.203
0.151
0.159
0.160
0.151
0.157
0.169
0.218
0.149
0.218
0.214
0.124
0.163
0.212
0.185
0.218
0.166
0.157
0.214
0.218
0.213
0.159
0.219
0.187
0.215
0.111
0.159
0.211
0.188
0.108
0.211
0.166
0.147
0.156
0.214
0.157
0.159
0.189
0.160
0.214
0.160
0.182
0.165
0.155
0.193
0.231
0.153
0.219
0.216
0.158
0.136
0.213
0.187
0.220
0.214
0.213
0.218
0.210
0.213
0.161
0.219
0.163
0.164
0.157
0.159
0.167
0.217
0.190
0.216
0.173
0.213
0.166
0.215
0.154
0.163
0.156
0.134
0.157
0.164
0.156
0.207
0.156
0.206
0.212
0.217
0.155
0.163
0.167
0.209
0.205
0.219
0.205
0.161
0.186
0.216
0.210
0.211
0.210
0.220
0.177
0.213
0.207
0.161
0.184
0.232
0.209
0.115
0.222
0.213
0.152
0.167
0.191
0.210
0.210
0.221
0.115
0.165
0.116
0.187
0.178
0.160
0.169
0.179
0.157
0.213
0.214
0.196
0.189
0.225
0.203
0.159
0.154
0.150
0.217
0.195
0.156
0.175
0.160
0.215
0.157
0.159
0.186
0.158
0.159
0.220
0.175
0.160
0.163
0.172
0.142
0.155
0.162
0.182
0.170
0.176
0.148
0.215
0.148
0.217
0.152
0.216
0.207
0.073
0.157
0.214
0.162
0.200
0.197
0.150
0.157
0.165
0.213
0.221
0.218
0.161
0.212
0.221
0.183
0.195
0.209
0.217
0.150
0.132
0.164
0.219
0.222
0.221
0.213
0.160
0.229
0.169
0.162
0.215
0.197
0.195
0.166
0.223
0.168
0.197
0.161
0.152
0.069
0.152
0.153
0.174
0.117
0.190
0.203
0.156
0.200
0.182
0.113
0.214
0.201
0.158
0.196
0.188
0.162
0.204
0.161
0.160
0.114
0.122
0.160
0.159
0.217
0.161
0.153
0.163
0.158
0.216
0.160
0.221
0.212
0.224
0.214
0.152
0.157
0.228
0.157
0.208
0.181
0.167
0.115
0.150
0.143
0.073
0.168
0.148
0.202
0.211
0.217
0.184
0.192
0.189
0.193
0.214
0.177
0.185
0.206
0.192
0.160
0.185
0.154
0.196
0.217
0.213
0.156
0.217
0.203
0.166
0.157
0.207
0.158
0.164
0.157
0.162
0.212
0.157
0.215
0.199
0.206
0.191
0.162
0.154
0.209
0.154
0.173
0.165
0.188
0.207
0.218
0.194
0.203
0.198
0.148
0.161
0.163
0.210
0.205
0.223
0.211
0.216
0.183
0.159
0.217
0.107
0.182
0.209
0.217
0.155
0.152
0.161
0.152
0.228
0.218
0.223
0.152
0.208
0.198
0.200
0.186
0.187
0.215
0.216
0.162
0.207
0.073
0.150
0.162
0.177
0.160
0.226
0.180
0.210
0.103
0.214
0.078
0.212
0.214
0.157
0.166
0.218
0.201
0.179
0.212
0.165
0.151
0.214
0.205
0.154
0.106
0.153
0.125
0.219
0.162
0.226
0.209
0.210
0.193
0.166
0.157
0.183
0.219
0.164
0.216
0.113
0.173
0.211
0.221
0.155
0.176
0.164
0.155
0.220
0.162
0.186
0.193
0.213
0.163
0.161
0.216
0.170
0.151
0.217
0.189
0.163
0.214
0.217
0.161
0.152
0.151
0.166
0.191
0.215
0.212
0.187
0.107
0.165
0.203
0.222
0.157
0.219
0.199
0.207
0.159
0.133
0.166
0.163
0.162
0.164
0.208
0.141
0.159
0.194
0.143
0.226
0.157
0.136
0.160
0.211
0.200
0.161
0.152
0.161
0.157
0.152
0.126
0.190
0.163
0.184
0.172
0.197
0.162
0.158
0.214
0.227
0.156
0.229
0.177
0.219
0.214
0.155
0.081
0.187
0.162
0.209
0.194
0.189
0.152
0.212
0.230
0.153
0.153
0.216
0.156
0.160
0.172
0.165
0.167
0.149
0.212
0.151
0.218
0.139
0.150
0.172
0.210
0.193
0.161
0.228
0.204
0.166
0.219
0.154
0.159
0.217
0.150
0.218
0.182
0.143
0.229
0.163
0.185
0.215
0.221
0.215
0.153
0.184
0.206
0.347
0.211
0.181
0.218
0.203
0.198
0.160
0.200
0.150
0.157
0.221
0.147
0.150
0.157
0.214
0.219
0.191
0.185
0.156
0.158
0.150
0.162
0.153
0.216
0.155
0.224
0.205
0.217
0.164
0.155
0.188
0.122
0.177
0.159
0.182
0.145
0.166
0.152
0.224
0.211
0.192
0.213
0.115
0.164
0.210
0.215
0.214
0.207
0.215
0.204
0.209
0.216
0.162
0.121
0.164
0.156
0.213
0.160
0.142
0.196
0.166
0.158
0.212
0.167
0.195
0.166
0.214
0.201
0.223
0.151
0.218
0.150
0.161
0.155
0.165
0.210
0.172
0.221
0.215
0.158
0.209
0.212
0.162
0.186
0.160
0.208
0.152
0.170
0.198
0.211
0.169
0.217
0.212
0.119
0.205
0.161
0.213
0.313
0.172
0.201
0.181
0.157
0.152
0.204
0.154
0.157
0.212
0.152
0.156
0.153
0.209
0.216
0.146
0.149
0.152
0.197
0.155
0.152
0.158
0.146
0.160
0.186
0.193
0.154
0.213
0.154
0.152
0.155
0.152
0.211
0.119
0.175
0.166
0.158
0.215
0.152
0.207
0.160
0.221
0.115
0.227
0.165
0.174
0.156
0.185
0.209
0.186
0.195
0.141
0.159
0.230
0.177
0.206
0.143
0.163
0.109
0.148
0.116
0.184
0.198
0.218
0.079
0.161
0.225
0.155
0.156
0.157
0.153
0.205
0.208
0.180
0.143
0.155
0.158
0.214
0.153
0.157
0.204
0.228
0.161
0.207
0.162
0.198
0.211
0.155
0.160
0.166
0.218
0.230
0.199
0.160
0.166
0.165
0.154
0.194
0.154
0.197
0.223
0.206
0.214
0.304
0.186
0.165
0.220
0.151
0.182
0.158
0.209
0.184
0.159
0.160
0.161
0.078
0.182
0.157
0.156
0.193
0.108
0.221
0.149
0.215
0.212
0.219
0.159
0.160
0.208
0.218
0.159
0.220
0.182
0.210
0.159
0.160
0.209
0.185
0.151
0.170
0.228
0.160
0.151
0.162
0.157
0.165
0.178
0.157
0.160
0.163
0.156
0.152
0.164
0.160
0.195
0.134
0.208
0.189
0.228
0.216
0.210
0.218
0.178
0.217
0.203
0.198
0.215
0.153
0.159
0.213
0.161
0.222
0.156
0.182
0.161
0.214
0.218
0.184
0.165
0.161
0.203
0.219
0.111
0.208
0.161
0.213
0.217
0.153
0.211
0.194
0.157
0.165
0.208
0.168
0.127
0.202
0.153
0.162
0.178
0.156
0.159
0.158
0.216
0.160
0.198
0.158
0.157
0.164
0.217
0.154
0.221
0.166
0.157
0.164
0.149
0.215
0.163
0.215
0.180
0.206
0.193
0.214
0.220
0.208
0.157
0.199
0.201
0.149
0.205
0.218
0.213
0.160
0.211
0.221
0.208
0.214
0.156
0.153
0.246
0.188
0.147
0.127
0.167
0.144
0.109
0.160
0.151
0.158
0.198
0.160
0.122
0.170
0.217
0.165
0.218
0.239
0.166
0.164
0.159
0.124
0.202
0.218
0.190
0.289
0.209
0.160
0.178
0.225
0.177
0.160
0.218
0.209
0.213
0.156
0.215
0.214
0.162
0.187
0.215
0.224
0.160
0.169
0.211
0.207
0.218
0.222
0.185
0.223
0.189
0.184
0.157
0.188
0.191
0.116
0.198
0.200
0.178
0.223
0.183
0.181
0.182
0.159
0.212
0.218
0.157
0.153
0.142
0.214
0.176
0.178
0.225
0.223
0.171
0.213
0.152
0.213
0.159
0.194
0.206
0.208
0.222
0.163
0.168
0.152
0.196
0.231
0.163
0.152
0.167
0.217
0.161
0.228
0.148
0.157
0.228
0.217
0.199
0.214
0.163
0.154
0.196
0.154
0.186
0.181
0.162
0.209
0.162
0.156
0.197
0.158
0.214
0.217
0.156
0.155
0.201
0.211
0.151
0.212
0.152
0.195
0.204
0.206
0.149
0.185
0.159
0.161
0.209
