0.000031748
0.000024903
0.000060571
0.000056933
0.000059804
0.000057991
0.000048277
0.000023097
0.000060741
0.000023585
0.000064196
0.000023505
0.000059889
0.000055655
0.000026478
0.000023482
0.000023120
0.000026894
0.000060597
0.000070749
0.000059649
0.000053525
0.000025099
0.000024158
0.000026498
0.000024553
0.000053094
0.000057751
0.000022999
0.000025547
0.000023715
0.000025377
0.000060326
0.000024740
0.000059554
0.000030988
0.000059885
0.000022620
0.000025688
0.000057695
0.000059533
0.000022308
0.000058367
0.000024299
0.000060435
0.000056462
0.000059394
0.000055861
0.000031442
0.000028625
0.000025397
0.000023883
0.000024857
0.000056928
0.000059915
0.000055760
0.000059218
0.000058216
0.000058226
0.000060110
0.000026267
0.000023337
0.000062741
0.000058411
0.000025267
0.000022944
0.000022340
0.000024937
0.000059904
0.000057584
0.000025298
0.000025787
0.000060872
0.000057018
0.000025680
0.000058612
0.000059323
0.000042205
0.000059228
0.000024182
0.000059649
0.000056106
0.000060701
0.000024946
0.000026243
0.000025874
0.000058847
0.000024349
0.000027200
0.000025526
0.000027939
0.000058642
0.000028998
0.000059138
0.000054582
0.000024581
0.000059669
0.000059554
0.000028261
0.000058957
0.000026821
0.000023864
0.000045481
0.000024356
0.000031330
0.000025898
0.000026041
0.000058125
0.000026151
0.000025614
0.000026135
0.000059676
0.000070984
0.000024651
0.000027853
0.000024289
0.000047676
0.000058296
0.000026485
0.000058096
0.000059388
0.000024536
0.000026084
0.000026889
0.000059519
0.000024470
0.000059153
0.000024275
0.000026461
0.000024803
0.000060686
0.000024435
0.000027434
0.000024256
0.000058947
0.000056372
0.000026824
0.000058256
0.000061253
0.000024461
0.000059233
0.000024549
0.000059734
0.000024610
0.000058893
0.000058353
0.000060120
0.000056031
0.000060576
0.000025152
0.000059163
0.000055374
0.000026436
0.000027631
0.000072303
0.000060040
0.000029275
0.000024627
0.000023866
0.000026085
0.000060687
0.000055800
0.000026298
0.000058386
0.000026452
0.000030043
0.000060757
0.000053846
0.000027529
0.000038777
0.000027787
0.000024204
0.000028336
0.000024333
0.000057845
0.000024657
0.000059373
0.000024242
0.000026112
0.000024375
0.000059228
0.000065468
0.000060601
0.000027344
0.000059239
0.000037447
0.000026200
0.000055650
0.000026946
0.000024241
0.000059093
0.000024677
0.000059874
0.000025195
0.000059422
0.000029799
0.000027098
0.000058206
0.000060827
0.000058301
0.000026202
0.000058156
0.000059178
0.000056237
0.000059238
0.000024543
0.000059173
0.000055605
0.000027604
0.000024664
0.000026225
0.000058081
0.000059158
0.000028014
0.000059203
0.000058883
0.000059469
0.000063081
0.000026660
0.000058361
0.000059724
0.000058361
0.000026938
0.000024704
0.000059343
0.000058557
0.000023368
0.000026275
0.000027720
0.000059890
0.000059724
0.000056452
0.000026750
0.000027418
0.000058141
0.000060200
0.000059599
0.000058572
0.000026559
0.000024442
0.000027434
0.000025573
0.000026458
0.000070419
0.000026232
0.000025576
0.000065702
0.000024114
0.000059434
0.000071760
0.000026017
0.000057800
0.000074816
0.000064783
0.000027321
0.000058096
0.000027600
0.000076022
0.000026195
0.000059834
0.000026189
0.000057308
0.000059842
0.000026040
0.000026491
0.000025209
0.000026410
0.000025877
0.000026294
0.000058617
0.000023735
0.000059689
0.000059459
0.000058436
0.000026071
0.000059479
0.000059294
0.000058145
0.000026145
0.000024828
0.000059584
0.000059805
0.000059969
0.000025327
0.000059589
0.000058457
0.000061002
0.000025790
0.000026083
0.000057258
0.000026287
0.000044171
0.000060045
0.000027369
0.000026222
0.000024277
0.000060275
0.000022649
0.000026409
0.000058637
0.000027271
0.000059122
0.000027564
0.000058612
0.000026579
0.000020875
0.000026256
0.000071546
0.000026329
0.000058025
0.000059849
0.000024345
0.000026409
0.000059383
0.000049362
0.000058041
0.000059258
0.000058862
0.000059478
0.000055765
0.000058818
0.000024340
0.000059955
0.000024325
0.000026123
0.000024665
0.000026323
0.000027018
0.000060085
0.000055615
0.000059449
0.000046104
0.000060261
0.000027076
0.000060636
0.000024370
0.000025996
0.000024299
0.000060255
0.000024618
0.000026019
0.000024134
0.000070054
0.000024265
0.000059484
0.000056176
0.000060170
0.000023991
0.000026257
0.000060110
0.000066044
0.000065932
0.000059143
0.000058065
0.000026152
0.000024495
0.000060120
0.000056322
0.000060611
0.000058783
0.000060982
0.000024392
0.000060135
0.000055836
0.000026861
0.000025857
0.000062771
0.000058472
0.000026567
0.000058707
0.000059985
0.000025909
0.000025827
0.000073754
0.000058216
0.000058421
0.000059654
0.000026026
0.000027074
0.000025670
0.000076873
0.000045641
0.000021651
0.000025509
0.000026013
0.000025812
0.000059935
0.000058080
0.000060506
0.000059043
0.000058356
0.000059529
0.000026211
0.000024836
0.000026171
0.000063723
0.000059644
0.000024312
0.000059339
0.000024231
0.000059444
0.000024353
0.000026390
0.000054052
0.000026402
0.000026629
0.000059413
0.000058296
0.000026163
0.000025587
0.000033386
0.000055560
0.000026418
0.000026507
0.000024635
0.000027465
0.000059629
0.000018958
0.000060857
0.000070238
0.000059198
0.000025365
0.000059163
0.000055865
0.000026387
0.000025484
0.000059930
0.000024467
0.000026260
0.000058541
0.000024808
0.000024576
0.000026789
0.000058527
0.000059890
0.000058977
0.000026617
0.000058837
0.000059859
0.000056061
0.000056642
0.000056242
0.000059854
0.000021030
0.000026315
0.000025575
0.000059354
0.000058071
0.000059404
0.000057093
0.000026183
0.000060376
0.000025911
0.000027399
0.000060095
0.000055981
0.000048434
0.000058066
0.000061683
0.000027437
0.000058732
0.000027604
0.000023525
0.000019558
0.000026408
0.000025754
0.000046030
0.000027183
0.000051071
0.000063233
0.000021495
0.000071597
0.000026187
0.000025750
0.000059468
0.000057073
0.000020407
0.000052958
0.000059614
0.000027597
0.000059559
0.000024271
0.000027294
0.000025569
0.000022787
0.000025590
0.000023741
0.000059418
0.000025899
0.000025067
0.000026242
0.000025370
0.000059604
0.000026860
0.000061984
0.000058732
0.000059684
0.000058602
0.000026357
0.000024641
0.000059814
0.000024542
0.000059715
0.000025753
0.000027538
0.000025827
0.000020882
0.000021395
0.000022415
0.000025989
0.000022665
0.000058972
0.000059664
0.000059844
0.000045051
0.000021707
0.000059179
0.000051279
0.000060416
0.000025445
0.000059784
0.000055955
0.000058802
0.000025497
0.000045964
0.000024042
0.000056602
0.000058316
0.000059343
0.000021067
0.000059329
0.000055570
0.000026393
0.000022392
0.000059884
0.000054432
0.000025870
0.000025108
0.000027011
0.000058156
0.000022846
0.000057113
0.000026667
0.000058231
0.000056592
0.000024337
0.000023123
0.000058201
0.000026366
0.000020226
0.000026118
0.000050423
0.000059294
0.000058416
0.000059424
0.000057910
0.000027123
0.000024498
0.000026320
0.000025758
0.000057490
0.000059383
0.000059629
0.000071702
0.000060125
0.000024617
0.000026114
0.000058702
0.000020548
0.000025713
0.000060476
0.000060131
0.000023359
0.000022415
0.000026893
0.000025847
0.000059654
0.000058641
0.000060557
0.000026932
0.000059804
0.000055510
0.000063499
0.000044160
0.000059263
0.000058080
0.000059905
0.000024475
0.000062476
0.000023392
0.000020452
0.000025629
0.000022628
0.000025564
0.000060907
0.000024132
0.000058913
0.000020414
0.000059363
0.000025468
0.000059859
0.000058191
0.000026155
0.000026440
0.000059830
0.000062967
0.000048394
0.000058201
0.000026240
0.000018991
0.000060406
0.000055404
0.000023973
0.000020616
0.000022862
0.000025796
0.000061388
0.000029548
0.000059659
0.000057189
0.000061117
0.000064496
0.000026344
0.000026490
0.000061178
0.000057991
0.000026286
0.000058055
0.000059842
0.000024569
0.000060636
0.000058672
0.000024283
0.000056647
0.000026305
0.000023533
0.000061403
0.000024288
0.000059954
0.000058654
0.000060351
0.000025769
0.000027548
0.000056352
0.000060421
0.000024558
0.000060316
0.000058386
0.000026509
0.000056702
0.000068098
0.000028442
0.000026854
0.000023852
0.000026926
0.000057589
0.000060456
0.000056457
0.000026127
0.000024833
0.000026601
0.000056527
0.000059815
0.000024553
0.000059759
0.000056141
0.000068261
0.000023317
0.000060010
0.000026598
0.000023927
0.000025770
0.000026239
0.000057459
0.000020630
0.000025819
0.000050593
0.000022227
0.000061013
0.000024463
0.000061699
0.000024737
0.000058396
0.000056326
0.000026072
0.000021231
0.000027349
0.000025300
0.000024427
0.000025986
0.000057539
0.000024384
0.000060406
0.000033430
0.000030872
0.000025930
0.000026125
0.000057500
0.000061398
0.000024663
0.000060065
0.000059579
0.000061283
0.000058672
0.000021194
0.000027459
0.000059749
0.000026519
0.000057855
0.000058642
0.000060431
0.000019549
0.000059289
0.000055470
0.000027403
0.000024141
0.000060361
0.000021740
0.000026347
0.000057269
0.000026339
0.000058647
0.000020444
0.000059254
0.000026365
0.000058907
0.000026564
0.000020617
0.000027542
0.000056267
0.000058997
0.000025683
0.000059539
0.000058011
0.000026373
0.000059128
0.000022899
0.000025451
0.000059384
0.000021022
0.000058146
0.000021025
0.000021305
0.000057981
0.000027775
0.000056837
0.000059233
0.000058507
0.000060516
0.000021940
0.000022694
0.000058166
0.000207481
0.000058261
0.000061158
0.000063167
0.000057590
0.000073923
0.000026729
0.000060582
0.000026231
0.000024392
0.000061919
0.000025035
0.000026986
0.000023750
0.000060256
0.000058396
0.000053467
0.000059031
0.000024017
0.000025563
0.000021120
0.000025582
0.000020527
0.000058216
0.000026093
0.000058221
0.000059353
0.000058075
0.000026095
0.000023639
0.000048105
0.000024991
0.000021735
0.000022451
0.000027779
0.000020245
0.000026398
0.000023055
0.000060481
0.000056943
0.000057713
0.000059289
0.000023821
0.000025585
0.000059143
0.000072654
0.000062164
0.000055420
0.000061874
0.000058677
0.000058391
0.000058401
0.000025994
0.000024279
0.000026098
0.000023500
0.000059494
0.000025603
0.000020925
0.000057780
0.000027623
0.000020939
0.000060892
0.000027558
0.000057234
0.000026874
0.000060105
0.000058291
0.000058958
0.000019993
0.000062245
0.000021096
0.000026527
0.000024718
0.000026431
0.000068177
0.000025263
0.000058451
0.000060115
0.000024761
0.000060471
0.000058175
0.000026452
0.000025583
0.000027414
0.000058477
0.000022306
0.000020193
0.000059459
0.000058096
0.000022816
0.000058121
0.000059088
0.000024323
0.000059188
0.000025712
0.000059108
0.000026769
0.000032246
0.000056382
0.000027215
0.000022676
0.000022774
0.000059043
0.000023031
0.000024236
0.000058286
0.000020520
0.000026346
0.000020427
0.000066952
0.000058215
0.000022152
0.000020495
0.000022567
0.000025933
0.000023675
0.000026061
0.000021920
0.000022629
0.000026075
0.000055620
0.000026749
0.000021198
0.000059744
0.000021227
0.000026282
0.000021105
0.000022259
0.000059439
0.000023697
0.000039972
0.000026174
0.000026645
0.000060797
0.000025830
0.000061959
0.000028366
0.000065347
0.000021373
0.000059920
0.000027681
0.000058377
0.000021640
0.000059559
0.000058206
0.000026017
0.000078308
0.000026098
0.000025850
0.000059498
0.000021971
0.000059519
0.000021151
0.000026144
0.000024225
0.000022809
0.000022427
0.000047053
0.000061122
0.000060481
0.000025471
0.000026568
0.000059509
0.000024112
0.000023387
0.000059583
0.000021865
0.000070560
0.000059229
0.000023930
0.000021806
0.000022689
0.000022763
0.000059749
0.000022353
0.000024098
0.000065625
0.000060300
0.000022498
0.000061177
0.000026955
0.000062646
0.000057465
0.000025272
0.000022434
0.000026529
0.000058868
0.000059894
0.000055815
0.000025479
0.000027360
0.000027436
0.000023359
0.000059750
0.000023082
0.000077072
0.000058000
0.000060376
0.000057339
0.000179147
0.000059399
0.000028546
0.000064976
0.000024344
0.000046291
0.000024614
0.000058186
0.000047959
0.000023238
0.000026046
0.000025574
0.000025587
0.000025138
0.000026460
0.000024315
0.000060295
0.000023453
0.000060456
0.000025575
0.000058506
0.000058095
0.000059955
0.000026315
0.000026276
0.000058848
0.000060451
0.000023686
0.000061478
0.000023745
0.000059890
0.000023945
0.000026532
0.000056146
0.000059569
0.000025426
0.000031791
0.000058462
0.000027335
0.000024336
0.000026818
0.000024205
0.000027200
0.000058932
0.000026033
0.000026238
0.000026629
0.000024831
0.000026257
0.000025577
0.000026726
0.000025761
0.000027540
0.000058492
0.000028655
0.000071306
0.000061534
0.000060677
0.000060832
0.000043232
0.000067758
0.000066940
0.000059368
0.000059314
0.000026469
0.000025639
0.000058757
0.000027008
0.000060937
0.000024238
0.000060185
0.000026657
0.000059363
0.000055831
0.000026344
0.000032146
0.000026435
0.000062481
0.000059218
0.000024476
0.000068762
0.000027280
0.000058767
0.000058572
0.000026230
0.000057719
0.000057673
0.000025385
0.000026235
0.000056407
0.000026430
0.000073170
0.000077538
0.000025887
0.000026542
0.000024682
0.000026432
0.000025675
0.000026654
0.000075404
0.000025505
0.000075718
0.000026761
0.000024662
0.000026538
0.000061473
0.000026318
0.000058616
0.000027178
0.000024660
0.000027451
0.000024538
0.000060436
0.000024345
0.000061168
0.000024655
0.000059509
0.000053286
0.000060727
0.000059268
0.000060481
0.000024210
0.000057473
0.000055720
0.000026257
0.000058301
0.000059118
0.000059508
0.000026078
0.000058446
0.000059504
0.000056071
0.000060496
0.000024267
0.000026603
0.000071636
0.000049815
0.000024369
0.000027960
0.000026185
0.000030116
0.000024183
0.000026030
0.000025604
0.000023059
0.000059378
0.000026135
0.000025926
0.000026578
0.000058466
0.000026263
0.000060752
0.000185949
0.000027573
0.000026331
0.000024480
0.000027421
0.000062541
0.000059870
0.000056287
0.000166107
0.000058672
0.000026779
0.000037443
0.000060816
0.000059128
0.000026253
0.000059007
0.000061348
0.000056311
0.000028117
0.000060491
0.000059864
0.000024540
0.000026735
0.000058392
0.000060997
0.000024460
0.000032341
0.000059298
0.000070295
0.000056727
0.000059294
0.000060451
0.000060597
0.000057916
0.000046422
0.000024452
0.000076299
0.000055770
0.000027635
0.000058441
0.000060577
0.000041890
0.000059198
0.000024222
0.000025984
0.000056662
0.000022770
0.000058581
0.000059764
0.000025085
0.000026342
0.000056587
0.000059859
0.000042796
0.000027071
0.000059483
0.000059975
0.000027670
0.000059509
0.000024259
0.000059780
0.000025729
0.000063951
0.000057579
0.000071588
0.000059033
0.000026420
0.000026027
0.000026917
0.000060470
0.000060832
0.000025876
0.000026580
0.000025148
0.000059589
0.000026964
0.000073079
0.000024527
0.000027426
0.000059259
0.000061133
0.000056441
0.000060030
0.000025785
0.000026658
0.000055271
0.000027980
0.000046226
0.000026753
0.000026095
0.000060106
0.000025217
