0.000016612
0.000034979
0.000031917
0.000015735
0.000015898
0.000034833
0.000014597
0.000035760
0.000033320
0.000035825
0.000016381
0.000035314
0.000015245
0.000035640
0.000014973
0.000035239
0.000013651
0.000018731
0.000034288
0.000035004
0.000016694
0.000035981
0.000035169
0.000016787
0.000031405
0.000035515
0.000032132
0.000050834
0.000014954
0.000016158
0.000032904
0.000036817
0.000032007
0.000035359
0.000014576
0.000016380
0.000015011
0.000012520
0.000034683
0.000035003
0.000014629
0.000037354
0.000033080
0.000015630
0.000015529
0.000013032
0.000013248
0.000035851
0.000016220
0.000035249
0.000014651
0.000015622
0.000014752
0.000015639
0.000015719
0.000038474
0.000031416
0.000036347
0.000012175
0.000035210
0.000015027
0.000035164
0.000033165
0.000016154
0.000014744
0.000034958
0.000032723
0.000015558
0.000012043
0.000035124
0.000014155
0.000035760
0.000014278
0.000037103
0.000014774
0.000034638
0.000033936
0.000013601
0.000015422
0.000035079
0.000014876
0.000012679
0.000015613
0.000015540
0.000033846
0.000035185
0.000015420
0.000035064
0.000013956
0.000034864
0.000014446
0.000035139
0.000011804
0.000016263
0.000012979
0.000014463
0.000034989
0.000033575
0.000011750
0.000035240
0.000031646
0.000035355
0.000032343
0.000035058
0.000015142
0.000013508
0.000015666
0.000015750
0.000034087
0.000034828
0.000042253
0.000015829
0.000012258
0.000037726
0.000033054
0.000036066
0.000012199
0.000014716
0.000016843
0.000013300
0.000012648
0.000013273
0.000016826
0.000015066
0.000013569
0.000015431
0.000015341
0.000013464
0.000033781
0.000015920
0.000012925
0.000016062
0.000014658
0.000021027
0.000014106
0.000035445
0.000014915
0.000013995
0.000034848
0.000017046
0.000034022
0.000014346
0.000013638
0.000035640
0.000032463
0.000035934
0.000016686
0.000016315
0.000032834
0.000015889
0.000015342
0.000014726
0.000014613
0.000013684
0.000017794
0.000015267
0.000016684
0.000035119
0.000033505
0.000013717
0.000013148
0.000035230
0.000035074
0.000035109
0.000012544
0.000016925
0.000049240
0.000014846
0.000012785
0.000014139
0.000034588
0.000013741
0.000034412
0.000015495
0.000014638
0.000034874
0.000014258
0.000015744
0.000034192
0.000017602
0.000034448
0.000015878
0.000013638
0.000014368
0.000013393
0.000016090
0.000034347
0.000015007
0.000014143
0.000017114
0.000013782
0.000015065
0.000046595
0.000015656
0.000031491
0.000034989
0.000013753
0.000015693
0.000013113
0.000033712
0.000014079
0.000015834
0.000013775
0.000036086
0.000015345
0.000016728
0.000016022
0.000015919
0.000037099
0.000016732
0.000014439
0.000034673
0.000014468
0.000035675
0.000034693
0.000016446
0.000032022
0.000235955
0.000015104
0.000042633
0.000034016
0.000015370
0.000017191
0.000020019
0.000034413
0.000035756
0.000034212
0.000035390
0.000014547
0.000035199
0.000034362
0.000035209
0.000033247
0.000034804
0.000016385
0.000015743
0.000033730
0.000015507
0.000034808
0.000015876
0.000016779
0.000015862
0.000014696
0.000034924
0.000015716
0.000035324
0.000019213
0.000017768
0.000014208
0.000017638
0.000034111
0.000036071
0.000032172
0.000037248
0.000031666
0.000034683
0.000018743
0.000036437
0.000015485
0.000037845
0.000034833
0.000032852
0.000014813
0.000036101
0.000035214
0.000035891
0.000032453
0.000035896
0.000032553
0.000171368
0.000036222
0.000015877
0.000034603
0.000035530
0.000034953
0.000034748
0.000033004
0.000016281
0.000015442
0.000016221
0.000034397
0.000016039
0.000015736
0.000016191
0.000034237
0.000016475
0.000032097
0.000034924
0.000034658
0.000035109
0.000032122
0.000034723
0.000015898
0.000036166
0.000014965
0.000034598
0.000034121
0.000034613
0.000015909
0.000016750
0.000033766
0.000035204
0.000014587
0.000015907
0.000015180
0.000035650
0.000014252
0.000034708
0.000032818
0.000015852
0.000015880
0.000036697
0.000015916
0.000035555
0.000035029
0.000034983
0.000031947
0.000036197
0.000032112
0.000035404
0.000014326
0.000034903
0.000035465
0.000035209
0.000034106
0.000034688
0.000033050
0.000015685
0.000034046
0.000035159
0.000014893
0.000015930
0.000014415
0.000035770
0.000034673
0.000016826
0.000034643
0.000017022
0.000015701
0.000034768
0.000014290
0.000018170
0.000034397
0.000014492
0.000014084
0.000035775
0.000034417
0.000034783
0.000031857
0.000047001
0.000031877
0.000016080
0.000015917
0.000035365
0.000034017
0.000034768
0.000014322
0.000035545
0.000034798
0.000015828
0.000033957
0.000015456
0.000014539
0.000034998
0.000030664
0.000035410
0.000014581
0.000036116
0.000016670
0.000017124
0.000048894
0.000036082
0.000032208
0.000034974
0.000014517
0.000016013
0.000035775
0.000016180
0.000034227
0.000035194
0.000014279
0.000033791
0.000033966
0.000015636
0.000033967
0.000015673
0.000033846
0.000034503
0.000013599
0.000048324
0.000014494
0.000015835
0.000034553
0.000015555
0.000016505
0.000016409
0.000014739
0.000035299
0.000014260
0.000015527
0.000035374
0.000016770
0.000032413
0.000036191
0.000032814
0.000017983
0.000014241
0.000044198
0.000033976
0.000034693
0.000034001
0.000015861
0.000014547
0.000015721
0.000034061
0.000015675
0.000034116
0.000013727
0.000015244
0.000034503
0.000014271
0.000015670
0.000035945
0.000015841
0.000047697
0.000017092
0.000014365
0.000015655
0.000042396
0.000015693
0.000014309
0.000035129
0.000038318
0.000034923
0.000034328
0.000034843
0.000014874
0.000015766
0.000014261
0.000034793
0.000031841
0.000035354
0.000034808
0.000035635
0.000015100
0.000015652
0.000033881
0.000015666
0.000033926
0.000034844
0.000032133
0.000015552
0.000014426
0.000035154
0.000014444
0.000015426
0.000032057
0.000034342
0.000034062
0.000015738
0.000014136
0.000034658
0.000014499
0.000020411
0.000034814
0.000036452
0.000016284
0.000034623
0.000044686
0.000036051
0.000031756
0.000015496
0.000034543
0.000036291
0.000033906
0.000034838
0.000031962
0.000036131
0.000035625
0.000037038
0.000034272
0.000015694
0.000034397
0.000015601
0.000032323
0.000015845
0.000034222
0.000034948
0.000032789
0.000015681
0.000033861
0.000033911
0.000014165
0.000035424
0.000014090
0.000015846
0.000033184
0.000034788
0.000034061
0.000034738
0.000015380
0.000015583
0.000015607
0.000015841
0.000015578
0.000034573
0.000035530
0.000034808
0.000031896
0.000015683
0.000014370
0.000015716
0.000034232
0.000015508
0.000015407
0.000043455
0.000032312
0.000015906
0.000014348
0.000035986
0.000034042
0.000015760
0.000042162
0.000014335
0.000035043
0.000016319
0.000017717
0.000017040
0.000033981
0.000015997
0.000040666
0.000016654
0.000035044
0.000016057
0.000018362
0.000035775
0.000032057
0.000034873
0.000015659
0.000015856
0.000034272
0.000035144
0.000032142
0.000015576
0.000032238
0.000015604
0.000016591
0.000034462
0.000015231
0.000015559
0.000014838
0.000016847
0.000030643
0.000016352
0.000032653
0.000035550
0.000016892
0.000033455
0.000014284
0.000015720
0.000033611
0.000016722
0.000033926
0.000034652
0.000034101
0.000013020
0.000033897
0.000034848
0.000033641
0.000036301
0.000034056
0.000034979
0.000014151
0.000035751
0.000014086
0.000016942
0.000034029
0.000035455
0.000034839
0.000037691
0.000033706
0.000034793
0.000014786
0.000034723
0.000014372
0.000016098
0.000033159
0.000012286
0.000034949
0.000015648
0.000016265
0.000035280
0.000046349
0.000015452
0.000034006
0.000043706
0.000031966
0.000011975
0.000034417
0.000034944
0.000012480
0.000034518
0.000042787
0.000015779
0.000034071
0.000015393
0.000014049
0.000035049
0.000034212
0.000015882
0.000030829
0.000034898
0.000034567
0.000016830
0.000014411
0.000035525
0.000012438
0.000016811
0.000034042
0.000050623
0.000031962
0.000015503
0.000032012
0.000034883
0.000034097
0.000036532
0.000014472
0.000016823
0.000014183
0.000016602
0.000032403
0.000014006
0.000035379
0.000034653
0.000049169
0.000015920
0.000015993
0.000046781
0.000014488
0.000015833
0.000033856
0.000034918
0.000032618
0.000016924
0.000044326
0.000035645
0.000014802
0.000034929
0.000010850
0.000036031
0.000031887
0.000035986
0.000031682
0.000034888
0.000015200
0.000034568
0.000013511
0.000034953
0.000031802
0.000015217
0.000032133
0.000034738
0.000014524
0.000035284
0.000013757
0.000035445
0.000033536
0.000015587
0.000032468
0.000051017
0.000014477
0.000034898
0.000031461
0.000034833
0.000034723
0.000035013
0.000031762
0.000034938
0.000018391
0.000014937
0.000014257
0.000015876
0.000015713
0.000035335
0.000033982
0.000015581
0.000034137
0.000013681
0.000017189
0.000039918
0.000042892
0.000015792
0.000034402
0.000036688
0.000033405
0.000015659
0.000034908
0.000016305
0.000015607
0.000016622
0.000014534
0.000034347
0.000014621
0.000038081
0.000033911
0.000036532
0.000034552
0.000034618
0.000014574
0.000036638
0.000034066
0.000013043
0.000015672
0.000038872
0.000033936
0.000015668
0.000031852
0.000014593
0.000015465
0.000015611
0.000014273
0.000035079
0.000015603
0.000015541
0.000016255
0.000013828
0.000034026
0.000034929
0.000013016
0.000034903
0.000015225
0.000015885
0.000035049
0.000036149
0.000042570
0.000033350
0.000015488
0.000036001
0.000015254
0.000015537
0.000033801
0.000013648
0.000034367
0.000042539
0.000033736
0.000017123
0.000030709
0.000016918
0.000014674
0.000047628
0.000045756
0.000035329
0.000014551
0.000034713
0.000014340
0.000014498
0.000033846
0.000035315
0.000035274
0.000035956
0.000015791
0.000036887
0.000020511
0.000036908
0.000016831
0.000016352
0.000034959
0.000015747
0.000014058
0.000034903
0.000031806
0.000035324
0.000033886
0.000015113
0.000014828
0.000014496
0.000033556
0.000013243
0.000016060
0.000011984
0.000033951
0.000013498
0.000035410
0.000021260
0.000013599
0.000034668
0.000011607
0.000035176
0.000011261
0.000015953
0.000037033
0.000052349
0.000034548
0.000015821
0.000014737
0.000034903
0.000032122
0.000034503
0.000036615
0.000015644
0.000014626
0.000035956
0.000032262
0.000035640
0.000035579
0.000021842
0.000015374
0.000015708
0.000039257
0.000015696
0.000010801
0.000036097
0.000012083
0.000015790
0.000035716
0.000034999
0.000015480
0.000035400
0.000014360
0.000034307
0.000014235
0.000012235
0.000034011
0.000012444
0.000015651
0.000017322
0.000033315
0.000012936
0.000042371
0.000036983
0.000010855
0.000015625
0.000014532
0.000046765
0.000014499
0.000012200
0.000011613
0.000015708
0.000034448
0.000039962
0.000014241
0.000034568
0.000011834
0.000035881
0.000031666
0.000011939
0.000033831
0.000033943
0.000032994
0.000011785
0.000012543
0.000011804
0.000034257
0.000015542
0.000016434
0.000015560
0.000015701
0.000035926
0.000010881
0.000012729
0.000034012
0.000035139
0.000033530
0.000035074
0.000034543
0.000012270
0.000013864
0.000014611
0.000034111
0.000034708
0.000035435
0.000011929
0.000034247
0.000011924
0.000012318
0.000050747
0.000010844
0.000035439
0.000034006
0.000015438
0.000032853
0.000035901
0.000012957
0.000034613
0.000033891
0.000012549
0.000035650
0.000035059
0.000034146
0.000035224
0.000032388
0.000046680
0.000010943
0.000015666
0.000015416
0.000021331
0.000034232
0.000034608
0.000031977
0.000042776
0.000010972
0.000034638
0.000011081
0.000033961
0.000010896
0.000017434
0.000031766
0.000012775
0.000016491
0.000015714
0.000031561
0.000034728
0.000014944
0.000013249
0.000014206
0.000034663
0.000031797
0.000015728
0.000015228
0.000036923
0.000031801
0.000049869
0.000031811
0.000034493
0.000034177
0.000034763
0.000033977
0.000038866
0.000046535
0.000016183
0.000031596
0.000034724
0.000014020
0.000012472
0.000033791
0.000036010
0.000012118
0.000015883
0.000033601
0.000012829
0.000046344
0.000045482
0.000014378
0.000018587
0.000015512
0.000013300
0.000013705
0.000035189
0.000012062
0.000051646
0.000033766
0.000034768
0.000033796
0.000012733
0.000013653
0.000034768
0.000032117
0.000015485
0.000012774
0.000016805
0.000033646
0.000036136
0.000014181
0.000015603
0.000031657
0.000035515
0.000015227
0.000015846
0.000031832
0.000015600
0.000034683
0.000015573
0.000034392
0.000012716
0.000016384
0.000014785
0.000033786
0.000012932
0.000034353
0.000013034
0.000012734
0.000034713
0.000033751
0.000013929
0.000032313
0.000174063
0.000014418
0.000012829
0.000015390
0.000015589
0.000031811
0.000013059
0.000015577
0.000034427
0.000034061
0.000034853
0.000032257
0.000014022
0.000042639
0.000034728
0.000015202
0.000013084
0.000033680
0.000013229
0.000015255
0.000035440
0.000014175
0.000035294
0.000047341
0.000035685
0.000015215
0.000016219
0.000013467
0.000034863
0.000033796
0.000013463
0.000015353
0.000014554
0.000015191
0.000034623
0.000014224
0.000015455
0.000040443
0.000035315
0.000033832
0.000013754
0.000012173
0.000034463
0.000014429
0.000034793
0.000014100
0.000015097
0.000034407
0.000039836
0.000031946
0.000014715
0.000012532
0.000034858
0.000031787
0.000013777
0.000013488
0.000034207
0.000014224
0.000034758
0.000012885
0.000034653
0.000033946
0.000016431
0.000034322
0.000034618
0.000012590
0.000035911
0.000014146
0.000035886
0.000032603
0.000034979
0.000033761
0.000015610
0.000015387
0.000035289
0.000031461
0.000015661
0.000016397
0.000034828
0.000014652
0.000035856
0.000012980
0.000035124
0.000034077
0.000013847
0.000033781
0.000035670
0.000034773
0.000015603
0.000015329
0.000014605
0.000031691
0.000047186
0.000032192
0.000016738
0.000033736
0.000034743
0.000035254
0.000034934
0.000013896
0.000017690
0.000032122
0.000035740
0.000017350
0.000034834
0.000015289
0.000015694
0.000031761
0.000034929
0.000013666
0.000039110
0.000033991
0.000014984
0.000034282
0.000037008
0.000033490
0.000034593
0.000031831
0.000035079
0.000033059
0.000015690
0.000035038
0.000034247
0.000033700
0.000015085
0.000043058
0.000015553
0.000015276
0.000015031
0.000015117
0.000016798
0.000014236
0.000016747
0.000015448
0.000034868
0.000014243
0.000035711
0.000014058
0.000016956
0.000016545
0.000021489
0.000034998
0.000015487
0.000034583
0.000015517
0.000016478
0.000015688
0.000033471
0.000036272
0.000015556
0.000035224
0.000033661
0.000034448
0.000034237
0.000034698
0.000014206
0.000015639
0.000014162
0.000035560
0.000014146
0.000036142
0.000033871
0.000016146
0.000032398
0.000034793
0.000014352
0.000017593
0.000015309
0.000015665
0.000033861
0.000034859
0.000014116
0.000016186
0.000031647
0.000036367
0.000032303
0.000016383
0.000014232
0.000034652
0.000014115
0.000034904
0.000014021
0.000016961
0.000015250
0.000017541
0.000015475
0.000017424
0.000033891
0.000034733
0.000014621
0.000052465
0.000031866
0.000015901
0.000015299
0.000013819
0.000013922
0.000015830
0.000014321
0.000044425
0.000014140
0.000016483
0.000015344
0.000035555
0.000014623
0.000015719
0.000014351
0.000015788
0.000014354
0.000035059
0.000039343
0.000015926
