0.174
0.137
0.136
0.129
0.131
0.101
0.128
0.078
0.133
0.151
0.097
0.123
0.131
0.166
0.160
0.124
0.161
0.150
0.156
0.154
0.111
0.114
0.139
0.132
0.157
0.138
0.160
0.152
0.137
0.090
0.163
0.134
0.159
0.146
0.159
0.095
0.164
0.125
0.151
0.140
0.159
0.131
0.160
0.158
0.161
0.138
0.164
0.084
0.139
0.152
0.162
0.146
0.167
0.139
0.137
0.161
0.118
0.154
0.158
0.141
0.101
0.134
0.138
0.155
0.160
0.127
0.157
0.156
0.143
0.111
0.134
0.133
0.160
0.141
0.150
0.141
0.134
0.141
0.107
0.134
0.151
0.153
0.160
0.125
0.159
0.134
0.165
0.135
0.140
0.137
0.159
0.155
0.129
0.132
0.158
0.134
0.129
0.134
0.162
0.143
0.162
0.155
0.137
0.134
0.159
0.143
0.138
0.141
0.139
0.204
0.158
0.127
0.162
0.135
0.117
0.139
0.159
0.133
0.140
0.126
0.133
0.157
0.154
0.130
0.158
0.156
0.154
0.159
0.154
0.134
0.136
0.142
0.135
0.150
0.163
0.161
0.121
0.128
0.157
0.156
0.160
0.131
0.135
0.135
0.132
0.133
0.123
0.137
0.137
0.132
0.134
0.127
0.132
0.152
0.130
0.122
0.136
0.136
0.139
0.132
0.153
0.134
0.136
0.160
0.103
0.160
0.135
0.136
0.159
0.148
0.163
0.061
0.137
0.150
0.137
0.126
0.133
0.143
0.128
0.140
0.138
0.137
0.125
0.163
0.137
0.133
0.159
0.144
0.164
0.132
0.136
0.145
0.135
0.135
0.124
0.158
0.132
0.164
0.139
0.133
0.145
0.132
0.134
0.158
0.138
0.150
0.136
0.131
0.133
0.132
0.134
0.162
0.124
0.089
0.132
0.136
0.131
0.171
0.135
0.156
0.156
0.132
0.134
0.132
0.158
0.132
0.142
0.132
0.152
0.126
0.136
0.137
0.128
0.116
0.132
0.135
0.157
0.130
0.165
0.164
0.128
0.168
0.356
0.133
0.160
0.127
0.154
0.144
0.157
0.162
0.153
0.162
0.160
0.143
0.160
0.158
0.156
0.152
0.165
0.129
0.134
0.156
0.135
0.150
0.128
0.140
0.139
0.135
0.123
0.135
0.164
0.175
0.137
0.131
0.141
0.157
0.166
0.121
0.161
0.148
0.163
0.139
0.157
0.143
0.157
0.160
0.152
0.088
0.162
0.164
0.156
0.157
0.168
0.158
0.293
0.105
0.137
0.158
0.159
0.156
0.154
0.070
0.136
0.133
0.140
0.162
0.141
0.126
0.056
0.145
0.141
0.161
0.157
0.159
0.160
0.155
0.164
0.136
0.152
0.139
0.164
0.158
0.157
0.128
0.137
0.157
0.149
0.126
0.138
0.135
0.178
0.133
0.150
0.160
0.135
0.060
0.155
0.136
0.163
0.168
0.162
0.146
0.124
0.154
0.154
0.125
0.165
0.165
0.177
0.108
0.152
0.154
0.136
0.164
0.152
0.136
0.153
0.089
0.160
0.156
0.134
0.159
0.104
0.135
0.159
0.139
0.153
0.122
0.127
0.086
0.157
0.158
0.127
0.154
0.176
0.157
0.143
0.132
0.154
0.162
0.157
0.102
0.159
0.162
0.135
0.160
0.128
0.135
0.158
0.150
0.150
0.133
0.159
0.142
0.138
0.086
0.159
0.159
0.157
0.110
0.154
0.177
0.140
0.171
0.156
0.134
0.171
0.127
0.127
0.120
0.134
0.157
0.160
0.136
0.167
0.136
0.136
0.159
0.147
0.085
0.137
0.148
0.150
0.134
0.138
0.150
0.137
0.160
0.165
0.159
0.137
0.129
0.168
0.157
0.159
0.164
0.127
0.140
0.102
0.155
0.136
0.175
0.138
0.141
0.164
0.129
0.140
0.160
0.140
0.163
0.143
0.091
0.138
0.164
0.127
0.138
0.158
0.158
0.156
0.157
0.162
0.162
0.134
0.134
0.172
0.157
0.163
0.158
0.158
0.121
0.134
0.157
0.132
0.159
0.163
0.159
0.099
0.138
0.138
0.130
0.141
0.080
0.155
0.157
0.051
0.137
0.163
0.133
0.147
0.154
0.154
0.138
0.157
0.170
0.125
0.154
0.134
0.164
0.167
0.154
0.163
0.157
0.160
0.131
0.157
0.157
0.138
0.161
0.132
0.160
0.147
0.157
0.162
0.162
0.144
0.153
0.156
0.125
0.164
0.140
0.140
0.155
0.158
0.157
0.159
0.125
0.127
0.138
0.137
0.138
0.158
0.146
0.155
0.155
0.135
0.127
0.137
0.146
0.136
0.127
0.156
0.157
0.135
0.087
0.152
0.162
0.138
0.161
0.138
0.147
0.135
0.142
0.137
0.148
0.140
0.162
0.136
0.161
0.128
0.135
0.156
0.159
0.148
0.126
0.139
0.162
0.164
0.151
0.136
0.158
0.135
0.105
0.163
0.130
0.138
0.139
0.128
0.152
0.137
0.159
0.123
0.067
0.164
0.139
0.135
0.144
0.094
0.157
0.158
0.137
0.139
0.149
0.157
0.159
0.158
0.152
0.158
0.132
0.119
0.153
0.147
0.158
0.157
0.160
0.150
0.108
0.152
0.130
0.159
0.140
0.139
0.157
0.125
0.158
0.133
0.136
0.157
0.171
0.146
0.157
0.163
0.148
0.133
0.159
0.156
0.134
0.147
0.163
0.134
0.161
0.129
0.136
0.157
0.159
0.136
0.160
0.158
0.157
0.142
0.125
0.162
0.136
0.136
0.157
0.168
0.157
0.141
0.142
0.157
0.159
0.154
0.134
0.134
0.123
0.138
0.146
0.131
0.164
0.160
0.155
0.138
0.141
0.168
0.137
0.140
0.155
0.113
0.083
0.142
0.167
0.157
0.130
0.159
0.085
0.164
0.119
0.166
0.149
0.156
0.145
0.154
0.133
0.158
0.153
0.108
0.160
0.158
0.138
0.158
0.123
0.155
0.162
0.139
0.123
0.177
0.139
0.160
0.107
0.147
0.164
0.164
0.156
0.142
0.138
0.129
0.128
0.141
0.134
0.164
0.157
0.142
0.157
0.133
0.141
0.158
0.164
0.127
0.156
0.109
0.152
0.141
0.158
0.134
0.135
0.144
0.129
0.175
0.062
0.166
0.112
0.151
0.159
0.159
0.148
0.193
0.159
0.131
0.134
0.156
0.162
0.141
0.155
0.137
0.127
0.137
0.132
0.164
0.148
0.127
0.141
0.126
0.159
0.150
0.138
0.147
0.134
0.141
0.087
0.156
0.155
0.152
0.126
0.167
0.140
0.136
0.152
0.124
0.084
0.124
0.162
0.103
0.148
0.129
0.139
0.175
0.163
0.160
0.132
0.159
0.114
0.134
0.153
0.161
0.155
0.156
0.135
0.156
0.150
0.181
0.138
0.139
0.085
0.142
0.129
0.159
0.154
0.155
0.122
0.135
0.138
0.144
0.154
0.129
0.141
0.129
0.157
0.134
0.162
0.146
0.137
0.157
0.127
0.156
0.133
0.126
0.165
0.154
0.153
0.137
0.133
0.150
0.156
0.157
0.159
0.148
0.125
0.151
0.155
0.155
0.147
0.142
0.135
0.136
0.160
0.132
0.131
0.159
0.087
0.135
0.113
0.159
0.139
0.164
0.125
0.159
0.134
0.137
0.151
0.137
0.140
0.145
0.146
0.068
0.085
0.156
0.134
0.129
0.139
0.170
0.140
0.135
0.121
0.138
0.158
0.160
0.097
0.163
0.134
0.160
0.160
0.127
0.163
0.160
0.155
0.096
0.135
0.136
0.160
0.134
0.128
0.136
0.136
0.154
0.112
0.157
0.158
0.151
0.161
0.157
0.150
0.131
0.134
0.107
0.163
0.159
0.159
0.131
0.161
0.138
0.130
0.172
0.042
0.166
0.158
0.134
0.156
0.152
0.134
0.159
0.156
0.137
0.172
0.159
0.157
0.160
0.110
0.177
0.130
0.139
0.140
0.143
0.158
0.166
0.156
0.157
0.129
0.159
0.136
0.165
0.124
0.143
0.153
0.135
0.128
0.139
0.158
0.161
0.141
0.128
0.140
0.164
0.154
0.127
0.140
0.162
0.156
0.168
0.145
0.159
0.161
0.114
0.148
0.160
0.175
0.140
0.156
0.149
0.126
0.130
0.169
0.146
0.136
0.133
0.156
0.128
0.173
0.165
0.137
0.140
0.127
0.131
0.139
0.166
0.136
0.165
0.158
0.160
0.121
0.112
0.134
0.154
0.158
0.135
0.125
0.136
0.160
0.169
0.112
0.138
0.164
0.159
0.135
0.128
0.155
0.135
0.157
0.098
0.163
0.132
0.134
0.134
0.152
0.135
0.157
0.134
0.135
0.158
0.083
0.132
0.158
0.287
0.124
0.134
0.138
0.140
0.154
0.132
0.139
0.114
0.151
0.148
0.156
0.134
0.171
0.164
0.135
0.134
0.162
0.124
0.138
0.163
0.134
0.160
0.159
0.164
0.135
0.140
0.124
0.157
0.086
0.142
0.137
0.131
0.134
0.156
0.143
0.128
0.157
0.156
0.160
0.136
0.123
0.151
0.134
0.128
0.127
0.144
0.155
0.161
0.154
0.125
0.155
0.157
0.155
0.101
0.137
0.164
0.136
0.163
0.125
0.159
0.113
0.140
0.151
0.153
0.141
0.165
0.141
0.154
0.160
0.157
0.166
0.118
0.133
0.161
0.154
0.135
0.063
0.158
0.137
0.163
0.103
0.161
0.159
0.133
0.161
0.153
0.157
0.134
0.139
0.139
0.153
0.173
0.155
0.121
0.150
0.160
0.157
0.157
0.138
0.138
0.165
0.159
0.144
0.157
0.141
0.138
0.111
0.169
0.133
0.162
0.160
0.134
0.150
0.171
0.154
0.159
0.107
0.148
0.159
0.143
0.158
0.155
0.158
0.136
0.162
0.137
0.126
0.134
0.132
0.136
0.125
0.136
0.137
0.163
0.137
0.152
0.139
0.146
0.109
0.120
0.158
0.134
0.159
0.135
0.137
0.128
0.152
0.204
0.129
0.159
0.149
0.162
0.110
0.160
0.136
0.141
0.137
0.150
0.132
0.161
0.164
0.137
0.156
0.157
0.138
0.146
0.126
0.139
0.159
0.162
0.138
0.130
0.149
0.165
0.157
0.106
0.133
0.163
0.138
0.156
0.128
0.144
0.130
0.140
0.121
0.094
0.157
0.170
0.134
0.148
0.159
0.136
0.134
0.141
0.134
0.140
0.140
0.162
0.125
0.058
0.139
0.160
0.133
0.140
0.139
0.136
0.137
0.158
0.163
0.137
0.157
0.099
0.144
0.159
0.095
0.157
0.092
0.136
0.155
0.159
0.129
0.158
0.137
0.156
0.147
0.141
0.142
0.152
0.131
0.173
