0.000139463
0.000163613
0.000159659
0.000139474
0.000091815
0.000169169
0.000137299
0.000161899
0.000152588
0.000159676
0.000096348
0.000167642
0.000127616
0.000154127
0.000142921
0.000161975
0.000131995
0.000163401
0.000162095
0.000164370
0.000138524
0.000167281
0.000088354
0.000139194
0.000159739
0.000159643
0.000153300
0.000133321
0.000144307
0.000137922
0.000168173
0.000121007
0.000162861
0.000161267
0.000143857
0.000102295
0.000135903
0.000139793
0.000158591
0.000162897
0.000130068
0.000158767
0.000162315
0.000144024
0.000138309
0.000134788
0.000134205
0.000158923
0.000142639
0.000151746
0.000143337
0.000136765
0.000144530
0.000105000
0.000135655
0.000128559
0.000155576
0.000138656
0.000127077
0.000158454
0.000136306
0.000168674
0.000142029
0.000141594
0.000139740
0.000138893
0.000161789
0.000130499
0.000133993
0.000161342
0.000138329
0.000132006
0.000137708
0.000140095
0.000169920
0.000167341
0.000160516
0.000138011
0.000135982
0.000162907
0.000145620
0.000139862
0.000143190
0.000164793
0.000210449
0.000162044
0.000128894
0.000160224
0.000137771
0.000120687
0.000142238
0.000156670
0.000135953
0.000159259
0.000126920
0.000132962
0.000135314
0.000156838
0.000132431
0.000159930
0.000160180
0.000133315
0.000171263
0.000154913
0.000135556
0.000136847
0.000143383
0.000136568
0.000154692
0.000166544
0.000135473
0.000122940
0.000129554
0.000136330
0.000159975
0.000157309
0.000132844
0.000134404
0.000134030
0.000132753
0.000134558
0.000124571
0.000137111
0.000135898
0.000132910
0.000135747
0.000129112
0.000133168
0.000159960
0.000131112
0.000124439
0.000136361
0.000138873
0.000135156
0.000132503
0.000157033
0.000136683
0.000137694
0.000158843
0.000097778
0.000165245
0.000136616
0.000158372
0.000162315
0.000150045
0.000143177
0.000062258
0.000136583
0.000156993
0.000137473
0.000127700
0.000133114
0.000170021
0.000129557
0.000140217
0.000133557
0.000138461
0.000143846
0.000167697
0.000138137
0.000135738
0.000162691
0.000096960
0.000167186
0.000134617
0.000137412
0.000112968
0.000135510
0.000139171
0.000125636
0.000163242
0.000133847
0.000168954
0.000139966
0.000134910
0.000148208
0.000135509
0.000134168
0.000156904
0.000137173
0.000155735
0.000137824
0.000133534
0.000134120
0.000134782
0.000135447
0.000165878
0.000123796
0.000093887
0.000131314
0.000139283
0.000131438
0.000138286
0.000136290
0.000161703
0.000159088
0.000135206
0.000136098
0.000134558
0.000138570
0.000134306
0.000142876
0.000135473
0.000153830
0.000127138
0.000136008
0.000138922
0.000128948
0.000127571
0.000132801
0.000138790
0.000157599
0.000132186
0.000168169
0.000167316
0.000128479
0.000179014
0.000135250
0.000135858
0.000133625
0.000127880
0.000176305
0.000143664
0.000156096
0.000166454
0.000155389
0.000166475
0.000163227
0.000164897
0.000135888
0.000161999
0.000135208
0.000136289
0.000168950
0.000131589
0.000135400
0.000161478
0.000137553
0.000168069
0.000130597
0.000141038
0.000141593
0.000137557
0.000126009
0.000153033
0.000192806
0.000179497
0.000136165
0.000134334
0.000158881
0.000156761
0.000170846
0.000124151
0.000156729
0.000156917
0.000166274
0.000138370
0.000158988
0.000145292
0.000133584
0.000163678
0.000155649
0.000090903
0.000163442
0.000164217
0.000159479
0.000164434
0.000171094
0.000169835
0.000136250
0.000107642
0.000137998
0.000162040
0.000173808
0.000136467
0.000151237
0.000077070
0.000137457
0.000135365
0.000140752
0.000167958
0.000141829
0.000128119
0.000057093
0.000125570
0.000141993
0.000169371
0.000161639
0.000152869
0.000163804
0.000162390
0.000168083
0.000137447
0.000154903
0.000141991
0.000169581
0.000157381
0.000162716
0.000128999
0.000137244
0.000162179
0.000147234
0.000129619
0.000139727
0.000138612
0.000157399
0.000136983
0.000166206
0.000144148
0.000135355
0.000062294
0.000132861
0.000137594
0.000166429
0.000171886
0.000165472
0.000154197
0.000127787
0.000163222
0.000149093
0.000128869
0.000168298
0.000164895
0.000180386
0.000113064
0.000132092
0.000136563
0.000138272
0.000147197
0.000155419
0.000137344
0.000154273
0.000092053
0.000167080
0.000159594
0.000134822
0.000139672
0.000104374
0.000137347
0.000162661
0.000144772
0.000152143
0.000126650
0.000128159
0.000091144
0.000161703
0.000162350
0.000131881
0.000162646
0.000166880
0.000165041
0.000164400
0.000133608
0.000135021
0.000181785
0.000161838
0.000105757
0.000156230
0.000166560
0.000136631
0.000165011
0.000130472
0.000139097
0.000154955
0.000153099
0.000154036
0.000137226
0.000162550
0.000143712
0.000137983
0.000054068
0.000161844
0.000167707
0.000160541
0.000112956
0.000155607
0.000181258
0.000140503
0.000174853
0.000160175
0.000136925
0.000175068
0.000132578
0.000128983
0.000126239
0.000136730
0.000162124
0.000157249
0.000139115
0.000135730
0.000139389
0.000138923
0.000163322
0.000166023
0.000087073
0.000138196
0.000168722
0.000153926
0.000136731
0.000140549
0.000150914
0.000138919
0.000167777
0.000166262
0.000135004
0.000136081
0.000132691
0.000141088
0.000162936
0.000157115
0.000168789
0.000128524
0.000143053
0.000103581
0.000135471
0.000162933
0.000157136
0.000139918
0.000143248
0.000168695
0.000132490
0.000142035
0.000163878
0.000143347
0.000155479
0.000142713
0.000095358
0.000140098
0.000139160
0.000129239
0.000141913
0.000162806
0.000137430
0.000160085
0.000162335
0.000166089
0.000184301
0.000135914
0.000156449
0.000152685
0.000160391
0.000167035
0.000161673
0.000162049
0.000123797
0.000137110
0.000162861
0.000134319
0.000165622
0.000161858
0.000166780
0.000101081
0.000141815
0.000142204
0.000132839
0.000143377
0.000099762
0.000135964
0.000161533
0.000052972
0.000141405
0.000143394
0.000136721
0.000145378
0.000134344
0.000132732
0.000139797
0.000157318
0.000159244
0.000129601
0.000161849
0.000136026
0.000168118
0.000145751
0.000160200
0.000166740
0.000165442
0.000162922
0.000133505
0.000135010
0.000154796
0.000157954
0.000166459
0.000133146
0.000167020
0.000148693
0.000155849
0.000160927
0.000170318
0.000163760
0.000133899
0.000138247
0.000130798
0.000168188
0.000147657
0.000142619
0.000162781
0.000164154
0.000121455
0.000164209
0.000126987
0.000128808
0.000159710
0.000138829
0.000140022
0.000175913
0.000126350
0.000135757
0.000163883
0.000136295
0.000131046
0.000138486
0.000110318
0.000138229
0.000129064
0.000129121
0.000160829
0.000136607
0.000091354
0.000151853
0.000167146
0.000140324
0.000134792
0.000137629
0.000126767
0.000135245
0.000142445
0.000137269
0.000147117
0.000142287
0.000138470
0.000136921
0.000164013
0.000130140
0.000133753
0.000146164
0.000169045
0.000151340
0.000128186
0.000140697
0.000166740
0.000162567
0.000158962
0.000137191
0.000166960
0.000137190
0.000107474
0.000166384
0.000133227
0.000141925
0.000141544
0.000129636
0.000161579
0.000138294
0.000164359
0.000126504
0.000069296
0.000166900
0.000143207
0.000136882
0.000127044
0.000093870
0.000162640
0.000155843
0.000136326
0.000139740
0.000156037
0.000161643
0.000168082
0.000160285
0.000169478
0.000161793
0.000136603
0.000085283
0.000157861
0.000148034
0.000141497
0.000160571
0.000163868
0.000129312
0.000072694
0.000132155
0.000132300
0.000163026
0.000144766
0.000139896
0.000116776
0.000126019
0.000161508
0.000130058
0.000136691
0.000156551
0.000139491
0.000167255
0.000161687
0.000136148
0.000156858
0.000133496
0.000163849
0.000136619
0.000137798
0.000152588
0.000138167
0.000136563
0.000166965
0.000130294
0.000140860
0.000161278
0.000163312
0.000137255
0.000163403
0.000138400
0.000161693
0.000142620
0.000129573
0.000164314
0.000159689
0.000136723
0.000162185
0.000133169
0.000164625
0.000142990
0.000126719
0.000169240
0.000139885
0.000156095
0.000140318
0.000136604
0.000127637
0.000138091
0.000153222
0.000172516
0.000168007
0.000140711
0.000123457
0.000139899
0.000142785
0.000159654
0.000140743
0.000141476
0.000135570
0.000116968
0.000091376
0.000141997
0.000139374
0.000160746
0.000156849
0.000156797
0.000087643
0.000164564
0.000127572
0.000169536
0.000133433
0.000136580
0.000147355
0.000173694
0.000136670
0.000161643
0.000161734
0.000110365
0.000181046
0.000162020
0.000180596
0.000161753
0.000126345
0.000135211
0.000162940
0.000140333
0.000131756
0.000142599
0.000140967
0.000157168
0.000115956
0.000128431
0.000169431
0.000182451
0.000163799
0.000122103
0.000137623
0.000130369
0.000129635
0.000142135
0.000134892
0.000164745
0.000162761
0.000143983
0.000161312
0.000159405
0.000142054
0.000134466
0.000138925
0.000129277
0.000160571
0.000087240
0.000131469
0.000142022
0.000155879
0.000136706
0.000137314
0.000167184
0.000132630
0.000157499
0.000066599
0.000166715
0.000117564
0.000153776
0.000165078
0.000163393
0.000151970
0.000206744
0.000164981
0.000131927
0.000136517
0.000150380
0.000167391
0.000142752
0.000163533
0.000138680
0.000128770
0.000138460
0.000136337
0.000167817
0.000149975
0.000129167
0.000142563
0.000127805
0.000165622
0.000148770
0.000141006
0.000152087
0.000136822
0.000166879
0.000091772
0.000136858
0.000128022
0.000131834
0.000128705
0.000170218
0.000142436
0.000138678
0.000132393
0.000125825
0.000087371
0.000097822
0.000168138
0.000103908
0.000131805
0.000129900
0.000141763
0.000167236
0.000133036
0.000163222
0.000135616
0.000163433
0.000116752
0.000136036
0.000134453
0.000140715
0.000157724
0.000157539
0.000137245
0.000133795
0.000145001
0.000192713
0.000139177
0.000140326
0.000088624
0.000143358
0.000132568
0.000156795
0.000161914
0.000157740
0.000126710
0.000136650
0.000140505
0.000160430
0.000135093
0.000131208
0.000141351
0.000131013
0.000162060
0.000135193
0.000166605
0.000141943
0.000140860
0.000162605
0.000129518
0.000137167
0.000135004
0.000127539
0.000144581
0.000118429
0.000156427
0.000138946
0.000137850
0.000167050
0.000163312
0.000161277
0.000138240
0.000148682
0.000128865
0.000163576
0.000162661
0.000157845
0.000129299
0.000138147
0.000137928
0.000137427
0.000136973
0.000133536
0.000134650
0.000156416
0.000088632
0.000155868
0.000116908
0.000161724
0.000140859
0.000167942
0.000128682
0.000156696
0.000137248
0.000138366
0.000155289
0.000137153
0.000141961
0.000145784
0.000127980
0.000048943
0.000059125
0.000158270
0.000136471
0.000131452
0.000143121
0.000161418
0.000143164
0.000136331
0.000123293
0.000139329
0.000163032
0.000136244
0.000100654
0.000162614
0.000153848
0.000163748
0.000167626
0.000127520
0.000168539
0.000142055
0.000179478
0.000097941
0.000138514
0.000136253
0.000163833
0.000135957
0.000129253
0.000138018
0.000137646
0.000156612
0.000118542
0.000161149
0.000157639
0.000154427
0.000166625
0.000159789
0.000156401
0.000131771
0.000136164
0.000109162
0.000168298
0.000163402
0.000161849
0.000132367
0.000166309
0.000139997
0.000131915
0.000137457
0.000045467
0.000169150
0.000162595
0.000137072
0.000163348
0.000149427
0.000137372
0.000139393
0.000162936
0.000137819
0.000175019
0.000163052
0.000157019
0.000164660
0.000114628
0.000161360
0.000133011
0.000140710
0.000141342
0.000137555
0.000158007
0.000170929
0.000163914
0.000151651
0.000131047
0.000162625
0.000139228
0.000169095
0.000126867
0.000143335
0.000161308
0.000134894
0.000127574
0.000141470
0.000167161
0.000164369
0.000143118
0.000128379
0.000141902
0.000167762
0.000156998
0.000129202
0.000142793
0.000141015
0.000163422
0.000134419
0.000171865
0.000162806
0.000165898
0.000117935
0.000152899
0.000137135
0.000187991
0.000142069
0.000165281
0.000153691
0.000130822
0.000131422
0.000174633
0.000125898
0.000157835
0.000135139
0.000155168
0.000129955
0.000164740
0.000137331
0.000141619
0.000140849
0.000130484
0.000131679
0.000142074
0.000180814
0.000178825
0.000129833
0.000168569
0.000164891
0.000126940
0.000113198
0.000138044
0.000135455
0.000166299
0.000137983
0.000127420
0.000137647
0.000166098
0.000172202
0.000115430
0.000139929
0.000172909
0.000177267
0.000138778
0.000129380
0.000157746
0.000137022
0.000157920
0.000101058
0.000162453
0.000133996
0.000135801
0.000134803
0.000157234
0.000137002
0.000162235
0.000135052
0.000136459
0.000162861
0.000087967
0.000131741
0.000165227
0.000130463
0.000123788
0.000135624
0.000140354
0.000142670
0.000176175
0.000133219
0.000141704
0.000116771
0.000131515
0.000128106
0.000164460
0.000134312
0.000145254
0.000184998
0.000138326
0.000135126
0.000164423
0.000125549
0.000139914
0.000162549
0.000137500
0.000164194
0.000123695
0.000168629
0.000137618
0.000140677
0.000126347
0.000163217
0.000086872
0.000142920
0.000139809
0.000130023
0.000137288
0.000160356
0.000147159
0.000129950
0.000134100
0.000136253
0.000177166
0.000138418
0.000126434
0.000159241
0.000136239
0.000132072
0.000130822
0.000165009
0.000153099
0.000137959
0.000162300
0.000125665
0.000177224
0.000136709
0.000139316
0.000102728
0.000139544
0.000163256
0.000139567
0.000167667
0.000127415
0.000162766
0.000117614
0.000165413
0.000157018
0.000133910
0.000169129
0.000167566
0.000162133
0.000154693
0.000161628
0.000161258
0.000170714
0.000119473
0.000137477
0.000164675
0.000161668
0.000137511
0.000064420
0.000162776
0.000139141
0.000160785
0.000106359
0.000163909
0.000163879
0.000135602
0.000162033
0.000156477
0.000155767
0.000136479
0.000162094
0.000140261
0.000160596
0.000163307
0.000164124
0.000121899
0.000154427
0.000163438
0.000160546
0.000161162
0.000141060
0.000136961
0.000173224
0.000151621
0.000145050
0.000159513
0.000142491
0.000140785
0.000111703
0.000168861
0.000135580
0.000139033
0.000160891
0.000135335
0.000148743
0.000165696
0.000160656
0.000163603
0.000091520
0.000150187
0.000166013
0.000163582
0.000161813
0.000159538
0.000163603
0.000138749
0.000135723
0.000138792
0.000128586
0.000137217
0.000134650
0.000131515
0.000129242
0.000137880
0.000162528
0.000163971
0.000142154
0.000171545
0.000143203
0.000165798
0.000109990
0.000115478
0.000163046
0.000136175
0.000164966
0.000137805
0.000138420
0.000149801
0.000133081
0.000217705
0.000130758
0.000162791
0.000155224
0.000162700
0.000110869
0.000163914
0.000140285
0.000143790
0.000140530
0.000155173
0.000136050
0.000171834
0.000168569
0.000139466
0.000164224
0.000137838
0.000141550
0.000145701
0.000127984
0.000140619
0.000164359
0.000166770
0.000141281
0.000130614
0.000133786
0.000162804
0.000165081
0.000107282
0.000137175
0.000168809
0.000141434
0.000136187
0.000132339
0.000165718
0.000134395
0.000139961
0.000122581
0.000094091
0.000162801
0.000173836
0.000155731
0.000112401
0.000168198
0.000139197
0.000135967
0.000142615
0.000138941
0.000142943
0.000143881
0.000136080
0.000128999
0.000060017
0.000140924
0.000164109
0.000137132
0.000142129
0.000142997
0.000138235
0.000141336
0.000156657
0.000140729
0.000138586
