0.059843
0.055790
0.056982
0.059128
0.056028
0.054836
0.056028
0.056982
0.056982
0.056028
0.057220
0.056267
0.055790
0.056028
0.055790
0.056028
0.057220
0.056982
0.057936
0.056028
0.056028
0.057936
0.055075
0.056028
0.056028
0.056982
0.056028
0.056267
0.055790
0.055075
0.055313
0.056982
0.055790
0.057220
0.055075
0.056028
0.055075
0.055075
0.055075
0.054836
0.052929
0.056028
0.056028
0.056028
0.058174
0.056028
0.056028
0.056028
0.055790
0.056982
0.056028
0.058174
0.055790
0.054836
0.056982
0.055075
0.056028
0.055790
0.055075
0.057220
0.053167
0.054121
0.066996
0.056982
0.055790
0.056267
0.057936
0.056982
0.056267
0.055790
0.056982
0.055790
0.056028
0.057936
0.056028
0.056028
0.056028
0.057220
0.055790
0.056028
0.054836
0.056028
0.056028
0.057936
0.057220
0.056028
0.055075
0.054836
0.057936
0.055313
0.054836
0.056028
0.056982
0.057936
0.057220
0.056028
0.059843
0.052929
0.047922
0.074863
0.056982
0.056982
0.056982
0.056982
0.054121
0.052929
0.069141
0.053883
0.052691
0.053167
0.058174
0.051022
0.053883
0.051975
0.063896
0.052929
0.057220
0.056267
0.052929
0.050068
0.054836
0.056982
0.061750
0.056028
0.055790
0.056028
0.056982
0.056028
0.056267
0.057220
0.055790
0.055313
0.056028
0.055075
0.056028
0.056028
0.054836
0.059128
0.054836
0.056982
0.056982
0.054836
0.056028
0.056028
0.056028
0.055075
0.056982
0.055790
0.058174
0.056028
0.056267
0.056267
0.056028
0.055790
0.056982
0.054836
0.056028
0.056028
0.056028
0.055790
0.056267
0.055790
0.055075
0.056028
0.056982
0.054836
0.056267
0.055075
0.055790
0.055790
0.056982
0.056744
0.054836
0.055790
0.056267
0.056982
0.055790
0.055790
0.057220
0.054836
0.055075
0.055075
0.056028
0.056982
0.056267
0.054836
0.056028
0.054836
0.056982
0.061035
0.044823
0.057220
0.056744
0.046015
0.056028
0.061035
0.050068
0.049114
0.050068
0.077963
0.058174
0.057220
0.056982
0.055075
0.055075
0.053883
0.060320
0.069857
0.054121
0.057220
0.055790
0.056982
0.054836
0.056028
0.056982
0.057220
0.056028
0.056028
0.055790
0.059843
0.056982
0.056982
0.055790
0.057220
0.056267
0.055790
0.057220
0.056267
0.056744
0.056028
0.055075
0.055075
0.055075
0.056028
0.057220
0.055313
0.056028
0.056744
0.056028
0.056028
0.055313
0.054836
0.054836
0.056744
0.054836
0.058174
0.058174
0.055790
0.055075
0.056267
0.055790
0.055790
0.055075
0.056028
0.056028
0.057220
0.055075
0.057220
0.057220
0.056028
0.055075
0.057936
0.060081
0.050783
0.054121
0.067949
0.056744
0.056028
0.055790
0.055790
0.055313
0.056267
0.056744
0.056982
0.056982
0.055790
0.054836
0.055790
0.056028
0.055790
0.054836
0.057220
0.057220
0.056982
0.056267
0.056744
0.055790
0.051975
0.055790
0.055790
0.056744
0.056267
0.056028
0.055790
0.056744
0.058651
0.056982
0.056982
0.059128
0.079870
0.055075
0.057936
0.056982
0.055790
0.056267
0.056028
0.055075
0.055075
0.056744
0.055075
0.055790
0.055075
0.055075
0.055790
0.056982
0.056982
0.055313
0.056028
0.056028
0.054836
0.057220
0.056267
0.055075
0.055075
0.055790
0.056744
0.058174
0.056028
0.056982
0.055790
0.055790
0.056982
0.055790
0.055790
0.057936
0.056267
0.057220
0.058174
0.056028
0.056982
0.056982
0.057220
0.057220
0.055790
0.056028
0.058889
0.054836
0.056267
0.057936
0.054836
0.056028
0.057220
0.056744
0.055313
0.056982
0.058889
0.055790
0.056267
0.054836
0.058889
0.055075
0.051022
0.056028
0.056028
0.055075
0.055790
0.055313
0.054836
0.054836
0.055075
0.056028
0.056982
0.056028
0.054836
0.056028
0.055075
0.054836
0.055790
0.056982
0.056982
0.057697
0.057220
0.056028
0.056028
0.057220
0.055790
0.056028
0.056982
0.056982
0.056267
0.056028
0.056744
0.057220
0.055313
0.056028
0.069141
0.053167
0.057936
0.058174
0.085115
0.055075
0.055075
0.056028
0.056028
0.055075
0.056982
0.056028
0.056744
0.057220
0.056028
0.056744
0.057220
0.056028
0.056028
0.056744
0.057220
0.059128
0.059843
0.055790
0.056267
0.054836
0.056744
0.055790
0.055790
0.056267
0.057220
0.058889
0.056028
0.056028
0.056028
0.055075
0.056028
0.055790
0.056267
0.056028
0.056028
0.056982
0.055790
0.055075
0.054836
0.055075
0.055075
0.056028
0.055075
0.056982
0.055075
0.055790
0.056267
0.055075
0.056028
0.056028
0.055790
0.055075
0.054121
0.055790
0.052929
0.056028
0.055790
0.056982
0.056982
0.055790
0.058889
0.055790
0.056028
0.055075
0.056028
0.056028
0.056267
0.056028
0.056982
0.056028
0.055313
0.056028
0.056028
0.059128
0.068903
0.056028
0.056028
0.054836
0.056028
0.055075
0.050068
0.051975
0.056744
0.052214
0.052214
0.056267
0.057220
0.054836
0.057220
0.056028
0.055790
0.055790
0.057220
0.053883
0.054598
0.058174
0.057936
0.056028
0.099897
0.056028
0.058174
0.055790
0.056267
0.055075
0.056028
0.056982
0.057936
0.055075
0.057220
0.055790
0.055075
0.055075
0.054121
0.053167
0.055075
0.057220
0.055075
0.055790
0.056028
0.055790
0.057220
0.053167
0.055075
0.055075
0.056028
0.056028
0.056028
0.054121
0.056982
0.051975
0.055313
0.053883
0.055075
0.057220
0.054836
0.056028
0.052929
0.053167
0.053167
0.056267
0.055313
0.055790
0.055075
0.054836
0.056982
0.057220
0.054836
0.056028
0.055075
0.056028
0.067949
0.056028
0.057936
0.056028
0.057936
0.055075
0.054836
0.054836
0.056028
0.055075
0.056982
0.056028
0.055075
0.056028
0.055075
0.055075
0.055790
0.056028
0.056028
0.057220
0.056028
0.057220
0.058174
0.052691
0.056982
0.055313
0.057936
0.058174
0.055790
0.056982
0.055075
0.056982
0.057936
0.056982
0.056028
0.055790
0.056028
0.058174
0.056028
0.054836
0.054836
0.056028
0.056982
0.056744
0.056982
0.056028
0.059128
0.072002
0.082970
0.056982
0.054836
0.060081
0.055790
0.058889
0.056744
0.056267
0.056267
0.054836
0.056744
0.056982
0.055075
0.056028
0.056028
0.055075
0.057220
0.056028
0.055790
0.055313
0.055075
0.056028
0.055075
0.056028
0.054836
0.055790
0.055075
0.055075
0.057220
0.056028
0.055075
0.055313
0.054836
0.055075
0.056982
0.053883
0.056267
0.055313
0.055790
0.055790
0.056028
0.059128
0.055790
0.055790
0.055075
0.055790
0.056028
0.056982
0.056028
0.054836
0.057220
0.054836
0.055790
0.056028
0.056982
0.055790
0.057936
0.056028
0.056028
0.055075
0.055790
0.054836
0.055075
0.055313
0.056028
0.054836
0.056028
0.057220
0.056267
0.055790
0.056028
0.055075
0.056982
0.055075
0.054836
0.056267
0.056744
0.058889
0.056028
0.055075
0.055790
0.054836
0.056028
0.056744
0.056028
0.056982
0.056744
0.052929
0.057220
0.053167
0.056028
0.057220
0.056744
0.055075
0.058174
0.055075
0.056982
0.057220
0.051737
0.051975
0.075102
0.057220
0.056744
0.056028
0.056982
0.052929
0.056267
0.055075
0.056744
0.056028
0.056982
0.056028
0.055790
0.055790
0.056028
0.056028
0.057936
0.055790
0.056267
0.056028
0.052929
0.053883
0.058889
0.054836
0.058889
0.056028
0.055790
0.056028
0.056982
0.056982
0.056982
0.057220
0.061035
0.056982
0.059128
0.054836
0.057220
0.056028
0.054836
0.056267
0.057220
0.055790
0.055075
0.056028
0.056982
0.055790
0.054836
0.056028
0.055075
0.056982
0.055790
0.055313
0.056744
0.056028
0.056028
0.055790
0.055790
0.057220
0.056267
0.061035
0.056028
0.056028
0.056028
0.054836
0.056267
0.054836
0.055790
0.056028
0.056028
0.056028
0.052929
0.055075
0.055075
0.055075
0.055075
0.056982
0.054836
0.056028
0.054836
0.055790
0.056982
0.056028
0.056028
0.056028
0.056028
0.056028
0.056744
0.055790
0.055790
0.052929
0.057936
0.056982
0.056028
0.056744
0.056028
0.054836
0.054121
0.047207
0.055075
0.047922
0.081062
0.055790
0.057220
0.054836
0.057936
0.057220
0.056982
0.062704
0.053883
0.057936
0.058174
0.056267
0.056982
0.056744
0.056744
0.058889
0.057220
0.054836
0.057220
0.055790
0.056982
0.056028
0.055790
0.055075
0.055075
0.054121
0.056267
0.057936
0.056744
0.056267
0.055790
0.056982
0.056982
0.056267
0.056267
0.056028
0.056982
0.059128
0.056028
0.055075
0.056267
0.054836
0.055790
0.056267
0.054836
0.057936
0.055790
0.056982
0.056744
0.057220
0.055075
0.055790
0.042677
0.068903
0.056982
0.056982
0.056028
0.054836
0.079155
0.057936
0.055790
0.054836
0.055075
0.054836
0.056267
0.054836
0.056028
0.056028
0.056028
0.056028
0.057220
0.056028
0.054836
0.056267
0.055790
0.054121
0.053883
0.056028
0.055075
0.056028
0.054836
0.055075
0.056028
0.056028
0.057220
0.056982
0.046968
0.056028
0.053883
0.056982
0.055790
0.052929
0.056982
0.056982
0.056744
0.053167
0.053883
0.055075
0.049114
0.060797
0.286818
0.060081
0.061035
0.061035
0.061035
0.058889
0.056982
0.065088
0.062943
0.060081
0.060081
0.058889
0.059843
0.059128
0.058889
0.059366
0.056744
0.058889
0.057220
0.064135
0.059128
0.060081
0.059843
0.058889
0.059128
0.060081
0.058889
0.064373
0.058889
0.060081
0.060081
0.059843
0.058889
0.061274
0.059843
0.056982
0.056982
0.057936
0.058174
0.058889
0.061035
0.058889
0.061035
0.061035
0.059843
0.060797
0.061989
0.065088
0.058889
0.058889
0.060081
0.059128
0.060320
0.060797
0.058889
0.059843
0.059843
0.059843
0.059128
0.058889
0.058889
0.059366
0.057936
0.058889
0.058889
0.059843
0.059843
0.066042
0.061035
0.058889
0.059128
0.059128
0.058889
0.057220
0.056982
0.056982
0.056982
0.055790
0.057220
0.056982
0.056028
0.064850
0.056982
0.056982
0.055790
0.056028
0.055790
0.059128
0.054836
0.060081
0.059843
0.059843
0.060797
0.058889
0.061035
0.061035
0.056982
0.056982
0.054836
0.054121
0.074148
