0.042200
0.042915
0.042915
0.043154
0.044107
0.042915
0.042915
0.044107
0.042915
0.042915
0.042915
0.042915
0.043154
0.045776
0.041962
0.042915
0.043869
0.041962
0.041962
0.041962
0.040054
0.043869
0.041962
0.044346
0.043154
0.041008
0.044107
0.048161
0.046015
0.034094
0.044823
0.045061
0.042915
0.041962
0.041962
0.042915
0.043869
0.041962
0.041962
0.041008
0.042915
0.044107
0.050068
0.041962
0.042915
0.043154
0.041962
0.045061
0.041962
0.045061
0.043154
0.044823
0.041962
0.041962
0.042915
0.041962
0.042915
0.043869
0.041962
0.043154
0.041962
0.041962
0.041962
0.042200
0.041962
0.042915
0.041962
0.042915
0.043154
0.042915
0.043869
0.043154
0.042915
0.041962
0.043154
0.041962
0.041962
0.042200
0.043869
0.041962
0.042915
0.041962
0.043154
0.044107
0.042915
0.042915
0.043869
0.044346
0.041008
0.041962
0.043154
0.034332
0.043869
0.041962
0.041962
0.044107
0.042915
0.040054
0.041723
0.049114
0.041962
0.037193
0.038147
0.059128
0.041962
0.043154
0.047207
0.041962
0.043154
0.041962
0.041962
0.041962
0.042915
0.043869
0.042915
0.042915
0.042915
0.043869
0.042915
0.042915
0.043154
0.041962
0.042915
0.043869
0.043869
0.042915
0.043154
0.041962
0.042200
0.042915
0.041962
0.043154
0.043154
0.041962
0.041962
0.043154
0.042915
0.043154
0.044107
0.043869
0.042915
0.042915
0.044107
0.042915
0.042915
0.041962
0.043869
0.043154
0.043154
0.045061
0.042915
0.042915
0.043154
0.042915
0.042915
0.042915
0.041962
0.042915
0.042915
0.041962
0.051022
0.041008
0.042915
0.033855
0.044107
0.041962
0.041962
0.044107
0.043869
0.042915
0.043392
0.043869
0.042915
0.044107
0.042915
0.041962
0.044107
0.042915
0.042915
0.042915
0.043154
0.045300
0.046015
0.042915
0.043869
0.042915
0.045061
0.044823
0.045061
0.042915
0.042915
0.043869
0.043869
0.043154
0.040054
0.040293
0.043869
0.052929
0.042915
0.056982
0.045061
0.042915
0.046015
0.041962
0.043869
0.051022
0.043869
0.040054
0.041962
0.043869
0.044823
0.041962
0.042200
0.041962
0.042915
0.042915
0.042915
0.043154
0.042915
0.041962
0.042915
0.041962
0.042915
0.042915
0.042915
0.046968
0.041962
0.042677
0.034094
0.044107
0.045061
0.032902
0.042915
0.041962
0.042915
0.041962
0.042915
0.043154
0.042915
0.043154
0.040054
0.041962
0.041962
0.043869
0.044823
0.043869
0.043154
0.043154
0.042915
0.042915
0.042915
0.042915
0.043154
0.041962
0.043154
0.041962
0.042915
0.039816
0.044346
0.042915
0.041962
0.042915
0.041962
0.041962
0.041962
0.041962
0.041962
0.042915
0.044107
0.041962
0.041962
0.042915
0.043154
0.043154
0.045061
0.043392
0.042200
0.041962
0.042915
0.042915
0.042915
0.044107
0.045061
0.043869
0.045061
0.056982
0.040770
0.042915
0.040770
0.042915
0.046015
0.030994
0.046015
0.034809
0.042915
0.041962
0.042677
0.041962
0.040293
0.046015
0.041246
0.042915
0.043154
0.041008
0.041962
0.043869
0.042915
0.043154
0.042915
0.042915
0.042915
0.046015
0.043154
0.041962
0.041962
0.040054
0.044107
0.041962
0.040054
0.041962
0.043154
0.041962
0.041962
0.041008
0.041008
0.041962
0.041962
0.040054
0.042915
0.041008
0.041962
0.043154
0.044107
0.041962
0.042915
0.043154
0.043154
0.041962
0.042915
0.041008
0.042915
0.041962
0.041008
0.042915
0.042915
0.041008
0.041962
0.040054
0.041962
0.041962
0.043869
0.042915
0.042915
0.042915
0.041246
0.042915
0.041962
0.041008
0.046015
0.030041
0.040054
0.035286
0.042915
0.045061
0.040054
0.042915
0.041008
0.041962
0.044107
0.039816
0.042915
0.041962
0.038862
0.041246
0.041962
0.042915
0.041008
0.043154
0.041962
0.041962
0.041962
0.062943
0.042915
0.048876
0.040770
0.042915
0.041962
0.041962
0.056982
0.041008
0.056028
0.030994
0.042915
0.030994
0.031948
0.031948
0.055790
0.034809
0.044107
0.064135
0.042915
0.042915
0.041962
0.041962
0.041962
0.041962
0.041962
0.042915
0.042915
0.043869
0.042915
0.041962
0.043869
0.043154
0.042200
0.042915
0.042915
0.041962
0.043154
0.045061
0.041962
0.041962
0.041962
0.043154
0.042915
0.043154
0.042915
0.044107
0.041962
0.042200
0.042915
0.042915
0.043154
0.043154
0.041962
0.041962
0.044107
0.043154
0.042915
0.043154
0.042915
0.041962
0.042915
0.042915
0.042915
0.045061
0.041962
0.043154
0.041962
0.042200
0.041962
0.043154
0.042200
0.043154
0.041962
0.041962
0.044346
0.042915
0.043154
0.043154
0.041962
0.042915
0.043154
0.041962
0.042915
0.043154
0.041962
0.043154
0.042915
0.043154
0.042915
0.041962
0.041962
0.043154
0.042200
0.043154
0.041962
0.043869
0.041962
0.041962
0.041962
0.044107
0.046968
0.044107
0.044107
0.044823
0.042915
0.042915
0.041723
0.042200
0.042915
0.041962
0.043154
0.044107
0.042915
0.044107
0.044823
0.043154
0.044107
0.055790
0.041962
0.043869
0.042915
0.041962
0.042915
0.043154
0.041962
0.043154
0.041962
0.042915
0.043154
0.043154
0.042915
0.041962
0.042915
0.041962
0.041962
0.046253
0.045061
0.041962
0.042915
0.042915
0.043869
0.041962
0.043869
0.042915
0.042915
0.042915
0.041008
0.042915
0.043154
0.043869
0.043869
0.043154
0.041962
0.042915
0.044107
0.043154
0.042915
0.044823
0.042915
0.041962
0.042200
0.043869
0.041962
0.042915
0.042915
0.042915
0.041962
0.043154
0.040770
0.042915
0.043154
0.041962
0.042915
0.041962
0.042915
0.041962
0.043154
0.041962
0.041962
0.041962
0.042200
0.041962
0.042200
0.042915
0.043869
0.044107
0.042200
0.041962
0.041962
0.040054
0.053167
0.043154
0.041962
0.043154
0.045776
0.044823
0.042200
0.042915
0.041962
0.045061
0.046968
0.043869
0.041962
0.043869
0.043869
0.043869
0.042915
0.041962
0.043869
0.043154
0.042915
0.043154
0.043154
0.040054
0.037909
0.038147
0.036955
0.053167
0.044107
0.041962
0.043154
0.042915
0.043154
0.043154
0.042915
0.043869
0.041962
0.044107
0.043869
0.042915
0.043154
0.042915
0.044823
0.044107
0.046968
0.042915
0.042915
0.042915
0.040054
0.044107
0.041008
0.041962
0.043869
0.041962
0.044107
0.042200
0.043154
0.042915
0.041962
0.042915
0.043154
0.042915
0.044107
0.042915
0.044107
0.041962
0.043154
0.042915
0.042915
0.041962
0.044107
0.041962
0.044107
0.041962
0.043154
0.041962
0.044107
0.042915
0.044107
0.041962
0.043154
0.041962
0.043869
0.042915
0.041962
0.042915
0.044107
0.042915
0.044107
0.041962
0.044107
0.042915
0.042915
0.042915
0.042915
0.041962
0.043154
0.042915
0.043154
0.044107
0.042200
0.043154
0.041962
0.042915
0.043154
0.043154
0.045061
0.041962
0.043154
0.044107
0.045776
0.043392
0.045061
0.041962
0.042915
0.041962
0.045300
0.045061
0.044107
0.041962
0.043869
0.041962
0.043154
0.041962
0.042915
0.040770
0.043154
0.059128
0.044107
0.043154
0.042915
0.044107
0.041962
0.045776
0.041962
0.041962
0.041962
0.044107
0.042915
0.043154
0.042915
0.041962
0.041962
0.042915
0.042915
0.042915
0.044107
0.042915
0.042915
0.042915
0.042915
0.046015
0.043154
0.041962
0.042915
0.040054
0.042915
0.041962
0.042915
0.043154
0.041962
0.041962
0.041962
0.050068
0.043869
0.040054
0.042915
0.042915
0.044107
0.042915
0.043154
0.042915
0.041962
0.043154
0.043154
0.042915
0.043154
0.042915
0.043154
0.042915
0.042915
0.045061
0.041008
0.055075
0.043154
0.042915
0.043392
0.042915
0.042200
0.042915
0.044107
0.042915
0.042915
0.043154
0.045061
0.043154
0.045061
0.044107
0.042915
0.043154
0.042439
0.044107
0.041962
0.043869
0.045061
0.042915
0.045061
0.042915
0.041962
0.041962
0.042915
0.042200
0.043154
0.042915
0.043154
0.042915
0.045061
0.044107
0.044107
0.043869
0.039101
0.043154
0.039101
0.043154
0.039816
0.044823
0.042915
0.057936
0.044107
0.043154
0.041962
0.044107
0.041962
0.044107
0.042200
0.042915
0.043154
0.043154
0.041962
0.043154
0.041962
0.042200
0.042915
0.043154
0.043869
0.042915
0.044107
0.043154
0.042915
0.043869
0.041962
0.042915
0.043154
0.043869
0.043869
0.032902
0.044823
0.043869
0.044107
0.043154
0.042200
0.033140
0.043869
0.042915
0.033379
0.047922
0.041962
0.042915
0.043154
0.050068
0.042915
0.044107
0.044107
0.043869
0.042915
0.042915
0.042200
0.044107
0.042200
0.041962
0.042915
0.041962
0.043869
0.043154
0.043154
0.041962
0.041962
0.043154
0.042915
0.043869
0.042915
0.044107
0.044107
0.041962
0.043154
0.042915
0.044823
0.053883
0.041962
0.044107
0.041962
0.041962
0.043154
0.041962
0.041962
0.042915
0.043869
0.044107
0.041962
0.042915
0.046253
0.043869
0.044823
0.043154
0.044107
0.042915
0.040054
0.041962
0.044107
0.043869
0.040054
0.042915
0.044107
0.044107
0.039101
0.044107
0.043154
0.051975
0.043154
0.042915
0.042915
0.042915
0.045061
0.044107
0.043154
0.044823
0.041962
0.044107
0.043154
0.041962
0.043869
0.044823
0.042915
0.043869
0.042915
0.041962
0.044823
0.044823
0.042915
0.044107
0.043869
0.046015
0.043154
0.046253
0.042915
0.043869
0.045061
0.043154
0.042915
0.041962
0.043869
0.041962
0.042915
0.045061
0.042915
0.043154
0.042915
0.043154
0.042915
0.043154
0.043154
0.042915
0.042200
0.044107
0.041962
0.041962
0.043154
0.041962
0.042915
0.041962
0.043869
0.043869
0.042915
0.044107
0.043154
0.045061
0.042200
0.042200
0.043869
0.041962
0.041962
0.042915
0.043869
0.043869
0.044107
0.044107
0.045061
0.042915
0.043869
0.043869
0.041962
0.041962
0.043869
0.043154
0.041962
0.044107
0.040770
0.041962
0.041962
0.045061
0.044823
0.042915
0.044823
0.043154
0.046253
0.045776
0.043869
0.043154
0.042915
0.043154
0.042200
0.043154
0.043154
0.056744
0.044107
0.043869
0.043869
0.056982
