0.970
0.942
0.879
0.950
0.808
2.31
0.875
0.842
0.976
0.824
0.890
0.951
0.973
0.906
0.810
0.825
0.837
0.889
0.923
1.01
0.933
0.834
0.923
0.873
0.804
0.790
0.764
0.911
0.843
0.823
0.951
0.765
1.08
0.836
0.862
0.904
0.898
0.902
0.920
0.865
0.903
0.939
1.01
0.860
0.900
0.910
0.818
0.913
0.935
0.841
0.988
0.929
0.997
0.927
0.989
0.872
0.956
1.03
1.05
1.06
0.957
1.05
0.989
2.21
0.925
0.978
0.926
0.910
0.998
0.879
0.982
0.931
0.922
0.982
0.956
0.927
0.945
0.974
0.913
0.939
0.844
1.01
0.890
0.873
0.995
0.925
0.990
0.953
0.908
0.975
0.965
1.13
0.904
0.757
0.978
1.01
0.979
0.915
0.913
0.921
