27.666
26.309
26.351
26.472
26.401
26.653
26.628
26.333
26.539
26.739
26.395
26.466
26.442
26.545
26.293
26.561
26.402
26.353
26.507
27.244
26.422
26.688
26.417
26.582
26.496
26.452
26.585
26.665
26.392
26.404
26.682
26.447
26.485
29.975
27.452
26.416
26.507
26.457
26.81
26.356
26.551
26.637
26.409
26.361
26.512
26.4
26.501
26.503
26.274
26.525
26.516
26.361
26.486
26.344
26.765
26.332
26.296
26.3
26.31
26.404
26.466
26.297
26.295
26.298
26.428
27.161
26.403
26.6
26.405
26.39
26.474
26.472
26.359
26.357
26.618
26.318
26.517
26.261
26.285
26.579
26.576
26.538
26.47
26.338
26.317
26.351
26.885
26.589
26.443
26.436
26.309
26.342
26.374
26.44
26.361
26.337
26.478
26.448
26.336
26.404
