0.142
0.079
0.057
0.068
0.068
0.063
0.062
0.062
0.060
0.061
0.059
0.062
0.063
0.059
0.060
0.062
0.061
0.059
0.061
0.060
0.058
0.061
0.058
0.061
0.058
0.060
0.059
0.059
0.060
0.060
0.061
0.059
0.060
0.059
0.059
0.059
0.059
0.059
0.059
0.060
0.060
0.059
0.067
0.063
0.063
0.060
0.065
0.061
0.060
0.060
0.062
0.058
0.057
0.057
0.062
0.063
0.061
0.061
0.060
0.059
0.060
0.063
0.061
0.059
0.061
0.059
0.058
0.060
0.059
0.061
0.061
0.061
0.059
0.059
0.058
0.060
0.061
0.063
0.061
0.059
0.059
0.062
0.061
0.062
0.061
0.062
0.060
0.059
0.059
0.061
0.059
0.061
0.060
0.058
0.061
0.060
0.061
0.061
0.061
0.059
