0.955
0.953
0.930
0.940
0.910
0.921
0.896
0.944
0.914
0.959
0.933
0.941
0.944
0.893
0.904
1.03
0.949
0.896
0.913
0.936
0.970
0.938
0.885
0.926
0.989
0.942
0.931
0.946
0.948
0.916
0.892
0.964
0.952
0.978
0.949
0.925
0.926
0.896
0.929
0.894
0.897
0.938
0.793
4.99
0.907
1.05
0.909
0.934
1.00
0.883
0.913
0.858
0.826
0.909
0.956
0.860
0.912
0.909
0.892
0.852
0.985
0.951
0.966
0.925
0.897
0.923
0.911
0.947
1.00
0.918
0.888
1.22
0.892
0.900
0.924
0.921
0.944
0.895
0.964
0.941
0.920
0.927
0.914
0.934
0.882
0.861
0.934
0.893
0.989
0.850
0.929
9.76
0.908
0.938
0.848
0.948
0.893
1.40
0.955
1.08
