0.14
0.144
0.137
0.139
0.136
0.136
0.134
0.137
0.135
0.135
0.137
0.136
0.136
0.142
0.138
0.139
0.128
0.132
0.135
0.137
0.138
0.134
0.143
0.134
0.136
0.139
0.134
0.136
0.136
0.137
0.137
0.136
0.138
0.136
0.133
0.136
0.136
0.136
0.137
0.132
0.129
0.136
0.137
0.135
0.136
0.143
0.145
0.149
0.147
0.134
0.13
0.135
0.134
0.134
0.135
0.138
0.136
0.136
0.136
0.139
0.136
0.131
0.139
0.138
0.136
0.135
0.135
0.136
0.136
0.135
0.138
0.136
0.143
0.138
0.138
0.134
0.138
0.136
0.136
0.137
0.134
0.142
0.137
0.137
0.136
0.137
0.129
0.138
0.131
0.134
0.135
0.142
0.141
0.138
0.139
0.137
0.136
0.142
0.139
0.139
