0.186
0.144
0.149
0.152
0.152
0.154
0.152
0.156
0.15
0.159
0.146
0.153
0.151
0.155
0.156
0.154
0.16
0.152
0.156
0.153
0.155
0.151
0.155
0.159
0.156
0.149
0.151
0.155
0.156
0.152
0.167
0.154
0.157
0.155
0.158
0.154
0.155
0.156
0.154
0.16
0.159
0.152
0.153
0.155
0.155
0.156
0.153
0.155
0.155
0.154
0.152
0.152
0.156
0.155
0.154
0.154
0.156
0.154
0.162
0.159
0.155
0.146
0.148
0.154
0.155
0.153
0.151
0.153
0.157
0.157
0.151
0.158
0.152
0.155
0.154
0.155
0.157
0.15
0.154
0.153
0.154
0.153
0.152
0.153
0.155
0.154
0.154
0.155
0.155
0.155
0.169
0.153
0.149
0.155
0.155
0.155
0.152
0.154
0.153
0.16
