0.068
0.074
0.070
0.065
0.062
0.062
0.065
0.063
0.061
0.059
0.059
0.058
0.045
0.057
0.066
0.061
0.060
0.063
0.063
0.060
0.058
0.069
0.066
0.064
0.059
0.060
0.061
0.061
0.060
0.059
0.061
0.059
0.062
0.062
0.062
0.062
0.061
0.060
0.062
0.062
0.060
0.060
0.059
0.059
0.062
0.060
0.060
0.061
0.060
0.061
0.061
0.060
0.059
0.060
0.060
0.062
0.059
0.059
0.059
0.060
0.061
0.060
0.062
0.063
0.060
0.058
0.062
0.271
0.059
0.059
0.061
0.061
0.066
0.065
0.064
0.064
0.062
0.062
0.064
0.063
0.062
0.060
0.060
0.060
0.059
0.060
0.062
0.063
0.060
0.059
0.062
0.060
0.060
0.062
0.061
0.061
0.064
0.059
0.060
0.059
