0.089
0.059
0.052
0.050
0.047
0.049
0.059
0.058
0.052
0.050
0.046
0.047
0.046
0.048
0.047
0.047
0.047
0.046
0.047
0.046
0.047
0.043
0.045
0.046
0.046
0.046
0.046
0.047
0.057
0.049
0.049
0.045
0.045
0.047
0.046
0.047
0.045
0.047
0.047
0.047
0.045
0.046
0.046
0.046
0.047
0.047
0.046
0.046
0.046
0.046
0.046
0.045
0.046
0.047
0.047
0.045
0.046
0.046
0.045
0.045
0.045
0.049
0.046
0.048
0.047
0.046
0.046
0.046
0.047
0.047
0.047
0.047
0.046
0.046
0.045
0.046
0.045
0.046
0.046
0.046
0.046
0.046
0.046
0.045
0.047
0.045
0.046
0.046
0.062
0.048
0.048
0.047
0.045
0.047
0.046
0.046
0.047
0.050
0.048
0.048
