0.062
0.040
0.042
0.046
0.044
0.044
0.045
0.045
0.043
0.041
0.042
0.041
0.041
0.042
0.041
0.043
0.043
0.041
0.041
0.043
0.043
0.040
0.042
0.041
0.043
0.043
0.040
0.043
0.043
0.041
0.041
0.041
0.052
0.040
0.042
0.042
0.040
0.042
0.043
0.043
0.044
0.043
0.041
0.041
0.042
0.041
0.042
0.044
0.042
0.040
0.041
0.041
0.041
0.041
0.041
0.041
0.045
0.044
0.043
0.041
0.041
0.041
0.041
0.041
0.044
0.046
0.044
0.042
0.041
0.042
0.042
0.042
0.044
0.042
0.043
0.041
0.042
0.043
0.043
0.041
0.044
0.041
0.043
0.041
0.042
0.044
0.043
0.042
0.043
0.041
0.041
0.042
0.042
0.042
0.041
0.041
0.043
0.041
0.042
0.042
