26.5
26.4
26.4
26.6
26.4
26.4
26.5
26.4
26.4
26.5
26.5
26.5
30.2
27.7
26.5
26.5
26.4
26.3
26.4
26.6
26.4
26.4
26.5
26.3
26.4
26.3
26.5
26.5
26.5
26.4
26.5
26.3
26.6
26.4
26.4
26.4
26.5
26.5
26.5
26.6
26.4
26.3
26.4
26.4
26.5
26.4
26.7
26.4
26.5
26.5
26.3
26.6
26.4
26.4
26.5
26.4
26.4
26.3
26.4
26.6
26.5
26.3
26.3
26.3
26.6
26.5
26.5
26.5
26.4
26.5
26.3
26.6
26.5
26.4
26.6
26.5
26.5
26.5
26.4
26.9
26.4
26.5
26.5
26.4
26.3
26.5
26.4
26.6
26.4
26.5
26.3
28.2
26.4
26.4
26.5
26.5
26.6
26.3
26.4
26.5
