14.8
14.8
14.8
14.7
14.7
14.7
14.7
14.7
14.7
15.7
14.7
14.6
14.7
14.7
14.7
14.7
14.7
14.7
14.7
14.7
14.8
14.7
14.7
14.7
14.7
14.9
14.7
14.7
14.7
14.7
14.7
14.7
14.7
14.7
15.1
14.7
14.7
14.10
14.7
14.7
14.7
14.7
14.7
14.7
14.7
14.7
14.7
14.7
14.7
14.8
14.7
14.7
14.7
14.7
14.7
14.10
14.7
14.7
14.6
14.8
14.7
14.7
14.8
14.7
14.7
23.7
14.7
14.7
14.7
14.7
14.7
14.7
14.9
14.8
15.1
14.7
14.7
14.7
14.7
14.7
14.7
14.7
14.7
14.7
14.7
14.7
14.6
14.7
14.7
14.6
14.7
14.7
14.7
14.7
14.7
14.7
14.7
14.7
14.6
14.7
