0.803
0.865
0.829
0.841
0.870
0.831
0.904
0.932
0.855
0.861
0.829
0.876
0.795
1.31
0.842
0.826
0.838
0.832
0.830
0.893
0.834
0.858
0.851
11.6
0.829
0.821
1.23
0.839
0.835
1.38
0.832
0.838
0.845
0.803
0.840
0.801
0.853
0.940
0.879
0.840
0.802
0.825
0.828
0.856
0.817
0.857
1.40
22.9
0.872
0.887
0.876
0.837
0.870
0.831
0.847
0.875
0.871
0.874
0.938
0.932
0.819
0.869
1.21
0.877
0.851
0.896
0.866
0.847
0.839
0.828
13.2
0.869
1.36
0.886
2.63
1.97
0.835
0.843
1.01
0.850
0.848
0.852
0.897
0.837
0.888
0.822
0.891
0.884
0.880
0.894
0.868
0.816
0.867
0.881
0.925
18.4
0.832
0.859
0.891
0.875
