14.7
14.7
14.7
14.6
14.7
14.7
14.8
14.6
14.7
14.7
14.7
14.7
14.7
14.6
14.7
14.7
14.6
14.7
14.8
14.7
14.7
14.7
14.7
14.7
16.8
14.7
14.7
14.7
14.7
14.6
14.7
14.7
14.7
14.6
14.7
14.7
14.7
14.7
14.7
14.8
14.7
14.7
14.7
14.7
14.7
14.7
14.7
14.7
14.7
14.7
14.6
14.7
14.7
15.3
15.7
15.1
14.7
14.7
14.7
14.7
14.7
14.7
14.7
14.7
14.7
14.7
14.7
14.7
14.7
14.8
14.7
14.7
14.7
14.7
14.7
14.7
14.7
14.6
14.7
14.7
14.7
14.7
14.7
14.7
14.7
14.8
14.7
14.7
14.7
14.7
14.6
14.7
14.6
14.6
14.7
14.7
14.7
14.7
14.6
14.7
