0.139
0.145
0.127
0.146
0.154
0.156
0.153
0.157
0.153
0.153
0.147
0.153
0.154
0.156
0.148
0.16
0.16
0.154
0.15
0.154
0.152
0.154
0.147
0.148
0.156
0.149
0.144
0.154
0.151
0.153
0.139
0.155
0.155
0.155
0.155
0.154
0.154
0.154
0.155
0.158
0.151
0.154
0.154
0.154
0.154
0.153
0.153
0.152
0.149
0.154
0.153
0.153
0.15
0.153
0.156
0.144
0.153
0.154
0.155
0.158
0.174
0.164
0.161
0.154
0.154
0.156
0.156
0.158
0.16
0.156
0.145
0.153
0.153
0.153
0.155
0.154
0.153
0.152
0.154
0.153
0.155
0.154
0.152
0.155
0.155
0.154
0.155
0.154
0.152
0.154
0.153
0.154
0.156
0.153
0.155
0.154
0.154
0.154
0.154
0.156
