0.974
1.00
0.991
0.942
0.913
0.916
0.861
0.935
0.923
0.923
0.915
0.990
0.922
0.871
0.909
0.937
0.916
1.02
0.971
0.977
0.898
0.982
0.981
1.01
0.912
0.997
0.936
0.963
0.918
0.981
1.08
0.973
0.991
1.03
0.937
0.939
1.02
1.25
1.03
0.926
0.976
1.05
1.04
0.906
1.07
1.09
0.929
1.08
1.06
1.06
1.03
0.894
1.06
1.08
0.960
1.05
0.915
1.05
1.10
1.01
0.980
0.941
0.987
1.05
1.01
2.31
0.967
1.00
1.07
1.00
1.01
0.974
1.03
1.06
0.932
0.926
0.997
1.05
1.05
1.02
0.986
0.906
0.996
1.06
0.989
1.04
0.974
0.934
0.980
1.06
0.970
0.981
1.09
1.07
1.19
2.33
1.20
2.37
1.12
1.04
