0.981
1.046
0.948
0.867
0.898
0.947
0.987
0.948
1.266
0.827
0.991
0.967
0.889
0.929
0.926
0.983
0.992
0.96
1.011
1.002
0.959
0.967
0.945
0.962
0.936
0.997
0.991
0.954
1.063
1.119
0.969
0.942
0.934
0.859
1.411
0.942
0.945
0.931
0.945
0.932
0.918
0.942
0.918
2.305
0.989
23.031
0.956
0.979
0.922
1.006
0.92
1.1
0.962
1.072
1.026
0.99
0.945
0.912
0.921
1.01
0.94
1.283
0.988
1.008
0.893
1.006
0.946
0.902
0.978
0.987
10.455
0.955
0.935
0.958
0.975
0.966
0.939
0.946
0.95
0.847
0.931
1.001
0.867
0.976
9.711
0.922
2.765
1.403
1.138
3.295
0.979
0.937
1.322
1.014
0.878
0.967
21.669
0.941
0.983
1.485
