26.2
26.4
26.2
26.6
26.4
26.4
26.3
26.2
26.3
26.4
26.4
26.4
26.4
26.5
26.4
26.5
26.3
26.5
26.5
26.7
26.5
26.2
26.3
26.4
26.2
26.4
26.2
26.2
26.4
26.8
26.5
26.4
26.4
26.4
26.4
26.3
26.4
26.3
26.3
26.3
26.4
26.5
26.3
26.3
26.2
26.2
26.7
26.3
26.3
26.4
26.3
26.4
26.2
26.4
26.4
26.3
26.2
26.5
26.4
26.3
26.3
26.4
26.2
26.3
26.2
26.4
26.4
26.3
26.2
26.3
26.4
26.4
27.5
26.3
26.3
26.2
26.6
26.3
26.5
26.3
26.4
26.5
26.5
26.3
26.1
26.3
26.2
26.3
26.5
26.7
26.4
28.3
26.6
26.5
26.3
26.4
26.5
26.5
26.5
26.3
