1.008
0.97
1.048
0.897
0.999
0.974
1.013
1.012
0.84
0.908
0.953
1.054
1.2
1.003
1.031
0.96
1.049
0.897
1.048
0.979
0.971
0.918
2.249
0.968
0.954
0.976
0.961
0.895
1.011
0.901
1.016
1.138
0.902
0.96
1.044
1.018
0.895
0.997
0.94
1.276
0.921
0.932
1.049
1.017
0.984
2.082
0.941
1.011
0.806
0.914
0.987
1.051
0.945
0.978
0.933
1.051
1.034
0.948
1.001
1.033
0.944
2.204
0.98
0.871
1.066
0.988
0.895
1.027
1.016
1.18
0.907
0.99
0.94
0.957
0.984
1.192
1.037
0.969
0.94
1.034
0.913
0.942
0.932
1.131
0.994
0.984
0.822
0.861
0.99
1.019
0.966
1.023
0.952
0.992
0.922
1.006
0.9
1.048
0.926
0.829
