13.258
14.754
14.786
14.728
14.704
14.799
14.795
14.761
14.753
14.708
14.799
14.756
14.682
14.76
14.745
14.752
14.72
14.702
14.794
14.765
14.772
14.767
14.655
14.721
14.823
14.785
14.755
14.749
14.75
14.752
14.628
14.747
14.812
14.801
14.77
14.787
14.791
14.881
14.768
14.807
14.781
14.732
14.751
14.768
14.77
14.797
14.762
14.773
14.782
14.781
14.749
14.783
15.291
14.659
14.742
14.768
15.047
14.751
14.74
14.794
15.181
14.762
14.771
15.007
14.869
14.796
14.787
14.764
14.756
14.78
14.734
14.582
14.768
14.778
14.689
15.625
14.759
16.173
15.127
15.0
14.569
14.851
14.802
14.779
14.863
14.681
14.785
14.764
15.28
14.767
14.721
15.651
17.159
22.125
14.806
14.782
15.009
14.699
17.474
14.592
