14.731
14.696
14.828
14.733
14.913
14.74
14.794
14.76
14.711
14.757
14.767
14.81
14.774
14.832
14.79
14.737
14.78
14.716
14.763
14.748
14.735
14.739
14.759
14.723
14.738
14.679
14.756
14.717
14.702
14.727
15.718
14.783
14.833
14.737
16.092
14.752
14.756
14.797
14.788
16.759
14.725
14.742
14.727
14.735
14.887
15.642
15.658
14.733
14.835
14.727
14.791
14.721
15.931
14.77
14.77
14.682
14.742
14.742
15.675
14.765
14.671
14.705
14.726
14.751
16.039
14.728
14.71
14.748
15.248
14.738
16.378
14.747
14.79
14.712
18.73
14.728
14.737
14.697
14.707
17.358
14.741
14.636
14.796
14.721
14.776
14.734
14.774
14.782
14.749
15.001
14.77
14.75
14.704
14.727
14.719
14.732
16.07
14.685
14.799
14.555
