26.543
26.502
26.434
26.428
26.278
26.313
26.302
26.356
26.299
26.366
26.7
26.682
26.321
26.56
26.444
26.174
26.31
26.31
26.416
26.484
26.435
26.412
26.25
26.264
26.357
26.385
26.263
26.451
26.36
26.55
26.301
26.464
26.484
26.249
26.412
26.358
26.437
26.53
26.432
26.342
26.471
26.499
26.485
26.341
26.508
26.291
26.473
26.433
26.202
26.366
29.682
27.292
26.305
26.215
26.433
26.558
26.391
26.279
26.581
26.425
26.372
26.482
26.415
26.292
26.396
26.413
26.258
26.472
26.444
26.602
26.423
26.331
26.41
26.278
26.403
27.451
26.542
26.327
26.323
26.333
26.361
26.421
26.888
26.279
26.305
26.228
26.436
26.527
26.559
26.465
26.374
26.282
26.284
26.345
26.345
26.271
26.486
26.818
26.256
26.396
