0.833
0.949
0.963
2.053
0.983
0.972
0.983
0.897
1.053
0.948
0.923
0.933
3.664
2.635
2.234
3.352
0.969
20.028
0.996
1.221
0.941
0.936
0.888
0.982
0.976
0.978
0.961
0.802
0.935
0.923
0.966
1.026
0.912
0.977
0.921
0.927
0.928
0.897
0.792
0.909
0.932
0.892
5.57
0.992
1.216
0.933
0.982
0.951
0.946
1.0
0.973
0.957
0.889
2.194
2.209
0.984
0.935
0.942
0.923
0.95
0.928
0.901
0.913
0.953
1.106
0.995
0.968
0.948
21.286
0.952
0.911
0.959
0.682
0.933
0.945
0.833
0.948
0.979
0.928
0.921
1.133
0.921
0.888
1.713
0.971
0.961
0.957
0.604
0.935
0.814
0.733
0.984
0.9
16.252
0.892
0.946
0.902
0.938
0.885
0.845
