0.835
0.97
1.006
0.928
0.872
0.94
0.981
0.99
1.014
0.969
1.109
0.929
1.087
1.064
0.958
1.04
1.027
0.978
0.962
1.019
0.983
1.015
0.977
1.096
0.974
0.931
1.057
1.044
0.972
0.978
1.137
1.122
0.949
1.09
0.945
1.224
0.97
1.075
1.062
0.981
1.095
1.04
1.06
1.052
0.981
0.997
1.009
1.213
1.005
0.999
0.994
1.057
1.081
1.07
1.042
1.111
1.047
1.018
1.015
1.095
1.103
1.064
1.382
1.048
0.994
1.043
0.98
0.894
0.9
0.986
1.142
1.066
1.04
1.077
1.079
1.086
1.056
1.013
0.896
1.03
1.034
1.027
1.004
0.996
1.041
1.045
1.073
1.019
1.05
0.951
0.962
1.003
1.032
0.949
0.923
2.224
1.101
0.936
2.162
0.908
