0.074
0.099
0.11
0.111
0.109
0.109
0.11
0.109
0.111
0.121
0.112
0.112
0.113
0.109
0.111
0.11
0.109
0.108
0.109
0.116
0.113
0.11
0.112
0.111
0.111
0.11
0.11
0.112
0.11
0.109
0.109
0.11
0.111
0.108
0.11
0.112
0.112
0.109
0.111
0.108
0.112
0.11
0.108
0.112
0.108
0.107
0.113
0.108
0.112
0.109
0.11
0.113
0.11
0.107
0.109
0.111
0.11
0.111
0.11
0.113
0.112
0.111
0.11
0.108
0.111
0.11
0.108
0.112
0.111
0.108
0.11
0.11
0.104
0.111
0.11
0.107
0.112
0.111
0.11
0.109
0.109
0.11
0.113
0.113
0.11
0.111
0.113
0.108
0.111
0.109
0.113
0.11
0.111
0.108
0.109
0.111
0.109
0.109
0.108
0.109
