0.107
0.11
0.113
0.123
0.112
0.107
0.113
0.109
0.11
0.109
0.112
0.112
0.112
0.128
0.111
0.109
0.111
0.108
0.111
0.106
0.11
0.113
0.109
0.118
0.111
0.111
0.106
0.11
0.105
0.106
0.107
0.111
0.107
0.102
0.109
0.111
0.11
0.111
0.111
0.108
0.109
0.112
0.112
0.1
0.11
0.112
0.11
0.108
0.111
0.111
0.112
0.11
0.13
0.109
0.108
0.109
0.112
0.114
0.112
0.109
0.11
0.114
0.111
0.116
0.123
0.112
0.111
0.126
0.11
0.11
0.111
0.112
0.112
0.111
0.109
0.112
0.112
0.111
0.114
0.11
0.109
0.111
0.11
0.1
0.074
0.112
0.112
0.11
0.112
0.111
0.113
0.126
0.109
0.11
0.111
0.113
0.11
0.111
0.11
0.108
