0.934
1.02
0.999
2.10
1.02
1.01
1.02
0.930
1.08
0.994
0.959
0.970
3.71
2.67
2.27
3.45
1.01
20.1
1.04
1.26
0.979
0.972
0.963
1.02
1.02
1.02
0.994
0.846
0.971
0.956
1.01
1.06
0.949
1.02
0.960
0.961
0.966
0.935
0.855
0.951
0.969
0.932
5.61
1.04
1.25
1.00
1.06
0.990
0.992
1.03
1.02
1.00
0.925
2.23
2.25
1.02
0.968
0.983
0.960
1.02
1.01
0.938
0.949
0.992
1.21
1.03
1.01
0.982
21.3
0.997
0.942
0.982
0.956
0.966
0.982
0.907
0.984
1.02
0.972
0.957
1.17
0.965
0.924
1.75
1.02
0.994
0.996
0.853
0.973
0.862
0.997
1.02
0.934
16.3
0.929
0.986
0.947
0.976
0.943
0.948
