0.208
0.160
0.145
0.168
0.199
0.199
0.200
0.201
0.200
0.197
0.184
0.197
0.197
0.198
0.187
0.207
0.193
0.199
0.200
0.199
0.197
0.200
0.185
0.185
0.201
0.185
0.192
0.198
0.199
0.197
0.187
0.200
0.201
0.199
0.203
0.199
0.198
0.197
0.198
0.204
0.187
0.197
0.198
0.199
0.200
0.200
0.198
0.205
0.187
0.200
0.198
0.198
0.199
0.199
0.200
0.192
0.198
0.199
0.199
0.236
0.230
0.217
0.206
0.199
0.199
0.200
0.201
0.202
0.202
0.201
0.191
0.197
0.200
0.199
0.202
0.201
0.198
0.198
0.202
0.196
0.198
0.196
0.195
0.198
0.228
0.195
0.196
0.198
0.197
0.196
0.197
0.196
0.201
0.198
0.199
0.198
0.198
0.198
0.199
0.201
