14.8
14.7
14.9
14.8
14.10
14.8
14.8
14.8
14.7
14.8
14.8
14.8
14.8
14.9
14.8
14.8
14.8
14.7
14.8
14.8
14.8
14.8
14.8
14.8
14.8
14.7
14.8
14.8
14.8
14.8
15.8
14.8
14.9
14.8
16.1
14.8
14.8
14.9
14.8
16.8
14.8
14.8
14.8
14.8
14.9
15.7
15.7
14.8
14.9
14.8
14.8
14.8
15.10
14.8
14.8
14.7
14.8
14.8
15.7
14.8
14.7
14.7
14.8
14.8
16.1
14.8
14.8
14.8
15.3
14.8
16.4
14.8
14.8
14.8
18.8
14.8
14.8
14.7
14.8
17.4
14.8
14.8
14.8
14.8
14.8
14.8
14.8
14.8
14.8
15.0
14.8
14.8
14.7
14.8
14.8
14.8
16.1
14.7
14.8
14.7
