14.10
14.9
14.9
14.9
14.8
14.9
14.9
14.9
14.9
14.8
14.9
14.9
14.8
14.9
14.9
14.9
14.8
14.8
14.9
14.9
14.9
14.9
14.8
14.9
14.9
14.9
14.9
14.8
14.8
14.9
14.8
14.9
14.9
14.9
14.9
14.9
14.9
15.0
14.9
14.9
14.9
14.9
14.9
14.9
14.9
14.9
14.9
14.9
14.9
14.9
14.9
14.9
15.4
14.8
14.9
14.9
15.2
14.9
14.9
14.9
15.3
14.9
14.9
14.9
15.0
14.9
14.9
14.9
14.9
14.9
14.9
14.7
14.9
14.9
14.8
15.9
14.9
16.3
15.3
15.1
14.9
15.0
14.9
14.9
14.10
14.8
14.9
14.9
15.4
14.9
14.8
15.8
17.3
22.2
14.9
14.9
15.1
14.9
17.6
14.8
