27.8
26.4
26.5
26.6
26.5
26.5
26.7
26.5
26.7
26.9
26.5
26.6
26.6
26.7
26.5
26.7
26.6
26.5
26.6
27.3
26.5
26.8
26.6
26.7
26.6
26.5
26.7
26.8
26.5
26.6
26.8
26.5
26.6
30.1
27.6
26.5
26.6
26.6
26.10
26.5
26.7
26.7
26.5
26.5
26.7
26.5
26.6
26.6
26.4
26.6
26.6
26.5
26.6
26.5
26.9
26.4
26.4
26.4
26.5
26.6
26.6
26.4
26.4
26.4
26.5
27.3
26.6
26.7
26.5
26.5
26.6
26.6
26.5
26.5
26.7
26.4
26.6
26.4
26.4
26.7
26.7
26.7
26.6
26.4
26.4
26.5
27.0
26.7
26.6
26.6
26.4
26.4
26.5
26.5
26.5
26.5
26.7
26.6
26.5
26.6
