26.7
26.5
26.5
26.5
26.3
26.4
26.3
26.4
26.3
26.4
26.7
26.7
26.4
26.6
26.5
26.5
26.3
26.4
26.5
26.5
26.5
26.5
26.3
26.3
26.4
26.4
26.3
26.5
26.4
26.6
26.3
26.5
26.5
26.3
26.4
26.4
26.5
26.6
26.5
26.4
26.5
26.5
26.5
26.4
26.5
26.4
26.5
26.5
26.2
26.4
29.7
27.3
26.3
26.2
26.5
26.6
26.4
26.3
26.6
26.5
26.4
26.5
26.4
26.3
26.4
26.4
26.3
26.5
26.5
26.6
26.5
26.4
26.5
26.3
26.4
27.5
26.6
26.4
26.4
26.4
26.4
26.5
26.10
26.3
26.3
26.3
26.5
26.5
26.6
26.5
26.4
26.3
26.3
26.4
26.4
26.3
26.6
26.9
26.3
26.5
