0.203
0.119
0.125
0.119
0.126
0.122
0.157
0.124
0.125
0.126
0.123
0.124
0.123
0.221
0.118
0.122
0.123
0.124
0.127
0.126
0.123
0.128
0.124
0.133
0.127
0.124
0.122
0.122
0.120
0.123
0.121
0.123
0.119
0.117
0.124
0.124
0.122
0.154
0.124
0.118
0.123
0.124
0.129
0.113
0.124
0.125
0.124
0.123
0.123
0.125
0.125
0.124
0.238
0.122
0.124
0.122
0.157
0.126
0.124
0.123
0.123
0.150
0.123
0.131
0.224
0.126
0.125
0.223
0.122
0.125
0.126
0.125
0.124
0.124
0.123
0.172
0.126
0.124
0.125
0.122
0.124
0.124
0.124
0.099
0.094
0.125
0.124
0.124
0.126
0.125
0.123
0.216
0.122
0.124
0.154
0.126
0.125
0.125
0.124
0.121
