1.16
1.11
1.16
1.03
1.11
1.16
1.14
1.12
0.975
1.05
1.06
1.17
1.34
1.10
1.18
1.00
1.16
1.01
1.19
1.08
1.09
1.06
2.34
1.07
1.07
1.10
1.08
0.997
1.10
1.03
1.13
1.25
1.03
1.07
1.16
1.14
1.05
1.15
1.05
1.21
1.05
1.06
1.14
1.13
1.11
2.22
1.07
1.13
0.970
1.04
1.10
1.16
1.08
1.11
1.08
1.17
1.15
1.06
1.14
1.18
1.10
2.33
1.10
0.976
1.16
1.08
1.03
1.14
1.13
1.10
1.04
1.12
1.06
1.16
1.14
1.07
1.16
1.10
1.11
1.14
1.03
1.07
1.05
1.26
1.13
1.14
0.957
0.982
1.11
1.19
1.10
1.12
1.07
1.11
1.06
1.12
1.06
1.17
1.05
1.09
