1.11
1.16
1.11
1.04
1.00
1.06
1.13
1.07
1.38
0.986
1.11
1.08
1.05
1.05
1.04
1.11
1.06
1.07
1.08
1.12
1.07
1.07
1.06
1.08
1.10
1.11
1.10
1.13
1.17
1.23
1.08
1.06
1.05
1.02
1.52
1.06
1.07
1.04
1.06
1.05
1.03
1.05
1.04
2.40
1.11
23.2
1.07
1.09
1.13
1.12
1.03
1.23
1.08
1.19
1.15
1.14
1.04
1.03
1.05
1.12
1.06
1.44
1.10
1.13
1.04
1.13
1.06
1.05
1.10
1.11
10.5
1.07
1.06
1.07
1.09
1.09
1.05
1.05
1.05
1.00
1.05
1.10
1.02
1.09
9.83
1.06
2.88
1.57
1.28
3.39
1.15
1.05
1.42
1.13
1.08
1.08
21.8
1.05
1.10
1.71
