0.290
0.194
0.186
0.188
0.184
0.184
0.185
0.184
0.185
0.186
0.187
0.185
0.186
0.188
0.187
0.189
0.188
0.172
0.185
0.212
0.184
0.185
0.189
0.183
0.184
0.186
0.184
0.184
0.182
0.185
0.186
0.183
0.216
0.185
0.177
0.183
0.183
0.184
0.186
0.172
0.170
0.182
0.185
0.183
0.184
0.227
0.202
0.182
0.202
0.182
0.172
0.184
0.177
0.183
0.179
0.184
0.185
0.179
0.180
0.195
0.187
0.175
0.193
0.187
0.185
0.185
0.186
0.184
0.186
0.186
0.186
0.188
0.188
0.190
0.184
0.185
0.185
0.184
0.186
0.185
0.186
0.188
0.186
0.186
0.185
0.185
0.201
0.186
0.173
0.186
0.186
0.185
0.188
0.187
0.188
0.183
0.185
0.186
0.188
0.189
