1.05
1.01
1.04
0.974
0.951
0.975
1.02
1.05
1.05
1.01
1.14
0.964
1.13
1.10
0.995
1.08
1.07
1.02
1.00
1.05
1.02
1.05
1.04
1.13
1.02
0.967
1.06
1.09
1.03
1.02
1.18
1.16
0.985
1.13
0.982
1.26
1.01
1.15
1.10
1.02
1.13
1.07
1.10
1.09
1.02
1.04
1.05
1.04
1.05
1.04
1.06
1.10
1.15
1.10
1.08
1.15
1.08
1.06
1.05
1.13
1.14
1.10
1.42
1.09
1.03
1.08
1.02
1.07
0.937
1.03
1.18
1.10
1.08
1.11
1.12
1.16
1.09
1.04
1.05
1.06
1.07
1.07
1.04
1.04
1.08
1.08
1.15
1.06
1.09
0.983
1.05
1.04
1.07
1.01
1.01
2.26
1.14
1.02
2.20
1.01
