0.251
0.165
0.172
0.199
0.199
0.231
0.198
0.200
0.194
0.211
0.195
0.198
0.191
0.194
0.199
0.201
0.207
0.201
0.202
0.196
0.198
0.195
0.200
0.201
0.231
0.190
0.190
0.200
0.197
0.192
0.224
0.199
0.199
0.199
0.202
0.199
0.198
0.200
0.197
0.203
0.202
0.196
0.196
0.229
0.198
0.202
0.198
0.199
0.199
0.197
0.194
0.198
0.202
0.199
0.197
0.199
0.199
0.201
0.209
0.202
0.200
0.205
0.234
0.199
0.198
0.197
0.198
0.198
0.201
0.203
0.195
0.202
0.199
0.200
0.200
0.204
0.202
0.197
0.198
0.199
0.197
0.198
0.197
0.197
0.201
0.198
0.199
0.199
0.199
0.198
0.227
0.197
0.185
0.199
0.234
0.197
0.197
0.197
0.199
0.209
