0.172
0.112
0.122
0.124
0.120
0.122
0.126
0.123
0.124
0.138
0.126
0.124
0.122
0.125
0.121
0.123
0.122
0.120
0.124
0.170
0.125
0.124
0.124
0.125
0.125
0.122
0.124
0.125
0.124
0.122
0.122
0.124
0.125
0.123
0.122
0.125
0.124
0.125
0.155
0.124
0.124
0.122
0.122
0.125
0.120
0.122
0.124
0.122
0.124
0.122
0.124
0.128
0.124
0.121
0.123
0.121
0.123
0.154
0.122
0.126
0.125
0.123
0.121
0.121
0.123
0.122
0.124
0.123
0.125
0.130
0.123
0.125
0.115
0.124
0.123
0.122
0.169
0.122
0.124
0.123
0.121
0.122
0.123
0.126
0.125
0.125
0.125
0.123
0.122
0.120
0.123
0.123
0.123
0.122
0.121
0.154
0.123
0.121
0.123
0.122
