0.192
0.124
0.137
0.134
0.101
0.125
0.099
0.138
0.088
0.095
0.095
0.115
0.095
0.101
0.125
0.079
0.119
0.111
0.095
0.096
0.097
0.127
0.154
0.096
0.103
0.090
0.109
0.095
0.128
0.086
0.126
0.096
0.095
0.114
0.085
0.096
0.135
0.096
0.096
0.137
0.126
0.135
0.095
0.125
0.131
0.103
0.097
0.126
0.138
0.129
0.125
0.089
0.125
0.111
0.125
0.120
0.100
0.127
0.140
0.114
0.125
0.085
0.097
0.121
0.106
0.125
0.140
0.101
0.124
0.124
0.126
0.125
0.094
0.098
0.096
0.125
0.096
0.125
0.125
0.097
0.099
0.128
0.127
0.098
0.125
0.131
0.100
0.142
0.113
0.121
0.127
0.126
0.112
0.124
0.095
0.095
0.125
0.098
0.125
0.128
0.124
0.131
0.132
0.124
0.158
0.097
0.113
0.090
0.131
0.094
0.124
0.094
0.131
0.096
0.100
0.095
0.095
0.124
0.105
0.098
0.086
0.125
0.098
0.096
0.125
0.121
0.094
0.115
0.084
0.116
0.133
0.098
0.125
0.115
0.111
0.125
0.097
0.133
0.088
0.104
0.133
0.131
0.123
0.096
0.093
0.135
0.130
0.114
0.095
0.112
0.099
0.143
0.118
0.157
0.099
0.124
0.115
0.112
0.102
0.123
0.127
0.094
0.112
0.125
0.125
0.099
0.125
0.130
0.133
0.128
0.126
0.112
0.128
0.136
0.127
0.086
0.096
0.091
0.133
0.135
0.097
0.094
0.142
0.095
0.087
0.095
0.126
0.125
0.096
0.122
0.127
0.125
0.095
0.096
0.125
0.099
0.095
0.110
0.093
0.131
