0.139
0.159
0.125
0.122
0.095
0.125
0.095
0.125
0.091
0.101
0.135
0.114
0.112
0.123
0.125
0.107
0.096
0.124
0.126
0.123
0.087
0.089
0.097
0.082
0.127
0.122
0.111
0.079
0.103
0.125
0.099
0.120
0.134
0.114
0.118
0.123
0.128
0.124
0.082
0.095
0.104
0.119
0.103
0.107
0.098
0.093
0.104
0.115
0.129
0.095
0.116
0.093
0.102
0.125
0.128
0.080
0.124
0.124
0.111
0.132
0.113
0.123
0.097
0.107
0.127
0.095
0.092
0.094
0.098
0.095
0.094
0.103
0.098
0.107
0.115
0.090
0.120
0.124
0.111
0.129
0.100
0.160
0.099
0.071
0.127
0.122
0.128
0.094
0.126
0.128
0.082
0.136
0.113
0.095
0.099
0.124
0.123
0.095
0.126
0.093
0.097
0.117
0.127
0.081
0.127
0.113
0.159
0.095
0.109
0.094
0.134
0.125
0.123
0.102
0.131
0.095
0.096
0.126
0.111
0.117
0.113
0.093
0.097
0.120
0.098
0.124
0.092
0.123
0.124
0.097
0.124
0.101
0.099
0.079
0.095
0.096
0.101
0.094
0.083
0.111
0.128
0.124
0.125
0.080
0.124
0.095
0.126
0.127
0.138
0.113
0.124
0.083
0.102
0.118
0.134
0.124
0.078
0.113
0.094
0.124
0.096
0.126
0.123
0.128
0.125
0.128
0.099
0.131
0.080
0.104
0.078
0.131
0.122
0.082
0.101
0.128
0.124
0.102
0.135
0.095
0.096
0.095
0.102
0.108
0.125
0.093
0.092
0.094
0.157
0.125
0.098
0.115
0.112
0.113
0.136
0.081
0.124
0.104
0.113
0.135
