0.126
0.130
0.160
0.124
0.116
0.098
0.261
0.094
0.137
0.128
0.116
0.123
0.105
0.124
0.141
0.176
0.135
0.122
0.129
0.134
0.127
0.096
0.113
0.111
0.127
0.112
0.136
0.081
0.132
0.084
0.097
0.108
0.128
0.121
0.125
0.095
0.096
0.107
0.125
0.094
0.110
0.111
0.094
0.098
0.098
0.130
0.111
0.123
0.103
0.129
0.300
0.125
0.134
0.094
0.099
0.339
0.120
0.124
0.127
0.117
0.128
0.091
0.099
0.102
0.127
0.122
0.092
0.122
0.136
0.092
0.101
0.092
0.099
0.083
0.097
0.109
0.121
0.092
0.082
0.106
0.105
0.081
0.088
0.095
0.140
0.082
0.126
0.131
0.122
0.123
0.126
0.096
0.138
0.093
0.095
0.092
0.132
0.122
0.102
0.094
0.111
0.098
0.160
0.131
0.097
0.119
0.082
0.119
0.102
0.095
0.108
0.094
0.114
0.097
0.097
0.121
0.097
0.093
0.081
0.121
0.127
0.130
0.095
0.122
0.105
0.120
0.097
0.131
0.127
0.123
0.137
0.123
0.084
0.095
0.126
0.123
0.081
0.100
0.125
0.101
0.128
0.096
0.138
0.124
0.091
0.137
0.095
0.114
0.093
0.126
0.127
0.104
0.097
0.094
0.124
0.136
0.097
0.129
0.097
0.131
0.128
0.079
0.067
0.094
0.172
0.126
0.096
0.149
0.113
0.125
0.129
0.094
0.095
0.092
0.130
0.122
0.100
0.092
0.096
0.123
0.080
0.124
0.124
0.132
0.126
0.152
0.099
0.100
0.099
0.114
0.130
0.117
0.119
0.082
0.113
0.101
0.125
0.089
0.121
0.094
