0.149
0.105
0.099
0.131
0.128
0.124
0.119
0.093
0.098
0.097
0.114
0.121
0.095
0.129
0.118
0.174
0.100
0.151
0.098
0.107
0.092
0.093
0.141
0.093
0.139
0.100
0.128
0.083
0.127
0.111
0.087
0.088
0.127
0.134
0.110
0.092
0.096
0.118
0.102
0.137
0.127
0.096
0.079
0.122
0.097
0.104
0.114
0.120
0.097
0.094
0.128
0.093
0.096
0.118
0.098
0.119
0.122
0.107
0.128
0.108
0.121
0.122
0.116
0.122
0.136
0.090
0.124
0.093
0.091
0.102
0.127
0.124
0.121
0.097
0.126
0.088
0.123
0.084
0.132
0.095
0.138
0.097
0.125
0.096
0.127
0.119
0.129
0.103
0.103
0.168
0.103
0.123
0.086
0.122
0.114
0.108
0.097
0.123
0.141
0.121
0.113
0.095
0.103
0.123
0.125
0.094
0.145
0.123
0.104
0.116
0.095
0.112
0.096
0.096
0.098
0.093
0.124
0.104
0.097
0.122
0.108
0.125
0.095
0.152
0.135
0.088
0.096
0.091
0.099
0.094
0.128
0.095
0.108
0.099
0.087
0.120
0.130
0.103
0.083
0.098
0.124
0.110
0.129
0.124
0.097
0.076
0.122
0.127
0.102
0.123
0.112
0.128
0.127
0.086
0.079
0.092
0.098
0.085
0.107
0.116
0.114
0.099
0.103
0.122
0.080
0.104
0.126
0.090
0.097
0.111
0.096
0.128
0.110
0.124
0.097
0.093
0.126
0.081
0.103
0.118
0.137
0.097
0.205
0.124
0.125
0.110
0.140
0.126
0.102
0.122
0.078
0.096
0.274
0.095
0.101
0.123
0.125
0.297
0.117
0.133
