0.154
0.109
0.125
0.122
0.128
0.093
0.134
0.123
0.124
0.125
0.078
0.095
0.125
0.099
0.145
0.122
0.127
0.090
0.123
0.093
0.132
0.097
0.081
0.123
0.126
0.094
0.098
0.123
0.127
0.081
0.114
0.088
0.127
0.122
0.099
0.093
0.097
0.095
0.097
0.091
0.109
0.123
0.113
0.122
0.109
0.129
0.097
0.093
0.135
0.127
0.132
0.131
0.119
0.097
0.124
0.126
0.102
0.115
0.099
0.109
0.123
0.096
0.127
0.096
0.166
0.094
0.094
0.124
0.107
0.123
0.124
0.094
0.126
0.096
0.129
0.096
0.111
0.126
0.098
0.087
0.089
0.096
0.115
0.091
0.127
0.114
0.134
0.094
0.097
0.075
0.100
0.122
0.131
0.094
0.124
0.129
0.094
0.096
0.097
0.080
0.132
0.094
0.090
0.096
0.120
0.147
0.130
0.123
0.085
0.084
0.133
0.114
0.121
0.124
0.123
0.111
0.111
0.118
0.128
0.130
0.128
0.123
0.123
0.122
0.128
0.131
0.119
0.127
0.105
0.173
0.123
0.124
0.132
0.123
0.100
0.150
0.101
0.122
0.134
0.096
0.078
0.123
0.137
0.097
0.096
0.119
0.095
0.098
0.133
0.124
0.122
0.112
0.117
0.095
0.124
0.092
0.128
0.095
0.090
0.126
0.131
0.079
0.124
0.123
0.134
0.135
0.139
0.143
0.127
0.107
0.127
0.094
0.119
0.122
0.134
0.112
0.098
0.091
0.130
0.107
0.095
0.124
0.094
0.094
0.086
0.091
0.116
0.088
0.128
0.100
0.107
0.077
0.097
0.125
0.134
0.124
0.101
0.154
0.116
0.127
