0.142
0.116
0.097
0.096
0.096
0.094
0.097
0.126
0.108
0.117
0.093
0.087
0.097
0.126
0.113
0.097
0.091
0.135
0.095
0.095
0.090
0.079
0.097
0.091
0.097
0.125
0.123
0.129
0.105
0.120
0.124
0.084
0.134
0.109
0.131
0.126
0.096
0.108
0.111
0.103
0.111
0.125
0.129
0.098
0.131
0.124
0.090
0.126
0.095
0.096
0.095
0.121
0.143
0.122
0.132
0.125
0.086
0.095
0.095
0.094
0.116
0.126
0.124
0.127
0.096
0.127
0.092
0.091
0.126
0.095
0.125
0.136
0.097
0.083
0.088
0.103
0.091
0.093
0.089
0.091
0.131
0.085
0.098
0.095
0.125
0.120
0.094
0.126
0.097
0.084
0.127
0.095
0.098
0.128
0.099
0.114
0.095
0.088
0.124
0.120
0.109
0.097
0.096
0.128
0.127
0.109
0.101
0.095
0.091
0.122
0.126
0.126
0.126
0.133
0.094
0.120
0.098
0.082
0.126
0.123
0.095
0.123
0.121
0.121
0.127
0.127
0.095
0.111
0.096
0.106
0.131
0.093
0.097
0.092
0.122
0.082
0.124
0.105
0.112
0.073
0.095
0.126
0.121
0.111
0.091
0.097
0.100
0.109
0.085
0.117
0.093
0.138
0.099
0.102
0.124
0.114
0.127
0.088
0.096
0.097
0.126
0.099
0.097
0.115
0.111
0.126
0.096
0.099
0.098
0.100
0.163
0.096
0.082
0.129
0.126
0.127
0.130
0.131
0.091
0.087
0.097
0.126
0.126
0.131
0.115
0.122
0.097
0.110
0.081
0.097
0.119
0.125
0.124
0.096
0.124
0.093
0.128
0.126
0.127
0.130
