0.148
0.124
0.111
0.121
0.126
0.097
0.117
0.096
0.095
0.098
0.095
0.095
0.093
0.118
0.131
0.090
0.095
0.127
0.096
0.104
0.134
0.097
0.111
0.123
0.098
0.125
0.122
0.094
0.096
0.101
0.102
0.096
0.123
0.115
0.155
0.096
0.126
0.130
0.126
0.124
0.102
0.124
0.097
0.097
0.084
0.098
0.096
0.125
0.102
0.094
0.140
0.116
0.078
0.091
0.124
0.097
0.099
0.095
0.136
0.123
0.092
0.124
0.123
0.123
0.097
0.094
0.109
0.076
0.131
0.093
0.121
0.124
0.122
0.125
0.126
0.125
0.095
0.090
0.094
0.097
0.096
0.097
0.082
0.110
0.120
0.095
0.098
0.123
0.129
0.125
0.103
0.095
0.121
0.113
0.110
0.099
0.126
0.106
0.131
0.133
0.097
0.127
0.126
0.114
0.097
0.097
0.097
0.094
0.115
0.104
0.095
0.111
0.108
0.097
0.097
0.097
0.089
0.126
0.099
0.126
0.124
0.114
0.079
0.107
0.095
0.097
0.127
0.095
0.095
0.125
0.080
0.121
0.120
0.107
0.124
0.125
0.126
0.124
0.108
0.126
0.111
0.124
0.111
0.096
0.136
0.122
0.096
0.084
0.097
0.094
0.127
0.130
0.094
0.096
0.110
0.088
0.099
0.111
0.135
0.124
0.091
0.109
0.092
0.095
0.159
0.126
0.167
0.074
0.131
0.103
0.103
0.150
0.123
0.094
0.126
0.109
0.129
0.152
0.096
0.097
0.126
0.139
0.094
0.096
0.081
0.125
0.093
0.085
0.127
0.111
0.126
0.096
0.076
0.095
0.099
0.115
0.114
0.122
0.137
0.096
