0.131
0.115
0.106
0.131
0.157
0.090
0.127
0.122
0.094
0.126
0.092
0.123
0.081
0.099
0.132
0.112
0.092
0.080
0.122
0.128
0.121
0.093
0.103
0.136
0.124
0.099
0.119
0.122
0.090
0.130
0.108
0.120
0.129
0.112
0.083
0.080
0.140
0.123
0.091
0.136
0.120
0.091
0.136
0.117
0.112
0.116
0.092
0.096
0.126
0.131
0.121
0.116
0.123
0.094
0.126
0.118
0.096
0.128
0.092
0.093
0.124
0.122
0.112
0.093
0.084
0.108
0.127
0.111
0.119
0.097
0.094
0.111
0.096
0.123
0.094
0.098
0.117
0.109
0.127
0.130
0.090
0.133
0.094
0.092
0.126
0.089
0.093
0.098
0.098
0.127
0.077
0.127
0.122
0.123
0.094
0.126
0.123
0.112
0.091
0.095
0.136
0.094
0.111
0.106
0.094
0.079
0.118
0.124
0.127
0.131
0.093
0.128
0.124
0.119
0.163
0.098
0.121
0.113
0.093
0.095
0.111
0.124
0.095
0.094
0.082
0.079
0.129
0.131
0.119
0.095
0.095
0.139
0.120
0.091
0.124
0.109
0.120
0.123
0.126
0.095
0.096
0.139
0.095
0.099
0.097
0.092
0.112
0.136
0.121
0.099
0.107
0.124
0.081
0.096
0.087
0.088
0.128
0.125
0.091
0.096
0.104
0.129
0.084
0.120
0.101
0.125
0.100
0.131
0.101
0.094
0.080
0.126
0.093
0.087
0.097
0.117
0.093
0.127
0.092
0.096
0.096
0.076
0.084
0.127
0.074
0.125
0.136
0.123
0.121
0.125
0.079
0.078
0.120
0.109
0.124
0.131
0.122
0.094
0.111
0.096
