0.155
0.131
0.109
0.094
0.099
0.121
0.120
0.102
0.096
0.095
0.102
0.094
0.100
0.093
0.134
0.091
0.125
0.098
0.097
0.106
0.124
0.120
0.096
0.114
0.138
0.078
0.095
0.122
0.116
0.080
0.095
0.075
0.104
0.125
0.099
0.108
0.108
0.095
0.125
0.154
0.124
0.121
0.097
0.104
0.079
0.100
0.095
0.096
0.098
0.132
0.099
0.230
0.089
0.113
0.087
0.129
0.093
0.124
0.098
0.109
0.127
0.098
0.134
0.127
0.127
0.110
0.100
0.079
0.112
0.094
0.121
0.100
0.126
0.094
0.090
0.130
0.105
0.170
0.080
0.123
0.130
0.092
0.113
0.125
0.127
0.092
0.086
0.079
0.124
0.124
0.124
0.112
0.097
0.122
0.084
0.120
0.123
0.094
0.106
0.108
0.137
0.120
0.129
0.109
0.127
0.092
0.127
0.100
0.097
0.095
0.095
0.121
0.130
0.126
0.117
0.121
0.109
0.094
0.114
0.113
0.080
0.124
0.127
0.108
0.097
0.094
0.113
0.122
0.134
0.095
0.128
0.110
0.117
0.124
0.099
0.123
0.118
0.127
0.127
0.095
0.110
0.122
0.098
0.121
0.097
0.092
0.091
0.080
0.112
0.113
0.125
0.079
0.098
0.105
0.079
0.159
0.127
0.116
0.127
0.093
0.124
0.123
0.096
0.108
0.097
0.108
0.113
0.122
0.098
0.094
0.133
0.132
0.128
0.124
0.112
0.093
0.125
0.095
0.104
0.115
0.095
0.126
0.128
0.115
0.098
0.129
0.117
0.122
0.113
0.124
0.087
0.125
0.098
0.068
0.131
0.122
0.114
0.347
0.086
0.112
