0.125
0.109
0.159
0.156
0.133
0.119
0.127
0.127
0.128
0.096
0.121
0.094
0.099
0.096
0.100
0.123
0.098
0.160
0.101
0.122
0.119
0.122
0.117
0.093
0.132
0.120
0.081
0.127
0.123
0.123
0.077
0.093
0.093
0.140
0.123
0.116
0.125
0.123
0.121
0.112
0.077
0.119
0.100
0.127
0.124
0.076
0.093
0.091
0.122
0.112
0.087
0.132
0.093
0.094
0.097
0.119
0.123
0.126
0.086
0.108
0.095
0.126
0.123
0.096
0.103
0.124
0.098
0.122
0.122
0.127
0.115
0.123
0.139
0.085
0.122
0.092
0.125
0.110
0.103
0.080
0.117
0.123
0.125
0.079
0.081
0.108
0.094
0.110
0.089
0.135
0.093
0.116
0.119
0.131
0.092
0.134
0.122
0.091
0.081
0.126
0.076
0.131
0.125
0.122
0.118
0.077
0.128
0.107
0.077
0.103
0.100
0.108
0.094
0.117
0.123
0.086
0.096
0.096
0.094
0.118
0.110
0.082
0.101
0.126
0.076
0.091
0.098
0.124
0.095
0.128
0.107
0.094
0.106
0.112
0.091
0.091
0.094
0.091
0.116
0.122
0.086
0.096
0.094
0.084
0.123
0.119
0.108
0.079
0.108
0.093
0.074
0.105
0.120
0.102
0.108
0.101
0.126
0.078
0.123
0.115
0.120
0.123
0.112
0.108
0.091
0.122
0.112
0.128
0.103
0.102
0.095
0.096
0.121
0.111
0.102
0.074
0.108
0.083
0.080
0.088
0.092
0.124
0.122
0.125
0.107
0.089
0.099
0.134
0.095
0.126
0.094
0.108
0.133
0.133
0.105
0.113
0.097
0.089
0.096
0.119
