0.127
0.111
0.131
0.127
0.122
0.075
0.133
0.111
0.141
0.127
0.175
0.123
0.123
0.095
0.096
0.179
0.124
0.093
0.096
0.094
0.104
0.095
0.101
0.125
0.128
0.060
0.126
0.125
0.124
0.110
0.091
0.097
0.123
0.123
0.123
0.109
0.119
0.122
0.124
0.109
0.099
0.117
0.126
0.134
0.121
0.088
0.094
0.094
0.122
0.125
0.083
0.097
0.122
0.110
0.129
0.128
0.074
0.095
0.106
0.132
0.073
0.094
0.106
0.099
0.094
0.128
0.092
0.095
0.124
0.127
0.092
0.115
0.123
0.127
0.136
0.116
0.124
0.109
0.116
0.078
0.120
0.110
0.092
0.092
0.097
0.110
0.115
0.098
0.128
0.124
0.127
0.095
0.078
0.124
0.108
0.123
0.113
0.094
0.117
0.131
0.121
0.122
0.083
0.147
0.079
0.101
0.123
0.098
0.151
0.099
0.129
0.127
0.080
0.102
0.125
0.135
0.131
0.098
0.121
0.095
0.127
0.123
0.091
0.094
0.080
0.089
0.113
0.111
0.122
0.127
0.117
0.100
0.097
0.115
0.096
0.082
0.122
0.120
0.126
0.153
0.091
0.103
0.124
0.125
0.086
0.137
0.124
0.111
0.094
0.079
0.077
0.096
0.118
0.108
0.122
0.124
0.129
0.104
0.126
0.126
0.089
0.120
0.118
0.079
0.124
0.101
0.125
0.125
0.124
0.096
0.125
0.107
0.104
0.108
0.082
0.119
0.123
0.131
0.149
0.122
0.097
0.129
0.097
0.123
0.124
0.118
0.093
0.111
0.122
0.136
0.142
0.124
0.126
0.142
0.124
0.121
0.094
0.131
0.126
0.121
