0.148
0.112
0.124
0.122
0.125
0.080
0.111
0.096
0.143
0.096
0.127
0.122
0.097
0.095
0.127
0.094
0.096
0.102
0.135
0.123
0.097
0.123
0.125
0.130
0.096
0.335
0.126
0.093
0.105
0.097
0.207
0.079
0.129
0.099
0.101
0.102
0.123
0.124
0.126
0.123
0.104
0.093
0.136
0.097
0.140
0.128
0.095
0.118
0.117
0.095
0.120
0.111
0.133
0.095
0.111
0.145
0.126
0.107
0.096
0.124
0.103
0.119
0.096
0.090
0.115
0.123
0.133
0.093
0.132
0.127
0.128
0.094
0.098
0.093
0.125
0.125
0.123
0.112
0.104
0.130
0.128
0.093
0.081
0.117
0.116
0.098
0.105
0.096
0.117
0.096
0.127
0.103
0.116
0.123
0.115
0.090
0.093
0.125
0.128
0.128
0.126
0.120
0.136
0.125
0.126
0.139
0.125
0.081
0.096
0.116
0.086
0.095
0.133
0.096
0.098
0.097
0.082
0.081
0.098
0.124
0.084
0.124
0.095
0.100
0.124
0.097
0.075
0.125
0.126
0.111
0.104
0.096
0.085
0.129
0.335
0.097
0.079
0.098
0.123
0.344
0.127
0.107
0.095
0.101
0.127
0.139
0.095
0.097
0.115
0.124
0.127
0.085
0.134
0.101
0.101
0.087
0.099
0.132
0.096
0.143
0.129
0.116
0.140
0.129
0.125
0.127
0.096
0.104
0.097
0.102
0.133
0.126
0.109
0.097
0.129
0.083
0.080
0.106
0.121
0.096
0.125
0.106
0.121
0.121
0.127
0.130
0.095
0.090
0.095
0.126
0.123
0.136
0.091
0.127
0.127
0.124
0.124
0.126
0.124
0.098
