0.124
0.112
0.107
0.160
0.088
0.120
0.123
0.122
0.124
0.128
0.123
0.124
0.098
0.106
0.092
0.099
0.085
0.093
0.127
0.123
0.117
0.124
0.095
0.135
0.097
0.122
0.093
0.081
0.092
0.138
0.094
0.077
0.102
0.080
0.121
0.095
0.082
0.083
0.123
0.096
0.122
0.092
0.106
0.115
0.091
0.126
0.094
0.132
0.119
0.096
0.093
0.095
0.093
0.091
0.124
0.093
0.119
0.098
0.093
0.093
0.127
0.120
0.107
0.080
0.120
0.129
0.094
0.093
0.122
0.237
0.099
0.093
0.085
0.161
0.091
0.121
0.128
0.093
0.102
0.095
0.100
0.096
0.123
0.122
0.130
0.123
0.095
0.126
0.074
0.111
0.133
0.122
0.094
0.109
0.120
0.124
0.098
0.099
0.122
0.100
0.121
0.120
0.127
0.124
0.091
0.097
0.129
0.078
0.092
0.100
0.123
0.094
0.085
0.077
0.129
0.119
0.090
0.138
0.105
0.122
0.109
0.126
0.088
0.130
0.122
0.119
0.099
0.078
0.091
0.096
0.100
0.121
0.126
0.093
0.107
0.095
0.078
0.094
0.094
0.121
0.121
0.126
0.130
0.079
0.122
0.093
0.090
0.130
0.120
0.093
0.125
0.109
0.091
0.126
0.091
0.077
0.079
0.122
0.123
0.124
0.101
0.100
0.097
0.123
0.081
0.122
0.068
0.083
0.135
0.122
0.078
0.107
0.126
0.119
0.095
0.129
0.110
0.098
0.090
0.124
0.097
0.093
0.095
0.094
0.132
0.095
0.117
0.122
0.076
0.096
0.213
0.127
0.082
0.092
0.113
0.095
0.085
0.124
0.096
0.132
