0.159
0.111
0.123
0.095
0.111
0.123
0.098
0.123
0.096
0.135
0.115
0.122
0.096
0.130
0.094
0.124
0.101
0.118
0.126
0.092
0.129
0.091
0.111
0.124
0.098
0.110
0.128
0.094
0.099
0.089
0.135
0.096
0.090
0.121
0.116
0.096
0.098
0.121
0.111
0.135
0.141
0.126
0.127
0.095
0.125
0.092
0.131
0.122
0.102
0.113
0.094
0.125
0.125
0.125
0.096
0.103
0.124
0.097
0.097
0.126
0.126
0.095
0.096
0.089
0.095
0.120
0.097
0.125
0.115
0.127
0.094
0.126
0.097
0.124
0.096
0.098
0.127
0.091
0.126
0.088
0.097
0.132
0.134
0.102
0.137
0.081
0.123
0.115
0.130
0.127
0.123
0.130
0.118
0.126
0.123
0.132
0.094
0.113
0.126
0.140
0.096
0.129
0.124
0.129
0.095
0.096
0.079
0.126
0.129
0.128
0.125
0.099
0.118
0.126
0.095
0.085
0.125
0.126
0.096
0.127
0.124
0.100
0.130
0.098
0.104
0.100
0.127
0.115
0.096
0.099
0.114
0.129
0.127
0.102
0.134
0.116
0.115
0.116
0.101
0.125
0.125
0.122
0.096
0.097
0.124
0.102
0.095
0.096
0.094
0.124
0.081
0.087
0.085
0.110
0.103
0.096
0.124
0.121
0.137
0.096
0.080
0.115
0.098
0.136
0.107
0.095
0.124
0.127
0.102
0.127
0.171
0.096
0.110
0.094
0.129
0.096
0.113
0.096
0.094
0.128
0.101
0.104
0.082
0.099
0.094
0.127
0.096
0.098
0.097
0.127
0.084
0.098
0.112
0.127
0.111
0.127
0.124
0.089
0.112
0.128
