0.134
0.111
0.130
0.123
0.116
0.110
0.127
0.137
0.139
0.128
0.124
0.117
0.125
0.120
0.115
0.120
0.122
0.121
0.126
0.260
0.094
0.130
0.098
0.113
0.120
0.123
0.127
0.121
0.126
0.113
0.136
0.118
0.082
0.096
0.130
0.102
0.134
0.114
0.118
0.112
0.123
0.126
0.124
0.096
0.123
0.110
0.124
0.120
0.123
0.112
0.099
0.118
0.131
0.130
0.126
0.113
0.126
0.110
0.111
0.117
0.139
0.125
0.085
0.117
0.126
0.086
0.130
0.131
0.126
0.123
0.123
0.104
0.116
0.112
0.125
0.117
0.119
0.123
0.112
0.128
0.117
0.123
0.109
0.131
0.113
0.116
0.114
0.123
0.145
0.131
0.117
0.129
0.111
0.121
0.125
0.115
0.083
0.129
0.122
0.120
0.087
0.112
0.113
0.117
0.122
0.112
0.095
0.151
0.131
0.124
0.114
0.128
0.126
0.107
0.122
0.261
0.113
0.133
0.133
0.112
0.131
0.119
0.110
0.113
0.131
0.113
0.121
0.151
0.109
0.128
0.124
0.113
0.108
0.120
0.114
0.131
0.110
0.115
0.125
0.112
0.115
0.093
0.130
0.108
0.094
0.123
0.112
0.114
0.113
0.137
0.097
0.117
0.117
0.115
0.119
0.110
0.130
0.123
0.109
0.124
0.128
0.121
0.123
0.117
0.115
0.099
0.129
0.126
0.127
0.115
0.113
0.126
0.121
0.136
0.114
0.117
0.113
0.122
0.114
0.126
0.123
0.130
0.112
0.123
0.118
0.114
0.095
0.104
0.122
0.127
0.112
0.116
0.097
0.119
0.077
0.149
0.121
0.124
0.130
0.081
