0.123
0.109
0.128
0.120
0.114
0.126
0.115
0.122
0.097
0.122
0.132
0.129
0.122
0.078
0.111
0.108
0.096
0.094
0.095
0.128
0.093
0.121
0.134
0.112
0.098
0.122
0.101
0.125
0.127
0.093
0.096
0.096
0.128
0.125
0.130
0.111
0.127
0.101
0.096
0.093
0.132
0.085
0.082
0.108
0.109
0.127
0.114
0.125
0.126
0.108
0.128
0.095
0.088
0.116
0.126
0.095
0.096
0.120
0.126
0.079
0.125
0.094
0.115
0.074
0.128
0.094
0.081
0.095
0.127
0.122
0.116
0.130
0.089
0.103
0.126
0.122
0.123
0.161
0.126
0.090
0.128
0.094
0.096
0.130
0.092
0.108
0.103
0.094
0.085
0.079
0.325
0.114
0.097
0.126
0.095
0.122
0.144
0.130
0.115
0.121
0.094
0.136
0.119
0.121
0.134
0.096
0.112
0.094
0.118
0.106
0.097
0.127
0.135
0.090
0.163
0.124
0.096
0.121
0.081
0.093
0.123
0.130
0.127
0.094
0.094
0.080
0.127
0.119
0.098
0.119
0.110
0.124
0.117
0.099
0.079
0.123
0.111
0.123
0.102
0.085
0.115
0.127
0.127
0.095
0.110
0.107
0.114
0.086
0.099
0.121
0.132
0.123
0.098
0.080
0.124
0.131
0.097
0.094
0.127
0.093
0.082
0.079
0.088
0.109
0.085
0.086
0.127
0.126
0.098
0.093
0.090
0.109
0.130
0.097
0.126
0.140
0.129
0.126
0.097
0.128
0.082
0.121
0.124
0.095
0.099
0.098
0.117
0.130
0.102
0.111
0.090
0.135
0.123
0.124
0.129
0.095
0.109
0.083
0.098
0.078
