0.110
0.121
0.113
0.129
0.128
0.115
0.126
0.109
0.119
0.115
0.132
0.152
0.111
0.122
0.125
0.124
0.126
0.129
0.130
0.114
0.104
0.124
0.122
0.137
0.128
0.127
0.116
0.140
0.123
0.122
0.115
0.132
0.145
0.117
0.115
0.117
0.115
0.130
0.125
0.117
0.102
0.113
0.128
0.110
0.083
0.125
0.112
0.115
0.115
0.099
0.105
0.100
0.117
0.112
0.090
0.100
0.122
0.099
0.141
0.114
0.091
0.134
0.112
0.114
0.133
0.114
0.124
0.126
0.098
0.114
0.091
0.127
0.126
0.098
0.092
0.137
0.090
0.091
0.115
0.109
0.126
0.108
0.102
0.113
0.119
0.094
0.096
0.109
0.127
0.074
0.112
0.101
0.115
0.118
0.110
0.116
0.138
0.115
0.116
0.124
0.121
0.117
0.126
0.129
0.153
0.129
0.124
0.110
0.133
0.132
0.115
0.128
0.118
0.095
0.098
0.096
0.098
0.078
0.110
0.120
0.100
0.121
0.114
0.138
0.128
0.109
0.129
0.124
0.127
0.120
0.131
0.099
0.115
0.115
0.115
0.115
0.124
0.125
0.126
0.126
0.101
0.112
0.102
0.125
0.117
0.100
0.110
0.110
0.128
0.096
0.121
0.100
0.115
0.134
0.116
0.117
0.112
0.113
0.132
0.115
0.123
0.123
0.130
0.124
0.101
0.126
0.110
0.108
0.087
0.144
0.130
0.115
0.126
0.113
0.099
0.113
0.127
0.102
0.114
0.125
0.113
0.086
0.129
0.115
0.113
0.115
0.101
0.101
0.128
0.126
0.125
0.115
0.116
0.114
0.126
0.115
0.129
0.125
0.121
0.113
