0.156
0.128
0.122
0.124
0.133
0.123
0.111
0.092
0.098
0.127
0.107
0.099
0.125
0.095
0.098
0.106
0.098
0.125
0.093
0.094
0.126
0.107
0.098
0.077
0.126
0.093
0.126
0.117
0.109
0.128
0.119
0.131
0.116
0.077
0.157
0.107
0.097
0.091
0.128
0.083
0.137
0.124
0.098
0.124
0.096
0.108
0.103
0.092
0.118
0.145
0.100
0.076
0.099
0.139
0.128
0.094
0.097
0.125
0.131
0.104
0.133
0.112
0.102
0.107
0.127
0.120
0.101
0.136
0.138
0.134
0.098
0.123
0.082
0.092
0.125
0.095
0.109
0.091
0.099
0.118
0.135
0.094
0.097
0.111
0.098
0.120
0.097
0.125
0.108
0.098
0.129
0.122
0.097
0.121
0.094
0.120
0.098
0.108
0.125
0.099
0.161
0.131
0.094
0.099
0.123
0.098
0.130
0.134
0.094
0.121
0.127
0.161
0.096
0.122
0.088
0.101
0.127
0.079
0.125
0.128
0.130
0.122
0.130
0.120
0.118
0.086
0.113
0.123
0.111
0.080
0.079
0.080
0.097
0.124
0.098
0.092
0.088
0.120
0.127
0.080
0.129
0.079
0.114
0.111
0.127
0.123
0.125
0.095
0.122
0.097
0.097
0.121
0.097
0.090
0.137
0.092
0.095
0.121
0.080
0.124
0.125
0.108
0.114
0.095
0.132
0.095
0.111
0.114
0.124
0.093
0.121
0.095
0.127
0.125
0.099
0.092
0.119
0.118
0.082
0.123
0.127
0.100
0.122
0.091
0.111
0.134
0.093
0.120
0.135
0.119
0.109
0.120
0.128
0.093
0.126
0.130
0.128
0.126
0.097
0.108
