0.157
0.120
0.123
0.122
0.103
0.096
0.126
0.108
0.096
0.123
0.098
0.148
0.097
0.090
0.098
0.122
0.133
0.115
0.120
0.122
0.103
0.114
0.117
0.121
0.129
0.122
0.097
0.123
0.097
0.080
0.127
0.122
0.125
0.115
0.128
0.099
0.108
0.112
0.079
0.150
0.097
0.128
0.122
0.122
0.097
0.111
0.097
0.084
0.097
0.108
0.128
0.095
0.112
0.093
0.099
0.094
0.114
0.099
0.096
0.123
0.103
0.109
0.129
0.121
0.131
0.122
0.136
0.123
0.127
0.093
0.128
0.111
0.126
0.077
0.087
0.097
0.101
0.122
0.126
0.124
0.127
0.081
0.101
0.123
0.128
0.122
0.129
0.128
0.125
0.075
0.097
0.126
0.126
0.077
0.084
0.088
0.080
0.122
0.113
0.090
0.093
0.125
0.316
0.124
0.126
0.096
0.128
0.157
0.111
0.095
0.126
0.125
0.103
0.081
0.128
0.106
0.113
0.099
0.134
0.097
0.099
0.093
0.099
0.094
0.098
0.128
0.086
0.080
0.081
0.123
0.125
0.118
0.109
0.092
0.126
0.106
0.128
0.123
0.098
0.109
0.098
0.124
0.096
0.123
0.112
0.129
0.144
0.127
0.118
0.109
0.104
0.093
0.098
0.080
0.112
0.096
0.097
0.093
0.112
0.097
0.129
0.126
0.129
0.130
0.131
0.125
0.115
0.097
0.143
0.122
0.128
0.122
0.099
0.082
0.128
0.127
0.126
0.124
0.132
0.126
0.097
0.094
0.091
0.097
0.125
0.124
0.124
0.089
0.128
0.128
0.132
0.132
0.127
0.113
0.099
0.122
0.141
0.093
0.141
0.120
