0.116
0.121
0.121
0.124
0.116
0.125
0.125
0.121
0.146
0.098
0.120
0.118
0.099
0.110
0.075
0.133
0.101
0.091
0.095
0.117
0.116
0.095
0.119
0.095
0.089
0.124
0.093
0.132
0.121
0.130
0.092
0.095
0.095
0.118
0.094
0.108
0.099
0.091
0.092
0.074
0.093
0.090
0.128
0.123
0.091
0.113
0.077
0.097
0.097
0.122
0.091
0.099
0.123
0.117
0.106
0.122
0.116
0.094
0.101
0.073
0.102
0.115
0.091
0.098
0.095
0.095
0.109
0.091
0.090
0.127
0.109
0.106
0.134
0.095
0.090
0.125
0.102
0.089
0.091
0.110
0.093
0.092
0.123
0.118
0.125
0.094
0.137
0.099
0.084
0.106
0.088
0.131
0.076
0.102
0.090
0.122
0.078
0.121
0.130
0.096
0.092
0.107
0.124
0.123
0.118
0.129
0.094
0.116
0.131
0.091
0.093
0.093
0.132
0.116
0.160
0.104
0.092
0.124
0.101
0.135
0.127
0.134
0.097
0.129
0.089
0.108
0.094
0.113
0.093
0.093
0.122
0.077
0.078
0.101
0.112
0.126
0.102
0.122
0.097
0.132
0.095
0.127
0.127
0.085
0.120
0.090
0.103
0.097
0.105
0.113
0.124
0.080
0.076
0.098
0.077
0.076
0.109
0.111
0.108
0.112
0.125
0.078
0.093
0.085
0.094
0.095
0.115
0.118
0.100
0.089
0.122
0.104
0.111
0.094
0.102
0.111
0.093
0.124
0.116
0.084
0.092
0.108
0.098
0.127
0.107
0.095
0.080
0.123
0.131
0.079
0.123
0.097
0.111
0.116
0.092
0.115
0.076
0.092
0.097
0.095
