0.169
0.127
0.126
0.121
0.093
0.130
0.099
0.133
0.118
0.122
0.130
0.094
0.126
0.102
0.100
0.092
0.082
0.108
0.139
0.123
0.127
0.122
0.096
0.084
0.128
0.120
0.099
0.092
0.125
0.094
0.125
0.123
0.110
0.123
0.129
0.098
0.097
0.078
0.121
0.094
0.126
0.090
0.128
0.128
0.097
0.123
0.104
0.125
0.135
0.119
0.096
0.138
0.082
0.123
0.097
0.110
0.103
0.095
0.138
0.127
0.099
0.091
0.133
0.125
0.140
0.113
0.110
0.122
0.121
0.105
0.122
0.095
0.130
0.090
0.128
0.096
0.128
0.093
0.128
0.136
0.114
0.115
0.096
0.106
0.100
0.092
0.098
0.094
0.126
0.094
0.104
0.089
0.093
0.098
0.096
0.092
0.125
0.123
0.127
0.094
0.123
0.118
0.128
0.099
0.126
0.120
0.126
0.086
0.122
0.125
0.127
0.078
0.094
0.122
0.114
0.091
0.109
0.124
0.125
0.094
0.121
0.116
0.132
0.094
0.100
0.092
0.133
0.096
0.115
0.152
0.098
0.078
0.096
0.139
0.121
0.092
0.081
0.079
0.127
0.127
0.098
0.080
0.131
0.123
0.123
0.092
0.096
0.095
0.098
0.122
0.131
0.094
0.133
0.094
0.139
0.129
0.133
0.133
0.128
0.122
0.097
0.109
0.127
0.107
0.129
0.122
0.084
0.095
0.131
0.122
0.095
0.087
0.090
0.093
0.098
0.094
0.094
0.083
0.096
0.123
0.125
0.125
0.094
0.089
0.135
0.144
0.097
0.125
0.093
0.132
0.093
0.118
0.095
0.092
0.162
0.091
0.097
0.124
0.121
0.122
