0.190
0.125
0.126
0.124
0.097
0.080
0.096
0.080
0.098
0.125
0.129
0.124
0.099
0.096
0.116
0.126
0.126
0.099
0.113
0.092
0.127
0.124
0.084
0.123
0.094
0.094
0.111
0.128
0.098
0.094
0.127
0.073
0.082
0.123
0.132
0.095
0.096
0.124
0.132
0.093
0.103
0.129
0.083
0.116
0.084
0.156
0.096
0.101
0.109
0.121
0.123
0.096
0.145
0.092
0.100
0.097
0.128
0.094
0.096
0.113
0.127
0.123
0.098
0.127
0.161
0.081
0.100
0.097
0.098
0.129
0.100
0.121
0.096
0.120
0.118
0.116
0.138
0.123
0.095
0.124
0.096
0.093
0.126
0.091
0.126
0.101
0.099
0.093
0.127
0.096
0.096
0.124
0.135
0.086
0.128
0.123
0.097
0.095
0.094
0.117
0.121
0.104
0.126
0.118
0.096
0.123
0.078
0.123
0.092
0.095
0.095
0.123
0.137
0.091
0.125
0.080
0.125
0.122
0.101
0.135
0.102
0.119
0.130
0.131
0.128
0.124
0.128
0.123
0.140
0.135
0.084
0.080
0.135
0.130
0.117
0.135
0.138
0.123
0.135
0.124
0.127
0.092
0.128
0.101
0.130
0.094
0.094
0.135
0.102
0.131
0.125
0.125
0.097
0.127
0.125
0.123
0.100
0.093
0.122
0.094
0.109
0.109
0.094
0.126
0.127
0.108
0.123
0.123
0.124
0.095
0.111
0.113
0.134
0.092
0.097
0.131
0.101
0.095
0.116
0.123
0.126
0.124
0.127
0.121
0.096
0.094
0.098
0.101
0.097
0.123
0.101
0.109
0.098
0.078
0.134
0.095
0.141
0.111
0.112
0.123
