0.152
0.129
0.236
0.127
0.120
0.120
0.126
0.092
0.120
0.102
0.108
0.092
0.084
0.105
0.094
0.110
0.079
0.121
0.094
0.087
0.121
0.131
0.118
0.105
0.097
0.135
0.120
0.123
0.121
0.087
0.080
0.092
0.089
0.123
0.133
0.087
0.092
0.091
0.118
0.113
0.126
0.116
0.083
0.110
0.090
0.109
0.128
0.078
0.131
0.126
0.130
0.123
0.077
0.120
0.080
0.079
0.100
0.119
0.118
0.106
0.097
0.108
0.118
0.121
0.092
0.120
0.117
0.130
0.089
0.095
0.104
0.099
0.097
0.115
0.109
0.124
0.092
0.089
0.110
0.079
0.091
0.081
0.126
0.120
0.095
0.107
0.122
0.113
0.119
0.108
0.092
0.110
0.105
0.123
0.094
0.120
0.109
0.111
0.068
0.106
0.122
0.079
0.121
0.079
0.095
0.111
0.091
0.092
0.123
0.095
0.135
0.124
0.092
0.086
0.094
0.106
0.131
0.108
0.120
0.093
0.081
0.096
0.137
0.110
0.121
0.118
0.080
0.120
0.121
0.103
0.090
0.121
0.109
0.089
0.125
0.126
0.091
0.119
0.128
0.105
0.094
0.092
0.120
0.120
0.123
0.111
0.106
0.110
0.125
0.122
0.126
0.120
0.091
0.106
0.100
0.108
0.089
0.113
0.121
0.125
0.074
0.079
0.079
0.101
0.078
0.102
0.108
0.121
0.137
0.099
0.121
0.124
0.106
0.084
0.094
0.124
0.092
0.116
0.092
0.131
0.099
0.124
0.074
0.078
0.079
0.104
0.097
0.092
0.092
0.095
0.097
0.106
0.094
0.126
0.127
0.092
0.120
0.092
0.121
0.099
