0.203
0.101
0.115
0.125
0.080
0.094
0.094
0.070
0.086
0.098
0.129
0.084
0.095
0.081
0.129
0.152
0.111
0.082
0.127
0.126
0.103
0.096
0.111
0.116
0.125
0.110
0.114
0.113
0.079
0.123
0.098
0.097
0.096
0.119
0.097
0.118
0.109
0.092
0.142
0.124
0.096
0.123
0.122
0.085
0.108
0.097
0.136
0.093
0.096
0.126
0.138
0.098
0.107
0.109
0.126
0.119
0.083
0.111
0.128
0.126
0.110
0.096
0.124
0.125
0.099
0.097
0.080
0.093
0.111
0.095
0.125
0.116
0.125
0.097
0.094
0.120
0.092
0.115
0.137
0.096
0.112
0.112
0.078
0.098
0.122
0.116
0.097
0.098
0.108
0.090
0.126
0.104
0.096
0.125
0.092
0.123
0.097
0.118
0.112
0.096
0.123
0.094
0.123
0.082
0.087
0.093
0.126
0.133
0.139
0.128
0.107
0.099
0.087
0.076
0.093
0.079
0.097
0.079
0.111
0.131
0.131
0.149
0.113
0.260
0.127
0.093
0.095
0.105
0.222
0.082
0.126
0.110
0.107
0.085
0.120
0.109
0.109
0.094
0.102
0.081
0.123
0.109
0.126
0.060
0.104
0.110
0.103
0.121
0.072
0.124
0.109
0.082
0.104
0.080
0.101
0.138
0.133
0.097
0.091
0.099
0.076
0.089
0.093
0.121
0.134
0.109
0.126
0.141
0.127
0.126
0.097
0.098
0.078
0.119
0.110
0.095
0.127
0.096
0.125
0.125
0.111
0.077
0.111
0.125
0.065
0.124
0.118
0.109
0.096
0.131
0.078
0.104
0.088
0.096
0.093
0.093
0.095
0.126
0.139
0.103
