0.154
0.141
0.127
0.123
0.097
0.123
0.102
0.123
0.128
0.126
0.127
0.124
0.126
0.123
0.123
0.125
0.096
0.099
0.114
0.124
0.101
0.093
0.126
0.095
0.127
0.111
0.127
0.125
0.127
0.127
0.130
0.143
0.137
0.125
0.125
0.117
0.121
0.099
0.098
0.115
0.095
0.128
0.098
0.135
0.116
0.092
0.128
0.091
0.097
0.130
0.104
0.127
0.097
0.098
0.099
0.137
0.124
0.096
0.127
0.115
0.100
0.082
0.116
0.133
0.097
0.100
0.096
0.127
0.094
0.129
0.123
0.146
0.096
0.122
0.095
0.127
0.113
0.098
0.128
0.117
0.125
0.099
0.124
0.132
0.101
0.098
0.095
0.116
0.123
0.098
0.126
0.096
0.132
0.099
0.136
0.098
0.094
0.099
0.096
0.103
0.095
0.129
0.124
0.094
0.086
0.113
0.132
0.128
0.095
0.118
0.132
0.120
0.123
0.132
0.105
0.126
0.095
0.129
0.102
0.126
0.088
0.097
0.121
0.104
0.149
0.104
0.094
0.130
0.119
0.115
0.128
0.115
0.111
0.103
0.128
0.105
0.131
0.114
0.115
0.099
0.097
0.129
0.131
0.159
0.125
0.103
0.124
0.127
0.116
0.097
0.132
0.125
0.100
0.097
0.095
0.128
0.097
0.099
0.137
0.139
0.126
0.134
0.123
0.132
0.114
0.126
0.095
0.126
0.132
0.098
0.093
0.113
0.097
0.120
0.126
0.127
0.097
0.127
0.095
0.158
0.095
0.102
0.125
0.131
0.124
0.128
0.124
0.097
0.136
0.093
0.122
0.098
0.093
0.126
0.099
0.096
0.127
0.088
0.123
0.134
