0.147
0.127
0.096
0.125
0.131
0.094
0.129
0.095
0.095
0.093
0.106
0.118
0.096
0.093
0.128
0.094
0.127
0.122
0.105
0.125
0.101
0.093
0.097
0.140
0.102
0.110
0.095
0.125
0.097
0.124
0.126
0.130
0.096
0.322
0.099
0.096
0.097
0.098
0.134
0.101
0.099
0.095
0.135
0.096
0.278
0.152
0.130
0.115
0.096
0.123
0.127
0.112
0.099
0.095
0.098
0.123
0.083
0.111
0.096
0.161
0.097
0.123
0.142
0.131
0.098
0.122
0.082
0.093
0.105
0.095
0.097
0.125
0.114
0.123
0.129
0.116
0.130
0.095
0.097
0.125
0.103
0.095
0.141
0.096
0.098
0.125
0.096
0.102
0.097
0.120
0.102
0.128
0.096
0.100
0.104
0.126
0.127
0.099
0.102
0.126
0.094
0.114
0.096
0.097
0.122
0.127
0.115
0.141
0.127
0.104
0.126
0.116
0.126
0.127
0.098
0.104
0.128
0.126
0.096
0.093
0.127
0.133
0.101
0.099
0.130
0.111
0.126
0.126
0.140
0.096
0.140
0.122
0.133
0.127
0.094
0.096
0.125
0.124
0.095
0.096
0.124
0.097
0.112
0.111
0.118
0.095
0.098
0.126
0.104
0.098
0.131
0.097
0.130
0.096
0.099
0.080
0.096
0.116
0.123
0.127
0.120
0.116
0.096
0.097
0.115
0.121
0.126
0.097
0.131
0.083
0.130
0.125
0.127
0.126
0.137
0.098
0.127
0.111
0.127
0.098
0.125
0.086
0.095
0.102
0.117
0.134
0.120
0.133
0.125
0.158
0.104
0.097
0.096
0.113
0.104
0.114
0.101
0.098
0.096
0.139
