0.153
0.120
0.157
0.128
0.125
0.080
0.162
0.138
0.079
0.138
0.125
0.077
0.111
0.109
0.112
0.125
0.097
0.091
0.095
0.090
0.123
0.098
0.122
0.113
0.120
0.098
0.092
0.095
0.131
0.095
0.114
0.123
0.094
0.126
0.117
0.129
0.115
0.141
0.120
0.079
0.122
0.090
0.111
0.089
0.106
0.127
0.119
0.126
0.091
0.091
0.109
0.109
0.113
0.095
0.111
0.122
0.091
0.094
0.090
0.101
0.127
0.111
0.094
0.097
0.093
0.095
0.092
0.120
0.077
0.094
0.109
0.126
0.116
0.122
0.093
0.097
0.133
0.092
0.123
0.120
0.093
0.093
0.095
0.093
0.125
0.152
0.120
0.094
0.083
0.124
0.099
0.092
0.131
0.124
0.093
0.124
0.115
0.092
0.096
0.110
0.093
0.121
0.104
0.097
0.118
0.123
0.097
0.089
0.095
0.131
0.095
0.134
0.117
0.124
0.129
0.108
0.090
0.126
0.091
0.076
0.133
0.116
0.111
0.099
0.091
0.133
0.127
0.080
0.108
0.099
0.094
0.075
0.096
0.093
0.119
0.126
0.092
0.119
0.127
0.090
0.107
0.122
0.101
0.092
0.126
0.123
0.135
0.087
0.092
0.131
0.096
0.095
0.118
0.136
0.133
0.100
0.100
0.107
0.104
0.097
0.093
0.128
0.125
0.129
0.094
0.129
0.082
0.088
0.126
0.125
0.138
0.126
0.093
0.090
0.095
0.110
0.123
0.075
0.093
0.142
0.127
0.123
0.123
0.110
0.123
0.123
0.123
0.087
0.121
0.098
0.113
0.123
0.098
0.101
0.122
0.127
0.119
0.118
0.098
0.095
