0.153
0.128
0.117
0.134
0.111
0.154
0.095
0.097
0.125
0.123
0.099
0.107
0.121
0.091
0.123
0.079
0.095
0.099
0.130
0.094
0.113
0.125
0.133
0.140
0.112
0.106
0.103
0.094
0.096
0.124
0.095
0.095
0.125
0.133
0.106
0.100
0.127
0.122
0.125
0.128
0.110
0.120
0.126
0.109
0.135
0.092
0.120
0.094
0.126
0.093
0.096
0.129
0.099
0.082
0.098
0.115
0.117
0.123
0.125
0.093
0.112
0.109
0.097
0.094
0.098
0.121
0.111
0.126
0.083
0.114
0.101
0.098
0.097
0.090
0.132
0.109
0.126
0.094
0.096
0.118
0.085
0.125
0.099
0.090
0.130
0.119
0.133
0.123
0.102
0.098
0.120
0.129
0.097
0.120
0.127
0.098
0.126
0.129
0.115
0.136
0.127
0.110
0.115
0.092
0.111
0.097
0.111
0.097
0.085
0.134
0.085
0.122
0.126
0.121
0.127
0.092
0.125
0.107
0.094
0.097
0.121
0.115
0.096
0.107
0.134
0.111
0.132
0.080
0.093
0.126
0.126
0.127
0.124
0.096
0.100
0.121
0.143
0.092
0.116
0.095
0.116
0.123
0.116
0.122
0.097
0.107
0.096
0.095
0.094
0.093
0.118
0.122
0.127
0.091
0.127
0.093
0.125
0.095
0.104
0.093
0.125
0.093
0.132
0.109
0.098
0.126
0.095
0.094
0.101
0.096
0.115
0.093
0.103
0.125
0.098
0.096
0.095
0.110
0.136
0.081
0.093
0.129
0.098
0.114
0.100
0.076
0.127
0.122
0.099
0.129
0.130
0.094
0.134
0.114
0.113
0.079
0.098
0.122
0.126
0.123
