0.150
0.159
0.125
0.125
0.097
0.091
0.103
0.132
0.111
0.125
0.124
0.092
0.131
0.124
0.125
0.108
0.103
0.123
0.128
0.092
0.127
0.112
0.117
0.124
0.102
0.123
0.093
0.095
0.096
0.092
0.096
0.123
0.127
0.094
0.127
0.093
0.126
0.095
0.128
0.079
0.124
0.105
0.127
0.132
0.101
0.133
0.146
0.116
0.128
0.121
0.104
0.127
0.082
0.095
0.097
0.262
0.095
0.122
0.135
0.095
0.112
0.119
0.126
0.123
0.145
0.124
0.095
0.123
0.117
0.096
0.126
0.092
0.137
0.096
0.122
0.124
0.097
0.096
0.134
0.155
0.097
0.092
0.138
0.118
0.099
0.122
0.095
0.075
0.098
0.109
0.082
0.094
0.101
0.125
0.130
0.080
0.127
0.130
0.100
0.093
0.124
0.091
0.132
0.124
0.124
0.136
0.095
0.107
0.128
0.124
0.125
0.093
0.113
0.084
0.116
0.125
0.119
0.095
0.117
0.082
0.123
0.122
0.123
0.128
0.116
0.095
0.097
0.120
0.133
0.123
0.132
0.136
0.127
0.132
0.097
0.098
0.135
0.134
0.132
0.097
0.098
0.100
0.123
0.093
0.095
0.095
0.092
0.123
0.128
0.095
0.126
0.121
0.124
0.125
0.135
0.096
0.131
0.071
0.124
0.095
0.123
0.104
0.089
0.138
0.100
0.096
0.102
0.124
0.122
0.101
0.083
0.092
0.128
0.092
0.114
0.116
0.124
0.131
0.127
0.110
0.096
0.117
0.098
0.120
0.105
0.095
0.142
0.096
0.117
0.127
0.114
0.121
0.108
0.125
0.095
0.124
0.122
0.132
0.129
0.124
