0.130
0.131
0.108
0.127
0.096
0.096
0.130
0.111
0.107
0.124
0.098
0.098
0.095
0.094
0.127
0.131
0.263
0.100
0.102
0.101
0.095
0.097
0.134
0.121
0.138
0.096
0.111
0.093
0.136
0.123
0.128
0.097
0.112
0.079
0.121
0.122
0.091
0.093
0.099
0.122
0.100
0.097
0.117
0.124
0.105
0.125
0.097
0.122
0.112
0.079
0.141
0.073
0.095
0.092
0.108
0.136
0.097
0.128
0.128
0.093
0.127
0.094
0.079
0.095
0.098
0.096
0.129
0.078
0.112
0.114
0.124
0.087
0.078
0.132
0.125
0.127
0.111
0.095
0.094
0.125
0.125
0.084
0.125
0.100
0.103
0.126
0.113
0.079
0.137
0.123
0.113
0.093
0.088
0.095
0.096
0.095
0.126
0.095
0.141
0.126
0.136
0.119
0.091
0.123
0.095
0.100
0.111
0.131
0.127
0.109
0.126
0.116
0.096
0.096
0.115
0.127
0.128
0.119
0.107
0.126
0.089
0.135
0.114
0.097
0.126
0.131
0.097
0.083
0.095
0.110
0.125
0.135
0.127
0.096
0.112
0.125
0.125
0.137
0.115
0.119
0.096
0.124
0.112
0.098
0.134
0.124
0.128
0.118
0.126
0.129
0.096
0.248
0.095
0.116
0.129
0.123
0.079
0.108
0.136
0.124
0.122
0.124
0.127
0.095
0.132
0.106
0.121
0.124
0.122
0.098
0.111
0.128
0.113
0.093
0.135
0.122
0.124
0.090
0.126
0.123
0.107
0.125
0.105
0.095
0.112
0.095
0.145
0.119
0.097
0.108
0.128
0.124
0.099
0.095
0.127
0.122
0.126
0.093
0.127
0.110
