0.157
0.123
0.144
0.099
0.073
0.099
0.097
0.113
0.115
0.145
0.091
0.122
0.131
0.096
0.121
0.095
0.128
0.123
0.126
0.078
0.080
0.123
0.081
0.125
0.133
0.123
0.128
0.093
0.125
0.092
0.097
0.138
0.125
0.123
0.097
0.123
0.125
0.108
0.096
0.113
0.131
0.095
0.086
0.123
0.100
0.079
0.126
0.117
0.096
0.108
0.131
0.096
0.097
0.100
0.084
0.125
0.120
0.119
0.126
0.123
0.125
0.121
0.081
0.111
0.134
0.139
0.125
0.105
0.131
0.081
0.079
0.108
0.119
0.127
0.111
0.104
0.125
0.125
0.097
0.096
0.289
0.078
0.110
0.100
0.112
0.112
0.080
0.123
0.126
0.111
0.082
0.130
0.127
0.122
0.084
0.076
0.127
0.107
0.096
0.143
0.106
0.119
0.135
0.095
0.131
0.135
0.097
0.129
0.098
0.107
0.097
0.114
0.121
0.124
0.123
0.095
0.113
0.125
0.115
0.093
0.112
0.135
0.098
0.112
0.093
0.081
0.128
0.085
0.095
0.110
0.126
0.095
0.126
0.115
0.095
0.155
0.097
0.096
0.128
0.093
0.123
0.125
0.139
0.125
0.097
0.123
0.081
0.123
0.094
0.138
0.104
0.137
0.080
0.130
0.114
0.093
0.128
0.125
0.098
0.096
0.098
0.124
0.096
0.123
0.096
0.125
0.133
0.121
0.123
0.128
0.082
0.089
0.112
0.123
0.124
0.094
0.085
0.147
0.096
0.133
0.126
0.082
0.135
0.094
0.114
0.124
0.120
0.096
0.127
0.090
0.098
0.124
0.114
0.080
0.089
0.125
0.127
0.122
0.120
0.124
