0.157
0.126
0.096
0.117
0.124
0.097
0.081
0.138
0.098
0.096
0.098
0.095
0.138
0.087
0.096
0.125
0.127
0.094
0.135
0.094
0.102
0.125
0.118
0.121
0.102
0.100
0.125
0.123
0.098
0.124
0.097
0.132
0.096
0.103
0.120
0.109
0.136
0.124
0.124
0.116
0.089
0.125
0.098
0.096
0.095
0.134
0.127
0.111
0.112
0.095
0.130
0.093
0.127
0.093
0.131
0.101
0.126
0.070
0.100
0.134
0.127
0.090
0.115
0.094
0.127
0.124
0.126
0.094
0.111
0.124
0.137
0.094
0.108
0.091
0.097
0.125
0.103
0.091
0.127
0.124
0.128
0.104
0.109
0.124
0.096
0.095
0.102
0.116
0.098
0.104
0.126
0.088
0.090
0.123
0.125
0.097
0.096
0.097
0.095
0.128
0.125
0.097
0.125
0.126
0.126
0.096
0.095
0.126
0.151
0.138
0.098
0.095
0.134
0.125
0.097
0.122
0.126
0.121
0.133
0.096
0.123
0.101
0.124
0.096
0.125
0.130
0.096
0.100
0.092
0.128
0.124
0.095
0.125
0.125
0.126
0.083
0.135
0.112
0.128
0.125
0.097
0.101
0.102
0.096
0.099
0.125
0.127
0.121
0.129
0.108
0.127
0.096
0.125
0.118
0.113
0.097
0.119
0.105
0.127
0.112
0.097
0.130
0.124
0.096
0.127
0.101
0.150
0.098
0.103
0.127
0.135
0.102
0.100
0.095
0.101
0.095
0.126
0.095
0.102
0.096
0.103
0.149
0.124
0.096
0.093
0.098
0.095
0.100
0.101
0.103
0.109
0.114
0.095
0.141
0.099
0.128
0.098
0.139
0.125
0.113
