0.160
0.114
0.097
0.095
0.135
0.101
0.122
0.130
0.121
0.104
0.115
0.117
0.141
0.115
0.097
0.125
0.111
0.114
0.097
0.097
0.126
0.095
0.097
0.095
0.125
0.126
0.104
0.097
0.096
0.127
0.108
0.110
0.130
0.126
0.134
0.133
0.078
0.125
0.095
0.096
0.097
0.125
0.127
0.101
0.096
0.113
0.098
0.138
0.115
0.109
0.127
0.125
0.128
0.095
0.124
0.115
0.113
0.109
0.095
0.131
0.127
0.095
0.081
0.100
0.104
0.112
0.099
0.118
0.128
0.081
0.099
0.082
0.114
0.106
0.137
0.127
0.126
0.124
0.095
0.080
0.096
0.125
0.095
0.125
0.119
0.123
0.106
0.096
0.124
0.139
0.131
0.126
0.127
0.093
0.131
0.098
0.099
0.095
0.100
0.129
0.096
0.096
0.098
0.099
0.081
0.101
0.111
0.137
0.132
0.127
0.126
0.123
0.096
0.123
0.097
0.082
0.124
0.096
0.097
0.112
0.136
0.132
0.111
0.125
0.130
0.129
0.102
0.097
0.098
0.126
0.098
0.139
0.132
0.111
0.163
0.101
0.125
0.136
0.123
0.101
0.097
0.130
0.114
0.126
0.135
0.097
0.102
0.079
0.101
0.097
0.106
0.096
0.097
0.130
0.127
0.101
0.126
0.097
0.125
0.125
0.097
0.097
0.124
0.112
0.112
0.128
0.096
0.139
0.098
0.097
0.067
0.096
0.089
0.126
0.130
0.096
0.102
0.082
0.080
0.088
0.139
0.081
0.126
0.103
0.097
0.101
0.098
0.069
0.080
0.082
0.087
0.121
0.095
0.084
0.096
0.127
0.095
0.095
0.099
0.098
