0.158
0.124
0.167
0.099
0.096
0.131
0.103
0.126
0.130
0.129
0.126
0.101
0.129
0.124
0.124
0.131
0.098
0.123
0.098
0.134
0.094
0.120
0.129
0.126
0.097
0.125
0.127
0.123
0.095
0.096
0.094
0.124
0.097
0.124
0.125
0.138
0.093
0.125
0.097
0.111
0.136
0.124
0.102
0.138
0.126
0.134
0.096
0.131
0.132
0.108
0.127
0.129
0.127
0.092
0.132
0.093
0.096
0.096
0.095
0.127
0.127
0.093
0.096
0.092
0.088
0.094
0.126
0.123
0.097
0.124
0.118
0.126
0.099
0.111
0.095
0.139
0.126
0.124
0.093
0.123
0.099
0.124
0.097
0.094
0.096
0.094
0.115
0.129
0.135
0.125
0.128
0.123
0.114
0.125
0.099
0.095
0.102
0.097
0.102
0.116
0.119
0.097
0.088
0.123
0.096
0.099
0.127
0.094
0.133
0.095
0.099
0.094
0.130
0.094
0.119
0.122
0.133
0.126
0.126
0.110
0.092
0.123
0.094
0.126
0.126
0.132
0.125
0.081
0.086
0.097
0.088
0.122
0.159
0.096
0.115
0.125
0.096
0.098
0.100
0.132
0.125
0.121
0.124
0.098
0.112
0.109
0.082
0.131
0.125
0.089
0.092
0.124
0.125
0.124
0.100
0.093
0.096
0.089
0.125
0.127
0.125
0.102
0.096
0.123
0.129
0.133
0.122
0.127
0.124
0.121
0.126
0.128
0.118
0.126
0.112
0.126
0.111
0.103
0.130
0.134
0.125
0.090
0.124
0.104
0.089
0.097
0.125
0.126
0.123
0.101
0.133
0.075
0.128
0.125
0.122
0.111
0.125
0.124
0.125
0.091
