0.163
0.109
0.123
0.153
0.106
0.123
0.092
0.093
0.084
0.134
0.120
0.127
0.109
0.123
0.112
0.098
0.095
0.111
0.121
0.117
0.084
0.135
0.107
0.077
0.127
0.106
0.125
0.089
0.102
0.123
0.120
0.099
0.107
0.094
0.124
0.123
0.129
0.096
0.120
0.118
0.119
0.094
0.119
0.068
0.115
0.126
0.126
0.075
0.123
0.092
0.122
0.099
0.104
0.078
0.126
0.123
0.122
0.082
0.109
0.123
0.128
0.123
0.095
0.113
0.121
0.122
0.128
0.103
0.108
0.079
0.120
0.120
0.090
0.099
0.127
0.125
0.093
0.093
0.109
0.117
0.090
0.125
0.119
0.082
0.101
0.123
0.124
0.094
0.068
0.101
0.123
0.129
0.133
0.099
0.131
0.076
0.083
0.104
0.127
0.113
0.104
0.096
0.081
0.123
0.124
0.108
0.096
0.121
0.101
0.123
0.096
0.101
0.077
0.131
0.095
0.138
0.080
0.111
0.107
0.096
0.092
0.123
0.095
0.138
0.122
0.126
0.104
0.091
0.091
0.130
0.110
0.096
0.141
0.109
0.130
0.121
0.093
0.121
0.109
0.152
0.104
0.139
0.094
0.122
0.097
0.120
0.129
0.114
0.102
0.119
0.136
0.122
0.104
0.109
0.122
0.126
0.104
0.120
0.103
0.138
0.088
0.093
0.127
0.099
0.093
0.078
0.086
0.124
0.129
0.095
0.114
0.098
0.075
0.095
0.130
0.120
0.107
0.107
0.092
0.095
0.123
0.093
0.091
0.099
0.094
0.127
0.146
0.109
0.167
0.097
0.119
0.094
0.134
0.095
0.103
0.130
0.121
0.118
0.098
0.124
