0.188
0.141
0.132
0.132
0.096
0.136
0.128
0.130
0.118
0.093
0.139
0.124
0.094
0.108
0.090
0.094
0.097
0.120
0.097
0.090
0.096
0.124
0.092
0.126
0.154
0.128
0.097
0.127
0.098
0.096
0.128
0.093
0.099
0.126
0.095
0.100
0.125
0.119
0.127
0.123
0.126
0.093
0.121
0.096
0.124
0.094
0.098
0.119
0.093
0.123
0.111
0.124
0.100
0.120
0.126
0.133
0.126
0.109
0.114
0.158
0.133
0.131
0.128
0.124
0.117
0.125
0.105
0.099
0.103
0.145
0.128
0.124
0.094
0.121
0.121
0.128
0.095
0.135
0.142
0.095
0.097
0.094
0.122
0.110
0.096
0.095
0.126
0.119
0.126
0.152
0.098
0.125
0.104
0.097
0.148
0.099
0.130
0.104
0.110
0.096
0.118
0.102
0.128
0.123
0.109
0.123
0.141
0.108
0.125
0.092
0.135
0.123
0.112
0.123
0.101
0.095
0.100
0.126
0.113
0.121
0.102
0.097
0.098
0.088
0.102
0.124
0.126
0.123
0.077
0.131
0.128
0.122
0.126
0.131
0.125
0.122
0.112
0.094
0.130
0.119
0.115
0.124
0.094
0.122
0.093
0.117
0.103
0.121
0.139
0.091
0.095
0.109
0.096
0.116
0.118
0.115
0.136
0.125
0.134
0.097
0.098
0.125
0.094
0.092
0.116
0.094
0.095
0.150
0.139
0.119
0.126
0.123
0.124
0.123
0.138
0.096
0.125
0.104
0.126
0.123
0.100
0.121
0.127
0.123
0.098
0.122
0.126
0.098
0.097
0.093
0.114
0.092
0.101
0.136
0.128
0.122
0.102
0.123
0.124
0.094
