0.163
0.131
0.138
0.147
0.143
0.122
0.128
0.094
0.081
0.097
0.132
0.123
0.126
0.096
0.093
0.122
0.123
0.123
0.124
0.126
0.079
0.081
0.121
0.095
0.129
0.124
0.097
0.067
0.129
0.224
0.161
0.128
0.121
0.096
0.123
0.107
0.128
0.123
0.088
0.098
0.130
0.095
0.126
0.093
0.116
0.125
0.094
0.094
0.094
0.097
0.129
0.081
0.095
0.122
0.096
0.093
0.106
0.127
0.087
0.097
0.129
0.107
0.124
0.092
0.095
0.126
0.128
0.092
0.103
0.098
0.092
0.109
0.126
0.121
0.124
0.096
0.122
0.123
0.093
0.112
0.126
0.112
0.091
0.091
0.128
0.076
0.123
0.095
0.092
0.138
0.100
0.095
0.125
0.095
0.080
0.114
0.115
0.079
0.089
0.127
0.108
0.123
0.094
0.121
0.109
0.078
0.135
0.120
0.093
0.094
0.079
0.101
0.092
0.095
0.095
0.138
0.107
0.102
0.127
0.119
0.093
0.119
0.084
0.095
0.130
0.137
0.132
0.121
0.093
0.126
0.118
0.080
0.091
0.095
0.102
0.136
0.126
0.123
0.126
0.079
0.093
0.080
0.077
0.094
0.103
0.143
0.129
0.079
0.093
0.123
0.117
0.067
0.071
0.100
0.095
0.102
0.084
0.087
0.079
0.095
0.080
0.096
0.128
0.098
0.119
0.109
0.096
0.088
0.133
0.098
0.120
0.097
0.121
0.123
0.094
0.120
0.123
0.087
0.132
0.123
0.126
0.134
0.093
0.097
0.108
0.125
0.081
0.109
0.092
0.129
0.101
0.121
0.126
0.114
0.120
0.094
0.123
0.093
0.096
0.124
