0.162
0.166
0.124
0.125
0.127
0.122
0.151
0.119
0.119
0.127
0.162
0.122
0.125
0.089
0.091
0.095
0.089
0.122
0.112
0.131
0.124
0.107
0.106
0.076
0.091
0.091
0.110
0.123
0.119
0.137
0.127
0.127
0.094
0.124
0.114
0.114
0.108
0.128
0.118
0.124
0.092
0.106
0.129
0.090
0.078
0.122
0.119
0.094
0.084
0.121
0.109
0.118
0.120
0.120
0.118
0.099
0.110
0.095
0.121
0.127
0.095
0.121
0.131
0.075
0.117
0.088
0.120
0.076
0.135
0.118
0.120
0.093
0.081
0.119
0.156
0.109
0.106
0.092
0.095
0.076
0.092
0.110
0.110
0.130
0.119
0.078
0.091
0.128
0.125
0.117
0.126
0.146
0.101
0.091
0.121
0.096
0.132
0.120
0.118
0.093
0.093
0.092
0.136
0.084
0.076
0.096
0.094
0.093
0.113
0.111
0.120
0.092
0.094
0.089
0.111
0.093
0.119
0.124
0.114
0.112
0.096
0.111
0.089
0.094
0.138
0.127
0.128
0.091
0.133
0.138
0.094
0.124
0.127
0.123
0.093
0.096
0.091
0.128
0.094
0.121
0.099
0.093
0.119
0.115
0.106
0.119
0.077
0.129
0.093
0.121
0.125
0.090
0.127
0.125
0.077
0.093
0.123
0.149
0.115
0.081
0.106
0.090
0.092
0.085
0.121
0.136
0.083
0.106
0.080
0.127
0.135
0.083
0.091
0.135
0.136
0.122
0.117
0.113
0.098
0.128
0.096
0.121
0.107
0.124
0.114
0.079
0.079
0.138
0.116
0.133
0.111
0.118
0.084
0.088
0.114
0.100
0.120
0.092
0.096
0.088
