0.122
0.127
0.112
0.130
0.140
0.112
0.126
0.112
0.118
0.128
0.126
0.115
0.125
0.119
0.127
0.120
0.102
0.124
0.126
0.096
0.115
0.131
0.126
0.102
0.105
0.130
0.104
0.125
0.108
0.120
0.131
0.099
0.116
0.099
0.096
0.112
0.121
0.115
0.118
0.079
0.109
0.115
0.122
0.123
0.128
0.113
0.084
0.112
0.125
0.127
0.099
0.133
0.128
0.131
0.116
0.114
0.111
0.115
0.129
0.127
0.113
0.098
0.124
0.123
0.104
0.123
0.096
0.114
0.123
0.131
0.123
0.125
0.116
0.116
0.127
0.090
0.096
0.122
0.145
0.125
0.125
0.139
0.122
0.133
0.114
0.120
0.133
0.109
0.130
0.157
0.120
0.123
0.133
0.108
0.117
0.113
0.103
0.124
0.229
0.117
0.115
0.128
0.134
0.120
0.143
0.123
0.105
0.116
0.126
0.124
0.091
0.108
0.132
0.119
0.121
0.121
0.116
0.123
0.125
0.123
0.124
0.108
0.127
0.124
0.103
0.130
0.137
0.113
0.097
0.113
0.097
0.129
0.097
0.097
0.112
0.145
0.122
0.118
0.136
0.124
0.125
0.094
0.100
0.077
0.126
0.111
0.095
0.124
0.115
0.122
0.122
0.123
0.110
0.139
0.133
0.116
0.115
0.117
0.125
0.114
0.124
0.099
0.114
0.098
0.138
0.096
0.223
0.225
0.120
0.096
0.099
0.168
0.398
0.099
0.127
0.128
0.094
0.225
0.098
0.125
0.138
0.108
0.126
0.118
0.126
0.098
0.114
0.101
0.125
0.124
0.124
0.093
0.102
0.097
0.136
0.094
0.090
0.111
0.083
0.110
