0.126
0.106
0.118
0.111
0.098
0.121
0.094
0.082
0.112
0.109
0.124
0.095
0.113
0.119
0.097
0.108
0.081
0.095
0.111
0.095
0.127
0.122
0.097
0.127
0.098
0.097
0.115
0.110
0.093
0.110
0.095
0.094
0.130
0.121
0.100
0.107
0.082
0.079
0.101
0.109
0.099
0.094
0.113
0.095
0.127
0.082
0.112
0.113
0.130
0.136
0.117
0.094
0.073
0.114
0.116
0.096
0.082
0.111
0.125
0.125
0.134
0.109
0.126
0.094
0.113
0.100
0.128
0.109
0.101
0.094
0.071
0.096
0.142
0.125
0.070
0.111
0.099
0.109
0.129
0.125
0.104
0.123
0.115
0.120
0.097
0.127
0.103
0.108
0.081
0.091
0.127
0.107
0.130
0.126
0.127
0.127
0.098
0.122
0.110
0.132
0.130
0.136
0.134
0.133
0.081
0.100
0.077
0.109
0.118
0.140
0.098
0.111
0.081
0.110
0.099
0.073
0.097
0.125
0.114
0.092
0.126
0.109
0.089
0.079
0.097
0.123
0.095
0.139
0.095
0.126
0.094
0.125
0.138
0.094
0.122
0.100
0.091
0.071
0.079
0.109
0.099
0.124
0.075
0.077
0.081
0.125
0.095
0.093
0.126
0.109
0.098
0.080
0.098
0.092
0.101
0.115
0.112
0.097
0.098
0.176
0.133
0.095
0.133
0.093
0.128
0.096
0.082
0.126
0.128
0.095
0.098
0.125
0.138
0.095
0.129
0.081
0.096
0.094
0.104
0.133
0.114
0.096
0.125
0.072
0.118
0.095
0.098
0.123
0.089
0.123
0.094
0.133
0.097
0.078
0.132
0.125
0.096
0.091
0.094
0.110
