0.114
0.050
0.036
0.034
0.084
0.043
0.090
0.040
0.074
0.069
0.073
0.036
0.037
0.065
0.035
0.052
0.071
0.032
0.069
0.068
0.034
0.068
0.036
0.067
0.070
0.034
0.036
0.068
0.034
0.066
0.068
0.067
0.071
0.035
0.038
0.052
0.035
0.067
0.070
0.037
0.037
0.035
0.038
0.030
0.070
0.032
0.069
0.068
0.071
0.070
0.034
0.038
0.067
0.034
0.071
0.071
0.036
0.069
0.038
0.037
0.067
0.069
0.036
0.027
0.036
0.033
0.035
0.069
0.036
0.068
0.031
0.068
0.069
0.069
0.071
0.067
0.035
0.036
0.041
0.068
0.033
0.070
0.037
0.067
0.071
0.065
0.055
0.037
0.069
0.068
0.066
0.035
0.068
0.076
0.069
0.065
0.069
0.068
0.028
0.068
0.071
0.035
0.069
0.067
0.034
0.036
0.071
0.079
0.039
0.068
0.072
0.039
0.072
0.035
0.037
0.039
0.056
0.036
0.036
0.069
0.071
0.072
0.071
0.030
0.071
0.065
0.035
0.068
0.083
0.068
0.071
0.069
0.038
0.033
0.058
0.061
0.070
0.085
0.070
0.063
0.034
0.067
0.066
0.066
0.070
0.036
0.037
0.070
0.033
0.031
0.069
0.034
0.069
0.028
0.070
0.085
0.037
0.069
0.068
0.069
0.066
0.036
0.071
0.033
0.086
0.026
0.037
0.069
0.034
0.034
0.081
0.071
0.036
0.035
0.067
0.037
0.071
0.069
0.070
0.068
0.037
0.042
0.070
0.027
0.071
0.062
0.038
0.070
0.073
0.070
0.070
0.035
0.070
0.032
0.037
0.027
0.037
0.068
0.034
0.036
