0.088
0.046
0.036
0.048
0.068
0.040
0.039
0.056
0.072
0.071
0.038
0.068
0.036
0.036
0.037
0.032
0.069
0.068
0.036
0.070
0.070
0.068
0.069
0.035
0.073
0.070
0.071
0.069
0.039
0.805
0.035
0.083
0.046
0.076
0.041
0.059
0.071
0.069
0.071
0.035
0.071
0.037
0.067
0.036
0.074
0.065
0.071
0.036
0.036
0.076
0.067
0.079
0.072
0.036
0.072
0.069
0.081
0.036
0.067
0.070
0.077
0.069
0.069
0.073
0.071
0.033
0.072
0.053
0.072
0.036
0.069
0.060
0.072
0.037
0.073
0.036
0.038
0.068
0.070
0.058
0.067
0.069
0.034
0.069
0.053
0.035
0.037
0.068
0.037
0.029
0.035
0.069
0.033
0.069
0.036
0.034
0.036
0.035
0.035
0.035
0.071
0.069
0.037
0.027
0.087
0.070
0.071
0.068
0.064
0.036
0.071
0.071
0.059
0.038
0.035
0.068
0.036
0.069
0.073
0.071
0.072
0.039
0.068
0.027
0.070
0.065
0.036
0.035
0.033
0.035
0.071
0.068
0.033
0.035
0.069
0.074
0.038
0.068
0.069
0.069
0.036
0.071
0.069
0.070
0.072
0.037
0.037
0.035
0.071
0.037
0.036
0.069
0.037
0.026
0.059
0.066
0.027
0.074
0.069
0.032
0.037
0.069
0.069
0.034
0.036
0.035
0.026
0.035
0.070
0.068
0.036
0.035
0.036
0.068
0.071
0.070
0.069
0.072
0.071
0.071
0.072
0.037
0.069
0.070
0.039
0.071
0.086
0.062
0.039
0.034
0.072
0.069
0.036
0.029
0.069
0.069
0.070
0.068
0.052
0.037
