0.085
0.043
0.036
0.082
0.079
0.071
0.071
0.071
0.072
0.084
0.038
0.204
0.070
0.036
0.068
0.064
0.070
0.035
0.036
0.036
0.033
0.070
0.070
0.071
0.040
0.068
0.070
0.069
0.070
0.036
0.076
0.040
0.038
0.070
0.038
0.038
0.036
0.037
0.072
0.037
0.037
0.036
0.086
0.038
0.035
0.035
0.070
0.036
0.042
0.071
0.036
0.070
0.052
0.038
0.071
0.069
0.071
0.071
0.038
0.035
0.053
0.037
0.037
0.036
0.067
0.036
0.036
0.036
0.070
0.071
0.072
0.037
0.037
0.070
0.036
0.069
0.036
0.058
0.071
0.072
0.070
0.069
0.035
0.039
0.072
0.071
0.072
0.038
0.036
0.069
0.036
0.070
0.074
0.073
0.037
0.037
0.071
0.071
0.035
0.036
0.071
0.092
0.079
0.046
0.039
0.037
0.037
0.038
0.071
0.037
0.071
0.036
0.082
0.039
0.037
0.070
0.071
0.038
0.039
0.071
0.038
0.072
0.070
0.038
0.038
0.071
0.034
0.071
0.037
0.037
0.037
0.071
0.053
0.037
0.069
0.035
0.035
0.038
0.037
0.036
0.038
0.036
0.071
0.072
0.053
0.037
0.071
0.069
0.037
0.078
0.036
0.042
0.041
0.071
0.037
0.037
0.038
0.072
0.036
0.070
0.071
0.036
0.070
0.070
0.036
0.069
0.037
0.036
0.038
0.037
0.036
0.071
0.037
0.071
0.069
0.069
0.070
0.072
0.070
0.069
0.069
0.036
0.243
0.071
0.070
0.071
0.040
0.069
0.039
0.040
0.070
0.036
0.083
0.071
0.036
0.037
0.036
0.036
0.071
0.037
