0.078
0.026
0.056
0.052
0.050
0.028
0.061
0.052
0.052
0.048
0.027
0.050
0.050
0.024
0.049
0.049
0.025
0.026
0.050
0.025
0.050
0.024
0.050
0.061
0.027
0.048
0.047
0.026
0.025
0.048
0.049
0.045
0.026
0.047
0.026
0.026
0.046
0.048
0.022
0.048
0.030
0.021
0.029
0.045
0.026
0.050
0.025
0.048
0.050
0.027
0.028
0.049
0.027
0.024
0.020
0.020
0.027
0.026
0.023
0.022
0.050
0.026
0.051
0.049
0.023
0.049
0.048
0.048
0.048
0.048
0.026
0.020
0.026
0.048
0.027
0.046
0.025
0.044
0.047
0.024
0.056
0.049
0.026
0.047
0.026
0.027
0.050
0.048
0.049
0.049
0.051
0.028
0.052
0.030
0.053
0.030
0.025
0.025
0.023
0.050
0.051
0.022
0.025
0.024
0.026
0.046
0.024
0.048
0.048
0.050
0.030
0.025
0.025
0.046
0.050
0.054
0.050
0.050
0.025
0.027
0.021
0.025
0.026
0.026
0.051
0.026
0.050
0.049
0.026
0.026
0.048
0.049
0.050
0.025
0.026
0.026
0.050
0.048
0.051
0.050
0.024
0.026
0.050
0.049
0.050
0.025
0.027
0.027
0.050
0.028
0.028
0.047
0.051
0.054
0.026
0.048
0.026
0.051
0.022
0.049
0.028
0.055
0.051
0.048
0.027
0.026
0.024
0.049
0.048
0.049
0.050
0.024
0.026
0.025
0.049
0.025
0.025
0.025
0.027
0.026
0.025
0.026
0.027
0.024
0.027
0.025
0.049
0.027
0.026
0.026
0.027
0.044
0.054
0.047
0.026
0.026
0.048
0.051
0.049
0.027
