0.053
0.037
0.032
0.053
0.052
0.051
0.054
0.047
0.031
0.029
0.028
0.026
0.050
0.027
0.026
0.020
0.026
0.028
0.052
0.051
0.050
0.027
0.051
0.027
0.049
0.060
0.051
0.050
0.026
0.050
0.026
0.050
0.025
0.027
0.026
0.026
0.051
0.021
0.056
0.026
0.020
0.027
0.026
0.059
0.050
0.050
0.023
0.051
0.051
0.047
0.050
0.051
0.028
0.052
0.027
0.026
0.049
0.027
0.052
0.028
0.051
0.027
0.051
0.050
0.026
0.052
0.026
0.027
0.025
0.050
0.027
0.026
0.029
0.052
0.027
0.021
0.027
0.029
0.054
0.052
0.052
0.019
0.052
0.053
0.052
0.053
0.053
0.050
0.051
0.027
0.026
0.051
0.050
0.026
0.026
0.051
0.051
0.026
0.020
0.051
0.050
0.026
0.051
0.028
0.027
0.051
0.028
0.052
0.026
0.050
0.050
0.050
0.026
0.050
0.026
0.027
0.027
0.029
0.027
0.022
0.028
0.027
0.051
0.061
0.044
0.049
0.051
0.029
0.050
0.025
0.049
0.050
0.027
0.026
0.050
0.052
0.051
0.027
0.023
0.051
0.028
0.052
0.022
0.027
0.051
0.054
0.051
0.028
0.054
0.027
0.049
0.051
0.027
0.050
0.024
0.027
0.049
0.050
0.021
0.049
0.051
0.020
0.052
0.051
0.050
0.050
0.050
0.024
0.028
0.049
0.026
0.046
0.051
0.051
0.025
0.028
0.051
0.049
0.027
0.049
0.027
0.026
0.050
0.027
0.046
0.028
0.050
0.049
0.056
0.051
0.028
0.025
0.048
0.049
0.050
0.026
0.026
0.044
0.032
0.051
