0.069
0.026
0.059
0.035
0.024
0.031
0.051
0.028
0.052
0.051
0.028
0.027
0.044
0.052
0.050
0.049
0.020
0.031
0.024
0.047
0.051
0.027
0.045
0.051
0.049
0.022
0.027
0.048
0.049
0.249
0.058
0.049
0.020
0.050
0.050
0.023
0.057
0.051
0.023
0.026
0.049
0.058
0.055
0.054
0.029
0.049
0.049
0.026
0.050
0.023
0.049
0.024
0.023
0.256
0.058
0.022
0.028
0.050
0.049
0.051
0.050
0.025
0.025
0.025
0.024
0.036
0.032
0.050
0.047
0.024
0.049
0.026
0.050
0.050
0.065
0.049
0.049
0.052
0.028
0.028
0.027
0.047
0.026
0.027
0.050
0.028
0.028
0.049
0.049
0.194
0.053
0.027
0.026
0.025
0.051
0.026
0.050
0.027
0.050
0.048
0.049
0.058
0.058
0.051
0.028
0.028
0.053
0.052
0.052
0.049
0.028
0.028
0.048
0.051
0.052
0.051
0.050
0.026
0.026
0.054
0.050
0.027
0.050
0.026
0.049
0.037
0.033
0.050
0.050
0.049
0.026
0.056
0.049
0.051
0.051
0.026
0.048
0.037
0.058
0.025
0.045
0.026
0.051
0.051
0.047
0.020
0.050
0.044
0.049
0.058
0.032
0.043
0.027
0.052
0.048
0.052
0.050
0.050
0.028
0.048
0.049
0.037
0.067
0.049
0.049
0.049
0.049
0.052
0.049
0.051
0.049
0.049
0.048
0.037
0.033
0.050
0.027
0.050
0.049
0.048
0.052
0.024
0.051
0.049
0.052
0.038
0.032
0.051
0.050
0.026
0.027
0.050
0.050
0.049
0.050
0.022
0.050
0.036
0.031
0.050
