0.100
0.046
0.083
0.037
0.046
0.081
0.038
0.070
0.035
0.071
0.074
0.037
0.072
0.065
0.076
0.070
0.036
0.036
0.068
0.072
0.072
0.035
0.035
0.069
0.036
0.033
0.037
0.035
0.081
0.080
0.073
0.031
0.070
0.070
0.036
0.038
0.037
0.072
0.074
0.070
0.069
0.068
0.037
0.063
0.037
0.037
0.071
0.036
0.037
0.070
0.069
0.082
0.070
0.032
0.036
0.068
0.070
0.028
0.071
0.069
0.070
0.068
0.036
0.035
0.058
0.032
0.037
0.036
0.037
0.072
0.077
0.068
0.032
0.069
0.035
0.070
0.038
0.070
0.033
0.035
0.070
0.035
0.066
0.071
0.037
0.070
0.069
0.036
0.035
0.062
0.070
0.070
0.037
0.036
0.070
0.070
0.070
0.036
0.066
0.035
0.070
0.036
0.069
0.068
0.038
0.070
0.036
0.070
0.071
0.036
0.071
0.070
0.071
0.061
0.036
0.070
0.078
0.070
0.036
0.056
0.035
0.035
0.034
0.078
0.071
0.036
0.035
0.069
0.036
0.068
0.070
0.068
0.036
0.035
0.035
0.068
0.037
0.068
0.035
0.069
0.070
0.036
0.036
0.070
0.032
0.036
0.037
0.036
0.072
0.068
0.036
0.070
0.037
0.083
0.053
0.070
0.031
0.066
0.037
0.068
0.068
0.036
0.036
0.068
0.071
0.059
0.037
0.069
0.070
0.038
0.042
0.036
0.034
0.038
0.036
0.069
0.037
0.043
0.035
0.070
0.034
0.052
0.030
0.069
0.037
0.069
0.070
0.035
0.028
0.070
0.067
0.069
0.036
0.034
0.072
0.037
0.070
0.036
0.026
0.071
