0.129
0.044
0.035
0.034
0.034
0.033
0.048
0.082
0.037
0.074
0.069
0.035
0.070
0.035
0.071
0.035
0.034
0.036
0.068
0.066
0.065
0.069
0.036
0.068
0.069
0.065
0.076
0.035
0.036
0.069
0.069
0.032
0.032
0.081
0.046
0.065
0.053
0.068
0.069
0.033
0.068
0.068
0.067
0.069
0.034
0.066
0.036
0.067
0.037
0.035
0.069
0.036
0.071
0.035
0.037
0.068
0.067
0.069
0.035
0.063
0.036
0.036
0.068
0.069
0.065
0.065
0.052
0.037
0.035
0.032
0.033
0.034
0.033
0.035
0.068
0.066
0.035
0.057
0.036
0.033
0.069
0.035
0.035
0.067
0.067
0.032
0.036
0.033
0.068
0.065
0.035
0.069
0.066
0.035
0.073
0.035
0.070
0.062
0.063
0.070
0.066
0.068
0.073
0.067
0.031
0.070
0.035
0.034
0.056
0.069
0.066
0.060
0.037
0.031
0.033
0.068
0.036
0.066
0.036
0.066
0.036
0.036
0.032
0.037
0.065
0.068
0.038
0.036
0.052
0.032
0.029
0.070
0.069
0.035
0.065
0.069
0.068
0.030
0.035
0.065
0.065
0.035
0.068
0.068
0.037
0.064
0.070
0.067
0.035
0.033
0.035
0.036
0.067
0.069
0.035
0.034
0.069
0.068
0.035
0.068
0.065
0.035
0.066
0.064
0.060
0.068
0.068
0.066
0.070
0.065
0.067
0.036
0.065
0.069
0.070
0.065
0.033
0.070
0.070
0.070
0.029
0.069
0.033
0.069
0.033
0.066
0.068
0.070
0.075
0.035
0.037
0.037
0.071
0.030
0.068
0.065
0.068
0.052
0.036
0.065
