0.067
0.058
0.033
0.049
0.053
0.029
0.050
0.027
0.028
0.050
0.029
0.028
0.027
0.049
0.049
0.051
0.050
0.026
0.051
0.050
0.051
0.025
0.026
0.047
0.058
0.050
0.050
0.057
0.050
0.049
0.039
0.051
0.051
0.049
0.049
0.027
0.050
0.026
0.063
0.029
0.051
0.049
0.046
0.027
0.051
0.051
0.027
0.026
0.048
0.049
0.051
0.052
0.050
0.049
0.026
0.050
0.051
0.057
0.051
0.029
0.053
0.027
0.051
0.052
0.027
0.027
0.051
0.051
0.051
0.050
0.026
0.026
0.051
0.027
0.050
0.050
0.053
0.051
0.030
0.028
0.051
0.041
0.048
0.048
0.021
0.051
0.051
0.026
0.049
0.049
0.050
0.047
0.025
0.050
0.028
0.052
0.050
0.051
0.052
0.050
0.028
0.050
0.026
0.030
0.025
0.050
0.050
0.051
0.051
0.050
0.047
0.026
0.027
0.027
0.025
0.050
0.049
0.026
0.028
0.027
0.051
0.050
0.050
0.051
0.026
0.026
0.050
0.051
0.050
0.027
0.025
0.050
0.050
0.051
0.025
0.049
0.049
0.026
0.048
0.031
0.051
0.026
0.027
0.032
0.023
0.065
0.052
0.026
0.050
0.050
0.026
0.021
0.025
0.028
0.065
0.024
0.049
0.049
0.028
0.051
0.023
0.026
0.049
0.020
0.027
0.046
0.025
0.047
0.052
0.022
0.025
0.050
0.050
0.049
0.051
0.024
0.048
0.054
0.025
0.050
0.049
0.054
0.026
0.026
0.051
0.047
0.027
0.050
0.026
0.050
0.051
0.027
0.049
0.027
0.028
0.028
0.051
0.026
0.026
0.050
