0.052
0.026
0.034
0.034
0.025
0.052
0.031
0.027
0.028
0.024
0.051
0.049
0.050
0.048
0.027
0.020
0.027
0.049
0.025
0.024
0.026
0.025
0.050
0.022
0.026
0.049
0.027
0.051
0.027
0.029
0.050
0.029
0.027
0.027
0.048
0.027
0.062
0.050
0.050
0.049
0.050
0.050
0.051
0.049
0.055
0.049
0.026
0.028
0.029
0.026
0.050
0.026
0.051
0.050
0.049
0.049
0.050
0.049
0.048
0.030
0.026
0.027
0.050
0.050
0.048
0.026
0.048
0.050
0.028
0.026
0.026
0.049
0.022
0.049
0.030
0.050
0.023
0.049
0.044
0.025
0.065
0.026
0.050
0.049
0.028
0.025
0.025
0.048
0.025
0.020
0.020
0.026
0.050
0.048
0.027
0.047
0.024
0.025
0.026
0.048
0.049
0.025
0.049
0.022
0.048
0.026
0.049
0.047
0.047
0.049
0.057
0.049
0.052
0.025
0.051
0.025
0.021
0.025
0.025
0.049
0.032
0.027
0.050
0.027
0.027
0.048
0.026
0.048
0.051
0.053
0.028
0.022
0.051
0.026
0.050
0.050
0.024
0.049
0.047
0.047
0.051
0.048
0.021
0.026
0.049
0.050
0.024
0.026
0.051
0.050
0.050
0.050
0.063
0.026
0.027
0.048
0.025
0.048
0.051
0.048
0.024
0.022
0.027
0.060
0.027
0.026
0.023
0.056
0.050
0.025
0.021
0.025
0.050
0.027
0.053
0.048
0.051
0.026
0.049
0.029
0.051
0.048
0.026
0.049
0.050
0.062
0.027
0.030
0.025
0.026
0.050
0.027
0.060
0.046
0.050
0.026
0.050
0.049
0.027
0.045
