0.056
0.058
0.028
0.029
0.066
0.026
0.032
0.050
0.049
0.051
0.065
0.050
0.048
0.024
0.053
0.051
0.027
0.025
0.026
0.026
0.048
0.027
0.050
0.026
0.052
0.023
0.049
0.025
0.048
0.046
0.022
0.048
0.048
0.048
0.045
0.025
0.024
0.022
0.049
0.050
0.022
0.049
0.050
0.049
0.049
0.026
0.026
0.024
0.024
0.050
0.028
0.054
0.049
0.047
0.021
0.019
0.061
0.048
0.050
0.062
0.048
0.049
0.045
0.048
0.023
0.025
0.026
0.026
0.019
0.050
0.048
0.050
0.052
0.063
0.049
0.024
0.026
0.047
0.025
0.056
0.049
0.025
0.050
0.024
0.050
0.046
0.048
0.050
0.025
0.049
0.049
0.026
0.026
0.050
0.049
0.047
0.042
0.050
0.024
0.021
0.025
0.048
0.026
0.047
0.048
0.049
0.026
0.027
0.052
0.025
0.047
0.027
0.025
0.024
0.049
0.027
0.049
0.025
0.049
0.048
0.025
0.049
0.021
0.047
0.020
0.049
0.026
0.024
0.049
0.027
0.050
0.049
0.049
0.048
0.026
0.050
0.048
0.024
0.048
0.048
0.025
0.047
0.049
0.047
0.026
0.049
0.049
0.047
0.048
0.027
0.049
0.049
0.049
0.048
0.028
0.028
0.027
0.048
0.025
0.051
0.048
0.026
0.049
0.046
0.026
0.026
0.050
0.019
0.026
0.027
0.048
0.052
0.024
0.025
0.050
0.048
0.027
0.049
0.018
0.021
0.049
0.049
0.026
0.026
0.045
0.051
0.051
0.057
0.023
0.049
0.026
0.047
0.026
0.047
0.049
0.050
0.025
0.024
0.050
0.048
