0.083
0.055
0.059
0.028
0.052
0.048
0.054
0.029
0.053
0.030
0.024
0.025
0.025
0.026
0.026
0.049
0.048
0.049
0.057
0.050
0.050
0.051
0.051
0.050
0.023
0.050
0.051
0.021
0.021
0.051
0.049
0.025
0.051
0.051
0.049
0.056
0.027
0.047
0.028
0.027
0.026
0.046
0.027
0.050
0.050
0.028
0.052
0.050
0.023
0.050
0.050
0.023
0.023
0.026
0.049
0.026
0.026
0.024
0.049
0.024
0.027
0.026
0.051
0.025
0.026
0.049
0.049
0.026
0.026
0.048
0.058
0.029
0.053
0.051
0.026
0.027
0.026
0.026
0.028
0.025
0.026
0.027
0.026
0.023
0.026
0.026
0.027
0.049
0.049
0.048
0.049
0.023
0.027
0.028
0.048
0.024
0.027
0.025
0.026
0.026
0.027
0.028
0.025
0.026
0.050
0.027
0.050
0.027
0.051
0.026
0.024
0.025
0.052
0.027
0.052
0.049
0.050
0.026
0.026
0.028
0.051
0.028
0.052
0.051
0.027
0.051
0.051
0.052
0.050
0.025
0.050
0.026
0.024
0.050
0.028
0.024
0.027
0.024
0.065
0.051
0.049
0.051
0.049
0.049
0.051
0.043
0.046
0.050
0.054
0.056
0.052
0.027
0.053
0.027
0.028
0.025
0.049
0.052
0.028
0.052
0.048
0.051
0.026
0.051
0.052
0.050
0.050
0.059
0.051
0.024
0.025
0.026
0.051
0.050
0.051
0.050
0.026
0.027
0.050
0.050
0.051
0.030
0.047
0.050
0.053
0.028
0.028
0.050
0.062
0.028
0.050
0.051
0.049
0.049
0.027
0.025
0.049
0.050
0.026
0.050
