0.102
0.046
0.074
0.047
0.052
0.071
0.073
0.038
0.066
0.072
0.073
0.044
0.053
0.040
0.036
0.036
0.073
0.051
0.055
0.065
0.045
0.069
0.058
0.077
0.070
0.068
0.070
0.055
0.070
0.065
0.068
0.068
0.070
0.068
0.069
0.072
0.055
0.039
0.071
0.065
0.070
0.070
0.077
0.068
0.030
0.069
0.074
0.058
0.057
0.051
0.071
0.028
0.057
0.059
0.039
0.077
0.074
0.093
0.072
0.074
0.069
0.069
0.059
0.068
0.030
0.068
0.071
0.093
0.054
0.068
0.069
0.061
0.064
0.069
0.056
0.070
0.072
0.055
0.039
0.053
0.076
0.069
0.070
0.069
0.057
0.069
0.057
0.068
0.056
0.065
0.055
0.047
0.038
0.054
0.050
0.055
0.047
0.057
0.070
0.036
0.070
0.068
0.042
0.071
0.066
0.063
0.070
0.037
0.054
0.075
0.071
0.070
0.072
0.069
0.049
0.070
0.070
0.070
0.070
0.035
0.071
0.062
0.055
0.055
0.054
0.068
0.070
0.067
0.071
0.065
0.070
0.068
0.039
0.068
0.069
0.068
0.070
0.068
0.054
0.035
0.040
0.066
0.038
0.067
0.033
0.071
0.053
0.055
0.071
0.099
0.073
0.055
0.070
0.038
0.036
0.068
0.038
0.055
0.070
0.035
0.058
0.068
0.064
0.040
0.068
0.069
0.069
0.067
0.035
0.065
0.069
0.055
0.069
0.068
0.069
0.068
0.033
0.037
0.070
0.067
0.042
0.055
0.070
0.068
0.073
0.069
0.040
0.070
0.076
0.058
0.090
0.076
0.070
0.029
0.070
0.037
0.072
0.071
0.037
0.038
