0.082
0.044
0.035
0.049
0.083
0.073
0.071
0.038
0.073
0.039
0.036
0.074
0.036
0.037
0.030
0.037
0.035
0.036
0.035
0.069
0.036
0.070
0.036
0.071
0.070
0.036
0.037
0.052
0.037
0.073
0.057
0.069
0.036
0.070
0.070
0.037
0.069
0.038
0.070
0.038
0.037
0.071
0.070
0.036
0.037
0.038
0.070
0.035
0.028
0.037
0.035
0.036
0.036
0.070
0.070
0.035
0.042
0.037
0.037
0.070
0.037
0.069
0.065
0.071
0.072
0.070
0.058
0.071
0.069
0.037
0.072
0.071
0.071
0.070
0.072
0.035
0.080
0.083
0.038
0.036
0.035
0.070
0.069
0.036
0.070
0.070
0.036
0.070
0.041
0.039
0.045
0.037
0.070
0.070
0.042
0.037
0.037
0.037
0.037
0.071
0.069
0.037
0.071
0.071
0.070
0.038
0.036
0.071
0.037
0.070
0.043
0.038
0.036
0.066
0.080
0.038
0.070
0.038
0.070
0.062
0.036
0.071
0.070
0.069
0.069
0.070
0.039
0.036
0.038
0.037
0.072
0.072
0.068
0.070
0.070
0.036
0.036
0.069
0.036
0.036
0.072
0.038
0.070
0.036
0.038
0.037
0.069
0.072
0.036
0.037
0.038
0.036
0.036
0.037
0.037
0.070
0.072
0.038
0.071
0.063
0.052
0.053
0.069
0.036
0.069
0.069
0.071
0.073
0.037
0.037
0.035
0.027
0.037
0.038
0.037
0.069
0.070
0.070
0.072
0.084
0.060
0.069
0.034
0.069
0.036
0.071
0.035
0.036
0.036
0.038
0.054
0.035
0.027
0.069
0.069
0.068
0.038
0.037
0.070
0.069
