0.057
0.034
0.209
0.031
0.027
0.051
0.054
0.051
0.060
0.051
0.026
0.051
0.048
0.045
0.050
0.051
0.028
0.048
0.051
0.043
0.027
0.025
0.050
0.055
0.050
0.027
0.051
0.050
0.051
0.049
0.050
0.049
0.026
0.025
0.026
0.025
0.050
0.050
0.051
0.030
0.051
0.050
0.050
0.050
0.052
0.051
0.027
0.050
0.027
0.050
0.047
0.027
0.057
0.050
0.049
0.057
0.057
0.025
0.050
0.049
0.027
0.049
0.050
0.048
0.050
0.049
0.050
0.028
0.049
0.056
0.026
0.051
0.052
0.051
0.028
0.051
0.051
0.051
0.051
0.051
0.052
0.027
0.059
0.027
0.050
0.050
0.027
0.028
0.027
0.025
0.046
0.026
0.050
0.026
0.027
0.050
0.049
0.055
0.027
0.050
0.028
0.053
0.054
0.052
0.026
0.047
0.050
0.050
0.027
0.050
0.050
0.049
0.051
0.026
0.049
0.045
0.052
0.025
0.026
0.050
0.052
0.050
0.051
0.050
0.051
0.064
0.026
0.057
0.025
0.050
0.025
0.049
0.049
0.049
0.049
0.049
0.048
0.049
0.049
0.026
0.049
0.049
0.025
0.027
0.051
0.049
0.027
0.050
0.049
0.027
0.019
0.027
0.025
0.028
0.052
0.021
0.054
0.050
0.046
0.049
0.049
0.051
0.049
0.052
0.050
0.028
0.030
0.025
0.026
0.027
0.050
0.026
0.026
0.047
0.054
0.052
0.050
0.027
0.023
0.026
0.028
0.024
0.050
0.050
0.026
0.026
0.026
0.051
0.046
0.051
0.050
0.051
0.050
0.049
0.027
0.050
0.046
0.051
0.048
0.052
