0.077
0.058
0.052
0.029
0.052
0.024
0.063
0.032
0.030
0.052
0.051
0.050
0.026
0.051
0.029
0.028
0.052
0.028
0.050
0.029
0.027
0.051
0.021
0.050
0.026
0.026
0.050
0.026
0.025
0.026
0.049
0.050
0.025
0.050
0.047
0.028
0.027
0.044
0.049
0.050
0.049
0.049
0.051
0.020
0.026
0.025
0.025
0.050
0.028
0.026
0.026
0.064
0.027
0.027
0.050
0.026
0.049
0.053
0.027
0.026
0.025
0.052
0.027
0.049
0.023
0.052
0.050
0.022
0.024
0.025
0.050
0.027
0.025
0.027
0.027
0.051
0.047
0.062
0.049
0.048
0.049
0.026
0.050
0.045
0.027
0.050
0.051
0.050
0.026
0.024
0.028
0.028
0.050
0.023
0.022
0.039
0.025
0.025
0.026
0.024
0.047
0.026
0.050
0.027
0.048
0.023
0.026
0.031
0.029
0.051
0.019
0.026
0.023
0.052
0.028
0.028
0.026
0.024
0.026
0.051
0.022
0.026
0.027
0.026
0.024
0.051
0.050
0.024
0.023
0.049
0.026
0.050
0.024
0.026
0.025
0.024
0.025
0.027
0.047
0.028
0.026
0.051
0.051
0.051
0.050
0.062
0.025
0.051
0.028
0.024
0.027
0.026
0.045
0.028
0.027
0.025
0.049
0.027
0.057
0.026
0.026
0.026
0.028
0.026
0.044
0.026
0.050
0.026
0.026
0.027
0.061
0.049
0.050
0.050
0.028
0.026
0.051
0.027
0.028
0.049
0.050
0.026
0.026
0.062
0.050
0.051
0.027
0.052
0.026
0.052
0.050
0.050
0.032
0.033
0.050
0.051
0.029
0.052
0.053
0.026
