0.125
0.042
0.035
0.037
0.034
0.053
0.048
0.038
0.071
0.069
0.070
0.068
0.073
0.062
0.072
0.070
0.066
0.031
0.038
0.069
0.069
0.034
0.069
0.034
0.067
0.071
0.025
0.071
0.034
0.065
0.079
0.066
0.068
0.070
0.064
0.068
0.033
0.068
0.068
0.034
0.069
0.060
0.029
0.036
0.032
0.068
0.066
0.032
0.038
0.034
0.080
0.068
0.038
0.068
0.036
0.050
0.041
0.036
0.036
0.034
0.037
0.067
0.035
0.037
0.065
0.068
0.030
0.035
0.068
0.033
0.035
0.068
0.069
0.069
0.065
0.071
0.065
0.068
0.078
0.065
0.069
0.028
0.069
0.035
0.037
0.070
0.067
0.069
0.037
0.034
0.071
0.066
0.069
0.037
0.033
0.069
0.069
0.068
0.076
0.069
0.036
0.068
0.035
0.073
0.066
0.065
0.067
0.069
0.070
0.066
0.068
0.071
0.069
0.036
0.036
0.037
0.035
0.065
0.038
0.033
0.037
0.070
0.038
0.078
0.064
0.035
0.071
0.036
0.037
0.079
0.057
0.061
0.053
0.068
0.025
0.070
0.064
0.068
0.039
0.034
0.035
0.035
0.069
0.067
0.035
0.068
0.026
0.070
0.036
0.033
0.070
0.024
0.037
0.071
0.067
0.035
0.069
0.069
0.068
0.066
0.069
0.065
0.033
0.069
0.079
0.070
0.048
0.068
0.037
0.067
0.028
0.036
0.037
0.056
0.036
0.070
0.066
0.037
0.069
0.033
0.037
0.069
0.036
0.070
0.024
0.033
0.087
0.035
0.035
0.036
0.071
0.033
0.069
0.069
0.068
0.069
0.033
0.033
0.071
0.070
