0.147
0.087
0.082
0.075
0.072
0.076
0.038
0.037
0.074
0.067
0.030
0.068
0.036
0.036
0.038
0.037
0.069
0.037
0.039
0.037
0.035
0.068
0.083
0.036
0.068
0.036
0.069
0.036
0.063
0.082
0.036
0.035
0.072
0.070
0.069
0.071
0.064
0.070
0.070
0.070
0.081
0.030
0.064
0.038
0.034
0.038
0.038
0.069
0.035
0.032
0.057
0.067
0.035
0.032
0.038
0.035
0.052
0.035
0.035
0.063
0.068
0.068
0.030
0.069
0.034
0.032
0.058
0.069
0.038
0.035
0.072
0.032
0.075
0.068
0.032
0.069
0.071
0.072
0.071
0.068
0.033
0.035
0.036
0.037
0.026
0.072
0.036
0.037
0.037
0.056
0.035
0.036
0.035
0.036
0.038
0.035
0.070
0.069
0.037
0.069
0.039
0.077
0.073
0.035
0.059
0.036
0.036
0.036
0.069
0.033
0.072
0.033
0.035
0.054
0.036
0.068
0.070
0.070
0.080
0.035
0.035
0.037
0.034
0.070
0.033
0.039
0.038
0.068
0.071
0.065
0.071
0.035
0.070
0.038
0.037
0.068
0.071
0.066
0.070
0.034
0.071
0.071
0.038
0.073
0.033
0.036
0.071
0.030
0.072
0.065
0.036
0.035
0.041
0.062
0.027
0.071
0.071
0.035
0.071
0.032
0.037
0.070
0.066
0.034
0.071
0.068
0.073
0.069
0.070
0.067
0.037
0.037
0.071
0.037
0.059
0.036
0.034
0.035
0.036
0.065
0.036
0.053
0.035
0.035
0.069
0.036
0.037
0.055
0.036
0.065
0.070
0.036
0.033
0.070
0.036
0.035
0.038
0.068
0.057
0.035
