0.098
0.050
0.066
0.038
0.071
0.037
0.073
0.070
0.040
0.071
0.070
0.072
0.036
0.037
0.071
0.070
0.070
0.060
0.073
0.035
0.036
0.054
0.079
0.076
0.071
0.037
0.069
0.072
0.032
0.071
0.069
0.035
0.070
0.036
0.069
0.068
0.036
0.037
0.030
0.038
0.029
0.070
0.084
0.034
0.070
0.036
0.038
0.038
0.069
0.036
0.036
0.036
0.035
0.033
0.035
0.035
0.038
0.070
0.034
0.066
0.070
0.073
0.071
0.036
0.075
0.068
0.071
0.036
0.037
0.037
0.028
0.036
0.060
0.035
0.070
0.068
0.036
0.031
0.069
0.026
0.035
0.037
0.072
0.036
0.036
0.071
0.269
0.070
0.099
0.036
0.071
0.071
0.036
0.036
0.035
0.033
0.070
0.092
0.071
0.038
0.036
0.034
0.055
0.067
0.072
0.034
0.082
0.079
0.043
0.036
0.074
0.029
0.037
0.036
0.037
0.035
0.069
0.067
0.033
0.069
0.069
0.088
0.069
0.076
0.071
0.036
0.036
0.035
0.070
0.067
0.069
0.036
0.058
0.035
0.037
0.067
0.035
0.036
0.071
0.068
0.071
0.069
0.036
0.083
0.032
0.032
0.035
0.069
0.072
0.068
0.036
0.074
0.056
0.028
0.071
0.035
0.037
0.068
0.069
0.036
0.055
0.070
0.071
0.069
0.070
0.066
0.037
0.035
0.037
0.069
0.069
0.053
0.039
0.070
0.038
0.034
0.034
0.068
0.071
0.040
0.071
0.070
0.078
0.069
0.034
0.036
0.070
0.034
0.071
0.067
0.032
0.028
0.037
0.070
0.068
0.033
0.032
0.035
0.071
0.069
