0.112
0.041
0.081
0.078
0.038
0.036
0.069
0.038
0.043
0.069
0.069
0.053
0.032
0.032
0.031
0.030
0.033
0.047
0.078
0.035
0.070
0.071
0.034
0.069
0.068
0.034
0.067
0.054
0.070
0.036
0.038
0.032
0.036
0.070
0.037
0.067
0.071
0.036
0.067
0.037
0.066
0.037
0.071
0.034
0.036
0.070
0.036
0.034
0.084
0.080
0.040
0.029
0.037
0.034
0.040
0.028
0.032
0.076
0.075
0.073
0.035
0.072
0.072
0.072
0.037
0.037
0.037
0.073
0.034
0.069
0.035
0.035
0.038
0.071
0.085
0.090
0.048
0.081
0.068
0.037
0.064
0.057
0.047
0.035
0.071
0.035
0.070
0.036
0.056
0.069
0.035
0.068
0.031
0.069
0.070
0.038
0.070
0.069
0.034
0.070
0.039
0.070
0.069
0.067
0.071
0.035
0.034
0.070
0.034
0.036
0.070
0.031
0.036
0.035
0.071
0.032
0.034
0.036
0.070
0.070
0.034
0.074
0.037
0.071
0.038
0.071
0.077
0.036
0.037
0.070
0.037
0.035
0.036
0.053
0.071
0.071
0.068
0.036
0.069
0.036
0.070
0.035
0.070
0.062
0.072
0.038
0.070
0.036
0.070
0.069
0.038
0.037
0.070
0.073
0.071
0.069
0.029
0.070
0.034
0.070
0.062
0.035
0.070
0.034
0.069
0.032
0.062
0.036
0.071
0.036
0.070
0.069
0.036
0.070
0.036
0.069
0.036
0.070
0.033
0.073
0.037
0.064
0.056
0.034
0.071
0.068
0.071
0.037
0.069
0.069
0.074
0.069
0.073
0.035
0.072
0.037
0.067
0.029
0.035
0.068
