0.082
0.055
0.048
0.042
0.072
0.038
0.073
0.043
0.041
0.037
0.038
0.063
0.070
0.029
0.070
0.071
0.071
0.035
0.068
0.050
0.048
0.071
0.039
0.072
0.057
0.070
0.070
0.037
0.041
0.034
0.035
0.070
0.034
0.070
0.070
0.071
0.070
0.037
0.066
0.069
0.050
0.074
0.036
0.070
0.039
0.060
0.071
0.031
0.073
0.036
0.072
0.070
0.036
0.028
0.039
0.034
0.070
0.071
0.069
0.070
0.069
0.081
0.044
0.071
0.037
0.070
0.071
0.036
0.035
0.036
0.071
0.035
0.069
0.036
0.037
0.082
0.035
0.036
0.028
0.037
0.069
0.034
0.081
0.048
0.068
0.036
0.070
0.036
0.082
0.069
0.037
0.038
0.070
0.037
0.070
0.035
0.066
0.069
0.039
0.070
0.070
0.057
0.080
0.053
0.081
0.072
0.072
0.028
0.045
0.037
0.028
0.037
0.037
0.037
0.056
0.067
0.065
0.073
0.028
0.067
0.070
0.071
0.069
0.035
0.048
0.081
0.070
0.072
0.038
0.042
0.072
0.070
0.070
0.042
0.071
0.037
0.069
0.059
0.069
0.027
0.069
0.069
0.081
0.093
0.070
0.069
0.072
0.038
0.027
0.071
0.072
0.071
0.070
0.036
0.035
0.037
0.037
0.070
0.070
0.035
0.077
0.070
0.069
0.043
0.071
0.068
0.070
0.070
0.068
0.059
0.070
0.037
0.070
0.043
0.071
0.037
0.069
0.034
0.056
0.036
0.070
0.038
0.071
0.034
0.093
0.044
0.072
0.036
0.036
0.035
0.036
0.038
0.034
0.036
0.039
0.035
0.070
0.030
0.070
0.036
