0.047
0.051
0.032
0.020
0.028
0.051
0.031
0.050
0.052
0.032
0.027
0.023
0.043
0.024
0.025
0.026
0.049
0.048
0.048
0.049
0.025
0.051
0.049
0.047
0.027
0.051
0.026
0.049
0.049
0.026
0.050
0.048
0.059
0.063
0.050
0.045
0.052
0.048
0.057
0.063
0.048
0.049
0.026
0.049
0.026
0.050
0.049
0.030
0.052
0.049
0.047
0.026
0.052
0.048
0.050
0.027
0.051
0.045
0.024
0.036
0.054
0.024
0.021
0.048
0.050
0.049
0.050
0.027
0.049
0.029
0.050
0.024
0.051
0.047
0.050
0.049
0.051
0.050
0.049
0.048
0.033
0.030
0.050
0.044
0.050
0.048
0.050
0.050
0.048
0.049
0.187
0.050
0.049
0.025
0.050
0.026
0.026
0.024
0.048
0.049
0.049
0.055
0.060
0.046
0.051
0.051
0.051
0.048
0.046
0.025
0.026
0.048
0.046
0.047
0.021
0.027
0.026
0.050
0.045
0.051
0.052
0.026
0.051
0.026
0.049
0.050
0.052
0.049
0.026
0.050
0.026
0.049
0.019
0.026
0.049
0.048
0.050
0.051
0.022
0.049
0.051
0.049
0.049
0.057
0.057
0.047
0.051
0.050
0.049
0.025
0.045
0.048
0.026
0.031
0.050
0.049
0.026
0.026
0.050
0.026
0.052
0.053
0.053
0.024
0.058
0.057
0.027
0.044
0.051
0.025
0.051
0.027
0.049
0.048
0.026
0.048
0.050
0.025
0.049
0.048
0.051
0.051
0.025
0.025
0.049
0.057
0.057
0.050
0.025
0.049
0.024
0.049
0.026
0.049
0.026
0.030
0.050
0.050
0.051
0.051
