0.059
0.034
0.032
0.050
0.051
0.027
0.048
0.029
0.051
0.051
0.049
0.050
0.049
0.025
0.051
0.026
0.051
0.048
0.049
0.049
0.024
0.048
0.027
0.048
0.028
0.050
0.026
0.047
0.051
0.048
0.024
0.027
0.026
0.026
0.020
0.050
0.049
0.027
0.026
0.050
0.047
0.048
0.051
0.050
0.049
0.049
0.051
0.026
0.027
0.024
0.025
0.020
0.050
0.025
0.019
0.025
0.026
0.046
0.024
0.049
0.028
0.049
0.028
0.050
0.050
0.049
0.026
0.025
0.020
0.025
0.050
0.050
0.049
0.019
0.026
0.049
0.026
0.023
0.050
0.026
0.049
0.047
0.050
0.023
0.021
0.053
0.028
0.048
0.058
0.029
0.027
0.025
0.027
0.025
0.050
0.049
0.050
0.047
0.048
0.057
0.057
0.051
0.028
0.027
0.049
0.065
0.027
0.050
0.025
0.046
0.024
0.048
0.033
0.056
0.024
0.024
0.050
0.024
0.026
0.049
0.043
0.048
0.047
0.049
0.026
0.026
0.050
0.049
0.022
0.027
0.051
0.048
0.049
0.024
0.048
0.024
0.052
0.050
0.023
0.025
0.051
0.027
0.050
0.046
0.050
0.049
0.045
0.030
0.028
0.027
0.052
0.050
0.030
0.050
0.027
0.026
0.052
0.026
0.027
0.025
0.048
0.050
0.050
0.049
0.026
0.049
0.020
0.026
0.025
0.054
0.027
0.025
0.050
0.025
0.026
0.049
0.026
0.022
0.050
0.050
0.051
0.026
0.027
0.049
0.050
0.026
0.050
0.050
0.050
0.025
0.025
0.027
0.049
0.051
0.063
0.041
0.049
0.048
0.050
0.049
