0.125
0.043
0.036
0.039
0.036
0.035
0.036
0.049
0.044
0.074
0.072
0.067
0.070
0.038
0.043
0.070
0.034
0.069
0.037
0.042
0.070
0.026
0.036
0.066
0.036
0.062
0.035
0.070
0.033
0.033
0.069
0.036
0.069
0.068
0.068
0.035
0.067
0.069
0.065
0.035
0.056
0.065
0.038
0.067
0.069
0.029
0.035
0.034
0.039
0.034
0.068
0.072
0.038
0.036
0.066
0.069
0.066
0.069
0.057
0.066
0.036
0.068
0.068
0.070
0.065
0.028
0.069
0.035
0.036
0.068
0.071
0.069
0.070
0.066
0.035
0.037
0.066
0.031
0.034
0.034
0.065
0.063
0.073
0.034
0.034
0.040
0.035
0.069
0.066
0.066
0.036
0.080
0.036
0.035
0.067
0.070
0.033
0.032
0.035
0.073
0.072
0.036
0.037
0.072
0.036
0.036
0.034
0.070
0.034
0.057
0.035
0.035
0.068
0.070
0.068
0.069
0.031
0.037
0.068
0.034
0.070
0.068
0.035
0.035
0.065
0.066
0.027
0.070
0.033
0.067
0.035
0.035
0.039
0.035
0.067
0.069
0.036
0.080
0.069
0.033
0.068
0.034
0.035
0.035
0.069
0.040
0.065
0.037
0.035
0.033
0.036
0.068
0.067
0.036
0.040
0.070
0.072
0.039
0.033
0.069
0.067
0.031
0.061
0.036
0.066
0.050
0.032
0.068
0.062
0.033
0.070
0.031
0.068
0.069
0.034
0.035
0.038
0.036
0.070
0.067
0.069
0.034
0.036
0.036
0.035
0.066
0.067
0.034
0.069
0.069
0.069
0.034
0.069
0.034
0.035
0.088
0.069
0.034
0.073
0.038
