0.935
0.033
0.055
0.026
0.049
0.027
0.028
0.049
0.050
0.047
0.045
0.048
0.028
0.049
0.025
0.026
0.019
0.050
0.025
0.048
0.025
0.046
0.024
0.024
0.026
0.054
0.046
0.049
0.049
0.025
0.025
0.047
0.049
0.025
0.027
0.049
0.049
0.045
0.047
0.049
0.026
0.026
0.026
0.025
0.048
0.025
0.023
0.025
0.048
0.026
0.026
0.050
0.049
0.024
0.025
0.025
0.046
0.050
0.025
0.025
0.049
0.026
0.049
0.025
0.023
0.048
0.025
0.026
0.025
0.048
0.027
0.023
0.049
0.047
0.024
0.025
0.047
0.048
0.049
0.025
0.025
0.026
0.047
0.026
0.027
0.027
0.047
0.049
0.024
0.049
0.026
0.024
0.049
0.025
0.025
0.025
0.046
0.023
0.061
0.050
0.048
0.025
0.052
0.052
0.027
0.048
0.058
0.026
0.024
0.025
0.026
0.043
0.030
0.024
0.025
0.050
0.046
0.047
0.026
0.050
0.022
0.050
0.027
0.050
0.025
0.027
0.050
0.052
0.025
0.026
0.026
0.048
0.049
0.049
0.046
0.049
0.047
0.026
0.026
0.026
0.049
0.025
0.048
0.049
0.023
0.049
0.023
0.024
0.025
0.025
0.024
0.027
0.026
0.050
0.026
0.050
0.024
0.026
0.048
0.026
0.049
0.024
0.075
0.048
0.024
0.050
0.020
0.050
0.025
0.028
0.025
0.021
0.025
0.026
0.045
0.027
0.050
0.050
0.049
0.026
0.050
0.024
0.049
0.050
0.024
0.049
0.026
0.049
0.024
0.025
0.048
0.047
0.026
0.048
0.046
0.050
0.026
0.050
0.025
0.020
