0.078
0.053
0.036
0.036
0.050
0.044
0.073
0.038
0.035
0.072
0.033
0.036
0.068
0.070
0.035
0.069
0.037
0.034
0.036
0.030
0.069
0.037
0.035
0.035
0.078
0.033
0.038
0.036
0.037
0.065
0.071
0.039
0.078
0.066
0.068
0.035
0.071
0.066
0.036
0.069
0.036
0.035
0.036
0.068
0.066
0.030
0.068
0.068
0.080
0.034
0.068
0.036
0.033
0.056
0.056
0.033
0.035
0.037
0.069
0.036
0.071
0.036
0.070
0.033
0.035
0.033
0.070
0.033
0.065
0.070
0.053
0.036
0.036
0.037
0.038
0.067
0.035
0.068
0.071
0.036
0.060
0.035
0.069
0.069
0.037
0.031
0.034
0.036
0.035
0.037
0.030
0.036
0.037
0.067
0.073
0.069
0.036
0.066
0.066
0.036
0.068
0.036
0.066
0.033
0.035
0.030
0.035
0.069
0.034
0.054
0.068
0.036
0.037
0.066
0.037
0.074
0.067
0.034
0.069
0.069
0.068
0.070
0.036
0.034
0.036
0.069
0.070
0.036
0.065
0.036
0.035
0.070
0.071
0.069
0.070
0.036
0.036
0.065
0.033
0.034
0.068
0.036
0.069
0.033
0.042
0.067
0.069
0.067
0.035
0.040
0.031
0.071
0.041
0.068
0.035
0.033
0.038
0.070
0.069
0.067
0.034
0.069
0.068
0.033
0.062
0.067
0.067
0.060
0.028
0.068
0.033
0.070
0.033
0.033
0.068
0.065
0.035
0.069
0.035
0.033
0.036
0.069
0.033
0.069
0.029
0.036
0.035
0.024
0.065
0.070
0.035
0.068
0.071
0.033
0.056
0.034
0.036
0.034
0.067
0.035
