0.095
0.026
0.037
0.026
0.058
0.029
0.027
0.028
0.026
0.053
0.050
0.022
0.051
0.025
0.032
0.022
0.047
0.048
0.026
0.049
0.050
0.049
0.025
0.025
0.038
0.023
0.047
0.050
0.026
0.026
0.049
0.026
0.049
0.050
0.048
0.046
0.206
0.050
0.049
0.047
0.025
0.048
0.052
0.049
0.047
0.201
0.046
0.048
0.254
0.032
0.048
0.048
0.049
0.048
0.047
0.040
0.047
0.051
0.047
0.050
0.026
0.024
0.025
0.019
0.046
0.027
0.050
0.049
0.044
0.254
0.049
0.048
0.053
0.024
0.048
0.048
0.050
0.028
0.049
0.048
0.048
0.031
0.058
0.049
0.051
0.027
0.025
0.050
0.027
0.026
0.033
0.024
0.048
0.203
0.033
0.048
0.048
0.026
0.048
0.022
0.045
0.048
0.049
0.047
0.046
0.187
0.047
0.049
0.025
0.049
0.048
0.027
0.050
0.028
0.025
0.047
0.049
0.046
0.045
0.049
0.030
0.049
0.050
0.063
0.025
0.046
0.049
0.026
0.047
0.021
0.024
0.047
0.026
0.025
0.049
0.038
0.047
0.031
0.056
0.048
0.046
0.050
0.048
0.048
0.029
0.024
0.024
0.025
0.047
0.049
0.048
0.049
0.027
0.026
0.049
0.047
0.037
0.034
0.024
0.029
0.026
0.025
0.049
0.050
0.049
0.047
0.046
0.025
0.027
0.063
0.026
0.049
0.049
0.021
0.048
0.028
0.024
0.026
0.046
0.054
0.037
0.052
0.051
0.023
0.019
0.029
0.025
0.049
0.047
0.027
0.045
0.024
0.059
0.031
0.048
0.031
0.059
0.019
0.022
0.049
