0.096
0.068
0.106
0.084
0.039
0.043
0.041
0.055
0.039
0.076
0.066
0.069
0.069
0.038
0.250
0.074
0.069
0.071
0.063
0.077
0.072
0.076
0.095
0.075
0.071
0.069
0.057
0.040
0.071
0.055
0.080
0.073
0.070
0.062
0.070
0.078
0.059
0.057
0.054
0.057
0.071
0.073
0.069
0.047
0.034
0.070
0.075
0.056
0.072
0.057
0.070
0.059
0.072
0.072
0.056
0.057
0.057
0.039
0.072
0.058
0.070
0.095
0.056
0.056
0.056
0.069
0.039
0.047
0.053
0.070
0.030
0.073
0.081
0.074
0.069
0.071
0.070
0.072
0.030
0.069
0.058
0.057
0.057
0.053
0.072
0.090
0.045
0.069
0.061
0.076
0.056
0.071
0.043
0.041
0.039
0.074
0.043
0.041
0.064
0.041
0.040
0.069
0.075
0.038
0.070
0.041
0.058
0.056
0.047
0.038
0.070
0.040
0.056
0.030
0.069
0.042
0.071
0.072
0.036
0.056
0.038
0.070
0.069
0.039
0.070
0.069
0.052
0.072
0.070
0.040
0.071
0.070
0.069
0.038
0.162
0.056
0.070
0.070
0.038
0.069
0.086
0.072
0.033
0.040
0.039
0.053
0.073
0.074
0.039
0.070
0.356
0.080
0.070
0.072
0.069
0.056
0.070
0.068
0.076
0.069
0.057
0.072
0.075
0.071
0.057
0.069
0.076
0.039
0.056
0.070
0.242
0.068
0.069
0.069
0.050
0.068
0.074
0.084
0.053
0.057
0.056
0.074
0.070
0.067
0.068
0.057
0.071
0.081
0.070
0.035
0.069
0.073
0.070
0.041
0.069
0.072
0.070
0.072
0.058
0.073
