0.080
0.026
0.039
0.058
0.051
0.050
0.051
0.052
0.028
0.046
0.049
0.024
0.027
0.048
0.024
0.049
0.024
0.048
0.048
0.047
0.049
0.024
0.020
0.048
0.024
0.048
0.049
0.044
0.048
0.046
0.024
0.043
0.047
0.024
0.025
0.026
0.019
0.048
0.025
0.049
0.049
0.048
0.049
0.048
0.045
0.048
0.024
0.048
0.048
0.023
0.048
0.046
0.050
0.025
0.048
0.048
0.027
0.048
0.050
0.024
0.048
0.048
0.049
0.048
0.047
0.047
0.019
0.048
0.049
0.048
0.048
0.023
0.049
0.049
0.024
0.048
0.048
0.048
0.049
0.048
0.049
0.047
0.049
0.048
0.050
0.025
0.022
0.048
0.038
0.024
0.049
0.047
0.049
0.048
0.049
0.048
0.049
0.046
0.048
0.023
0.025
0.025
0.048
0.025
0.049
0.048
0.026
0.018
0.054
0.046
0.049
0.024
0.049
0.025
0.049
0.048
0.049
0.045
0.025
0.047
0.051
0.048
0.049
0.048
0.048
0.048
0.048
0.053
0.025
0.048
0.049
0.023
0.047
0.048
0.024
0.048
0.048
0.047
0.025
0.025
0.048
0.046
0.025
0.018
0.049
0.047
0.043
0.048
0.049
0.025
0.049
0.024
0.049
0.048
0.024
0.048
0.049
0.049
0.050
0.025
0.049
0.045
0.049
0.025
0.024
0.048
0.047
0.048
0.048
0.023
0.049
0.021
0.049
0.025
0.024
0.025
0.024
0.047
0.049
0.023
0.049
0.045
0.019
0.024
0.047
0.049
0.021
0.048
0.049
0.046
0.049
0.048
0.026
0.026
0.047
0.049
0.024
0.049
0.025
0.044
