0.148
0.046
0.035
0.031
0.035
0.084
0.080
0.071
0.031
0.034
0.070
0.034
0.038
0.036
0.057
0.069
0.034
0.069
0.077
0.076
0.072
0.034
0.036
0.068
0.035
0.035
0.067
0.069
0.070
0.035
0.071
0.033
0.036
0.036
0.036
0.074
0.036
0.034
0.029
0.064
0.035
0.070
0.052
0.061
0.033
0.035
0.066
0.064
0.069
0.065
0.069
0.034
0.033
0.038
0.036
0.037
0.068
0.037
0.070
0.069
0.036
0.053
0.036
0.036
0.072
0.080
0.033
0.069
0.068
0.066
0.036
0.058
0.069
0.078
0.043
0.034
0.069
0.067
0.069
0.068
0.071
0.066
0.066
0.030
0.071
0.069
0.035
0.065
0.070
0.034
0.033
0.034
0.070
0.068
0.071
0.069
0.033
0.068
0.068
0.070
0.037
0.034
0.029
0.068
0.037
0.069
0.037
0.036
0.035
0.069
0.053
0.081
0.067
0.068
0.069
0.034
0.051
0.035
0.033
0.068
0.069
0.034
0.069
0.069
0.036
0.069
0.067
0.037
0.033
0.067
0.069
0.036
0.037
0.070
0.039
0.069
0.034
0.069
0.073
0.069
0.069
0.041
0.071
0.066
0.033
0.035
0.036
0.036
0.037
0.037
0.036
0.068
0.068
0.059
0.035
0.068
0.033
0.036
0.070
0.069
0.069
0.035
0.071
0.036
0.037
0.037
0.069
0.069
0.036
0.035
0.071
0.036
0.038
0.036
0.070
0.069
0.037
0.076
0.037
0.026
0.028
0.067
0.068
0.037
0.071
0.034
0.035
0.036
0.038
0.066
0.036
0.069
0.070
0.034
0.035
0.068
0.067
0.035
0.069
0.033
