0.067
0.053
0.053
0.053
0.022
0.051
0.029
0.029
0.031
0.053
0.049
0.026
0.050
0.026
0.027
0.050
0.050
0.027
0.044
0.023
0.027
0.026
0.051
0.024
0.025
0.051
0.027
0.025
0.026
0.048
0.048
0.046
0.027
0.049
0.047
0.027
0.026
0.026
0.051
0.047
0.050
0.049
0.051
0.026
0.025
0.050
0.056
0.049
0.049
0.044
0.051
0.049
0.050
0.024
0.024
0.050
0.028
0.026
0.050
0.024
0.052
0.050
0.050
0.051
0.026
0.047
0.049
0.047
0.028
0.049
0.026
0.050
0.027
0.026
0.050
0.062
0.026
0.050
0.062
0.025
0.029
0.026
0.050
0.049
0.024
0.048
0.024
0.042
0.050
0.025
0.026
0.026
0.026
0.028
0.051
0.025
0.027
0.029
0.026
0.050
0.050
0.049
0.028
0.049
0.050
0.025
0.047
0.049
0.025
0.049
0.049
0.027
0.051
0.021
0.653
0.051
0.053
0.050
0.029
0.030
0.026
0.028
0.052
0.050
0.026
0.049
0.053
0.027
0.050
0.025
0.028
0.051
0.027
0.025
0.052
0.025
0.052
0.027
0.050
0.026
0.050
0.049
0.021
0.022
0.050
0.025
0.048
0.050
0.049
0.050
0.052
0.052
0.050
0.026
0.026
0.028
0.052
0.049
0.027
0.050
0.051
0.049
0.051
0.063
0.050
0.047
0.050
0.048
0.051
0.046
0.050
0.048
0.063
0.048
0.048
0.048
0.027
0.047
0.049
0.026
0.026
0.048
0.051
0.026
0.052
0.026
0.047
0.050
0.051
0.025
0.048
0.026
0.057
0.023
0.026
0.028
0.027
0.048
0.027
0.049
