0.054
0.054
0.025
0.058
0.033
0.051
0.031
0.051
0.031
0.030
0.027
0.050
0.050
0.050
0.026
0.049
0.050
0.027
0.049
0.048
0.049
0.042
0.049
0.026
0.049
0.049
0.026
0.022
0.050
0.024
0.051
0.026
0.052
0.026
0.049
0.026
0.032
0.025
0.027
0.049
0.050
0.025
0.051
0.027
0.021
0.048
0.026
0.025
0.053
0.025
0.028
0.049
0.026
0.027
0.046
0.026
0.051
0.065
0.026
0.026
0.029
0.052
0.028
0.025
0.027
0.049
0.025
0.048
0.025
0.025
0.065
0.025
0.026
0.048
0.050
0.025
0.056
0.026
0.029
0.026
0.026
0.026
0.024
0.050
0.046
0.025
0.032
0.027
0.026
0.025
0.046
0.049
0.025
0.048
0.024
0.025
0.026
0.026
0.050
0.024
0.051
0.026
0.025
0.049
0.025
0.045
0.026
0.026
0.026
0.048
0.026
0.024
0.022
0.026
0.043
0.027
0.051
0.184
0.055
0.049
0.049
0.025
0.025
0.029
0.050
0.029
0.024
0.049
0.059
0.027
0.026
0.045
0.051
0.051
0.047
0.055
0.058
0.026
0.028
0.025
0.026
0.051
0.062
0.048
0.048
0.030
0.024
0.026
0.032
0.026
0.030
0.024
0.050
0.027
0.052
0.048
0.048
0.025
0.052
0.049
0.031
0.053
0.051
0.051
0.025
0.050
0.051
0.028
0.050
0.047
0.030
0.025
0.050
0.026
0.051
0.029
0.027
0.049
0.050
0.048
0.047
0.026
0.028
0.026
0.050
0.019
0.051
0.049
0.049
0.048
0.026
0.024
0.027
0.049
0.048
0.028
0.053
0.049
0.026
0.048
