0.111
0.054
0.044
0.072
0.061
0.039
0.071
0.038
0.038
0.037
0.068
0.057
0.066
0.068
0.069
0.055
0.037
0.068
0.074
0.074
0.069
0.068
0.069
0.068
0.054
0.068
0.034
0.037
0.056
0.058
0.070
0.070
0.057
0.069
0.069
0.027
0.039
0.035
0.065
0.068
0.071
0.069
0.070
0.040
0.070
0.069
0.071
0.036
0.057
0.055
0.056
0.068
0.028
0.069
0.070
0.066
0.073
0.068
0.080
0.068
0.038
0.037
0.035
0.073
0.069
0.080
0.055
0.071
0.069
0.036
0.072
0.069
0.056
0.075
0.056
0.072
0.051
0.057
0.039
0.071
0.055
0.056
0.054
0.069
0.070
0.069
0.039
0.066
0.056
0.055
0.028
0.071
0.057
0.056
0.074
0.058
0.069
0.069
0.038
0.056
0.035
0.069
0.069
0.053
0.037
0.065
0.038
0.035
0.077
0.070
0.071
0.055
0.055
0.037
0.032
0.054
0.065
0.035
0.071
0.063
0.067
0.037
0.069
0.057
0.064
0.066
0.070
0.079
0.070
0.069
0.069
0.068
0.067
0.038
0.069
0.078
0.040
0.034
0.053
0.069
0.066
0.067
0.035
0.069
0.057
0.066
0.069
0.065
0.071
0.057
0.062
0.069
0.070
0.068
0.070
0.070
0.071
0.034
0.054
0.069
0.056
0.039
0.036
0.069
0.075
0.053
0.038
0.036
0.056
0.068
0.056
0.056
0.067
0.069
0.063
0.066
0.070
0.066
0.056
0.055
0.057
0.038
0.056
0.069
0.069
0.038
0.031
0.068
0.070
0.055
0.055
0.038
0.067
0.055
0.038
0.056
0.048
0.069
0.039
0.038
