0.064
0.026
0.037
0.032
0.029
0.052
0.052
0.050
0.054
0.052
0.027
0.026
0.052
0.049
0.026
0.049
0.051
0.026
0.042
0.028
0.049
0.026
0.025
0.050
0.026
0.026
0.051
0.028
0.031
0.024
0.028
0.048
0.028
0.028
0.061
0.026
0.027
0.049
0.049
0.050
0.049
0.049
0.029
0.028
0.053
0.051
0.050
0.028
0.053
0.049
0.025
0.049
0.027
0.050
0.027
0.048
0.027
0.025
0.024
0.049
0.051
0.027
0.022
0.026
0.049
0.048
0.060
0.049
0.024
0.025
0.021
0.026
0.050
0.051
0.020
0.051
0.050
0.019
0.027
0.050
0.027
0.026
0.027
0.026
0.025
0.024
0.050
0.049
0.028
0.026
0.048
0.026
0.051
0.027
0.026
0.041
0.026
0.026
0.027
0.027
0.049
0.026
0.028
0.050
0.051
0.025
0.026
0.048
0.027
0.049
0.053
0.026
0.027
0.049
0.027
0.048
0.043
0.025
0.050
0.048
0.024
0.026
0.044
0.025
0.026
0.022
0.050
0.048
0.050
0.046
0.021
0.050
0.049
0.050
0.051
0.027
0.028
0.025
0.026
0.048
0.023
0.049
0.194
0.049
0.027
0.049
0.050
0.050
0.027
0.025
0.061
0.052
0.048
0.052
0.049
0.048
0.026
0.028
0.026
0.049
0.025
0.026
0.026
0.048
0.067
0.026
0.049
0.027
0.050
0.048
0.049
0.025
0.027
0.027
0.051
0.022
0.026
0.048
0.050
0.045
0.046
0.048
0.025
0.048
0.028
0.025
0.026
0.026
0.049
0.048
0.048
0.027
0.052
0.051
0.026
0.028
0.027
0.049
0.051
0.050
