0.091
0.034
0.052
0.025
0.059
0.053
0.050
0.048
0.039
0.033
0.052
0.023
0.051
0.050
0.021
0.028
0.051
0.027
0.025
0.047
0.036
0.057
0.051
0.025
0.027
0.023
0.049
0.048
0.050
0.026
0.049
0.048
0.058
0.031
0.055
0.050
0.051
0.049
0.056
0.050
0.051
0.056
0.050
0.024
0.057
0.034
0.050
0.029
0.027
0.048
0.025
0.048
0.026
0.024
0.049
0.047
0.033
0.048
0.033
0.057
0.049
0.027
0.022
0.048
0.050
0.049
0.051
0.048
0.068
0.057
0.021
0.027
0.026
0.048
0.050
0.048
0.050
0.021
0.051
0.026
0.053
0.025
0.022
0.025
0.051
0.023
0.027
0.045
0.049
0.025
0.047
0.048
0.030
0.050
0.050
0.027
0.051
0.025
0.026
0.026
0.025
0.052
0.041
0.048
0.037
0.057
0.027
0.050
0.049
0.049
0.050
0.048
0.023
0.048
0.049
0.049
0.036
0.051
0.027
0.049
0.027
0.025
0.025
0.048
0.051
0.050
0.049
0.057
0.037
0.026
0.044
0.049
0.051
0.020
0.030
0.047
0.050
0.048
0.024
0.048
0.035
0.055
0.049
0.025
0.022
0.025
0.050
0.052
0.060
0.047
0.048
0.048
0.037
0.031
0.050
0.047
0.027
0.050
0.047
0.048
0.050
0.058
0.025
0.046
0.037
0.057
0.026
0.025
0.024
0.050
0.049
0.049
0.025
0.025
0.050
0.025
0.032
0.024
0.048
0.049
0.050
0.026
0.050
0.047
0.051
0.026
0.050
0.059
0.037
0.033
0.046
0.026
0.050
0.050
0.051
0.051
0.027
0.026
0.024
0.049
