0.094
0.093
0.069
0.054
0.045
0.080
0.043
0.068
0.068
0.039
0.071
0.070
0.067
0.065
0.069
0.037
0.036
0.068
0.034
0.054
0.033
0.034
0.031
0.068
0.070
0.026
0.033
0.069
0.069
0.036
0.067
0.033
0.068
0.035
0.035
0.033
0.035
0.068
0.073
0.037
0.060
0.069
0.067
0.065
0.035
0.037
0.036
0.068
0.079
0.034
0.068
0.069
0.068
0.060
0.037
0.033
0.034
0.036
0.066
0.068
0.036
0.035
0.036
0.070
0.070
0.036
0.070
0.071
0.034
0.072
0.035
0.037
0.037
0.065
0.036
0.072
0.036
0.065
0.038
0.045
0.063
0.069
0.069
0.032
0.069
0.033
0.036
0.070
0.069
0.069
0.053
0.067
0.069
0.067
0.027
0.070
0.039
0.034
0.034
0.070
0.033
0.068
0.034
0.065
0.036
0.037
0.070
0.053
0.036
0.052
0.070
0.069
0.033
0.032
0.054
0.034
0.040
0.067
0.033
0.069
0.033
0.036
0.037
0.071
0.037
0.069
0.035
0.069
0.067
0.036
0.029
0.064
0.071
0.033
0.036
0.028
0.035
0.071
0.041
0.034
0.068
0.036
0.071
0.067
0.036
0.069
0.072
0.037
0.065
0.037
0.034
0.068
0.065
0.030
0.035
0.036
0.035
0.035
0.040
0.072
0.066
0.069
0.070
0.069
0.069
0.070
0.073
0.052
0.070
0.069
0.035
0.035
0.036
0.062
0.064
0.067
0.055
0.065
0.033
0.070
0.069
0.035
0.066
0.035
0.034
0.068
0.070
0.069
0.033
0.070
0.069
0.068
0.033
0.053
0.068
0.068
0.068
0.070
0.084
0.070
