0.066
0.026
0.064
0.046
0.030
0.031
0.050
0.031
0.027
0.027
0.028
0.048
0.045
0.026
0.043
0.062
0.050
0.059
0.048
0.044
0.049
0.050
0.050
0.048
0.042
0.027
0.049
0.065
0.046
0.044
0.063
0.040
0.028
0.025
0.025
0.048
0.048
0.049
0.027
0.048
0.048
0.048
0.051
0.027
0.021
0.049
0.027
0.044
0.056
0.047
0.049
0.049
0.049
0.038
0.071
0.026
0.048
0.051
0.045
0.026
0.044
0.043
0.048
0.050
0.048
0.050
0.049
0.048
0.044
0.031
0.048
0.050
0.044
0.046
0.047
0.064
0.049
0.027
0.026
0.025
0.048
0.027
0.043
0.043
0.049
0.050
0.062
0.044
0.042
0.045
0.065
0.050
0.049
0.061
0.046
0.043
0.027
0.047
0.025
0.026
0.049
0.069
0.042
0.062
0.049
0.044
0.044
0.048
0.027
0.024
0.062
0.049
0.027
0.047
0.026
0.045
0.050
0.045
0.027
0.048
0.050
0.049
0.044
0.048
0.046
0.028
0.048
0.048
0.043
0.063
0.048
0.048
0.049
0.048
0.042
0.049
0.047
0.048
0.027
0.041
0.027
0.046
0.044
0.047
0.065
0.061
0.060
0.066
0.046
0.043
0.045
0.050
0.049
0.027
0.048
0.044
0.050
0.027
0.045
0.027
0.048
0.044
0.022
0.061
0.025
0.060
0.050
0.053
0.052
0.045
0.061
0.046
0.027
0.026
0.047
0.043
0.055
0.050
0.049
0.049
0.044
0.048
0.048
0.051
0.051
0.051
0.050
0.046
0.043
0.045
0.044
0.029
0.028
0.023
0.048
0.044
0.064
0.049
0.045
0.046
