0.071
0.021
0.044
0.031
0.030
0.050
0.045
0.029
0.052
0.049
0.054
0.023
0.051
0.027
0.045
0.058
0.050
0.023
0.049
0.025
0.049
0.027
0.049
0.027
0.031
0.050
0.051
0.047
0.051
0.050
0.051
0.025
0.054
0.042
0.031
0.051
0.028
0.050
0.048
0.024
0.049
0.049
0.026
0.025
0.030
0.049
0.050
0.049
0.022
0.027
0.053
0.053
0.026
0.047
0.031
0.029
0.052
0.048
0.049
0.023
0.051
0.051
0.052
0.048
0.048
0.049
0.049
0.024
0.049
0.062
0.020
0.027
0.050
0.048
0.024
0.027
0.050
0.047
0.050
0.024
0.050
0.050
0.026
0.049
0.047
0.022
0.050
0.049
0.024
0.049
0.051
0.025
0.025
0.030
0.025
0.049
0.050
0.024
0.027
0.048
0.052
0.029
0.029
0.026
0.048
0.051
0.026
0.050
0.052
0.020
0.050
0.026
0.050
0.255
0.020
0.049
0.050
0.047
0.026
0.047
0.020
0.049
0.057
0.029
0.024
0.026
0.024
0.051
0.023
0.023
0.050
0.026
0.027
0.028
0.046
0.027
0.026
0.026
0.025
0.025
0.049
0.048
0.025
0.049
0.024
0.050
0.051
0.026
0.025
0.022
0.049
0.049
0.048
0.048
0.048
0.025
0.026
0.027
0.027
0.050
0.026
0.026
0.048
0.048
0.027
0.050
0.027
0.025
0.026
0.050
0.051
0.049
0.051
0.029
0.048
0.050
0.051
0.026
0.058
0.049
0.051
0.027
0.051
0.029
0.026
0.019
0.045
0.049
0.026
0.055
0.052
0.050
0.051
0.029
0.026
0.049
0.049
0.024
0.050
0.047
