0.056
0.026
0.026
0.025
0.027
0.058
0.057
0.028
0.049
0.051
0.026
0.024
0.026
0.057
0.026
0.050
0.024
0.048
0.056
0.024
0.019
0.025
0.023
0.024
0.024
0.024
0.024
0.025
0.058
0.031
0.050
0.047
0.026
0.027
0.048
0.049
0.050
0.027
0.025
0.050
0.020
0.048
0.026
0.026
0.025
0.050
0.025
0.048
0.023
0.048
0.027
0.049
0.052
0.026
0.050
0.049
0.023
0.028
0.026
0.047
0.047
0.027
0.048
0.049
0.024
0.025
0.047
0.024
0.048
0.025
0.023
0.049
0.026
0.047
0.025
0.022
0.023
0.046
0.049
0.047
0.050
0.049
0.025
0.026
0.027
0.047
0.047
0.055
0.026
0.049
0.049
0.047
0.024
0.051
0.025
0.050
0.048
0.047
0.066
0.026
0.025
0.025
0.050
0.049
0.025
0.027
0.048
0.049
0.025
0.052
0.051
0.048
0.049
0.027
0.049
0.048
0.047
0.043
0.048
0.059
0.047
0.026
0.047
0.020
0.050
0.022
0.050
0.050
0.050
0.025
0.049
0.028
0.028
0.049
0.050
0.027
0.048
0.048
0.053
0.049
0.025
0.048
0.055
0.027
0.027
0.049
0.024
0.025
0.025
0.026
0.026
0.026
0.048
0.026
0.026
0.049
0.024
0.028
0.025
0.027
0.024
0.024
0.045
0.026
0.047
0.050
0.024
0.063
0.050
0.050
0.026
0.026
0.043
0.060
0.057
0.025
0.049
0.050
0.027
0.049
0.050
0.049
0.025
0.050
0.049
0.026
0.025
0.052
0.049
0.050
0.047
0.048
0.025
0.049
0.048
0.048
0.049
0.025
0.026
0.051
