0.141
0.044
0.034
0.036
0.037
0.035
0.035
0.052
0.082
0.079
0.069
0.034
0.070
0.070
0.069
0.071
0.063
0.033
0.068
0.065
0.068
0.065
0.065
0.068
0.033
0.068
0.033
0.027
0.037
0.036
0.037
0.031
0.070
0.037
0.069
0.038
0.037
0.067
0.035
0.072
0.070
0.043
0.041
0.069
0.037
0.035
0.073
0.070
0.069
0.070
0.032
0.067
0.069
0.069
0.035
0.036
0.035
0.035
0.068
0.069
0.070
0.067
0.062
0.073
0.070
0.037
0.034
0.033
0.069
0.034
0.070
0.070
0.070
0.072
0.069
0.085
0.069
0.067
0.072
0.035
0.035
0.070
0.068
0.071
0.037
0.069
0.071
0.037
0.065
0.035
0.039
0.038
0.069
0.069
0.034
0.068
0.034
0.058
0.068
0.062
0.068
0.065
0.067
0.068
0.033
0.035
0.036
0.065
0.037
0.055
0.037
0.034
0.065
0.069
0.069
0.060
0.046
0.034
0.041
0.065
0.037
0.069
0.035
0.038
0.070
0.071
0.073
0.066
0.038
0.061
0.069
0.037
0.038
0.035
0.070
0.035
0.034
0.033
0.072
0.035
0.038
0.038
0.069
0.035
0.070
0.035
0.066
0.070
0.068
0.065
0.070
0.033
0.072
0.037
0.069
0.034
0.047
0.032
0.034
0.034
0.068
0.037
0.068
0.070
0.066
0.070
0.033
0.033
0.070
0.066
0.110
0.034
0.068
0.032
0.035
0.069
0.072
0.066
0.068
0.026
0.082
0.035
0.069
0.069
0.068
0.068
0.067
0.065
0.069
0.034
0.036
0.068
0.037
0.035
0.070
0.030
0.067
0.070
0.050
0.034
