0.097
0.046
0.037
0.047
0.084
0.038
0.037
0.070
0.039
0.069
0.071
0.069
0.038
0.070
0.070
0.035
0.037
0.069
0.069
0.073
0.071
0.072
0.071
0.069
0.070
0.037
0.070
0.079
0.039
0.070
0.070
0.034
0.071
0.038
0.070
0.036
0.069
0.069
0.085
0.037
0.037
0.034
0.071
0.070
0.084
0.070
0.029
0.070
0.037
0.035
0.070
0.038
0.072
0.039
0.036
0.040
0.074
0.037
0.071
0.071
0.036
0.074
0.090
0.039
0.035
0.069
0.080
0.038
0.035
0.036
0.037
0.035
0.071
0.029
0.038
0.036
0.070
0.033
0.040
0.070
0.056
0.035
0.085
0.036
0.031
0.070
0.073
0.070
0.073
0.071
0.069
0.036
0.071
0.071
0.064
0.070
0.036
0.069
0.035
0.069
0.076
0.070
0.069
0.069
0.069
0.053
0.035
0.068
0.035
0.057
0.036
0.078
0.072
0.071
0.036
0.035
0.033
0.037
0.071
0.061
0.069
0.071
0.035
0.035
0.071
0.076
0.033
0.071
0.071
0.069
0.037
0.062
0.071
0.070
0.028
0.069
0.038
0.072
0.035
0.070
0.069
0.033
0.036
0.035
0.036
0.069
0.067
0.068
0.040
0.075
0.074
0.035
0.042
0.069
0.071
0.070
0.038
0.070
0.071
0.038
0.038
0.069
0.036
0.035
0.040
0.037
0.072
0.037
0.064
0.068
0.035
0.033
0.069
0.054
0.075
0.069
0.033
0.068
0.036
0.036
0.070
0.034
0.074
0.068
0.035
0.055
0.069
0.035
0.069
0.035
0.036
0.070
0.036
0.036
0.036
0.036
0.033
0.028
0.061
0.034
