0.057
0.027
0.038
0.025
0.028
0.027
0.022
0.028
0.022
0.028
0.052
0.029
0.051
0.023
0.055
0.050
0.026
0.048
0.050
0.025
0.026
0.019
0.026
0.027
0.044
0.026
0.024
0.026
0.028
0.024
0.026
0.025
0.026
0.048
0.027
0.026
0.049
0.049
0.026
0.048
0.025
0.048
0.051
0.027
0.027
0.050
0.049
0.049
0.049
0.026
0.027
0.025
0.028
0.046
0.026
0.025
0.025
0.025
0.052
0.026
0.049
0.026
0.027
0.048
0.049
0.048
0.026
0.025
0.028
0.028
0.026
0.049
0.049
0.025
0.026
0.025
0.026
0.049
0.027
0.050
0.020
0.048
0.073
0.026
0.028
0.051
0.049
0.050
0.026
0.047
0.058
0.062
0.050
0.049
0.048
0.050
0.051
0.051
0.051
0.026
0.026
0.047
0.052
0.050
0.051
0.025
0.025
0.050
0.029
0.025
0.027
0.025
0.026
0.027
0.027
0.048
0.051
0.052
0.028
0.048
0.050
0.051
0.027
0.028
0.057
0.027
0.052
0.027
0.049
0.049
0.027
0.049
0.026
0.046
0.049
0.025
0.025
0.025
0.049
0.049
0.026
0.051
0.027
0.047
0.026
0.048
0.025
0.027
0.057
0.052
0.049
0.019
0.050
0.026
0.045
0.026
0.056
0.048
0.050
0.058
0.027
0.029
0.026
0.051
0.023
0.025
0.023
0.025
0.028
0.024
0.044
0.047
0.051
0.050
0.027
0.049
0.052
0.051
0.028
0.023
0.049
0.049
0.050
0.046
0.026
0.050
0.051
0.025
0.027
0.022
0.029
0.025
0.051
0.050
0.051
0.042
0.051
0.027
0.027
0.050
