0.076
0.026
0.035
0.034
0.029
0.050
0.018
0.064
0.031
0.028
0.029
0.048
0.027
0.019
0.049
0.051
0.019
0.020
0.059
0.027
0.019
0.046
0.049
0.048
0.026
0.046
0.021
0.019
0.048
0.049
0.026
0.048
0.023
0.026
0.048
0.024
0.050
0.029
0.047
0.030
0.026
0.048
0.027
0.050
0.026
0.049
0.047
0.028
0.024
0.048
0.049
0.049
0.047
0.024
0.028
0.049
0.049
0.028
0.049
0.023
0.027
0.025
0.046
0.050
0.049
0.047
0.047
0.022
0.028
0.026
0.024
0.025
0.048
0.266
0.027
0.029
0.024
0.049
0.049
0.050
0.026
0.025
0.048
0.028
0.026
0.043
0.019
0.026
0.029
0.047
0.050
0.026
0.050
0.029
0.027
0.026
0.051
0.049
0.047
0.049
0.026
0.048
0.025
0.023
0.050
0.048
0.049
0.050
0.029
0.049
0.025
0.025
0.048
0.047
0.026
0.048
0.017
0.030
0.041
0.029
0.030
0.059
0.048
0.028
0.024
0.025
0.028
0.025
0.047
0.026
0.026
0.025
0.026
0.044
0.025
0.047
0.050
0.029
0.024
0.026
0.064
0.057
0.029
0.047
0.052
0.048
0.049
0.019
0.047
0.027
0.025
0.037
0.026
0.042
0.049
0.025
0.025
0.048
0.024
0.050
0.050
0.049
0.048
0.026
0.049
0.025
0.047
0.031
0.025
0.050
0.025
0.029
0.049
0.049
0.027
0.024
0.031
0.052
0.046
0.049
0.025
0.058
0.047
0.046
0.049
0.023
0.025
0.026
0.049
0.050
0.026
0.025
0.049
0.059
0.049
0.048
0.024
0.020
0.024
0.045
