0.054
0.045
0.024
0.051
0.052
0.051
0.052
0.064
0.051
0.029
0.026
0.024
0.026
0.028
0.050
0.028
0.044
0.022
0.050
0.025
0.023
0.027
0.026
0.027
0.028
0.049
0.022
0.027
0.051
0.025
0.026
0.026
0.051
0.048
0.025
0.030
0.059
0.049
0.050
0.051
0.053
0.049
0.050
0.025
0.024
0.026
0.050
0.052
0.028
0.049
0.029
0.026
0.051
0.051
0.025
0.049
0.050
0.027
0.049
0.027
0.027
0.050
0.051
0.024
0.027
0.028
0.026
0.026
0.042
0.026
0.049
0.049
0.028
0.028
0.025
0.052
0.029
0.050
0.049
0.026
0.049
0.051
0.026
0.049
0.050
0.027
0.027
0.051
0.027
0.056
0.052
0.050
0.051
0.027
0.052
0.052
0.052
0.052
0.031
0.030
0.051
0.050
0.054
0.029
0.027
0.050
0.051
0.029
0.051
0.028
0.053
0.052
0.052
0.027
0.051
0.052
0.050
0.050
0.028
0.051
0.051
0.052
0.050
0.049
0.050
0.058
0.051
0.057
0.027
0.043
0.050
0.026
0.049
0.059
0.026
0.027
0.050
0.026
0.052
0.052
0.051
0.050
0.026
0.050
0.026
0.026
0.028
0.052
0.052
0.050
0.027
0.052
0.051
0.050
0.026
0.048
0.050
0.050
0.049
0.050
0.026
0.026
0.050
0.050
0.021
0.050
0.049
0.027
0.026
0.026
0.027
0.051
0.051
0.026
0.027
0.049
0.029
0.051
0.028
0.050
0.052
0.061
0.051
0.050
0.027
0.051
0.026
0.042
0.059
0.050
0.027
0.027
0.061
0.027
0.026
0.050
0.050
0.049
0.026
0.052
