0.080
0.045
0.035
0.035
0.037
0.082
0.084
0.066
0.028
0.051
0.082
0.034
0.074
0.073
0.034
0.070
0.065
0.066
0.036
0.065
0.034
0.048
0.044
0.063
0.070
0.068
0.068
0.031
0.068
0.032
0.037
0.064
0.064
0.081
0.031
0.068
0.070
0.070
0.086
0.034
0.036
0.033
0.037
0.035
0.067
0.082
0.042
0.066
0.073
0.069
0.036
0.035
0.067
0.037
0.070
0.067
0.068
0.076
0.046
0.066
0.070
0.070
0.066
0.037
0.066
0.068
0.035
0.064
0.067
0.050
0.069
0.067
0.035
0.047
0.034
0.069
0.065
0.064
0.068
0.032
0.068
0.064
0.033
0.037
0.068
0.069
0.068
0.037
0.068
0.049
0.037
0.065
0.035
0.035
0.038
0.071
0.067
0.035
0.068
0.065
0.035
0.032
0.034
0.068
0.032
0.082
0.075
0.065
0.069
0.035
0.068
0.031
0.032
0.036
0.032
0.069
0.072
0.052
0.034
0.066
0.069
0.070
0.029
0.036
0.037
0.059
0.027
0.062
0.035
0.040
0.084
0.066
0.069
0.042
0.075
0.070
0.065
0.050
0.070
0.065
0.034
0.086
0.042
0.035
0.033
0.037
0.078
0.034
0.068
0.034
0.080
0.064
0.059
0.051
0.075
0.068
0.068
0.066
0.034
0.041
0.068
0.033
0.069
0.066
0.067
0.048
0.076
0.027
0.069
0.068
0.068
0.067
0.065
0.037
0.072
0.068
0.067
0.095
0.046
0.071
0.070
0.035
0.070
0.040
0.032
0.070
0.026
0.065
0.069
0.052
0.083
0.065
0.037
0.082
0.034
0.086
0.040
0.034
0.042
0.075
