0.081
0.046
0.034
0.037
0.055
0.046
0.072
0.035
0.082
0.078
0.073
0.037
0.069
0.070
0.086
0.036
0.078
0.071
0.071
0.069
0.033
0.038
0.031
0.069
0.037
0.058
0.039
0.070
0.035
0.069
0.031
0.068
0.036
0.068
0.037
0.033
0.072
0.033
0.038
0.067
0.070
0.069
0.034
0.070
0.035
0.027
0.036
0.070
0.071
0.031
0.037
0.038
0.037
0.036
0.032
0.069
0.071
0.025
0.036
0.036
0.039
0.068
0.071
0.071
0.034
0.069
0.069
0.033
0.069
0.037
0.072
0.035
0.069
0.068
0.036
0.026
0.036
0.037
0.037
0.031
0.070
0.035
0.069
0.035
0.036
0.035
0.069
0.070
0.071
0.069
0.072
0.068
0.035
0.071
0.038
0.027
0.027
0.069
0.036
0.068
0.036
0.035
0.070
0.037
0.071
0.037
0.073
0.071
0.069
0.071
0.037
0.036
0.071
0.069
0.069
0.035
0.036
0.069
0.069
0.068
0.035
0.036
0.070
0.068
0.071
0.034
0.035
0.069
0.069
0.034
0.032
0.068
0.072
0.038
0.037
0.068
0.036
0.070
0.069
0.036
0.071
0.070
0.035
0.036
0.069
0.034
0.036
0.033
0.036
0.069
0.058
0.036
0.070
0.037
0.038
0.033
0.052
0.071
0.068
0.033
0.070
0.069
0.070
0.038
0.081
0.066
0.070
0.070
0.036
0.037
0.059
0.036
0.069
0.069
0.034
0.068
0.036
0.033
0.067
0.069
0.035
0.035
0.034
0.068
0.069
0.035
0.036
0.035
0.036
0.035
0.057
0.068
0.068
0.067
0.069
0.033
0.035
0.070
0.061
0.069
