0.092
0.060
0.051
0.030
0.028
0.053
0.029
0.053
0.029
0.029
0.029
0.027
0.028
0.051
0.043
0.026
0.052
0.052
0.027
0.048
0.020
0.026
0.049
0.053
0.028
0.023
0.028
0.026
0.052
0.024
0.051
0.050
0.052
0.048
0.049
0.026
0.027
0.052
0.026
0.050
0.046
0.028
0.048
0.042
0.029
0.054
0.027
0.026
0.050
0.049
0.028
0.028
0.052
0.050
0.027
0.026
0.051
0.050
0.053
0.052
0.051
0.028
0.023
0.028
0.050
0.050
0.049
0.050
0.026
0.050
0.026
0.046
0.051
0.020
0.049
0.051
0.024
0.026
0.050
0.049
0.049
0.024
0.052
0.028
0.049
0.051
0.050
0.050
0.060
0.027
0.026
0.026
0.049
0.050
0.065
0.050
0.046
0.051
0.029
0.021
0.052
0.050
0.030
0.027
0.049
0.024
0.026
0.027
0.051
0.051
0.026
0.026
0.026
0.027
0.052
0.026
0.049
0.025
0.051
0.050
0.050
0.050
0.050
0.025
0.050
0.051
0.029
0.027
0.026
0.029
0.188
0.051
0.027
0.026
0.053
0.028
0.023
0.050
0.028
0.027
0.027
0.026
0.026
0.026
0.027
0.050
0.026
0.049
0.026
0.050
0.051
0.026
0.043
0.051
0.062
0.051
0.052
0.050
0.051
0.050
0.051
0.050
0.027
0.027
0.050
0.026
0.050
0.049
0.026
0.026
0.026
0.049
0.050
0.025
0.027
0.046
0.027
0.028
0.052
0.051
0.051
0.028
0.051
0.051
0.052
0.026
0.026
0.051
0.027
0.051
0.052
0.027
0.050
0.026
0.026
0.026
0.026
0.050
0.050
0.049
