0.080
0.043
0.035
0.035
0.048
0.046
0.038
0.038
0.073
0.071
0.084
0.071
0.035
0.036
0.036
0.056
0.069
0.034
0.070
0.036
0.035
0.071
0.036
0.038
0.056
0.068
0.083
0.068
0.037
0.040
0.040
0.070
0.035
0.036
0.069
0.059
0.069
0.034
0.070
0.069
0.026
0.069
0.037
0.037
0.070
0.065
0.035
0.069
0.069
0.068
0.033
0.064
0.037
0.069
0.036
0.066
0.069
0.067
0.070
0.029
0.070
0.038
0.070
0.037
0.035
0.068
0.069
0.067
0.074
0.069
0.036
0.069
0.037
0.070
0.031
0.081
0.039
0.036
0.071
0.071
0.035
0.068
0.057
0.071
0.037
0.068
0.073
0.069
0.039
0.035
0.067
0.035
0.069
0.035
0.035
0.067
0.036
0.035
0.069
0.026
0.042
0.037
0.066
0.069
0.070
0.033
0.036
0.069
0.069
0.068
0.071
0.068
0.034
0.069
0.036
0.065
0.073
0.068
0.071
0.038
0.034
0.071
0.034
0.072
0.065
0.038
0.038
0.069
0.072
0.070
0.033
0.068
0.067
0.072
0.060
0.083
0.069
0.032
0.067
0.032
0.036
0.068
0.067
0.034
0.069
0.068
0.069
0.032
0.045
0.078
0.069
0.068
0.034
0.068
0.053
0.032
0.070
0.065
0.075
0.070
0.071
0.071
0.067
0.052
0.038
0.066
0.036
0.035
0.036
0.036
0.033
0.036
0.027
0.036
0.041
0.035
0.069
0.034
0.037
0.068
0.036
0.068
0.069
0.032
0.037
0.033
0.070
0.068
0.071
0.068
0.035
0.037
0.033
0.052
0.036
0.068
0.036
0.033
0.069
0.037
