0.070
0.057
0.051
0.026
0.048
0.050
0.028
0.022
0.053
0.028
0.026
0.027
0.049
0.048
0.026
0.025
0.055
0.024
0.050
0.048
0.026
0.056
0.024
0.026
0.051
0.062
0.030
0.025
0.054
0.052
0.050
0.049
0.050
0.048
0.027
0.049
0.050
0.024
0.051
0.026
0.050
0.025
0.025
0.060
0.051
0.049
0.051
0.024
0.025
0.055
0.050
0.048
0.055
0.049
0.027
0.050
0.050
0.025
0.027
0.026
0.025
0.048
0.025
0.049
0.050
0.049
0.025
0.023
0.050
0.048
0.028
0.026
0.050
0.049
0.049
0.055
0.026
0.048
0.050
0.045
0.048
0.049
0.048
0.027
0.050
0.026
0.026
0.047
0.050
0.027
0.049
0.048
0.051
0.026
0.025
0.048
0.047
0.047
0.049
0.025
0.050
0.049
0.027
0.050
0.051
0.027
0.027
0.052
0.027
0.060
0.052
0.046
0.050
0.049
0.027
0.025
0.049
0.025
0.026
0.026
0.049
0.048
0.042
0.025
0.026
0.025
0.026
0.026
0.025
0.026
0.051
0.029
0.052
0.025
0.052
0.050
0.050
0.049
0.027
0.026
0.027
0.025
0.051
0.049
0.028
0.026
0.026
0.048
0.021
0.047
0.051
0.025
0.049
0.026
0.026
0.048
0.049
0.047
0.026
0.049
0.050
0.050
0.026
0.027
0.047
0.025
0.051
0.027
0.051
0.048
0.047
0.049
0.048
0.053
0.048
0.026
0.027
0.025
0.029
0.050
0.026
0.049
0.027
0.050
0.027
0.025
0.050
0.051
0.028
0.026
0.049
0.024
0.026
0.049
0.027
0.049
0.028
0.024
0.049
0.026
