0.086
0.050
0.036
0.035
0.080
0.047
0.070
0.068
0.041
0.039
0.070
0.034
0.071
0.069
0.035
0.068
0.037
0.036
0.038
0.038
0.069
0.069
0.065
0.070
0.031
0.070
0.073
0.065
0.038
0.067
0.037
0.031
0.034
0.069
0.071
0.070
0.081
0.037
0.037
0.033
0.036
0.068
0.060
0.036
0.036
0.037
0.069
0.033
0.035
0.037
0.068
0.033
0.037
0.037
0.035
0.069
0.069
0.035
0.035
0.035
0.072
0.033
0.036
0.068
0.071
0.069
0.069
0.035
0.032
0.070
0.078
0.029
0.065
0.030
0.070
0.071
0.037
0.034
0.069
0.037
0.036
0.036
0.071
0.036
0.035
0.072
0.069
0.068
0.037
0.070
0.073
0.079
0.072
0.038
0.035
0.067
0.070
0.073
0.079
0.070
0.070
0.033
0.073
0.037
0.036
0.036
0.040
0.069
0.037
0.065
0.070
0.033
0.037
0.033
0.036
0.033
0.070
0.029
0.027
0.036
0.035
0.066
0.069
0.068
0.068
0.037
0.066
0.068
0.068
0.061
0.036
0.068
0.038
0.037
0.070
0.033
0.033
0.070
0.069
0.071
0.036
0.070
0.070
0.037
0.036
0.069
0.071
0.069
0.070
0.037
0.068
0.035
0.036
0.072
0.036
0.066
0.081
0.080
0.039
0.076
0.070
0.066
0.037
0.035
0.069
0.036
0.063
0.068
0.044
0.041
0.037
0.033
0.071
0.070
0.071
0.034
0.034
0.063
0.070
0.068
0.069
0.033
0.036
0.067
0.039
0.031
0.032
0.067
0.038
0.036
0.077
0.067
0.038
0.070
0.071
0.068
0.036
0.030
0.036
0.035
