0.147
0.046
0.036
0.079
0.084
0.039
0.071
0.076
0.080
0.073
0.060
0.069
0.031
0.072
0.032
0.037
0.071
0.039
0.036
0.072
0.036
0.032
0.036
0.081
0.069
0.067
0.069
0.069
0.037
0.031
0.054
0.071
0.038
0.067
0.035
0.028
0.037
0.058
0.055
0.038
0.036
0.036
0.035
0.070
0.036
0.038
0.070
0.036
0.072
0.038
0.072
0.037
0.035
0.035
0.069
0.084
0.035
0.075
0.067
0.036
0.070
0.036
0.037
0.069
0.058
0.038
0.038
0.037
0.075
0.036
0.036
0.036
0.036
0.036
0.035
0.070
0.039
0.073
0.031
0.067
0.028
0.028
0.036
0.036
0.037
0.074
0.070
0.027
0.028
0.037
0.036
0.036
0.063
0.069
0.069
0.035
0.038
0.070
0.036
0.034
0.038
0.036
0.058
0.039
0.067
0.070
0.070
0.085
0.036
0.035
0.035
0.043
0.071
0.035
0.036
0.036
0.037
0.038
0.037
0.028
0.036
0.069
0.037
0.070
0.031
0.036
0.036
0.030
0.037
0.070
0.030
0.071
0.073
0.070
0.038
0.071
0.036
0.036
0.083
0.074
0.038
0.038
0.076
0.070
0.070
0.038
0.072
0.036
0.037
0.037
0.038
0.030
0.036
0.035
0.031
0.054
0.071
0.036
0.072
0.038
0.032
0.038
0.068
0.035
0.070
0.070
0.036
0.035
0.068
0.077
0.036
0.069
0.034
0.034
0.038
0.032
0.036
0.037
0.037
0.072
0.070
0.070
0.068
0.071
0.069
0.093
0.070
0.035
0.034
0.037
0.036
0.039
0.037
0.036
0.035
0.039
0.039
0.068
0.073
0.037
