0.045
0.025
0.059
0.057
0.027
0.050
0.027
0.051
0.053
0.051
0.028
0.027
0.050
0.024
0.061
0.049
0.027
0.027
0.028
0.051
0.050
0.024
0.050
0.022
0.026
0.026
0.048
0.052
0.051
0.050
0.061
0.053
0.026
0.025
0.052
0.026
0.052
0.029
0.027
0.026
0.050
0.025
0.052
0.049
0.022
0.050
0.025
0.025
0.024
0.024
0.046
0.026
0.050
0.027
0.028
0.050
0.049
0.049
0.028
0.027
0.026
0.049
0.049
0.026
0.026
0.042
0.025
0.051
0.049
0.026
0.025
0.025
0.049
0.025
0.043
0.049
0.051
0.026
0.050
0.027
0.050
0.025
0.049
0.047
0.049
0.026
0.051
0.047
0.048
0.027
0.020
0.025
0.026
0.025
0.026
0.025
0.028
0.026
0.048
0.028
0.049
0.047
0.049
0.025
0.050
0.019
0.052
0.049
0.027
0.050
0.026
0.047
0.025
0.025
0.050
0.050
0.050
0.051
0.029
0.051
0.051
0.028
0.030
0.024
0.060
0.031
0.050
0.050
0.051
0.027
0.049
0.020
0.027
0.025
0.050
0.028
0.045
0.025
0.049
0.027
0.051
0.049
0.027
0.042
0.051
0.051
0.050
0.025
0.049
0.025
0.026
0.047
0.050
0.050
0.051
0.051
0.025
0.051
0.060
0.049
0.046
0.048
0.026
0.047
0.049
0.025
0.049
0.050
0.050
0.025
0.050
0.047
0.050
0.050
0.027
0.049
0.026
0.050
0.049
0.025
0.050
0.047
0.026
0.049
0.052
0.050
0.026
0.050
0.026
0.024
0.026
0.049
0.050
0.026
0.050
0.025
0.025
0.026
0.049
0.048
