0.127
0.045
0.035
0.035
0.035
0.034
0.035
0.049
0.079
0.035
0.034
0.071
0.038
0.032
0.068
0.038
0.066
0.037
0.066
0.065
0.032
0.071
0.037
0.035
0.071
0.036
0.034
0.036
0.033
0.070
0.038
0.036
0.068
0.072
0.068
0.035
0.079
0.068
0.071
0.071
0.035
0.032
0.065
0.034
0.036
0.034
0.035
0.069
0.034
0.066
0.050
0.070
0.069
0.065
0.068
0.069
0.040
0.037
0.031
0.034
0.070
0.035
0.035
0.067
0.034
0.035
0.081
0.036
0.028
0.066
0.035
0.069
0.035
0.068
0.027
0.057
0.034
0.036
0.070
0.027
0.049
0.067
0.036
0.031
0.071
0.068
0.033
0.075
0.070
0.033
0.070
0.067
0.064
0.041
0.042
0.070
0.070
0.035
0.068
0.034
0.068
0.082
0.035
0.035
0.037
0.035
0.069
0.068
0.035
0.033
0.035
0.069
0.036
0.024
0.065
0.032
0.037
0.051
0.033
0.066
0.037
0.036
0.040
0.037
0.026
0.035
0.071
0.054
0.069
0.069
0.033
0.069
0.035
0.068
0.065
0.069
0.066
0.038
0.036
0.030
0.034
0.035
0.030
0.066
0.067
0.068
0.069
0.069
0.066
0.068
0.036
0.070
0.069
0.068
0.065
0.036
0.071
0.070
0.056
0.070
0.070
0.066
0.035
0.033
0.075
0.057
0.069
0.069
0.072
0.070
0.071
0.035
0.069
0.036
0.057
0.036
0.035
0.058
0.068
0.035
0.036
0.070
0.039
0.036
0.070
0.040
0.069
0.072
0.042
0.066
0.036
0.069
0.036
0.070
0.035
0.037
0.068
0.069
0.066
0.033
