0.086
0.021
0.056
0.033
0.051
0.021
0.028
0.051
0.028
0.029
0.051
0.049
0.051
0.045
0.049
0.024
0.026
0.026
0.050
0.048
0.049
0.047
0.049
0.048
0.051
0.049
0.024
0.026
0.048
0.047
0.025
0.022
0.025
0.050
0.051
0.047
0.047
0.054
0.022
0.026
0.025
0.047
0.026
0.025
0.044
0.023
0.047
0.049
0.049
0.049
0.023
0.049
0.028
0.026
0.047
0.026
0.048
0.052
0.049
0.026
0.048
0.024
0.049
0.026
0.050
0.051
0.051
0.025
0.049
0.050
0.045
0.047
0.050
0.025
0.046
0.049
0.024
0.025
0.049
0.063
0.047
0.048
0.048
0.025
0.049
0.049
0.025
0.050
0.025
0.048
0.050
0.047
0.048
0.048
0.049
0.021
0.026
0.025
0.025
0.048
0.026
0.024
0.051
0.046
0.050
0.026
0.025
0.049
0.026
0.029
0.021
0.049
0.027
0.049
0.020
0.048
0.049
0.051
0.047
0.024
0.027
0.045
0.026
0.026
0.048
0.019
0.026
0.023
0.019
0.050
0.026
0.047
0.052
0.051
0.048
0.050
0.049
0.049
0.049
0.024
0.047
0.050
0.025
0.021
0.026
0.049
0.050
0.050
0.049
0.049
0.021
0.047
0.048
0.049
0.026
0.026
0.049
0.049
0.049
0.023
0.048
0.048
0.047
0.025
0.050
0.021
0.049
0.046
0.030
0.049
0.054
0.050
0.027
0.048
0.026
0.024
0.048
0.026
0.048
0.049
0.021
0.047
0.026
0.050
0.047
0.046
0.050
0.049
0.019
0.051
0.048
0.049
0.026
0.050
0.023
0.027
0.024
0.025
0.048
0.021
