0.057
0.025
0.026
0.038
0.056
0.043
0.029
0.052
0.052
0.050
0.050
0.025
0.028
0.022
0.029
0.050
0.064
0.018
0.045
0.024
0.049
0.027
0.025
0.049
0.027
0.025
0.049
0.024
0.048
0.049
0.050
0.026
0.048
0.049
0.025
0.047
0.050
0.027
0.057
0.026
0.048
0.026
0.025
0.026
0.024
0.047
0.025
0.048
0.027
0.049
0.050
0.028
0.026
0.047
0.050
0.078
0.049
0.049
0.026
0.022
0.025
0.026
0.019
0.050
0.022
0.048
0.049
0.047
0.025
0.027
0.047
0.026
0.050
0.044
0.047
0.048
0.026
0.048
0.049
0.049
0.024
0.049
0.025
0.026
0.024
0.030
0.025
0.049
0.043
0.049
0.054
0.064
0.019
0.050
0.027
0.048
0.050
0.058
0.048
0.049
0.048
0.027
0.028
0.020
0.024
0.051
0.026
0.047
0.051
0.049
0.048
0.051
0.019
0.025
0.048
0.046
0.026
0.022
0.043
0.047
0.049
0.049
0.021
0.023
0.048
0.048
0.026
0.026
0.025
0.051
0.026
0.049
0.027
0.048
0.047
0.026
0.046
0.047
0.027
0.025
0.024
0.050
0.048
0.024
0.050
0.024
0.025
0.050
0.050
0.025
0.050
0.027
0.049
0.051
0.049
0.025
0.025
0.020
0.021
0.049
0.025
0.050
0.051
0.064
0.047
0.027
0.026
0.022
0.049
0.047
0.025
0.026
0.025
0.049
0.029
0.049
0.049
0.024
0.029
0.029
0.025
0.049
0.020
0.027
0.027
0.049
0.026
0.049
0.049
0.050
0.024
0.050
0.050
0.046
0.050
0.025
0.057
0.031
0.045
0.048
