0.060
0.037
0.069
0.051
0.052
0.044
0.031
0.051
0.052
0.052
0.058
0.046
0.049
0.051
0.051
0.027
0.029
0.027
0.028
0.051
0.026
0.049
0.028
0.026
0.052
0.051
0.024
0.050
0.051
0.028
0.066
0.027
0.050
0.049
0.027
0.050
0.050
0.027
0.027
0.025
0.051
0.026
0.027
0.026
0.026
0.049
0.027
0.051
0.030
0.049
0.040
0.027
0.021
0.025
0.027
0.027
0.045
0.020
0.050
0.046
0.051
0.027
0.027
0.020
0.051
0.049
0.026
0.027
0.057
0.051
0.044
0.050
0.051
0.050
0.026
0.026
0.027
0.050
0.028
0.020
0.049
0.027
0.020
0.027
0.027
0.020
0.043
0.049
0.050
0.050
0.048
0.051
0.022
0.049
0.028
0.049
0.048
0.050
0.026
0.050
0.040
0.050
0.051
0.026
0.051
0.042
0.027
0.025
0.026
0.027
0.026
0.021
0.052
0.027
0.050
0.051
0.050
0.049
0.050
0.064
0.050
0.050
0.027
0.023
0.050
0.026
0.021
0.026
0.025
0.050
0.049
0.050
0.050
0.028
0.049
0.050
0.024
0.026
0.020
0.026
0.028
0.050
0.050
0.052
0.048
0.051
0.050
0.049
0.049
0.026
0.051
0.021
0.027
0.022
0.025
0.051
0.042
0.052
0.027
0.020
0.027
0.050
0.029
0.021
0.028
0.058
0.064
0.049
0.051
0.047
0.026
0.024
0.028
0.025
0.061
0.027
0.050
0.027
0.050
0.050
0.052
0.029
0.052
0.028
0.050
0.050
0.028
0.049
0.027
0.026
0.026
0.050
0.022
0.026
0.049
0.050
0.051
0.049
0.026
0.048
