0.056
0.033
0.031
0.051
0.051
0.051
0.053
0.050
0.030
0.050
0.053
0.050
0.028
0.028
0.048
0.026
0.031
0.024
0.052
0.050
0.026
0.024
0.026
0.028
0.053
0.025
0.021
0.045
0.049
0.061
0.026
0.048
0.046
0.028
0.021
0.048
0.027
0.050
0.027
0.049
0.029
0.050
0.048
0.052
0.049
0.027
0.051
0.050
0.050
0.024
0.028
0.050
0.025
0.049
0.048
0.023
0.051
0.027
0.052
0.021
0.022
0.049
0.058
0.050
0.026
0.027
0.019
0.026
0.050
0.026
0.049
0.048
0.031
0.027
0.050
0.025
0.053
0.048
0.027
0.025
0.049
0.049
0.050
0.048
0.048
0.050
0.020
0.026
0.050
0.025
0.026
0.026
0.050
0.026
0.025
0.026
0.026
0.026
0.029
0.047
0.022
0.027
0.059
0.049
0.050
0.048
0.050
0.050
0.050
0.024
0.050
0.046
0.026
0.025
0.050
0.019
0.025
0.025
0.051
0.026
0.052
0.026
0.021
0.049
0.048
0.048
0.049
0.049
0.052
0.026
0.028
0.049
0.049
0.026
0.050
0.049
0.026
0.022
0.051
0.047
0.026
0.026
0.027
0.028
0.029
0.025
0.050
0.048
0.052
0.024
0.028
0.025
0.049
0.051
0.027
0.050
0.023
0.047
0.030
0.025
0.027
0.048
0.027
0.026
0.026
0.049
0.050
0.049
0.050
0.027
0.021
0.051
0.050
0.026
0.028
0.024
0.048
0.019
0.026
0.025
0.027
0.026
0.050
0.026
0.025
0.046
0.049
0.047
0.050
0.047
0.050
0.025
0.050
0.060
0.051
0.022
0.026
0.041
0.051
0.026
