0.097
0.060
0.037
0.044
0.080
0.070
0.072
0.037
0.035
0.069
0.077
0.034
0.037
0.037
0.037
0.036
0.054
0.064
0.035
0.037
0.036
0.037
0.056
0.036
0.036
0.070
0.071
0.035
0.038
0.039
0.068
0.036
0.071
0.037
0.069
0.034
0.071
0.069
0.038
0.038
0.036
0.070
0.037
0.071
0.039
0.035
0.070
0.036
0.036
0.069
0.070
0.036
0.069
0.070
0.070
0.070
0.070
0.070
0.069
0.070
0.034
0.069
0.070
0.066
0.036
0.069
0.069
0.070
0.072
0.070
0.071
0.071
0.037
0.070
0.036
0.069
0.036
0.071
0.070
0.072
0.070
0.063
0.036
0.059
0.069
0.034
0.071
0.039
0.074
0.073
0.037
0.071
0.071
0.071
0.037
0.072
0.070
0.037
0.072
0.039
0.035
0.035
0.071
0.071
0.036
0.036
0.070
0.036
0.037
0.071
0.069
0.039
0.073
0.071
0.070
0.036
0.037
0.070
0.071
0.070
0.070
0.070
0.035
0.037
0.070
0.037
0.037
0.069
0.073
0.072
0.070
0.084
0.039
0.053
0.038
0.071
0.036
0.073
0.033
0.072
0.071
0.073
0.084
0.048
0.071
0.069
0.067
0.035
0.069
0.037
0.035
0.036
0.068
0.069
0.036
0.073
0.036
0.079
0.031
0.036
0.071
0.036
0.071
0.059
0.072
0.037
0.036
0.071
0.057
0.037
0.066
0.038
0.036
0.038
0.072
0.072
0.071
0.035
0.069
0.072
0.035
0.037
0.073
0.070
0.071
0.072
0.071
0.071
0.072
0.071
0.036
0.070
0.035
0.067
0.069
0.036
0.036
0.037
0.072
0.069
