0.124
0.043
0.035
0.034
0.084
0.079
0.037
0.070
0.072
0.029
0.071
0.072
0.036
0.067
0.036
0.056
0.069
0.069
0.076
0.070
0.081
0.036
0.069
0.035
0.070
0.033
0.035
0.036
0.037
0.068
0.033
0.036
0.035
0.043
0.069
0.067
0.035
0.068
0.035
0.068
0.034
0.069
0.036
0.034
0.036
0.025
0.034
0.069
0.034
0.069
0.035
0.030
0.035
0.035
0.071
0.067
0.037
0.069
0.071
0.067
0.067
0.038
0.074
0.065
0.036
0.035
0.037
0.068
0.068
0.036
0.036
0.034
0.070
0.036
0.080
0.035
0.069
0.036
0.069
0.054
0.034
0.069
0.035
0.070
0.036
0.037
0.036
0.065
0.070
0.074
0.026
0.035
0.036
0.035
0.070
0.034
0.069
0.068
0.035
0.067
0.065
0.035
0.077
0.034
0.070
0.076
0.039
0.037
0.033
0.035
0.070
0.069
0.034
0.037
0.069
0.034
0.068
0.068
0.033
0.068
0.033
0.034
0.070
0.034
0.038
0.040
0.034
0.035
0.063
0.039
0.059
0.034
0.071
0.072
0.035
0.068
0.037
0.035
0.068
0.032
0.064
0.034
0.069
0.035
0.037
0.033
0.069
0.036
0.061
0.035
0.029
0.070
0.036
0.079
0.039
0.066
0.036
0.069
0.037
0.034
0.034
0.033
0.074
0.035
0.035
0.034
0.068
0.070
0.071
0.037
0.035
0.068
0.071
0.069
0.072
0.069
0.069
0.070
0.035
0.035
0.035
0.069
0.037
0.034
0.069
0.031
0.038
0.037
0.069
0.036
0.068
0.068
0.067
0.066
0.038
0.065
0.037
0.035
0.069
0.036
