0.073
0.034
0.052
0.031
0.051
0.029
0.030
0.049
0.051
0.052
0.049
0.048
0.027
0.048
0.023
0.049
0.026
0.048
0.050
0.026
0.025
0.032
0.057
0.046
0.025
0.025
0.049
0.050
0.052
0.031
0.030
0.049
0.026
0.049
0.026
0.029
0.063
0.051
0.027
0.023
0.052
0.049
0.049
0.051
0.022
0.050
0.019
0.026
0.026
0.064
0.026
0.027
0.053
0.024
0.050
0.049
0.049
0.025
0.019
0.025
0.027
0.049
0.047
0.049
0.025
0.050
0.050
0.029
0.048
0.050
0.049
0.025
0.051
0.025
0.050
0.058
0.026
0.049
0.050
0.048
0.050
0.025
0.049
0.026
0.064
0.049
0.050
0.026
0.026
0.049
0.050
0.048
0.030
0.024
0.049
0.049
0.027
0.026
0.026
0.025
0.051
0.049
0.049
0.049
0.049
0.026
0.026
0.021
0.043
0.056
0.031
0.029
0.028
0.027
0.050
0.048
0.028
0.051
0.049
0.049
0.026
0.022
0.026
0.027
0.024
0.028
0.051
0.027
0.025
0.025
0.066
0.028
0.052
0.050
0.052
0.049
0.027
0.026
0.025
0.224
0.026
0.027
0.051
0.047
0.050
0.044
0.051
0.049
0.051
0.028
0.024
0.048
0.049
0.025
0.025
0.026
0.026
0.049
0.027
0.048
0.045
0.022
0.051
0.049
0.059
0.027
0.052
0.049
0.025
0.049
0.050
0.048
0.027
0.024
0.027
0.023
0.049
0.049
0.048
0.024
0.032
0.025
0.054
0.064
0.050
0.027
0.048
0.043
0.028
0.022
0.021
0.023
0.051
0.027
0.049
0.049
0.026
0.025
0.050
0.049
