0.145
0.049
0.055
0.081
0.097
0.071
0.072
0.038
0.072
0.068
0.037
0.037
0.035
0.034
0.039
0.040
0.070
0.069
0.069
0.035
0.070
0.035
0.069
0.033
0.079
0.046
0.069
0.070
0.038
0.061
0.036
0.037
0.063
0.069
0.036
0.031
0.037
0.069
0.036
0.037
0.069
0.069
0.036
0.038
0.041
0.043
0.037
0.069
0.037
0.035
0.066
0.070
0.070
0.068
0.071
0.085
0.037
0.068
0.037
0.084
0.036
0.037
0.071
0.037
0.071
0.035
0.046
0.044
0.038
0.036
0.037
0.036
0.073
0.079
0.071
0.041
0.071
0.036
0.037
0.070
0.069
0.075
0.037
0.035
0.069
0.069
0.070
0.035
0.071
0.040
0.070
0.069
0.071
0.068
0.058
0.068
0.036
0.037
0.068
0.070
0.072
0.070
0.072
0.039
0.066
0.029
0.071
0.036
0.037
0.034
0.069
0.069
0.070
0.036
0.060
0.071
0.072
0.040
0.070
0.054
0.036
0.068
0.069
0.070
0.070
0.029
0.070
0.068
0.069
0.036
0.037
0.069
0.072
0.070
0.066
0.039
0.070
0.037
0.071
0.033
0.052
0.066
0.036
0.037
0.070
0.040
0.037
0.069
0.071
0.063
0.070
0.070
0.037
0.036
0.038
0.030
0.071
0.069
0.039
0.067
0.037
0.036
0.037
0.068
0.069
0.036
0.071
0.071
0.086
0.069
0.069
0.070
0.062
0.036
0.037
0.040
0.070
0.040
0.033
0.064
0.069
0.036
0.037
0.034
0.071
0.035
0.066
0.069
0.039
0.060
0.036
0.034
0.038
0.034
0.035
0.070
0.041
0.033
0.040
0.073
