0.075
0.055
0.032
0.026
0.034
0.034
0.058
0.051
0.057
0.050
0.055
0.049
0.050
0.027
0.025
0.048
0.049
0.050
0.051
0.048
0.027
0.029
0.025
0.049
0.027
0.048
0.050
0.049
0.027
0.048
0.049
0.025
0.051
0.027
0.027
0.048
0.053
0.050
0.050
0.026
0.050
0.049
0.063
0.051
0.049
0.047
0.051
0.028
0.028
0.029
0.051
0.028
0.050
0.049
0.026
0.049
0.024
0.048
0.050
0.027
0.049
0.026
0.026
0.049
0.026
0.048
0.053
0.056
0.028
0.050
0.048
0.025
0.049
0.050
0.027
0.047
0.026
0.027
0.052
0.051
0.030
0.050
0.026
0.049
0.054
0.049
0.022
0.026
0.051
0.048
0.049
0.025
0.051
0.049
0.027
0.048
0.050
0.024
0.062
0.024
0.048
0.020
0.026
0.025
0.048
0.024
0.020
0.048
0.050
0.026
0.023
0.026
0.051
0.049
0.026
0.046
0.050
0.025
0.052
0.027
0.023
0.048
0.026
0.027
0.049
0.021
0.027
0.049
0.050
0.049
0.025
0.049
0.050
0.049
0.026
0.023
0.051
0.024
0.050
0.049
0.051
0.026
0.020
0.025
0.025
0.026
0.050
0.030
0.049
0.026
0.049
0.026
0.049
0.046
0.052
0.047
0.047
0.050
0.054
0.026
0.028
0.026
0.025
0.048
0.030
0.019
0.025
0.026
0.049
0.028
0.047
0.026
0.051
0.050
0.030
0.045
0.049
0.025
0.026
0.030
0.026
0.060
0.050
0.025
0.030
0.027
0.051
0.048
0.026
0.050
0.021
0.021
0.059
0.049
0.029
0.025
0.026
0.051
0.026
0.059
