0.077
0.034
0.032
0.051
0.027
0.031
0.046
0.051
0.050
0.047
0.051
0.043
0.049
0.051
0.050
0.045
0.045
0.050
0.050
0.046
0.045
0.049
0.066
0.026
0.056
0.049
0.047
0.048
0.044
0.050
0.046
0.029
0.022
0.050
0.050
0.037
0.050
0.044
0.050
0.050
0.028
0.027
0.046
0.048
0.026
0.048
0.045
0.045
0.050
0.050
0.045
0.069
0.026
0.028
0.049
0.029
0.050
0.061
0.042
0.047
0.050
0.049
0.045
0.051
0.052
0.044
0.050
0.048
0.040
0.047
0.028
0.049
0.045
0.050
0.050
0.046
0.050
0.044
0.052
0.022
0.047
0.048
0.026
0.048
0.048
0.048
0.045
0.045
0.049
0.048
0.050
0.045
0.045
0.049
0.046
0.049
0.049
0.023
0.046
0.050
0.022
0.048
0.061
0.044
0.023
0.051
0.050
0.051
0.043
0.044
0.029
0.050
0.046
0.028
0.049
0.049
0.045
0.046
0.026
0.062
0.030
0.050
0.050
0.063
0.050
0.049
0.046
0.027
0.059
0.049
0.048
0.044
0.049
0.028
0.052
0.048
0.050
0.048
0.045
0.065
0.049
0.051
0.032
0.050
0.048
0.027
0.043
0.048
0.049
0.043
0.047
0.049
0.050
0.050
0.043
0.043
0.049
0.044
0.049
0.048
0.062
0.045
0.049
0.026
0.050
0.041
0.050
0.048
0.042
0.048
0.050
0.045
0.209
0.046
0.027
0.049
0.049
0.059
0.045
0.050
0.053
0.049
0.042
0.050
0.049
0.049
0.051
0.027
0.046
0.049
0.045
0.028
0.027
0.063
0.050
0.049
0.048
0.047
0.029
0.048
