0.085
0.042
0.083
0.048
0.038
0.035
0.071
0.062
0.039
0.036
0.077
0.036
0.043
0.067
0.038
0.038
0.070
0.038
0.072
0.036
0.034
0.041
0.055
0.069
0.064
0.071
0.071
0.069
0.036
0.053
0.068
0.055
0.069
0.069
0.037
0.033
0.069
0.032
0.070
0.067
0.069
0.069
0.040
0.071
0.037
0.034
0.070
0.038
0.069
0.069
0.040
0.037
0.070
0.036
0.070
0.068
0.070
0.037
0.037
0.068
0.037
0.071
0.071
0.035
0.035
0.033
0.071
0.039
0.072
0.038
0.038
0.035
0.057
0.070
0.067
0.035
0.038
0.039
0.037
0.069
0.066
0.035
0.056
0.069
0.037
0.068
0.037
0.035
0.061
0.069
0.038
0.068
0.041
0.068
0.072
0.037
0.076
0.069
0.037
0.085
0.070
0.052
0.072
0.032
0.033
0.070
0.083
0.057
0.063
0.040
0.067
0.028
0.362
0.036
0.072
0.062
0.036
0.220
0.036
0.035
0.035
0.038
0.081
0.070
0.068
0.071
0.070
0.040
0.070
0.032
0.072
0.041
0.061
0.033
0.070
0.037
0.031
0.044
0.035
0.037
0.072
0.069
0.041
0.036
0.032
0.036
0.035
0.068
0.072
0.069
0.034
0.068
0.037
0.069
0.036
0.067
0.035
0.040
0.070
0.083
0.037
0.037
0.069
0.068
0.070
0.062
0.071
0.068
0.072
0.033
0.064
0.069
0.080
0.036
0.037
0.069
0.031
0.069
0.071
0.034
0.036
0.073
0.070
0.035
0.038
0.036
0.030
0.069
0.070
0.071
0.071
0.069
0.041
0.071
0.069
0.055
0.083
0.069
0.036
0.037
