0.083
0.045
0.034
0.046
0.081
0.073
0.039
0.039
0.059
0.071
0.071
0.071
0.041
0.071
0.071
0.037
0.075
0.035
0.070
0.069
0.069
0.071
0.042
0.068
0.037
0.035
0.070
0.071
0.070
0.069
0.036
0.074
0.069
0.072
0.038
0.038
0.055
0.069
0.037
0.071
0.038
0.035
0.035
0.036
0.028
0.070
0.069
0.064
0.070
0.071
0.067
0.070
0.036
0.037
0.070
0.071
0.072
0.072
0.071
0.069
0.039
0.071
0.035
0.069
0.071
0.070
0.071
0.038
0.069
0.067
0.069
0.071
0.071
0.036
0.039
0.070
0.038
0.038
0.042
0.068
0.038
0.070
0.037
0.034
0.067
0.083
0.036
0.068
0.085
0.070
0.069
0.069
0.069
0.082
0.072
0.071
0.071
0.038
0.070
0.034
0.039
0.071
0.071
0.038
0.067
0.082
0.070
0.069
0.069
0.070
0.069
0.068
0.033
0.037
0.038
0.055
0.056
0.035
0.034
0.038
0.038
0.070
0.037
0.069
0.071
0.037
0.037
0.045
0.063
0.039
0.070
0.074
0.087
0.070
0.069
0.071
0.071
0.070
0.037
0.038
0.036
0.070
0.059
0.037
0.035
0.070
0.038
0.039
0.069
0.053
0.038
0.065
0.070
0.070
0.037
0.071
0.036
0.036
0.071
0.067
0.071
0.071
0.041
0.071
0.072
0.036
0.066
0.069
0.072
0.071
0.069
0.042
0.036
0.037
0.036
0.036
0.036
0.069
0.039
0.072
0.037
0.033
0.038
0.070
0.073
0.072
0.071
0.070
0.036
0.071
0.036
0.035
0.070
0.069
0.039
0.072
0.026
0.069
0.069
0.031
