0.087
0.031
0.026
0.033
0.060
0.029
0.023
0.032
0.053
0.051
0.051
0.025
0.021
0.026
0.050
0.047
0.026
0.049
0.052
0.050
0.045
0.048
0.048
0.048
0.025
0.048
0.024
0.053
0.049
0.050
0.052
0.025
0.049
0.027
0.051
0.025
0.026
0.048
0.051
0.025
0.026
0.051
0.044
0.177
0.052
0.049
0.049
0.051
0.020
0.051
0.053
0.025
0.028
0.020
0.027
0.026
0.026
0.050
0.050
0.049
0.043
0.026
0.050
0.047
0.050
0.025
0.049
0.020
0.049
0.050
0.022
0.026
0.027
0.049
0.052
0.050
0.048
0.046
0.051
0.023
0.051
0.050
0.048
0.048
0.051
0.022
0.049
0.023
0.050
0.048
0.049
0.048
0.025
0.049
0.051
0.025
0.024
0.049
0.050
0.062
0.027
0.050
0.026
0.047
0.026
0.020
0.050
0.049
0.064
0.050
0.051
0.047
0.051
0.020
0.034
0.028
0.029
0.049
0.179
0.051
0.050
0.026
0.047
0.049
0.050
0.026
0.051
0.024
0.027
0.027
0.050
0.026
0.025
0.048
0.027
0.026
0.052
0.027
0.023
0.026
0.052
0.051
0.057
0.050
0.050
0.050
0.026
0.025
0.029
0.050
0.047
0.027
0.050
0.050
0.051
0.028
0.026
0.049
0.025
0.026
0.027
0.026
0.052
0.048
0.049
0.058
0.050
0.027
0.049
0.050
0.048
0.048
0.025
0.048
0.023
0.048
0.046
0.059
0.028
0.049
0.026
0.046
0.046
0.048
0.029
0.028
0.051
0.024
0.043
0.047
0.026
0.048
0.049
0.029
0.050
0.049
0.026
0.027
0.049
0.056
