0.071
0.034
0.033
0.027
0.051
0.030
0.051
0.050
0.030
0.029
0.051
0.049
0.026
0.050
0.051
0.026
0.027
0.045
0.059
0.026
0.026
0.026
0.050
0.050
0.021
0.029
0.027
0.027
0.051
0.026
0.051
0.026
0.024
0.050
0.052
0.049
0.049
0.023
0.051
0.049
0.049
0.027
0.049
0.050
0.026
0.026
0.027
0.022
0.028
0.027
0.028
0.050
0.048
0.051
0.052
0.025
0.048
0.051
0.022
0.020
0.051
0.050
0.051
0.027
0.027
0.027
0.049
0.047
0.052
0.049
0.050
0.049
0.050
0.051
0.039
0.053
0.051
0.049
0.051
0.028
0.027
0.063
0.027
0.045
0.051
0.026
0.050
0.025
0.050
0.049
0.051
0.027
0.026
0.051
0.027
0.026
0.050
0.025
0.020
0.026
0.026
0.027
0.027
0.050
0.026
0.049
0.050
0.025
0.031
0.026
0.053
0.049
0.027
0.050
0.027
0.049
0.050
0.049
0.027
0.058
0.053
0.050
0.026
0.028
0.050
0.027
0.051
0.050
0.028
0.028
0.027
0.051
0.030
0.048
0.050
0.048
0.049
0.025
0.053
0.028
0.051
0.049
0.027
0.049
0.051
0.027
0.047
0.026
0.026
0.026
0.059
0.049
0.026
0.024
0.022
0.051
0.049
0.024
0.030
0.049
0.026
0.025
0.026
0.029
0.027
0.049
0.027
0.061
0.026
0.048
0.032
0.050
0.048
0.047
0.049
0.062
0.049
0.025
0.050
0.025
0.054
0.026
0.025
0.050
0.050
0.049
0.022
0.049
0.027
0.051
0.050
0.049
0.055
0.049
0.049
0.043
0.026
0.024
0.026
0.047
