0.084
0.041
0.034
0.054
0.044
0.066
0.036
0.034
0.037
0.072
0.067
0.068
0.068
0.035
0.066
0.035
0.070
0.063
0.035
0.070
0.065
0.071
0.061
0.069
0.052
0.065
0.035
0.069
0.069
0.068
0.069
0.035
0.068
0.072
0.033
0.067
0.036
0.069
0.068
0.069
0.032
0.030
0.035
0.082
0.068
0.034
0.068
0.067
0.070
0.068
0.031
0.069
0.068
0.068
0.070
0.034
0.033
0.070
0.069
0.032
0.034
0.035
0.070
0.037
0.039
0.068
0.037
0.039
0.041
0.037
0.063
0.082
0.068
0.067
0.034
0.067
0.070
0.036
0.069
0.033
0.060
0.039
0.078
0.068
0.033
0.034
0.063
0.034
0.035
0.067
0.035
0.054
0.065
0.070
0.066
0.066
0.069
0.068
0.036
0.033
0.035
0.035
0.032
0.037
0.066
0.035
0.035
0.033
0.036
0.035
0.034
0.035
0.033
0.069
0.034
0.066
0.065
0.032
0.038
0.029
0.070
0.068
0.035
0.036
0.035
0.028
0.037
0.034
0.038
0.070
0.033
0.080
0.064
0.040
0.065
0.034
0.068
0.053
0.036
0.033
0.067
0.029
0.033
0.069
0.033
0.033
0.035
0.033
0.068
0.066
0.067
0.027
0.033
0.031
0.051
0.033
0.036
0.068
0.069
0.071
0.066
0.035
0.036
0.035
0.035
0.036
0.069
0.068
0.079
0.068
0.076
0.071
0.068
0.034
0.065
0.034
0.038
0.035
0.068
0.034
0.068
0.067
0.082
0.074
0.035
0.033
0.037
0.033
0.067
0.077
0.034
0.036
0.069
0.067
0.066
0.034
0.035
0.039
0.071
0.033
