0.087
0.091
0.075
0.042
0.032
0.070
0.074
0.038
0.072
0.042
0.039
0.037
0.037
0.069
0.071
0.037
0.037
0.068
0.036
0.034
0.039
0.053
0.036
0.070
0.038
0.068
0.036
0.038
0.071
0.033
0.037
0.053
0.028
0.036
0.055
0.070
0.058
0.069
0.082
0.065
0.066
0.036
0.069
0.036
0.034
0.035
0.053
0.064
0.070
0.069
0.071
0.071
0.033
0.070
0.070
0.069
0.071
0.071
0.070
0.070
0.075
0.037
0.083
0.066
0.070
0.069
0.070
0.070
0.071
0.037
0.037
0.033
0.071
0.036
0.037
0.038
0.071
0.068
0.036
0.035
0.053
0.068
0.036
0.069
0.038
0.035
0.070
0.052
0.037
0.076
0.037
0.069
0.073
0.060
0.034
0.036
0.037
0.069
0.070
0.058
0.070
0.069
0.069
0.070
0.072
0.069
0.036
0.068
0.038
0.071
0.035
0.070
0.069
0.070
0.055
0.070
0.031
0.036
0.070
0.053
0.075
0.060
0.072
0.055
0.067
0.068
0.070
0.068
0.073
0.056
0.069
0.036
0.071
0.068
0.070
0.035
0.069
0.035
0.036
0.036
0.038
0.071
0.071
0.070
0.029
0.071
0.070
0.077
0.037
0.037
0.036
0.068
0.069
0.072
0.068
0.069
0.073
0.065
0.036
0.033
0.070
0.035
0.036
0.035
0.036
0.069
0.070
0.068
0.070
0.064
0.069
0.070
0.068
0.054
0.033
0.070
0.070
0.069
0.036
0.073
0.070
0.070
0.037
0.036
0.079
0.037
0.070
0.068
0.075
0.068
0.069
0.035
0.036
0.070
0.070
0.035
0.070
0.035
0.036
0.069
