0.113
0.047
0.036
0.034
0.040
0.049
0.049
0.071
0.038
0.071
0.072
0.038
0.072
0.037
0.067
0.036
0.071
0.069
0.070
0.067
0.038
0.069
0.035
0.037
0.072
0.067
0.036
0.035
0.035
0.068
0.030
0.068
0.034
0.068
0.034
0.031
0.030
0.066
0.035
0.034
0.038
0.069
0.068
0.036
0.071
0.070
0.070
0.027
0.036
0.090
0.068
0.057
0.034
0.068
0.070
0.036
0.071
0.069
0.036
0.065
0.067
0.037
0.072
0.035
0.068
0.069
0.035
0.034
0.072
0.050
0.034
0.027
0.070
0.035
0.070
0.088
0.073
0.034
0.070
0.037
0.033
0.036
0.078
0.069
0.037
0.068
0.069
0.070
0.038
0.036
0.069
0.035
0.071
0.070
0.173
0.043
0.044
0.079
0.040
0.038
0.037
0.037
0.070
0.036
0.053
0.035
0.070
0.025
0.036
0.039
0.071
0.036
0.025
0.069
0.078
0.038
0.030
0.036
0.070
0.035
0.038
0.069
0.072
0.069
0.069
0.067
0.072
0.026
0.070
0.033
0.037
0.070
0.031
0.069
0.033
0.038
0.074
0.037
0.035
0.063
0.081
0.032
0.032
0.081
0.045
0.039
0.035
0.038
0.070
0.038
0.039
0.038
0.035
0.069
0.070
0.035
0.070
0.043
0.073
0.037
0.069
0.037
0.063
0.068
0.060
0.037
0.037
0.069
0.035
0.053
0.069
0.069
0.026
0.068
0.036
0.035
0.038
0.033
0.069
0.033
0.069
0.031
0.070
0.036
0.079
0.035
0.064
0.037
0.070
0.069
0.036
0.070
0.071
0.070
0.036
0.070
0.034
0.036
0.070
0.065
