0.082
0.050
0.035
0.034
0.046
0.082
0.082
0.072
0.068
0.071
0.073
0.030
0.027
0.069
0.036
0.030
0.029
0.067
0.066
0.035
0.036
0.065
0.076
0.066
0.035
0.068
0.033
0.068
0.072
0.035
0.070
0.074
0.035
0.070
0.036
0.040
0.067
0.068
0.066
0.034
0.037
0.072
0.040
0.028
0.073
0.037
0.070
0.034
0.037
0.035
0.036
0.036
0.071
0.035
0.037
0.083
0.075
0.069
0.065
0.033
0.034
0.035
0.072
0.065
0.067
0.069
0.035
0.035
0.072
0.072
0.033
0.033
0.036
0.033
0.070
0.068
0.064
0.037
0.071
0.068
0.069
0.033
0.070
0.067
0.070
0.035
0.035
0.057
0.069
0.036
0.037
0.067
0.070
0.034
0.071
0.038
0.032
0.035
0.069
0.073
0.036
0.067
0.036
0.065
0.072
0.036
0.037
0.068
0.066
0.035
0.037
0.032
0.031
0.071
0.072
0.068
0.037
0.069
0.034
0.028
0.036
0.071
0.072
0.034
0.069
0.068
0.033
0.035
0.085
0.035
0.071
0.065
0.069
0.069
0.070
0.036
0.070
0.069
0.070
0.034
0.070
0.070
0.069
0.062
0.059
0.053
0.028
0.067
0.070
0.034
0.070
0.069
0.071
0.083
0.037
0.037
0.069
0.069
0.069
0.063
0.074
0.043
0.038
0.038
0.070
0.038
0.034
0.068
0.034
0.036
0.036
0.070
0.037
0.084
0.038
0.036
0.038
0.037
0.036
0.070
0.069
0.032
0.070
0.033
0.069
0.035
0.034
0.035
0.065
0.069
0.036
0.071
0.071
0.079
0.036
0.072
0.034
0.071
0.070
0.075
