0.158
0.054
0.084
0.075
0.071
0.071
0.039
0.073
0.074
0.039
0.073
0.070
0.037
0.070
0.069
0.076
0.064
0.072
0.038
0.082
0.030
0.069
0.071
0.036
0.036
0.035
0.037
0.035
0.071
0.070
0.037
0.070
0.072
0.034
0.035
0.072
0.071
0.071
0.069
0.068
0.036
0.038
0.036
0.068
0.069
0.068
0.035
0.035
0.035
0.036
0.068
0.068
0.069
0.034
0.069
0.070
0.071
0.070
0.064
0.036
0.076
0.071
0.033
0.072
0.037
0.036
0.035
0.036
0.069
0.036
0.070
0.034
0.037
0.070
0.037
0.036
0.070
0.037
0.038
0.036
0.035
0.038
0.070
0.037
0.035
0.072
0.038
0.069
0.038
0.061
0.038
0.036
0.037
0.070
0.042
0.073
0.036
0.070
0.073
0.037
0.039
0.072
0.038
0.069
0.036
0.054
0.071
0.070
0.069
0.036
0.070
0.035
0.077
0.068
0.035
0.036
0.038
0.037
0.072
0.070
0.071
0.070
0.069
0.037
0.070
0.038
0.037
0.036
0.039
0.038
0.038
0.037
0.035
0.069
0.036
0.038
0.073
0.071
0.037
0.035
0.036
0.036
0.069
0.036
0.036
0.036
0.073
0.037
0.037
0.034
0.070
0.070
0.071
0.036
0.071
0.070
0.036
0.035
0.037
0.037
0.037
0.036
0.034
0.069
0.068
0.036
0.051
0.034
0.070
0.035
0.036
0.036
0.069
0.037
0.035
0.037
0.041
0.069
0.072
0.070
0.065
0.082
0.035
0.072
0.072
0.036
0.071
0.071
0.036
0.036
0.035
0.037
0.068
0.035
0.069
0.069
0.070
0.053
0.070
0.071
