0.097
0.048
0.033
0.034
0.036
0.045
0.041
0.257
0.071
0.070
0.057
0.068
0.057
0.067
0.071
0.037
0.066
0.069
0.057
0.069
0.036
0.031
0.069
0.070
0.034
0.054
0.056
0.069
0.074
0.069
0.056
0.039
0.057
0.064
0.070
0.063
0.067
0.068
0.066
0.054
0.070
0.055
0.039
0.066
0.037
0.069
0.068
0.054
0.067
0.048
0.052
0.051
0.054
0.065
0.055
0.068
0.036
0.074
0.069
0.069
0.067
0.037
0.068
0.055
0.069
0.062
0.056
0.069
0.055
0.038
0.066
0.066
0.056
0.066
0.049
0.053
0.052
0.042
0.066
0.077
0.038
0.055
0.038
0.037
0.038
0.037
0.029
0.054
0.037
0.068
0.057
0.054
0.056
0.042
0.032
0.036
0.060
0.057
0.035
0.029
0.057
0.065
0.069
0.057
0.068
0.052
0.078
0.040
0.036
0.037
0.077
0.063
0.073
0.068
0.070
0.068
0.071
0.069
0.067
0.078
0.070
0.036
0.075
0.066
0.069
0.068
0.050
0.069
0.065
0.069
0.056
0.037
0.069
0.068
0.056
0.029
0.034
0.055
0.067
0.069
0.031
0.034
0.068
0.038
0.056
0.028
0.034
0.057
0.053
0.066
0.071
0.033
0.037
0.069
0.042
0.045
0.050
0.039
0.034
0.037
0.080
0.066
0.069
0.069
0.038
0.035
0.065
0.054
0.070
0.069
0.064
0.035
0.058
0.053
0.069
0.065
0.069
0.070
0.070
0.028
0.033
0.069
0.035
0.067
0.068
0.066
0.032
0.070
0.065
0.068
0.065
0.062
0.069
0.033
0.035
0.045
0.033
0.070
0.067
0.035
