0.098
0.037
0.050
0.048
0.030
0.035
0.071
0.074
0.042
0.085
0.031
0.041
0.034
0.040
0.036
0.070
0.054
0.032
0.071
0.036
0.030
0.070
0.067
0.071
0.036
0.067
0.070
0.035
0.037
0.039
0.053
0.070
0.070
0.072
0.073
0.068
0.037
0.070
0.071
0.073
0.038
0.069
0.038
0.039
0.033
0.072
0.065
0.036
0.072
0.036
0.071
0.070
0.038
0.070
0.070
0.072
0.069
0.070
0.073
0.038
0.035
0.038
0.036
0.038
0.036
0.033
0.038
0.034
0.070
0.036
0.071
0.071
0.036
0.038
0.039
0.036
0.070
0.069
0.037
0.071
0.069
0.061
0.068
0.069
0.069
0.069
0.069
0.036
0.069
0.036
0.071
0.036
0.038
0.038
0.038
0.072
0.036
0.039
0.073
0.070
0.039
0.036
0.070
0.038
0.039
0.037
0.069
0.037
0.041
0.069
0.042
0.037
0.037
0.037
0.076
0.057
0.037
0.037
0.036
0.081
0.035
0.037
0.036
0.070
0.036
0.037
0.072
0.070
0.035
0.069
0.069
0.036
0.069
0.036
0.060
0.071
0.070
0.037
0.037
0.070
0.070
0.037
0.071
0.071
0.071
0.040
0.038
0.036
0.038
0.036
0.072
0.038
0.038
0.070
0.036
0.069
0.072
0.036
0.070
0.072
0.035
0.073
0.068
0.071
0.038
0.070
0.038
0.037
0.056
0.073
0.073
0.036
0.038
0.038
0.085
0.071
0.036
0.037
0.036
0.036
0.070
0.038
0.038
0.073
0.038
0.037
0.071
0.039
0.072
0.053
0.037
0.037
0.037
0.036
0.036
0.037
0.055
0.070
0.036
0.036
