0.100
0.025
0.056
0.059
0.053
0.023
0.021
0.052
0.051
0.218
0.021
0.026
0.027
0.026
0.050
0.049
0.051
0.026
0.051
0.052
0.053
0.051
0.027
0.052
0.028
0.029
0.026
0.030
0.028
0.026
0.027
0.052
0.053
0.027
0.058
0.027
0.026
0.028
0.028
0.029
0.052
0.027
0.025
0.028
0.027
0.024
0.027
0.027
0.052
0.026
0.029
0.027
0.052
0.026
0.019
0.026
0.049
0.051
0.027
0.045
0.046
0.022
0.049
0.028
0.028
0.023
0.028
0.050
0.026
0.028
0.053
0.052
0.030
0.053
0.024
0.051
0.049
0.051
0.028
0.050
0.019
0.025
0.050
0.026
0.027
0.061
0.019
0.023
0.051
0.049
0.049
0.026
0.050
0.046
0.028
0.050
0.050
0.062
0.028
0.026
0.050
0.027
0.028
0.049
0.051
0.027
0.028
0.051
0.051
0.051
0.045
0.051
0.051
0.026
0.024
0.026
0.051
0.024
0.059
0.052
0.022
0.029
0.051
0.052
0.031
0.049
0.024
0.024
0.029
0.053
0.023
0.025
0.026
0.022
0.048
0.048
0.021
0.027
0.023
0.049
0.026
0.048
0.050
0.050
0.027
0.049
0.024
0.019
0.050
0.046
0.051
0.037
0.049
0.026
0.037
0.027
0.051
0.047
0.027
0.051
0.027
0.026
0.027
0.040
0.054
0.023
0.049
0.025
0.028
0.051
0.050
0.051
0.027
0.026
0.049
0.025
0.047
0.027
0.049
0.025
0.049
0.050
0.048
0.050
0.025
0.027
0.028
0.060
0.051
0.051
0.050
0.021
0.029
0.050
0.053
0.019
0.047
0.027
0.026
0.050
