0.100
0.052
0.035
0.048
0.048
0.036
0.039
0.038
0.074
0.070
0.037
0.036
0.058
0.037
0.033
0.068
0.036
0.069
0.037
0.036
0.037
0.070
0.068
0.037
0.036
0.069
0.071
0.066
0.070
0.037
0.069
0.070
0.067
0.038
0.038
0.036
0.071
0.034
0.036
0.069
0.036
0.068
0.036
0.072
0.040
0.068
0.036
0.066
0.035
0.069
0.070
0.068
0.036
0.036
0.035
0.068
0.069
0.077
0.070
0.070
0.071
0.031
0.037
0.069
0.037
0.070
0.029
0.069
0.070
0.037
0.072
0.034
0.036
0.070
0.037
0.028
0.034
0.065
0.069
0.036
0.070
0.040
0.033
0.069
0.038
0.063
0.035
0.069
0.036
0.036
0.072
0.036
0.069
0.067
0.072
0.072
0.037
0.068
0.036
0.056
0.078
0.034
0.066
0.069
0.036
0.051
0.069
0.035
0.068
0.105
0.069
0.069
0.042
0.036
0.067
0.071
0.036
0.070
0.035
0.037
0.037
0.056
0.071
0.038
0.071
0.069
0.032
0.068
0.070
0.069
0.069
0.072
0.035
0.032
0.070
0.037
0.070
0.069
0.069
0.037
0.069
0.039
0.066
0.037
0.039
0.070
0.069
0.034
0.036
0.067
0.029
0.036
0.070
0.069
0.036
0.068
0.034
0.068
0.070
0.068
0.072
0.071
0.033
0.035
0.028
0.068
0.035
0.055
0.029
0.036
0.036
0.036
0.071
0.038
0.037
0.036
0.069
0.069
0.032
0.036
0.070
0.041
0.066
0.027
0.036
0.037
0.035
0.035
0.068
0.058
0.069
0.068
0.070
0.035
0.069
0.068
0.068
0.069
0.030
0.071
