0.057
0.027
0.026
0.058
0.047
0.033
0.051
0.049
0.049
0.046
0.030
0.049
0.049
0.044
0.043
0.052
0.027
0.026
0.060
0.025
0.026
0.050
0.049
0.048
0.048
0.047
0.044
0.026
0.045
0.027
0.028
0.054
0.049
0.045
0.024
0.051
0.045
0.052
0.049
0.023
0.048
0.048
0.028
0.045
0.042
0.029
0.044
0.049
0.045
0.029
0.025
0.044
0.027
0.048
0.047
0.028
0.046
0.028
0.048
0.026
0.028
0.045
0.045
0.050
0.048
0.049
0.028
0.047
0.027
0.050
0.050
0.027
0.028
0.209
0.047
0.052
0.049
0.048
0.030
0.028
0.025
0.050
0.048
0.051
0.028
0.049
0.048
0.026
0.056
0.049
0.048
0.048
0.028
0.027
0.026
0.022
0.044
0.048
0.048
0.049
0.050
0.026
0.046
0.037
0.045
0.026
0.023
0.021
0.048
0.027
0.047
0.045
0.025
0.045
0.026
0.049
0.045
0.045
0.046
0.051
0.047
0.050
0.027
0.045
0.025
0.047
0.047
0.045
0.050
0.066
0.049
0.047
0.062
0.021
0.061
0.043
0.049
0.019
0.024
0.028
0.026
0.050
0.039
0.045
0.045
0.048
0.048
0.048
0.049
0.026
0.050
0.049
0.044
0.054
0.044
0.026
0.045
0.023
0.040
0.051
0.029
0.048
0.044
0.043
0.048
0.049
0.048
0.048
0.047
0.024
0.047
0.028
0.023
0.049
0.044
0.025
0.026
0.025
0.045
0.027
0.026
0.051
0.047
0.047
0.044
0.029
0.028
0.048
0.044
0.044
0.025
0.043
0.051
0.026
0.046
0.048
0.049
0.045
0.045
0.050
