0.059
0.026
0.027
0.037
0.028
0.058
0.050
0.049
0.050
0.026
0.049
0.019
0.048
0.027
0.048
0.026
0.049
0.049
0.050
0.026
0.050
0.026
0.025
0.049
0.025
0.043
0.024
0.062
0.025
0.024
0.051
0.024
0.025
0.050
0.024
0.026
0.027
0.025
0.049
0.026
0.049
0.025
0.025
0.025
0.025
0.059
0.049
0.047
0.028
0.025
0.027
0.028
0.046
0.049
0.025
0.025
0.025
0.049
0.049
0.047
0.027
0.026
0.048
0.025
0.050
0.049
0.027
0.025
0.049
0.026
0.025
0.051
0.025
0.048
0.024
0.050
0.050
0.024
0.056
0.032
0.048
0.048
0.023
0.050
0.051
0.048
0.026
0.024
0.026
0.024
0.050
0.048
0.025
0.026
0.025
0.051
0.027
0.025
0.048
0.051
0.049
0.025
0.048
0.049
0.025
0.050
0.051
0.051
0.055
0.046
0.041
0.053
0.052
0.049
0.048
0.049
0.024
0.025
0.025
0.024
0.049
0.050
0.048
0.050
0.061
0.025
0.020
0.025
0.026
0.057
0.049
0.019
0.025
0.024
0.056
0.050
0.025
0.024
0.026
0.025
0.025
0.049
0.025
0.048
0.026
0.026
0.026
0.049
0.045
0.026
0.026
0.050
0.020
0.027
0.026
0.026
0.025
0.050
0.050
0.051
0.049
0.024
0.020
0.026
0.049
0.026
0.047
0.049
0.051
0.026
0.026
0.026
0.025
0.025
0.049
0.048
0.025
0.027
0.026
0.048
0.026
0.050
0.018
0.049
0.048
0.049
0.026
0.048
0.020
0.051
0.025
0.025
0.024
0.026
0.048
0.049
0.025
0.022
0.051
0.026
