0.132
0.046
0.055
0.082
0.040
0.034
0.071
0.039
0.039
0.070
0.068
0.071
0.071
0.036
0.037
0.071
0.059
0.073
0.067
0.036
0.070
0.071
0.059
0.073
0.034
0.070
0.036
0.037
0.038
0.070
0.044
0.037
0.069
0.069
0.037
0.072
0.042
0.037
0.038
0.070
0.082
0.028
0.072
0.070
0.036
0.071
0.062
0.071
0.071
0.071
0.070
0.039
0.070
0.071
0.037
0.062
0.071
0.070
0.036
0.058
0.036
0.091
0.070
0.070
0.038
0.036
0.035
0.065
0.071
0.077
0.074
0.040
0.072
0.036
0.071
0.036
0.038
0.070
0.071
0.073
0.072
0.035
0.069
0.074
0.035
0.070
0.039
0.038
0.037
0.070
0.072
0.038
0.034
0.037
0.053
0.060
0.071
0.037
0.037
0.036
0.070
0.070
0.062
0.037
0.071
0.037
0.037
0.070
0.053
0.035
0.038
0.072
0.079
0.038
0.071
0.036
0.036
0.037
0.037
0.071
0.037
0.069
0.038
0.069
0.036
0.072
0.074
0.038
0.075
0.039
0.071
0.070
0.036
0.070
0.069
0.036
0.038
0.037
0.070
0.071
0.078
0.069
0.036
0.038
0.072
0.069
0.036
0.070
0.036
0.070
0.072
0.066
0.035
0.070
0.040
0.072
0.070
0.070
0.033
0.036
0.070
0.060
0.071
0.037
0.036
0.035
0.069
0.070
0.035
0.035
0.071
0.069
0.076
0.037
0.071
0.037
0.035
0.036
0.035
0.036
0.036
0.036
0.070
0.069
0.036
0.032
0.071
0.071
0.036
0.036
0.031
0.070
0.072
0.071
0.072
0.070
0.039
0.037
0.037
0.073
