0.090
0.101
0.103
0.068
0.079
0.087
0.092
0.076
0.104
0.075
0.091
0.087
0.076
0.076
0.088
0.093
0.075
0.085
0.060
0.090
0.099
0.075
0.074
0.092
0.072
0.073
0.089
0.086
0.090
0.076
0.075
0.102
0.056
0.077
0.072
0.090
0.089
0.088
0.059
0.059
0.075
0.100
0.077
0.056
0.079
0.075
0.077
0.090
0.100
0.088
0.091
0.076
0.090
0.060
0.084
0.116
0.077
0.087
0.060
0.074
0.078
0.060
0.076
0.084
0.096
0.089
0.076
0.087
0.063
0.073
0.076
0.076
0.086
0.073
0.090
0.087
0.092
0.087
0.076
0.075
0.086
0.087
0.089
0.075
0.091
0.089
0.076
0.083
0.091
0.074
0.078
0.074
0.061
0.125
0.076
0.074
0.077
0.095
0.061
0.087
0.075
0.087
0.079
0.087
0.077
0.074
0.079
0.061
0.084
0.094
0.090
0.084
0.075
0.075
0.078
0.060
0.105
0.089
0.082
0.101
0.096
0.059
0.089
0.075
0.089
0.084
0.062
0.077
0.075
0.073
0.092
0.116
0.080
0.089
0.075
0.088
0.106
0.061
0.080
0.098
0.081
0.076
0.075
0.088
0.080
0.088
0.092
0.106
0.062
0.076
0.076
0.087
0.089
0.075
0.089
0.076
0.074
0.088
0.078
0.077
0.091
0.090
0.090
0.082
0.076
0.090
0.075
0.089
0.074
0.088
0.076
0.089
0.089
0.090
0.089
0.091
0.105
0.075
0.086
0.088
0.089
0.077
0.090
0.080
0.088
0.074
0.098
0.089
0.076
0.081
0.084
0.087
0.090
0.089
0.094
0.072
0.088
0.074
0.062
0.075
