0.127
0.102
0.296
0.080
0.084
0.075
0.075
0.085
0.087
0.088
0.081
0.089
0.076
0.091
0.073
0.092
0.073
0.084
0.091
0.073
0.088
0.076
0.074
0.106
0.072
0.085
0.076
0.088
0.074
0.091
0.090
0.073
0.085
0.077
0.074
0.073
0.089
0.072
0.088
0.093
0.088
0.076
0.089
0.087
0.085
0.078
0.082
0.081
0.078
0.087
0.075
0.073
0.072
0.088
0.083
0.089
0.058
0.093
0.121
0.086
0.090
0.069
0.085
0.077
0.085
0.087
0.087
0.280
0.087
0.090
0.095
0.092
0.209
0.074
0.073
0.096
0.084
0.157
0.080
0.088
0.086
0.096
0.106
0.081
0.094
0.086
0.086
0.051
0.084
0.085
0.087
0.076
0.134
0.095
0.107
0.087
0.086
0.052
0.074
0.091
0.087
0.070
0.071
0.088
0.074
0.089
0.088
0.071
0.091
0.084
0.098
0.104
0.059
0.086
0.091
0.087
0.072
0.086
0.082
0.074
0.090
0.073
0.084
0.089
0.086
0.087
0.076
0.094
0.089
0.088
0.077
0.078
0.092
0.075
0.073
0.077
0.072
0.074
0.090
0.086
0.083
0.105
0.106
0.075
0.091
0.092
0.072
0.075
0.073
0.070
0.077
0.084
0.093
0.097
0.083
0.086
0.087
0.090
0.123
0.090
0.074
0.059
0.089
0.074
0.073
0.091
0.075
0.092
0.084
0.094
0.077
0.098
0.075
0.082
0.087
0.070
0.072
0.077
0.073
0.076
0.076
0.081
0.073
0.089
0.073
0.073
0.078
0.091
0.089
0.073
0.083
0.069
0.059
0.074
0.081
0.091
0.070
0.084
0.097
0.072
