0.103
0.103
0.105
0.101
0.104
0.087
0.078
0.088
0.081
0.079
0.075
0.074
0.091
0.076
0.082
0.088
0.074
0.061
0.078
0.092
0.075
0.085
0.083
0.088
0.094
0.088
0.089
0.075
0.076
0.089
0.075
0.090
0.075
0.076
0.074
0.078
0.116
0.088
0.077
0.075
0.083
0.086
0.075
0.075
0.091
0.075
0.073
0.070
0.085
0.088
0.076
0.081
0.073
0.084
0.089
0.088
0.089
0.101
0.076
0.094
0.075
0.075
0.081
0.091
0.090
0.088
0.089
0.078
0.077
0.088
0.089
0.100
0.075
0.088
0.077
0.077
0.074
0.075
0.074
0.095
0.079
0.074
0.075
0.099
0.091
0.086
0.076
0.088
0.104
0.073
0.090
0.088
0.072
0.075
0.088
0.059
0.090
0.074
0.093
0.089
0.074
0.073
0.076
0.093
0.088
0.080
0.074
0.077
0.090
0.075
0.090
0.075
0.078
0.077
0.090
0.100
0.097
0.090
0.090
0.083
0.091
0.089
0.093
0.081
0.076
0.075
0.078
0.092
0.090
0.081
0.061
0.100
0.076
0.088
0.094
0.071
0.090
0.072
0.091
0.100
0.090
0.093
0.079
0.073
0.092
0.086
0.107
0.090
0.091
0.086
0.089
0.088
0.075
0.076
0.072
0.101
0.083
0.087
0.096
0.086
0.091
0.072
0.109
0.076
0.092
0.069
0.082
0.072
0.090
0.086
0.078
0.124
0.077
0.087
0.078
0.075
0.088
0.092
0.092
0.122
0.091
0.087
0.089
0.075
0.076
0.074
0.090
0.074
0.090
0.088
0.075
0.073
0.076
0.061
0.077
0.090
0.075
0.078
0.087
0.070
