0.092
0.077
0.117
0.096
0.073
0.088
0.091
0.074
0.073
0.091
0.088
0.086
0.089
0.076
0.075
0.090
0.102
0.069
0.092
0.087
0.081
0.105
0.058
0.070
0.111
0.092
0.077
0.088
0.080
0.070
0.092
0.088
0.099
0.096
0.086
0.086
0.089
0.097
0.091
0.084
0.092
0.087
0.076
0.074
0.089
0.078
0.075
0.076
0.086
0.081
0.092
0.089
0.087
0.074
0.092
0.075
0.093
0.088
0.057
0.073
0.079
0.072
0.074
0.090
0.093
0.059
0.102
0.075
0.073
0.089
0.090
0.082
0.087
0.072
0.067
0.090
0.086
0.110
0.090
0.088
0.086
0.095
0.076
0.072
0.073
0.087
0.078
0.077
0.074
0.057
0.073
0.087
0.069
0.090
0.100
0.072
0.092
0.098
0.085
0.073
0.087
0.076
0.070
0.073
0.076
0.091
0.086
0.080
0.077
0.086
0.081
0.079
0.085
0.074
0.062
0.075
0.092
0.130
0.086
0.087
0.097
0.112
0.071
0.076
0.087
0.073
0.080
0.073
0.073
0.090
0.092
0.074
0.091
0.082
0.074
0.108
0.089
0.091
0.090
0.080
0.058
0.092
0.094
0.096
0.074
0.083
0.103
0.072
0.072
0.074
0.079
0.074
0.072
0.089
0.092
0.087
0.062
0.072
0.086
0.089
0.076
0.092
0.094
0.089
0.086
0.091
0.085
0.071
0.090
0.076
0.074
0.088
0.059
0.073
0.088
0.088
0.085
0.075
0.076
0.090
0.092
0.092
0.073
0.091
0.077
0.087
0.072
0.086
0.074
0.085
0.070
0.088
0.077
0.080
0.086
0.090
0.074
0.071
0.096
0.087
