0.145
0.074
0.075
0.090
0.086
0.060
0.090
0.074
0.086
0.091
0.085
0.075
0.089
0.087
0.097
0.079
0.076
0.076
0.117
0.077
0.094
0.076
0.072
0.085
0.078
0.088
0.085
0.076
0.115
0.089
0.076
0.087
0.073
0.077
0.069
0.084
0.091
0.073
0.090
0.089
0.086
0.073
0.075
0.087
0.055
0.076
0.071
0.098
0.114
0.074
0.070
0.077
0.074
0.071
0.076
0.082
0.076
0.089
0.071
0.077
0.090
0.086
0.084
0.075
0.081
0.076
0.085
0.086
0.086
0.078
0.073
0.076
0.077
0.080
0.075
0.075
0.298
0.075
0.087
0.083
0.091
0.220
0.089
0.085
0.091
0.084
0.231
0.079
0.087
0.087
0.074
0.061
0.103
0.128
0.086
0.084
0.080
0.074
0.079
0.079
0.084
0.058
0.091
0.074
0.093
0.071
0.084
0.065
0.075
0.076
0.092
0.064
0.074
0.084
0.089
0.078
0.076
0.092
0.071
0.087
0.076
0.075
0.073
0.061
0.091
0.073
0.076
0.073
0.077
0.092
0.071
0.082
0.091
0.084
0.074
0.088
0.080
0.073
0.092
0.086
0.079
0.077
0.085
0.077
0.083
0.077
0.087
0.072
0.074
0.074
0.090
0.084
0.096
0.061
0.087
0.096
0.077
0.072
0.088
0.091
0.080
0.075
0.087
0.089
0.073
0.080
0.074
0.074
0.062
0.085
0.094
0.094
0.090
0.075
0.077
0.076
0.070
0.091
0.072
0.092
0.079
0.088
0.086
0.088
0.088
0.074
0.075
0.072
0.083
0.078
0.060
0.084
0.084
0.088
0.087
0.085
0.089
0.122
0.111
0.084
