0.093
0.109
0.076
0.085
0.089
0.118
0.075
0.077
0.084
0.071
0.076
0.076
0.078
0.084
0.075
0.073
0.237
0.083
0.099
0.088
0.084
0.087
0.083
0.120
0.084
0.075
0.079
0.070
0.082
0.087
0.071
0.084
0.090
0.089
0.097
0.085
0.089
0.079
0.091
0.073
0.079
0.081
0.087
0.098
0.094
0.074
0.090
0.087
0.078
0.088
0.094
0.074
0.091
0.077
0.062
0.073
0.091
0.103
0.076
0.071
0.083
0.086
0.076
0.086
0.090
0.069
0.091
0.085
0.079
0.087
0.085
0.075
0.076
0.076
0.091
0.075
0.085
0.086
0.091
0.223
0.099
0.086
0.095
0.089
0.126
0.072
0.082
0.076
0.076
0.047
0.075
0.074
0.082
0.090
0.096
0.091
0.091
0.086
0.092
0.090
0.090
0.088
0.092
0.089
0.090
0.090
0.090
0.090
0.091
0.086
0.075
0.072
0.092
0.089
0.096
0.075
0.090
0.075
0.078
0.091
0.088
0.086
0.090
0.087
0.091
0.058
0.111
0.085
0.102
0.087
0.088
0.074
0.091
0.093
0.085
0.079
0.075
0.088
0.077
0.086
0.091
0.087
0.077
0.077
0.091
0.081
0.076
0.083
0.077
0.066
0.076
0.089
0.078
0.088
0.102
0.112
0.075
0.089
0.081
0.083
0.089
0.074
0.089
0.089
0.076
0.073
0.090
0.072
0.090
0.095
0.076
0.102
0.077
0.108
0.082
0.087
0.091
0.058
0.079
0.074
0.076
0.090
0.091
0.096
0.092
0.087
0.064
0.085
0.080
0.070
0.093
0.090
0.063
0.081
0.091
0.094
0.078
0.079
0.105
0.075
