0.121
0.102
0.112
0.071
0.073
0.055
0.078
0.075
0.077
0.088
0.090
0.073
0.082
0.095
0.081
0.091
0.091
0.088
0.090
0.084
0.078
0.073
0.075
0.088
0.088
0.074
0.081
0.087
0.087
0.085
0.079
0.077
0.061
0.082
0.084
0.079
0.075
0.075
0.095
0.079
0.090
0.084
0.077
0.087
0.074
0.074
0.090
0.058
0.091
0.085
0.093
0.073
0.090
0.089
0.073
0.073
0.074
0.072
0.096
0.076
0.093
0.082
0.079
0.092
0.076
0.080
0.074
0.074
0.075
0.085
0.078
0.112
0.076
0.086
0.088
0.074
0.081
0.071
0.090
0.075
0.077
0.086
0.090
0.086
0.098
0.074
0.074
0.071
0.082
0.094
0.077
0.061
0.103
0.092
0.076
0.098
0.098
0.081
0.084
0.077
0.291
0.113
0.091
0.074
0.090
0.197
0.089
0.090
0.078
0.071
0.107
0.073
0.087
0.087
0.076
0.044
0.060
0.074
0.075
0.073
0.056
0.086
0.089
0.092
0.107
0.062
0.075
0.085
0.087
0.072
0.063
0.113
0.077
0.074
0.089
0.059
0.077
0.070
0.090
0.072
0.077
0.092
0.079
0.095
0.077
0.087
0.074
0.072
0.077
0.086
0.077
0.057
0.076
0.105
0.074
0.076
0.100
0.086
0.090
0.087
0.077
0.084
0.090
0.084
0.073
0.084
0.085
0.073
0.075
0.086
0.090
0.094
0.076
0.076
0.091
0.084
0.077
0.074
0.074
0.073
0.090
0.081
0.077
0.088
0.083
0.089
0.075
0.075
0.093
0.074
0.072
0.075
0.075
0.087
0.076
0.087
0.085
0.058
0.078
0.092
