0.081
0.097
0.103
0.103
0.090
0.070
0.093
0.075
0.092
0.116
0.096
0.089
0.092
0.086
0.077
0.081
0.086
0.074
0.076
0.074
0.072
0.086
0.077
0.089
0.094
0.076
0.092
0.089
0.090
0.087
0.077
0.076
0.078
0.087
0.085
0.098
0.078
0.088
0.097
0.085
0.085
0.085
0.114
0.088
0.089
0.084
0.077
0.077
0.091
0.076
0.106
0.088
0.092
0.075
0.089
0.074
0.091
0.089
0.091
0.071
0.074
0.088
0.097
0.080
0.060
0.072
0.089
0.095
0.079
0.095
0.072
0.099
0.075
0.084
0.079
0.088
0.089
0.075
0.089
0.088
0.088
0.102
0.089
0.088
0.078
0.093
0.088
0.095
0.089
0.088
0.089
0.092
0.090
0.088
0.081
0.073
0.093
0.076
0.098
0.076
0.090
0.089
0.077
0.077
0.088
0.093
0.075
0.080
0.081
0.074
0.074
0.075
0.094
0.073
0.089
0.090
0.077
0.086
0.111
0.099
0.073
0.093
0.077
0.076
0.076
0.072
0.076
0.094
0.082
0.075
0.069
0.084
0.092
0.077
0.089
0.089
0.077
0.088
0.082
0.089
0.088
0.082
0.073
0.089
0.088
0.075
0.075
0.088
0.098
0.075
0.088
0.092
0.087
0.088
0.090
0.075
0.073
0.110
0.088
0.089
0.238
0.091
0.084
0.083
0.073
0.073
0.087
0.075
0.075
0.084
0.088
0.088
0.074
0.084
0.093
0.085
0.075
0.088
0.089
0.091
0.076
0.076
0.076
0.093
0.117
0.080
0.084
0.075
0.078
0.088
0.074
0.087
0.072
0.088
0.081
0.118
0.089
0.076
0.075
0.088
