0.116
0.100
0.087
0.098
0.143
0.086
0.088
0.083
0.075
0.090
0.075
0.085
0.088
0.073
0.076
0.105
0.089
0.070
0.087
0.091
0.094
0.074
0.069
0.072
0.088
0.072
0.088
0.071
0.062
0.084
0.081
0.071
0.098
0.087
0.073
0.084
0.081
0.085
0.076
0.070
0.060
0.081
0.088
0.086
0.073
0.072
0.074
0.069
0.074
0.057
0.075
0.084
0.074
0.080
0.075
0.080
0.088
0.056
0.089
0.084
0.063
0.072
0.070
0.071
0.073
0.071
0.075
0.066
0.059
0.086
0.076
0.088
0.073
0.057
0.072
0.072
0.081
0.073
0.081
0.091
0.091
0.073
0.086
0.073
0.076
0.084
0.075
0.072
0.090
0.087
0.082
0.085
0.098
0.084
0.088
0.084
0.075
0.093
0.082
0.082
0.097
0.059
0.089
0.087
0.080
0.086
0.072
0.058
0.073
0.073
0.085
0.073
0.089
0.084
0.094
0.073
0.076
0.081
0.072
0.084
0.076
0.086
0.081
0.078
0.075
0.073
0.087
0.068
0.089
0.083
0.075
0.084
0.103
0.071
0.063
0.071
0.077
0.081
0.088
0.092
0.089
0.086
0.082
0.085
0.070
0.088
0.061
0.084
0.089
0.069
0.088
0.092
0.074
0.085
0.073
0.086
0.089
0.087
0.088
0.081
0.083
0.071
0.073
0.071
0.089
0.075
0.087
0.072
0.095
0.071
0.084
0.093
0.071
0.069
0.074
0.073
0.089
0.084
0.088
0.070
0.092
0.072
0.086
0.081
0.073
0.073
0.083
0.069
0.069
0.071
0.075
0.072
0.078
0.070
0.081
0.073
0.073
0.070
0.086
0.071
