0.097
0.098
0.109
0.073
0.073
0.073
0.090
0.074
0.076
0.071
0.089
0.084
0.086
0.094
0.058
0.130
0.092
0.090
0.090
0.058
0.091
0.099
0.092
0.082
0.093
0.071
0.101
0.095
0.076
0.073
0.095
0.087
0.079
0.077
0.077
0.087
0.076
0.075
0.090
0.075
0.077
0.071
0.076
0.085
0.079
0.087
0.107
0.077
0.077
0.074
0.098
0.082
0.078
0.097
0.090
0.083
0.091
0.088
0.081
0.096
0.080
0.073
0.091
0.075
0.081
0.069
0.091
0.086
0.090
0.087
0.077
0.087
0.097
0.085
0.074
0.086
0.094
0.087
0.074
0.088
0.086
0.071
0.095
0.087
0.089
0.088
0.229
0.070
0.090
0.087
0.074
0.083
0.075
0.074
0.220
0.071
0.082
0.077
0.085
0.072
0.088
0.060
0.075
0.078
0.078
0.091
0.077
0.087
0.089
0.071
0.076
0.074
0.071
0.084
0.088
0.084
0.061
0.086
0.077
0.092
0.090
0.095
0.076
0.073
0.076
0.073
0.089
0.087
0.076
0.088
0.091
0.069
0.077
0.087
0.076
0.094
0.089
0.084
0.088
0.059
0.088
0.094
0.088
0.069
0.060
0.076
0.075
0.087
0.093
0.123
0.072
0.074
0.090
0.087
0.082
0.087
0.094
0.076
0.083
0.089
0.082
0.076
0.073
0.088
0.077
0.062
0.079
0.094
0.095
0.061
0.073
0.077
0.106
0.086
0.090
0.088
0.083
0.087
0.077
0.078
0.079
0.076
0.061
0.084
0.088
0.092
0.077
0.076
0.086
0.088
0.073
0.094
0.090
0.088
0.076
0.075
0.094
0.086
0.089
0.088
