0.100
0.087
0.104
0.099
0.117
0.074
0.076
0.082
0.090
0.078
0.091
0.087
0.076
0.103
0.078
0.074
0.091
0.095
0.078
0.094
0.074
0.080
0.077
0.085
0.077
0.086
0.076
0.074
0.087
0.086
0.089
0.072
0.089
0.087
0.091
0.087
0.062
0.123
0.077
0.085
0.073
0.071
0.112
0.075
0.076
0.073
0.092
0.074
0.074
0.091
0.077
0.092
0.080
0.060
0.092
0.075
0.092
0.102
0.091
0.075
0.063
0.076
0.099
0.088
0.078
0.082
0.090
0.087
0.091
0.083
0.076
0.096
0.077
0.096
0.090
0.085
0.078
0.073
0.092
0.094
0.077
0.073
0.085
0.093
0.092
0.089
0.092
0.081
0.078
0.077
0.075
0.093
0.075
0.081
0.079
0.088
0.076
0.071
0.091
0.073
0.076
0.086
0.076
0.076
0.092
0.082
0.095
0.090
0.091
0.092
0.090
0.075
0.087
0.075
0.076
0.079
0.090
0.086
0.093
0.074
0.094
0.070
0.080
0.059
0.077
0.060
0.090
0.073
0.096
0.074
0.087
0.074
0.076
0.093
0.090
0.076
0.091
0.071
0.090
0.088
0.075
0.072
0.086
0.124
0.084
0.056
0.079
0.086
0.076
0.073
0.074
0.074
0.076
0.061
0.081
0.071
0.077
0.087
0.078
0.083
0.098
0.076
0.098
0.087
0.096
0.075
0.090
0.077
0.077
0.061
0.096
0.076
0.073
0.075
0.092
0.084
0.076
0.088
0.077
0.093
0.075
0.073
0.091
0.059
0.078
0.084
0.092
0.077
0.092
0.086
0.060
0.080
0.073
0.074
0.091
0.075
0.092
0.075
0.071
0.091
