0.088
0.121
0.100
0.089
0.072
0.091
0.105
0.089
0.089
0.095
0.096
0.089
0.077
0.075
0.091
0.086
0.088
0.089
0.089
0.089
0.088
0.077
0.107
0.088
0.080
0.077
0.092
0.088
0.090
0.074
0.077
0.071
0.075
0.076
0.079
0.074
0.091
0.072
0.076
0.075
0.076
0.070
0.074
0.081
0.078
0.095
0.091
0.122
0.075
0.093
0.074
0.088
0.073
0.092
0.093
0.075
0.093
0.090
0.076
0.076
0.086
0.087
0.091
0.097
0.059
0.075
0.072
0.084
0.091
0.078
0.078
0.090
0.061
0.084
0.088
0.108
0.090
0.077
0.077
0.076
0.090
0.088
0.072
0.075
0.076
0.083
0.094
0.074
0.081
0.091
0.088
0.097
0.091
0.087
0.076
0.060
0.088
0.086
0.089
0.084
0.081
0.072
0.073
0.091
0.087
0.074
0.076
0.074
0.100
0.060
0.089
0.072
0.078
0.097
0.060
0.077
0.074
0.087
0.087
0.072
0.076
0.086
0.077
0.089
0.077
0.076
0.076
0.085
0.091
0.080
0.076
0.087
0.089
0.081
0.076
0.074
0.089
0.077
0.075
0.076
0.073
0.075
0.080
0.089
0.090
0.095
0.088
0.115
0.089
0.075
0.093
0.075
0.076
0.099
0.073
0.074
0.089
0.060
0.078
0.089
0.080
0.095
0.075
0.087
0.089
0.075
0.072
0.089
0.091
0.089
0.076
0.261
0.074
0.088
0.073
0.095
0.177
0.074
0.099
0.096
0.076
0.045
0.088
0.072
0.076
0.101
0.048
0.077
0.087
0.074
0.077
0.079
0.089
0.095
0.072
0.088
0.107
0.089
0.073
0.087
