0.095
0.105
0.092
0.091
0.088
0.100
0.081
0.087
0.083
0.073
0.074
0.072
0.076
0.071
0.063
0.073
0.075
0.091
0.062
0.089
0.061
0.086
0.071
0.071
0.082
0.086
0.092
0.076
0.091
0.073
0.075
0.089
0.077
0.071
0.078
0.086
0.076
0.072
0.089
0.076
0.091
0.076
0.079
0.087
0.089
0.071
0.089
0.086
0.086
0.087
0.078
0.058
0.090
0.083
0.077
0.100
0.080
0.199
0.081
0.076
0.075
0.061
0.090
0.075
0.074
0.059
0.077
0.095
0.084
0.058
0.093
0.090
0.074
0.086
0.061
0.072
0.076
0.059
0.075
0.073
0.061
0.089
0.088
0.080
0.077
0.092
0.098
0.083
0.078
0.117
0.077
0.099
0.089
0.084
0.078
0.088
0.090
0.088
0.071
0.089
0.073
0.071
0.076
0.088
0.091
0.080
0.090
0.091
0.091
0.087
0.090
0.109
0.074
0.075
0.086
0.076
0.094
0.073
0.094
0.081
0.085
0.093
0.073
0.075
0.062
0.088
0.076
0.088
0.076
0.087
0.090
0.077
0.073
0.101
0.081
0.092
0.075
0.073
0.087
0.077
0.087
0.087
0.077
0.105
0.092
0.070
0.074
0.124
0.115
0.096
0.093
0.060
0.074
0.074
0.091
0.083
0.091
0.071
0.089
0.093
0.088
0.071
0.098
0.074
0.092
0.071
0.081
0.053
0.090
0.073
0.077
0.086
0.074
0.086
0.062
0.093
0.065
0.091
0.087
0.092
0.090
0.073
0.090
0.060
0.085
0.088
0.078
0.074
0.078
0.061
0.076
0.090
0.111
0.084
0.063
0.075
0.076
0.072
0.077
0.085
