0.113
0.076
0.101
0.071
0.062
0.071
0.093
0.089
0.091
0.074
0.091
0.083
0.073
0.075
0.092
0.085
0.075
0.071
0.077
0.077
0.091
0.073
0.086
0.092
0.077
0.073
0.078
0.059
0.077
0.072
0.091
0.086
0.060
0.088
0.076
0.080
0.077
0.109
0.091
0.073
0.076
0.076
0.080
0.075
0.055
0.084
0.077
0.085
0.088
0.090
0.074
0.082
0.091
0.073
0.074
0.083
0.083
0.087
0.087
0.076
0.075
0.074
0.075
0.074
0.073
0.086
0.091
0.084
0.077
0.088
0.074
0.074
0.074
0.073
0.074
0.072
0.091
0.086
0.076
0.086
0.092
0.087
0.076
0.081
0.072
0.077
0.075
0.088
0.090
0.082
0.092
0.089
0.078
0.075
0.074
0.074
0.093
0.076
0.059
0.086
0.076
0.075
0.070
0.078
0.072
0.078
0.103
0.088
0.074
0.093
0.085
0.088
0.077
0.075
0.077
0.075
0.076
0.095
0.090
0.059
0.089
0.086
0.076
0.073
0.082
0.094
0.077
0.089
0.089
0.088
0.088
0.072
0.081
0.076
0.089
0.073
0.100
0.080
0.104
0.081
0.111
0.078
0.088
0.075
0.090
0.086
0.075
0.083
0.090
0.076
0.074
0.073
0.076
0.083
0.076
0.097
0.084
0.096
0.076
0.075
0.060
0.059
0.088
0.088
0.088
0.058
0.077
0.076
0.075
0.088
0.072
0.090
0.073
0.076
0.075
0.074
0.086
0.060
0.076
0.076
0.083
0.077
0.085
0.088
0.076
0.086
0.088
0.060
0.075
0.088
0.083
0.075
0.076
0.078
0.077
0.087
0.092
0.108
0.082
0.083
