0.119
0.102
0.090
0.089
0.093
0.111
0.089
0.087
0.074
0.076
0.062
0.074
0.055
0.073
0.091
0.088
0.087
0.074
0.090
0.089
0.077
0.060
0.107
0.087
0.096
0.075
0.080
0.094
0.061
0.058
0.077
0.077
0.078
0.075
0.072
0.081
0.091
0.074
0.093
0.072
0.090
0.106
0.092
0.098
0.081
0.086
0.092
0.088
0.074
0.087
0.090
0.095
0.079
0.089
0.080
0.072
0.081
0.073
0.088
0.075
0.076
0.089
0.072
0.060
0.073
0.073
0.076
0.093
0.091
0.070
0.098
0.087
0.074
0.083
0.077
0.088
0.076
0.076
0.074
0.073
0.076
0.093
0.077
0.079
0.077
0.085
0.062
0.105
0.105
0.078
0.102
0.089
0.076
0.077
0.091
0.083
0.056
0.072
0.075
0.084
0.075
0.089
0.099
0.077
0.089
0.073
0.088
0.076
0.090
0.074
0.082
0.089
0.077
0.089
0.098
0.075
0.077
0.058
0.101
0.081
0.089
0.088
0.087
0.076
0.092
0.077
0.081
0.075
0.062
0.076
0.099
0.081
0.077
0.087
0.077
0.074
0.077
0.096
0.074
0.086
0.091
0.088
0.081
0.100
0.090
0.074
0.076
0.092
0.076
0.071
0.088
0.057
0.077
0.072
0.060
0.073
0.092
0.074
0.076
0.073
0.077
0.085
0.083
0.080
0.076
0.074
0.074
0.074
0.061
0.088
0.077
0.060
0.092
0.074
0.075
0.073
0.092
0.073
0.061
0.077
0.091
0.088
0.100
0.090
0.089
0.073
0.079
0.078
0.093
0.089
0.089
0.060
0.063
0.089
0.089
0.088
0.077
0.089
0.105
0.062
