0.117
0.105
0.099
0.104
0.106
0.095
0.076
0.073
0.086
0.075
0.077
0.089
0.084
0.092
0.074
0.076
0.074
0.070
0.075
0.074
0.077
0.074
0.083
0.095
0.075
0.074
0.075
0.076
0.073
0.076
0.080
0.086
0.073
0.075
0.091
0.097
0.075
0.053
0.074
0.098
0.085
0.072
0.092
0.072
0.085
0.078
0.076
0.097
0.094
0.073
0.082
0.071
0.055
0.093
0.088
0.076
0.072
0.102
0.071
0.085
0.087
0.085
0.091
0.076
0.074
0.074
0.095
0.059
0.083
0.090
0.076
0.075
0.062
0.094
0.074
0.092
0.085
0.072
0.078
0.076
0.086
0.060
0.087
0.069
0.080
0.092
0.060
0.076
0.080
0.085
0.089
0.070
0.072
0.077
0.074
0.086
0.105
0.086
0.073
0.092
0.073
0.073
0.076
0.087
0.074
0.090
0.092
0.084
0.091
0.073
0.072
0.073
0.069
0.086
0.075
0.073
0.073
0.077
0.088
0.084
0.077
0.061
0.072
0.091
0.072
0.077
0.089
0.073
0.074
0.086
0.087
0.084
0.077
0.086
0.086
0.061
0.078
0.074
0.061
0.074
0.085
0.076
0.086
0.060
0.091
0.086
0.087
0.076
0.070
0.077
0.089
0.073
0.074
0.090
0.073
0.085
0.089
0.085
0.075
0.091
0.072
0.070
0.090
0.092
0.069
0.078
0.060
0.094
0.074
0.085
0.076
0.076
0.059
0.060
0.079
0.090
0.072
0.070
0.074
0.086
0.077
0.072
0.071
0.077
0.074
0.081
0.089
0.079
0.077
0.077
0.075
0.068
0.077
0.315
0.084
0.089
0.093
0.083
0.221
0.073
