0.114
0.091
0.101
0.086
0.082
0.089
0.075
0.105
0.090
0.077
0.089
0.086
0.094
0.077
0.088
0.089
0.076
0.081
0.081
0.073
0.092
0.060
0.079
0.087
0.073
0.072
0.089
0.072
0.099
0.077
0.082
0.105
0.070
0.089
0.073
0.077
0.072
0.077
0.088
0.075
0.089
0.073
0.075
0.073
0.086
0.075
0.086
0.087
0.091
0.074
0.076
0.087
0.076
0.090
0.075
0.087
0.088
0.075
0.074
0.076
0.089
0.085
0.090
0.075
0.090
0.088
0.071
0.076
0.093
0.074
0.087
0.088
0.088
0.084
0.091
0.089
0.091
0.093
0.085
0.057
0.090
0.087
0.062
0.090
0.070
0.072
0.074
0.087
0.085
0.080
0.074
0.088
0.096
0.059
0.093
0.095
0.092
0.088
0.089
0.086
0.060
0.097
0.074
0.069
0.092
0.090
0.074
0.114
0.097
0.073
0.096
0.071
0.088
0.090
0.092
0.076
0.075
0.073
0.076
0.091
0.092
0.059
0.074
0.072
0.078
0.095
0.088
0.076
0.061
0.093
0.093
0.072
0.061
0.088
0.087
0.072
0.069
0.079
0.091
0.087
0.088
0.059
0.073
0.070
0.077
0.077
0.076
0.086
0.088
0.087
0.075
0.073
0.072
0.075
0.090
0.074
0.073
0.075
0.083
0.095
0.079
0.075
0.075
0.074
0.087
0.076
0.076
0.076
0.086
0.086
0.088
0.082
0.091
0.082
0.089
0.076
0.089
0.088
0.074
0.087
0.092
0.060
0.074
0.093
0.075
0.075
0.060
0.077
0.076
0.080
0.084
0.073
0.089
0.089
0.084
0.088
0.086
0.089
0.090
0.087
