0.109
0.090
0.090
0.085
0.088
0.093
0.092
0.093
0.085
0.088
0.105
0.089
0.085
0.090
0.073
0.104
0.060
0.085
0.087
0.092
0.092
0.088
0.090
0.094
0.088
0.075
0.076
0.082
0.089
0.087
0.087
0.078
0.060
0.088
0.090
0.088
0.089
0.090
0.076
0.092
0.090
0.069
0.089
0.088
0.089
0.087
0.129
0.076
0.074
0.075
0.090
0.090
0.085
0.081
0.090
0.074
0.093
0.089
0.089
0.074
0.075
0.083
0.091
0.096
0.076
0.076
0.089
0.089
0.089
0.074
0.076
0.076
0.094
0.084
0.089
0.090
0.088
0.074
0.076
0.089
0.088
0.089
0.077
0.094
0.076
0.078
0.094
0.089
0.090
0.104
0.088
0.091
0.075
0.087
0.090
0.074
0.088
0.092
0.074
0.078
0.112
0.075
0.089
0.092
0.094
0.078
0.092
0.096
0.074
0.088
0.090
0.089
0.089
0.076
0.094
0.075
0.075
0.088
0.088
0.076
0.089
0.096
0.081
0.090
0.073
0.097
0.090
0.092
0.074
0.088
0.091
0.090
0.093
0.081
0.094
0.073
0.076
0.076
0.092
0.090
0.097
0.098
0.088
0.100
0.077
0.084
0.084
0.077
0.076
0.087
0.092
0.076
0.089
0.088
0.097
0.086
0.096
0.088
0.091
0.076
0.075
0.072
0.093
0.106
0.092
0.103
0.078
0.073
0.096
0.082
0.101
0.061
0.063
0.075
0.091
0.085
0.092
0.082
0.090
0.089
0.076
0.076
0.094
0.074
0.090
0.088
0.097
0.094
0.080
0.092
0.105
0.074
0.096
0.085
0.088
0.095
0.075
0.088
0.083
0.081
