0.095
0.098
0.086
0.095
0.094
0.059
0.071
0.074
0.098
0.080
0.083
0.087
0.089
0.076
0.086
0.089
0.088
0.072
0.077
0.088
0.089
0.075
0.092
0.280
0.097
0.092
0.069
0.096
0.085
0.087
0.075
0.069
0.088
0.091
0.076
0.073
0.078
0.087
0.074
0.091
0.092
0.098
0.075
0.087
0.074
0.091
0.069
0.094
0.095
0.098
0.082
0.098
0.073
0.085
0.074
0.085
0.087
0.091
0.073
0.080
0.089
0.087
0.073
0.081
0.074
0.072
0.071
0.073
0.087
0.090
0.063
0.086
0.072
0.075
0.104
0.088
0.087
0.097
0.089
0.076
0.099
0.105
0.069
0.089
0.122
0.124
0.100
0.088
0.076
0.091
0.090
0.093
0.070
0.093
0.087
0.057
0.091
0.084
0.076
0.076
0.121
0.087
0.089
0.080
0.074
0.092
0.061
0.089
0.242
0.076
0.079
0.082
0.073
0.074
0.077
0.074
0.085
0.060
0.077
0.088
0.089
0.076
0.083
0.078
0.075
0.074
0.091
0.070
0.086
0.091
0.087
0.076
0.072
0.073
0.089
0.074
0.072
0.087
0.092
0.076
0.073
0.073
0.079
0.087
0.088
0.070
0.088
0.075
0.088
0.085
0.089
0.097
0.122
0.087
0.082
0.085
0.089
0.090
0.074
0.089
0.085
0.069
0.069
0.087
0.075
0.081
0.086
0.071
0.078
0.088
0.058
0.057
0.072
0.088
0.088
0.079
0.083
0.089
0.073
0.073
0.076
0.057
0.092
0.090
0.076
0.071
0.072
0.075
0.088
0.079
0.070
0.072
0.091
0.059
0.086
0.087
0.074
0.072
0.090
0.095
