0.113
0.100
0.092
0.074
0.077
0.087
0.093
0.102
0.097
0.077
0.091
0.088
0.090
0.087
0.092
0.091
0.089
0.085
0.099
0.074
0.077
0.089
0.091
0.087
0.095
0.077
0.078
0.077
0.088
0.096
0.076
0.076
0.097
0.083
0.090
0.088
0.089
0.090
0.090
0.088
0.097
0.090
0.089
0.075
0.086
0.096
0.088
0.087
0.075
0.075
0.089
0.090
0.086
0.075
0.078
0.076
0.088
0.082
0.088
0.089
0.085
0.088
0.090
0.076
0.088
0.108
0.085
0.074
0.089
0.083
0.099
0.104
0.083
0.095
0.091
0.083
0.092
0.086
0.078
0.088
0.089
0.088
0.090
0.095
0.091
0.086
0.077
0.081
0.089
0.075
0.074
0.087
0.089
0.095
0.076
0.089
0.076
0.098
0.088
0.085
0.091
0.088
0.090
0.088
0.079
0.081
0.098
0.070
0.092
0.087
0.089
0.088
0.091
0.081
0.078
0.087
0.106
0.060
0.101
0.087
0.084
0.088
0.085
0.091
0.090
0.073
0.091
0.076
0.083
0.095
0.088
0.087
0.091
0.074
0.076
0.087
0.100
0.074
0.061
0.074
0.061
0.088
0.077
0.071
0.092
0.087
0.090
0.088
0.105
0.087
0.076
0.091
0.060
0.076
0.093
0.092
0.077
0.087
0.077
0.074
0.089
0.089
0.093
0.087
0.096
0.091
0.090
0.076
0.076
0.087
0.092
0.076
0.073
0.085
0.093
0.083
0.091
0.082
0.089
0.075
0.098
0.073
0.078
0.088
0.094
0.088
0.089
0.089
0.091
0.096
0.077
0.071
0.093
0.090
0.086
0.088
0.091
0.091
0.088
0.088
