0.122
0.088
0.077
0.086
0.090
0.077
0.078
0.098
0.060
0.095
0.091
0.089
0.090
0.081
0.090
0.072
0.078
0.087
0.089
0.080
0.100
0.088
0.077
0.076
0.096
0.093
0.076
0.087
0.079
0.075
0.079
0.059
0.085
0.073
0.090
0.073
0.078
0.088
0.096
0.087
0.093
0.093
0.102
0.087
0.089
0.075
0.092
0.083
0.091
0.087
0.089
0.072
0.081
0.084
0.090
0.091
0.105
0.087
0.075
0.074
0.090
0.073
0.089
0.083
0.092
0.074
0.135
0.093
0.090
0.057
0.079
0.074
0.092
0.083
0.074
0.074
0.090
0.075
0.076
0.077
0.076
0.076
0.090
0.082
0.090
0.074
0.089
0.092
0.075
0.087
0.095
0.087
0.089
0.083
0.075
0.057
0.076
0.088
0.089
0.089
0.088
0.094
0.089
0.059
0.075
0.076
0.091
0.110
0.090
0.089
0.077
0.094
0.088
0.092
0.088
0.076
0.073
0.076
0.074
0.100
0.060
0.060
0.093
0.083
0.090
0.076
0.089
0.087
0.079
0.060
0.082
0.088
0.074
0.075
0.111
0.059
0.094
0.076
0.076
0.088
0.076
0.092
0.104
0.077
0.089
0.088
0.070
0.075
0.090
0.076
0.060
0.088
0.087
0.089
0.090
0.077
0.091
0.094
0.090
0.074
0.088
0.087
0.092
0.087
0.090
0.062
0.076
0.075
0.084
0.090
0.090
0.079
0.093
0.075
0.089
0.086
0.096
0.089
0.071
0.104
0.088
0.080
0.088
0.088
0.090
0.061
0.094
0.083
0.089
0.104
0.088
0.083
0.088
0.091
0.073
0.079
0.074
0.076
0.090
0.090
