0.110
0.102
0.096
0.075
0.086
0.085
0.080
0.096
0.076
0.076
0.079
0.077
0.078
0.085
0.090
0.089
0.090
0.094
0.091
0.088
0.077
0.084
0.089
0.088
0.113
0.087
0.076
0.087
0.075
0.077
0.073
0.078
0.089
0.088
0.076
0.095
0.096
0.089
0.090
0.077
0.075
0.077
0.088
0.092
0.076
0.104
0.077
0.089
0.089
0.100
0.088
0.085
0.075
0.075
0.083
0.093
0.069
0.099
0.105
0.079
0.087
0.077
0.092
0.092
0.088
0.090
0.087
0.077
0.086
0.076
0.074
0.092
0.088
0.084
0.092
0.091
0.085
0.110
0.093
0.090
0.084
0.090
0.088
0.077
0.099
0.082
0.089
0.091
0.085
0.089
0.076
0.105
0.090
0.077
0.088
0.096
0.089
0.084
0.089
0.100
0.075
0.090
0.082
0.079
0.074
0.076
0.087
0.090
0.088
0.090
0.085
0.093
0.077
0.090
0.075
0.078
0.076
0.089
0.069
0.095
0.075
0.071
0.069
0.075
0.088
0.102
0.078
0.092
0.097
0.082
0.076
0.078
0.074
0.078
0.091
0.076
0.077
0.075
0.077
0.092
0.075
0.100
0.089
0.080
0.075
0.079
0.097
0.074
0.089
0.073
0.084
0.092
0.080
0.077
0.074
0.079
0.058
0.079
0.077
0.092
0.101
0.123
0.100
0.113
0.084
0.076
0.074
0.089
0.074
0.084
0.080
0.091
0.084
0.093
0.086
0.088
0.075
0.097
0.075
0.091
0.074
0.087
0.094
0.100
0.089
0.096
0.074
0.075
0.088
0.096
0.087
0.090
0.086
0.088
0.090
0.084
0.059
0.087
0.084
0.102
