0.081
0.102
0.097
0.075
0.075
0.076
0.091
0.087
0.081
0.075
0.103
0.071
0.076
0.086
0.092
0.087
0.074
0.059
0.078
0.073
0.073
0.086
0.076
0.074
0.090
0.087
0.089
0.073
0.079
0.087
0.076
0.073
0.090
0.083
0.086
0.074
0.090
0.074
0.089
0.072
0.073
0.073
0.091
0.075
0.077
0.098
0.073
0.110
0.081
0.075
0.073
0.086
0.092
0.086
0.073
0.073
0.112
0.075
0.091
0.072
0.097
0.097
0.076
0.074
0.088
0.058
0.078
0.071
0.077
0.072
0.088
0.070
0.077
0.102
0.089
0.072
0.090
0.092
0.086
0.072
0.089
0.071
0.090
0.093
0.080
0.087
0.095
0.075
0.089
0.082
0.074
0.091
0.095
0.102
0.091
0.085
0.094
0.087
0.079
0.073
0.083
0.074
0.091
0.071
0.090
0.109
0.075
0.088
0.075
0.088
0.091
0.086
0.096
0.074
0.077
0.074
0.091
0.087
0.078
0.087
0.082
0.073
0.078
0.086
0.091
0.086
0.091
0.087
0.097
0.084
0.062
0.076
0.076
0.075
0.078
0.073
0.077
0.068
0.086
0.087
0.076
0.072
0.079
0.071
0.087
0.101
0.074
0.081
0.098
0.074
0.092
0.074
0.077
0.088
0.093
0.073
0.077
0.086
0.090
0.077
0.089
0.087
0.075
0.072
0.089
0.085
0.094
0.086
0.087
0.074
0.094
0.085
0.091
0.076
0.081
0.090
0.079
0.085
0.071
0.075
0.087
0.072
0.090
0.086
0.091
0.075
0.083
0.093
0.079
0.095
0.086
0.084
0.091
0.058
0.077
0.094
0.090
0.077
0.091
0.089
