0.104
0.105
0.122
0.103
0.100
0.088
0.077
0.075
0.073
0.092
0.075
0.073
0.092
0.076
0.072
0.077
0.073
0.093
0.076
0.075
0.088
0.075
0.086
0.072
0.073
0.075
0.094
0.078
0.088
0.074
0.076
0.093
0.093
0.074
0.098
0.078
0.090
0.074
0.086
0.074
0.087
0.073
0.090
0.075
0.092
0.091
0.073
0.083
0.090
0.087
0.086
0.076
0.076
0.088
0.074
0.088
0.071
0.081
0.086
0.086
0.077
0.087
0.087
0.091
0.070
0.074
0.091
0.087
0.081
0.088
0.070
0.067
0.099
0.073
0.094
0.081
0.099
0.110
0.088
0.070
0.079
0.083
0.074
0.075
0.091
0.084
0.073
0.077
0.074
0.084
0.090
0.093
0.072
0.101
0.084
0.093
0.099
0.076
0.077
0.103
0.086
0.084
0.074
0.075
0.088
0.075
0.086
0.073
0.096
0.069
0.077
0.100
0.086
0.084
0.089
0.230
0.083
0.091
0.079
0.074
0.082
0.097
0.086
0.086
0.088
0.097
0.107
0.094
0.120
0.090
0.074
0.088
0.090
0.083
0.073
0.062
0.076
0.104
0.076
0.073
0.092
0.091
0.077
0.076
0.098
0.072
0.074
0.096
0.087
0.084
0.087
0.077
0.104
0.089
0.106
0.089
0.075
0.076
0.089
0.082
0.074
0.088
0.090
0.087
0.074
0.089
0.073
0.074
0.075
0.094
0.086
0.087
0.091
0.093
0.075
0.072
0.087
0.075
0.074
0.102
0.097
0.075
0.093
0.091
0.085
0.096
0.062
0.088
0.075
0.093
0.071
0.061
0.090
0.077
0.083
0.062
0.090
0.072
0.089
0.086
