0.092
0.101
0.090
0.102
0.133
0.076
0.074
0.073
0.087
0.087
0.079
0.087
0.088
0.090
0.095
0.085
0.084
0.093
0.090
0.086
0.100
0.060
0.089
0.087
0.077
0.087
0.073
0.075
0.074
0.073
0.086
0.111
0.091
0.086
0.074
0.096
0.077
0.071
0.091
0.088
0.094
0.071
0.077
0.075
0.079
0.075
0.077
0.093
0.091
0.074
0.076
0.071
0.076
0.088
0.075
0.074
0.061
0.093
0.086
0.072
0.092
0.074
0.091
0.059
0.106
0.101
0.077
0.073
0.084
0.088
0.090
0.062
0.087
0.076
0.089
0.085
0.103
0.092
0.089
0.074
0.092
0.073
0.078
0.088
0.090
0.087
0.081
0.092
0.093
0.074
0.090
0.070
0.077
0.070
0.071
0.074
0.083
0.089
0.074
0.074
0.089
0.087
0.085
0.093
0.085
0.075
0.092
0.086
0.077
0.086
0.089
0.093
0.090
0.075
0.087
0.087
0.086
0.086
0.076
0.088
0.091
0.085
0.089
0.074
0.077
0.083
0.076
0.074
0.089
0.072
0.089
0.075
0.089
0.083
0.056
0.075
0.080
0.078
0.093
0.100
0.090
0.081
0.092
0.076
0.062
0.073
0.092
0.060
0.089
0.089
0.091
0.059
0.076
0.085
0.090
0.086
0.088
0.088
0.078
0.086
0.094
0.070
0.073
0.075
0.092
0.085
0.072
0.087
0.090
0.076
0.091
0.077
0.076
0.087
0.079
0.088
0.076
0.081
0.093
0.091
0.091
0.086
0.077
0.086
0.078
0.088
0.075
0.076
0.092
0.084
0.078
0.076
0.091
0.096
0.078
0.087
0.086
0.086
0.077
0.083
