0.122
0.094
0.104
0.077
0.076
0.093
0.076
0.083
0.101
0.089
0.075
0.072
0.075
0.087
0.091
0.085
0.092
0.087
0.066
0.087
0.089
0.071
0.077
0.081
0.086
0.071
0.078
0.070
0.090
0.076
0.089
0.075
0.084
0.088
0.077
0.116
0.076
0.074
0.091
0.082
0.077
0.084
0.072
0.074
0.061
0.075
0.079
0.074
0.075
0.073
0.091
0.073
0.096
0.081
0.076
0.095
0.077
0.074
0.091
0.087
0.075
0.089
0.077
0.087
0.077
0.087
0.080
0.073
0.094
0.073
0.076
0.073
0.085
0.089
0.086
0.072
0.098
0.086
0.090
0.075
0.109
0.083
0.089
0.088
0.075
0.083
0.090
0.068
0.089
0.072
0.087
0.076
0.081
0.086
0.077
0.090
0.076
0.087
0.086
0.076
0.104
0.072
0.072
0.088
0.076
0.074
0.089
0.074
0.077
0.083
0.077
0.086
0.073
0.094
0.077
0.080
0.076
0.087
0.074
0.072
0.089
0.073
0.080
0.092
0.090
0.088
0.076
0.086
0.078
0.074
0.098
0.085
0.076
0.088
0.104
0.087
0.079
0.075
0.090
0.086
0.088
0.093
0.076
0.087
0.075
0.092
0.076
0.061
0.094
0.095
0.107
0.074
0.078
0.059
0.105
0.088
0.077
0.084
0.076
0.088
0.088
0.073
0.073
0.074
0.083
0.075
0.076
0.093
0.095
0.075
0.077
0.119
0.088
0.072
0.090
0.076
0.090
0.083
0.075
0.091
0.090
0.075
0.079
0.070
0.075
0.085
0.090
0.059
0.090
0.091
0.077
0.098
0.074
0.070
0.091
0.073
0.076
0.088
0.061
0.098
