0.111
0.107
0.105
0.077
0.073
0.087
0.103
0.084
0.094
0.120
0.077
0.076
0.078
0.081
0.084
0.087
0.077
0.098
0.078
0.089
0.089
0.072
0.090
0.083
0.095
0.075
0.076
0.070
0.077
0.092
0.077
0.087
0.090
0.271
0.088
0.088
0.080
0.086
0.091
0.070
0.090
0.077
0.078
0.067
0.113
0.071
0.082
0.073
0.072
0.088
0.076
0.086
0.077
0.091
0.090
0.087
0.077
0.087
0.089
0.077
0.076
0.091
0.097
0.105
0.088
0.076
0.073
0.087
0.087
0.087
0.090
0.076
0.076
0.059
0.076
0.074
0.079
0.111
0.061
0.060
0.091
0.081
0.076
0.077
0.083
0.074
0.076
0.086
0.092
0.075
0.094
0.086
0.091
0.071
0.087
0.085
0.074
0.083
0.096
0.072
0.073
0.088
0.075
0.077
0.082
0.074
0.089
0.071
0.079
0.085
0.102
0.072
0.076
0.085
0.090
0.089
0.088
0.076
0.089
0.075
0.077
0.087
0.076
0.070
0.077
0.086
0.087
0.087
0.077
0.088
0.076
0.079
0.090
0.085
0.078
0.087
0.079
0.075
0.094
0.074
0.076
0.081
0.091
0.074
0.089
0.073
0.090
0.074
0.094
0.077
0.091
0.080
0.090
0.071
0.076
0.084
0.080
0.072
0.078
0.062
0.076
0.074
0.084
0.088
0.090
0.075
0.076
0.076
0.091
0.100
0.090
0.088
0.085
0.091
0.076
0.108
0.084
0.076
0.076
0.077
0.096
0.075
0.093
0.089
0.090
0.081
0.091
0.087
0.091
0.075
0.078
0.079
0.090
0.089
0.078
0.078
0.107
0.094
0.092
0.089
