0.127
0.105
0.091
0.059
0.077
0.075
0.091
0.072
0.063
0.089
0.078
0.059
0.077
0.072
0.089
0.074
0.078
0.075
0.076
0.080
0.077
0.088
0.089
0.060
0.062
0.080
0.077
0.074
0.091
0.076
0.076
0.086
0.075
0.093
0.074
0.072
0.094
0.078
0.088
0.087
0.077
0.073
0.087
0.088
0.061
0.088
0.096
0.075
0.109
0.082
0.090
0.076
0.074
0.070
0.098
0.060
0.090
0.084
0.092
0.088
0.090
0.087
0.095
0.075
0.062
0.098
0.055
0.071
0.096
0.093
0.090
0.087
0.084
0.074
0.091
0.134
0.098
0.086
0.087
0.088
0.060
0.091
0.090
0.087
0.076
0.077
0.089
0.073
0.089
0.088
0.073
0.087
0.113
0.096
0.089
0.077
0.090
0.089
0.076
0.061
0.077
0.062
0.059
0.073
0.063
0.090
0.075
0.077
0.097
0.064
0.090
0.082
0.060
0.094
0.076
0.089
0.060
0.074
0.101
0.060
0.088
0.107
0.090
0.089
0.096
0.081
0.092
0.089
0.099
0.086
0.073
0.088
0.076
0.086
0.077
0.087
0.090
0.074
0.097
0.077
0.062
0.088
0.091
0.087
0.077
0.088
0.084
0.073
0.091
0.080
0.076
0.060
0.086
0.076
0.085
0.070
0.090
0.086
0.090
0.090
0.077
0.088
0.079
0.070
0.090
0.075
0.090
0.086
0.076
0.059
0.080
0.083
0.075
0.076
0.091
0.074
0.077
0.082
0.074
0.101
0.061
0.080
0.076
0.087
0.078
0.089
0.089
0.068
0.092
0.091
0.090
0.059
0.094
0.105
0.314
0.072
0.245
0.211
0.201
0.106
