0.089
0.084
0.105
0.072
0.095
0.058
0.082
0.086
0.090
0.074
0.092
0.096
0.079
0.120
0.082
0.086
0.092
0.083
0.089
0.074
0.075
0.075
0.078
0.088
0.076
0.088
0.088
0.091
0.076
0.086
0.092
0.084
0.076
0.088
0.083
0.060
0.073
0.074
0.092
0.086
0.091
0.072
0.087
0.071
0.091
0.090
0.060
0.076
0.060
0.073
0.077
0.079
0.074
0.073
0.078
0.072
0.076
0.059
0.097
0.088
0.093
0.062
0.093
0.088
0.091
0.075
0.089
0.076
0.076
0.098
0.076
0.074
0.077
0.087
0.061
0.075
0.062
0.060
0.077
0.075
0.074
0.074
0.087
0.087
0.075
0.073
0.089
0.086
0.094
0.060
0.087
0.073
0.076
0.091
0.075
0.087
0.090
0.073
0.082
0.089
0.061
0.108
0.090
0.073
0.075
0.058
0.062
0.059
0.062
0.074
0.071
0.095
0.060
0.087
0.061
0.058
0.077
0.074
0.074
0.073
0.076
0.075
0.091
0.060
0.062
0.087
0.064
0.107
0.061
0.054
0.078
0.079
0.091
0.075
0.074
0.085
0.106
0.077
0.097
0.078
0.095
0.060
0.090
0.059
0.062
0.089
0.091
0.068
0.074
0.076
0.079
0.088
0.078
0.073
0.076
0.061
0.078
0.088
0.105
0.090
0.090
0.095
0.076
0.088
0.091
0.088
0.075
0.072
0.078
0.074
0.078
0.076
0.088
0.082
0.091
0.075
0.091
0.088
0.090
0.077
0.104
0.084
0.094
0.087
0.077
0.089
0.073
0.082
0.062
0.075
0.076
0.083
0.061
0.096
0.075
0.076
0.086
0.071
0.090
0.055
