0.072
0.102
0.102
0.101
0.097
0.079
0.076
0.088
0.089
0.076
0.058
0.060
0.063
0.090
0.095
0.089
0.086
0.086
0.055
0.078
0.084
0.061
0.088
0.074
0.076
0.074
0.070
0.090
0.083
0.072
0.090
0.072
0.104
0.097
0.089
0.074
0.077
0.087
0.093
0.075
0.252
0.087
0.076
0.059
0.074
0.076
0.089
0.086
0.077
0.073
0.085
0.090
0.093
0.086
0.090
0.059
0.060
0.096
0.073
0.086
0.076
0.094
0.073
0.082
0.083
0.074
0.090
0.071
0.072
0.076
0.074
0.086
0.076
0.087
0.073
0.077
0.080
0.086
0.076
0.086
0.075
0.079
0.067
0.073
0.078
0.092
0.105
0.139
0.072
0.071
0.090
0.071
0.073
0.089
0.087
0.085
0.076
0.076
0.086
0.078
0.076
0.069
0.080
0.094
0.088
0.076
0.074
0.081
0.091
0.073
0.091
0.076
0.075
0.068
0.075
0.091
0.061
0.074
0.073
0.080
0.089
0.058
0.093
0.076
0.085
0.092
0.072
0.072
0.056
0.086
0.079
0.070
0.090
0.086
0.092
0.089
0.080
0.088
0.088
0.085
0.081
0.076
0.074
0.097
0.078
0.092
0.069
0.092
0.087
0.069
0.075
0.057
0.081
0.090
0.070
0.075
0.071
0.093
0.090
0.076
0.075
0.087
0.088
0.057
0.071
0.084
0.076
0.075
0.094
0.106
0.097
0.076
0.074
0.074
0.079
0.086
0.084
0.088
0.071
0.094
0.091
0.056
0.068
0.074
0.093
0.087
0.059
0.085
0.059
0.076
0.076
0.073
0.090
0.074
0.081
0.078
0.070
0.081
0.090
0.070
