0.095
0.097
0.107
0.062
0.075
0.074
0.094
0.090
0.081
0.073
0.090
0.070
0.097
0.074
0.089
0.106
0.091
0.087
0.079
0.092
0.076
0.081
0.076
0.090
0.062
0.074
0.095
0.088
0.078
0.085
0.085
0.071
0.091
0.090
0.076
0.093
0.060
0.084
0.084
0.074
0.088
0.089
0.081
0.124
0.088
0.098
0.095
0.084
0.078
0.075
0.089
0.091
0.076
0.085
0.064
0.115
0.089
0.082
0.079
0.110
0.100
0.099
0.096
0.080
0.075
0.092
0.076
0.075
0.086
0.081
0.083
0.072
0.075
0.076
0.071
0.075
0.073
0.087
0.092
0.070
0.103
0.087
0.075
0.092
0.089
0.087
0.091
0.090
0.079
0.079
0.082
0.089
0.080
0.092
0.059
0.075
0.092
0.088
0.108
0.087
0.094
0.084
0.088
0.090
0.079
0.087
0.091
0.108
0.079
0.073
0.091
0.107
0.107
0.096
0.090
0.075
0.078
0.089
0.089
0.060
0.074
0.081
0.080
0.091
0.102
0.088
0.058
0.086
0.086
0.091
0.081
0.089
0.076
0.077
0.073
0.088
0.062
0.092
0.088
0.071
0.080
0.077
0.088
0.103
0.095
0.084
0.092
0.074
0.085
0.077
0.087
0.077
0.090
0.072
0.081
0.077
0.099
0.074
0.092
0.072
0.080
0.093
0.055
0.088
0.074
0.092
0.093
0.081
0.089
0.057
0.088
0.078
0.060
0.088
0.077
0.075
0.062
0.085
0.083
0.073
0.077
0.078
0.082
0.073
0.059
0.092
0.092
0.074
0.098
0.089
0.075
0.080
0.090
0.076
0.089
0.058
0.090
0.076
0.093
0.092
