0.122
0.103
0.104
0.108
0.085
0.099
0.103
0.087
0.072
0.096
0.084
0.087
0.093
0.090
0.092
0.078
0.087
0.074
0.075
0.086
0.075
0.082
0.075
0.083
0.086
0.086
0.115
0.078
0.073
0.075
0.103
0.072
0.074
0.096
0.087
0.091
0.078
0.072
0.072
0.092
0.053
0.084
0.085
0.080
0.073
0.087
0.074
0.091
0.089
0.073
0.086
0.097
0.075
0.068
0.090
0.084
0.069
0.090
0.072
0.074
0.077
0.085
0.087
0.090
0.084
0.081
0.093
0.075
0.084
0.092
0.123
0.086
0.056
0.087
0.089
0.087
0.094
0.074
0.089
0.086
0.085
0.072
0.091
0.074
0.077
0.072
0.086
0.086
0.060
0.085
0.083
0.074
0.075
0.088
0.088
0.085
0.079
0.094
0.074
0.079
0.088
0.075
0.096
0.074
0.059
0.092
0.086
0.094
0.090
0.087
0.072
0.091
0.083
0.083
0.095
0.086
0.073
0.089
0.083
0.086
0.095
0.088
0.087
0.089
0.087
0.071
0.075
0.086
0.084
0.083
0.085
0.085
0.078
0.084
0.074
0.089
0.084
0.087
0.089
0.082
0.086
0.087
0.073
0.086
0.076
0.088
0.071
0.082
0.074
0.074
0.097
0.094
0.075
0.077
0.094
0.088
0.075
0.079
0.075
0.077
0.083
0.083
0.084
0.083
0.082
0.087
0.086
0.068
0.076
0.073
0.072
0.075
0.091
0.093
0.076
0.094
0.085
0.076
0.074
0.080
0.077
0.073
0.087
0.092
0.074
0.071
0.094
0.084
0.073
0.082
0.085
0.073
0.078
0.073
0.074
0.078
0.084
0.086
0.097
0.086
