0.100
0.114
0.100
0.058
0.087
0.078
0.077
0.095
0.070
0.105
0.089
0.093
0.074
0.087
0.085
0.089
0.076
0.075
0.091
0.092
0.074
0.077
0.090
0.086
0.091
0.099
0.085
0.073
0.077
0.087
0.078
0.083
0.075
0.087
0.076
0.086
0.077
0.059
0.070
0.088
0.093
0.077
0.077
0.072
0.087
0.076
0.093
0.057
0.099
0.092
0.072
0.092
0.071
0.071
0.074
0.073
0.094
0.098
0.086
0.082
0.138
0.086
0.094
0.073
0.088
0.074
0.073
0.085
0.096
0.091
0.112
0.075
0.090
0.084
0.085
0.075
0.081
0.072
0.095
0.073
0.084
0.074
0.072
0.084
0.077
0.072
0.075
0.115
0.060
0.072
0.078
0.074
0.061
0.074
0.047
0.085
0.090
0.081
0.085
0.090
0.073
0.087
0.090
0.075
0.081
0.088
0.085
0.095
0.074
0.100
0.075
0.090
0.084
0.071
0.090
0.081
0.075
0.077
0.075
0.088
0.080
0.087
0.091
0.073
0.075
0.085
0.091
0.073
0.085
0.076
0.093
0.073
0.094
0.084
0.073
0.088
0.072
0.091
0.074
0.083
0.059
0.072
0.068
0.085
0.089
0.073
0.096
0.085
0.074
0.098
0.091
0.072
0.086
0.074
0.074
0.069
0.089
0.086
0.086
0.079
0.058
0.093
0.090
0.085
0.084
0.084
0.088
0.084
0.076
0.071
0.087
0.086
0.073
0.083
0.089
0.087
0.087
0.085
0.087
0.070
0.088
0.099
0.074
0.076
0.094
0.087
0.091
0.086
0.087
0.075
0.072
0.085
0.071
0.084
0.083
0.109
0.087
0.085
0.076
0.074
