0.094
0.102
0.123
0.100
0.084
0.072
0.074
0.085
0.076
0.061
0.090
0.086
0.097
0.073
0.073
0.074
0.090
0.087
0.076
0.086
0.056
0.074
0.091
0.075
0.079
0.087
0.101
0.074
0.086
0.086
0.090
0.092
0.091
0.088
0.090
0.073
0.116
0.060
0.076
0.087
0.076
0.084
0.089
0.072
0.075
0.074
0.078
0.087
0.091
0.089
0.090
0.087
0.076
0.088
0.077
0.074
0.081
0.083
0.092
0.074
0.078
0.085
0.075
0.075
0.077
0.059
0.079
0.078
0.091
0.093
0.090
0.086
0.093
0.075
0.090
0.072
0.079
0.091
0.085
0.078
0.089
0.086
0.076
0.071
0.075
0.084
0.090
0.102
0.089
0.093
0.073
0.062
0.092
0.075
0.093
0.083
0.063
0.074
0.078
0.071
0.078
0.096
0.078
0.088
0.115
0.071
0.093
0.072
0.089
0.094
0.099
0.088
0.077
0.086
0.076
0.087
0.079
0.087
0.080
0.083
0.075
0.086
0.091
0.075
0.074
0.092
0.089
0.089
0.092
0.085
0.096
0.080
0.091
0.089
0.086
0.116
0.091
0.074
0.090
0.085
0.057
0.072
0.089
0.087
0.092
0.058
0.087
0.074
0.091
0.075
0.074
0.081
0.074
0.074
0.089
0.074
0.089
0.075
0.089
0.086
0.077
0.095
0.075
0.086
0.090
0.087
0.090
0.075
0.077
0.087
0.095
0.084
0.107
0.087
0.088
0.076
0.083
0.085
0.095
0.074
0.092
0.087
0.093
0.082
0.077
0.080
0.093
0.071
0.076
0.088
0.096
0.075
0.077
0.088
0.083
0.085
0.091
0.073
0.076
0.095
