0.132
0.103
0.078
0.109
0.086
0.103
0.101
0.086
0.076
0.091
0.095
0.091
0.090
0.074
0.082
0.059
0.095
0.088
0.112
0.089
0.090
0.056
0.091
0.076
0.075
0.087
0.074
0.082
0.078
0.088
0.090
0.070
0.077
0.089
0.092
0.087
0.089
0.073
0.090
0.079
0.091
0.082
0.091
0.075
0.083
0.087
0.072
0.075
0.077
0.073
0.091
0.074
0.090
0.083
0.097
0.074
0.074
0.092
0.077
0.072
0.077
0.097
0.110
0.075
0.096
0.087
0.093
0.072
0.078
0.087
0.092
0.096
0.062
0.090
0.091
0.072
0.096
0.115
0.078
0.072
0.078
0.075
0.092
0.086
0.091
0.086
0.076
0.086
0.082
0.086
0.089
0.075
0.079
0.091
0.089
0.093
0.076
0.089
0.101
0.075
0.093
0.076
0.082
0.088
0.061
0.091
0.074
0.074
0.092
0.086
0.062
0.075
0.071
0.074
0.074
0.074
0.085
0.074
0.077
0.060
0.085
0.073
0.089
0.073
0.097
0.088
0.081
0.094
0.078
0.074
0.090
0.088
0.072
0.088
0.093
0.096
0.075
0.079
0.085
0.075
0.092
0.083
0.076
0.086
0.078
0.087
0.073
0.070
0.090
0.072
0.090
0.078
0.090
0.085
0.097
0.075
0.093
0.098
0.095
0.087
0.090
0.071
0.077
0.074
0.080
0.093
0.080
0.074
0.088
0.072
0.082
0.072
0.090
0.090
0.076
0.087
0.090
0.075
0.090
0.089
0.082
0.074
0.078
0.075
0.077
0.074
0.077
0.087
0.075
0.095
0.089
0.077
0.097
0.100
0.076
0.076
0.076
0.104
0.094
0.116
