0.105
0.099
0.075
0.078
0.086
0.087
0.073
0.073
0.073
0.091
0.074
0.085
0.077
0.096
0.088
0.092
0.085
0.099
0.076
0.073
0.073
0.078
0.089
0.073
0.091
0.073
0.072
0.074
0.073
0.060
0.090
0.073
0.076
0.095
0.093
0.088
0.073
0.088
0.072
0.075
0.096
0.085
0.082
0.086
0.091
0.091
0.081
0.092
0.083
0.086
0.087
0.088
0.075
0.072
0.093
0.118
0.074
0.076
0.075
0.083
0.075
0.087
0.088
0.083
0.075
0.093
0.091
0.084
0.075
0.095
0.079
0.100
0.061
0.088
0.060
0.092
0.086
0.072
0.088
0.082
0.091
0.094
0.075
0.093
0.078
0.087
0.085
0.090
0.114
0.087
0.104
0.085
0.074
0.076
0.084
0.087
0.085
0.082
0.083
0.075
0.086
0.071
0.092
0.079
0.091
0.087
0.073
0.095
0.079
0.087
0.073
0.089
0.073
0.069
0.094
0.081
0.076
0.093
0.128
0.072
0.075
0.097
0.077
0.079
0.086
0.100
0.077
0.091
0.085
0.089
0.089
0.083
0.090
0.092
0.060
0.076
0.079
0.074
0.091
0.086
0.073
0.098
0.087
0.072
0.076
0.069
0.084
0.076
0.072
0.086
0.088
0.073
0.087
0.077
0.087
0.074
0.073
0.070
0.084
0.091
0.087
0.085
0.071
0.076
0.093
0.059
0.103
0.059
0.105
0.085
0.083
0.087
0.073
0.088
0.091
0.093
0.085
0.097
0.083
0.073
0.090
0.089
0.072
0.097
0.059
0.086
0.088
0.072
0.071
0.061
0.058
0.085
0.061
0.076
0.070
0.088
0.085
0.087
0.101
0.090
