0.054
0.081
0.071
0.076
0.091
0.072
0.075
0.090
0.088
0.090
0.093
0.074
0.075
0.058
0.074
0.076
0.089
0.083
0.076
0.085
0.104
0.076
0.081
0.073
0.077
0.073
0.076
0.072
0.090
0.087
0.091
0.078
0.077
0.082
0.099
0.073
0.096
0.099
0.083
0.081
0.076
0.093
0.071
0.075
0.096
0.091
0.091
0.090
0.087
0.078
0.091
0.088
0.076
0.070
0.075
0.105
0.090
0.089
0.074
0.088
0.091
0.087
0.087
0.073
0.077
0.082
0.092
0.107
0.090
0.072
0.091
0.106
0.089
0.079
0.077
0.087
0.074
0.087
0.087
0.072
0.101
0.075
0.091
0.068
0.076
0.073
0.078
0.085
0.090
0.093
0.090
0.076
0.077
0.084
0.078
0.078
0.062
0.059
0.092
0.085
0.084
0.060
0.061
0.084
0.087
0.072
0.090
0.082
0.075
0.081
0.092
0.071
0.089
0.072
0.086
0.086
0.099
0.085
0.076
0.072
0.089
0.088
0.090
0.088
0.089
0.089
0.075
0.084
0.075
0.078
0.086
0.095
0.089
0.058
0.077
0.070
0.073
0.096
0.077
0.089
0.088
0.075
0.077
0.087
0.091
0.085
0.090
0.072
0.074
0.075
0.081
0.075
0.092
0.075
0.091
0.074
0.096
0.087
0.087
0.074
0.077
0.083
0.085
0.084
0.088
0.120
0.094
0.073
0.060
0.087
0.096
0.076
0.078
0.087
0.078
0.070
0.078
0.058
0.076
0.083
0.077
0.088
0.061
0.078
0.095
0.089
0.063
0.093
0.090
0.095
0.076
0.060
0.077
0.071
0.239
0.069
0.062
0.074
0.097
0.086
