0.081
0.102
0.102
0.100
0.112
0.071
0.077
0.087
0.092
0.091
0.076
0.075
0.091
0.062
0.091
0.071
0.075
0.095
0.090
0.096
0.077
0.058
0.061
0.087
0.102
0.091
0.091
0.085
0.091
0.073
0.090
0.087
0.075
0.076
0.078
0.060
0.091
0.085
0.090
0.093
0.076
0.097
0.076
0.098
0.090
0.074
0.091
0.094
0.077
0.076
0.084
0.086
0.090
0.074
0.091
0.072
0.088
0.082
0.091
0.083
0.100
0.086
0.080
0.080
0.098
0.058
0.075
0.086
0.089
0.087
0.076
0.072
0.059
0.069
0.098
0.059
0.072
0.086
0.075
0.083
0.074
0.075
0.085
0.087
0.086
0.074
0.081
0.092
0.079
0.080
0.062
0.074
0.091
0.074
0.077
0.075
0.092
0.094
0.098
0.084
0.085
0.088
0.090
0.095
0.078
0.074
0.093
0.087
0.090
0.084
0.077
0.085
0.091
0.085
0.089
0.071
0.076
0.079
0.089
0.074
0.059
0.074
0.075
0.087
0.076
0.082
0.096
0.075
0.092
0.076
0.076
0.056
0.091
0.073
0.079
0.087
0.092
0.094
0.074
0.093
0.083
0.086
0.092
0.074
0.078
0.072
0.095
0.073
0.077
0.075
0.074
0.087
0.073
0.088
0.077
0.072
0.076
0.072
0.076
0.059
0.063
0.084
0.089
0.073
0.095
0.058
0.076
0.086
0.089
0.082
0.074
0.085
0.094
0.087
0.091
0.062
0.076
0.075
0.057
0.087
0.060
0.072
0.086
0.075
0.076
0.088
0.076
0.074
0.075
0.096
0.091
0.073
0.077
0.088
0.091
0.060
0.091
0.071
0.095
0.100
