0.031948
0.050306
0.046015
0.046015
0.046015
0.035048
0.042915
0.043869
0.042915
0.020027
0.043869
0.020981
0.042915
0.033140
0.043154
0.021935
0.020742
0.046015
0.041962
0.046253
0.036955
0.050068
0.044107
0.034809
0.046730
0.044107
0.043869
0.021935
0.050068
0.033855
0.044107
0.043869
0.034094
0.044107
0.057936
0.021935
0.043869
0.045300
0.022173
0.032902
0.042915
0.051975
0.046730
0.046968
0.046730
0.032902
0.033855
0.034094
0.021935
0.045776
0.042915
0.044346
0.034094
0.044107
0.022173
0.034094
0.048876
0.034809
0.020981
0.042915
0.022173
0.047207
0.035048
0.035048
0.036001
0.044346
0.034094
0.045061
0.022173
0.042915
0.033140
0.044346
0.044346
0.034094
0.022411
0.034094
0.032902
0.042915
0.043869
0.033855
0.045061
0.022888
0.021935
0.048161
0.046730
0.046968
0.033140
0.043869
0.043869
0.020981
0.056028
0.035048
0.046015
0.046968
0.022888
0.020981
0.059843
0.047207
0.045776
0.031948
0.020981
0.043154
0.043154
0.044107
0.020981
0.042915
0.043154
0.045061
0.032902
0.046015
0.034809
0.044823
0.055313
0.020027
0.043154
0.042915
0.041962
0.042915
0.020981
0.043154
0.020981
0.042915
0.021219
0.020981
0.032902
0.035048
0.020981
0.056982
0.034094
0.046015
0.032902
0.042915
0.042915
0.033140
0.042915
0.043154
0.032187
0.045061
0.042915
0.031948
0.021219
0.022173
0.041962
0.033140
0.041962
0.031710
0.043869
0.033855
0.034094
0.045776
0.034094
0.043869
0.041962
0.043154
0.043154
0.020027
0.042915
0.051022
0.042915
0.042915
0.021935
0.044107
0.041962
0.043154
0.020981
0.051260
0.043154
0.045061
0.045776
0.056982
0.057697
0.032902
0.041962
0.042915
0.032187
0.020981
0.041962
0.021935
0.033140
0.032187
0.020981
0.032902
0.042915
0.043869
0.043154
0.034094
0.020027
0.034094
0.032902
0.044823
0.033855
0.047922
0.047922
0.021935
0.042915
0.023127
0.022173
0.033855
0.046730
0.040293
0.039816
0.021935
0.050068
0.020981
0.021935
0.021935
0.043869
0.045061
0.022173
0.032187
0.046253
0.046730
0.058174
0.021219
0.020981
0.020027
0.034332
0.042915
0.040054
0.046015
0.028849
0.042915
0.042915
0.021935
0.042915
0.044346
0.043869
0.042915
0.032902
0.035048
0.021935
0.046015
0.046253
0.022173
0.034094
0.044823
0.041008
0.042915
0.044823
0.020981
0.020981
0.045061
0.043154
0.033855
0.043869
0.020027
0.033855
0.032902
0.045776
0.033140
0.036001
0.023365
0.033140
0.042915
0.049829
0.020027
0.033140
0.030994
0.021935
0.021219
0.042915
0.044107
0.045061
0.045300
0.036001
0.043869
0.022888
0.022173
0.044823
0.032902
0.047207
0.046015
0.046730
0.032902
0.043869
0.042915
0.043869
0.042915
0.042915
0.039101
0.045061
0.054121
0.033855
0.022173
0.021935
0.038147
0.048876
0.058174
0.044823
0.045061
0.051975
0.046968
0.056982
0.044107
0.033855
0.021935
0.021935
0.021935
0.022888
0.029087
0.043869
0.042915
0.041962
0.032902
0.020981
0.043869
0.020981
0.020981
0.043154
0.022173
0.042915
0.042915
0.020981
0.043869
0.020981
0.062227
0.042915
0.045061
0.045061
0.031948
0.042915
0.043154
0.044107
0.043154
0.031948
0.042915
0.041962
0.042915
0.033140
0.032902
0.061989
0.042915
0.033140
0.045061
0.045300
0.044107
0.044823
0.045300
0.033855
0.047922
0.043154
0.042915
0.042915
0.043869
0.043392
0.020981
0.043154
0.020981
0.041962
0.042915
0.031948
0.020981
0.043869
0.020981
0.042915
0.032902
0.045061
0.031948
0.035048
0.032902
0.042915
0.043869
0.042915
0.044107
0.042915
0.021219
0.032902
0.044107
0.032902
0.043154
0.042915
0.020027
0.043869
0.032902
0.033140
0.034094
0.033855
0.035048
0.044823
0.043154
0.020981
0.021219
0.043154
0.020027
0.033140
0.042915
0.043869
0.021935
0.020742
0.044107
0.020742
0.021219
0.043154
0.020027
0.021219
0.033855
0.045776
0.034809
0.034809
0.026226
0.042915
0.045061
0.042915
0.033140
0.031948
0.042915
0.043392
0.056267
0.033140
0.044107
0.042915
0.042915
0.042915
0.020027
0.032187
0.032902
0.042915
0.044823
0.058174
0.020981
0.043154
0.020027
0.017881
0.046015
0.041962
0.034094
0.043869
0.031948
0.033140
0.021935
0.041962
0.032902
0.032187
0.042915
0.045300
0.043869
0.044107
0.020981
0.041962
0.021935
0.020027
0.042915
0.041962
0.045061
0.022173
0.032902
0.033140
0.032902
0.044107
0.020027
0.031948
0.032902
0.021935
0.033855
0.043154
0.042915
0.020027
0.042915
0.042915
0.043154
0.020981
0.042915
0.041962
0.032902
0.041962
0.045061
0.032902
0.044823
0.045061
0.033140
0.021935
0.032902
0.031948
0.042915
0.041962
0.033140
0.042915
0.020981
0.033855
0.043869
0.022173
0.042915
0.031948
0.022173
0.034094
0.043869
0.042915
0.020981
0.032902
0.044107
0.041962
0.044107
0.045061
0.020981
0.032187
0.021935
0.021935
0.022888
0.024080
0.028133
0.034094
0.020981
0.032902
0.022173
0.044107
0.033140
0.045061
0.042915
0.042915
0.032902
0.020027
0.042915
0.044823
0.022173
0.035048
0.042915
0.021935
0.041962
0.043154
0.042915
0.043154
0.042915
0.021219
0.031948
0.042915
0.043154
0.043154
0.043869
0.022173
0.032187
0.034094
0.031948
0.031948
0.035048
0.045776
0.042915
0.032902
0.031948
0.020027
0.044107
0.044823
0.020981
0.043869
0.044823
0.042915
0.043154
0.042915
0.021935
0.041008
0.020981
0.021935
0.021935
0.034094
0.034094
0.036001
0.021219
0.048161
0.044107
0.020981
0.032902
0.044107
0.042915
0.031948
0.043869
0.041962
0.021935
0.052929
0.020027
0.055313
0.021935
0.042915
0.043154
0.042915
0.044823
0.043869
0.044823
0.043154
0.031948
0.041962
0.042915
0.032902
0.020981
0.057936
0.057936
0.034094
0.046968
0.020981
0.033855
0.043869
0.047922
0.046968
0.047922
0.047922
0.034094
0.034809
0.020981
0.035048
0.045776
0.044823
0.051737
0.043154
0.032902
0.055075
0.020981
0.031948
0.042915
0.020981
0.045061
0.043154
0.043154
0.044107
0.020981
0.020027
0.045061
0.023127
0.045300
0.045061
0.042915
0.057936
0.042915
0.032187
0.036001
0.042915
0.042915
0.047922
0.043869
0.020742
0.032902
0.020981
0.033855
0.047922
0.042915
0.044107
0.046015
0.032902
0.033855
0.046968
0.043869
0.042915
0.043869
0.020027
0.049829
0.043869
0.020981
0.042915
0.033140
0.043154
0.032902
0.035048
0.042915
0.041962
0.043869
0.031948
0.020981
0.043869
0.034094
0.057220
0.020981
0.042915
0.031948
0.043154
0.044823
0.035763
0.043154
0.041962
0.042915
0.057936
0.068903
0.031948
0.042915
0.041962
0.021219
0.044107
0.045776
0.045061
0.021935
0.046015
0.057936
0.036955
0.034094
0.020981
0.043154
0.022173
0.043869
0.042915
0.021935
0.043869
0.021935
0.022888
0.043869
0.044107
0.043869
0.022173
0.032902
0.057936
0.047207
0.046968
0.047207
0.033140
0.038862
0.020981
0.046968
0.045061
0.044823
0.060797
0.043869
0.020981
0.043869
0.042915
0.020027
0.021935
0.021935
0.043154
0.033140
0.043154
0.042915
0.032902
0.033855
0.042915
0.045061
0.044107
0.033855
0.046968
0.032902
0.021935
0.043869
0.044823
0.046015
0.033140
0.020981
0.043154
0.035763
0.047207
0.043869
0.054121
0.044107
0.044107
0.036955
0.020981
0.035048
0.034094
0.046253
0.047922
0.045300
0.044107
0.033140
0.020981
0.044107
0.045061
0.043154
0.058889
0.046730
0.020981
0.043869
0.021935
0.020981
0.044107
0.046253
0.034332
0.034094
0.046015
0.034809
0.047207
0.045061
0.045300
0.032902
0.044107
0.044107
0.045061
0.020981
0.033855
0.036001
0.020027
0.045061
0.044107
0.045300
0.044107
0.020981
0.023127
0.048399
0.018120
0.047207
0.041962
0.045061
0.044823
0.034094
0.044346
0.046730
0.045061
0.032902
0.033855
0.046015
0.046968
0.070095
0.043869
0.036240
0.035286
0.046968
0.034332
0.043869
0.041246
0.042915
0.033140
0.041962
0.042915
0.043869
0.034094
0.045776
0.032902
0.031948
0.046968
0.043869
0.043392
0.042915
0.042915
0.045300
0.042915
0.049829
0.040054
0.042915
0.043869
0.032902
0.020981
0.041962
0.033140
0.062227
0.047922
0.033855
0.032902
0.031948
0.021935
0.041962
0.044107
0.042915
0.042915
0.042915
0.032187
0.031948
0.044346
0.044107
0.032902
0.032902
0.042915
0.043154
0.042915
0.032902
0.033140
0.043869
0.043154
0.020981
0.020981
0.020981
0.043392
0.020027
0.019073
0.044107
0.020981
0.033855
0.020027
0.043154
0.045776
0.042915
0.031948
0.031948
0.032902
0.032902
0.043869
0.060081
0.020027
0.043869
0.021219
0.020981
0.040054
0.043154
0.032187
0.031948
0.049829
0.032187
0.043869
0.032902
0.044823
0.042915
0.033140
0.033140
0.021935
0.034094
0.045061
0.043154
0.047922
0.043154
0.038862
0.032902
0.043869
0.046015
0.045061
0.047922
0.034094
0.021935
0.043869
0.026941
0.043154
0.034094
0.043869
0.042915
0.043869
0.020027
0.020981
0.034094
0.021935
0.032902
0.043869
0.033855
0.042915
0.034809
0.022173
0.043869
0.034809
0.042915
0.020027
0.031948
0.020027
0.043154
0.051022
0.032187
0.033140
0.032187
0.044823
0.058174
0.032187
0.031948
0.032187
0.021935
0.052929
0.031948
0.041962
0.020981
0.021219
0.033140
0.031948
0.042200
0.035048
0.033855
0.032902
0.043869
0.045061
0.041962
0.044823
0.046015
0.033140
0.043869
0.042915
0.042915
0.020027
0.042915
0.041962
0.032902
0.059128
0.031948
0.020981
0.033855
0.020027
0.032902
0.043154
0.044823
0.032902
0.032902
0.056267
0.046968
0.021219
0.045061
0.042915
0.042915
0.020981
0.021219
0.042915
0.043154
0.031948
0.020981
0.043154
0.044107
0.021219
0.033140
0.043869
0.020981
0.033140
0.043154
0.021935
0.032902
0.020981
0.032187
0.033140
0.020981
0.048876
0.043869
0.020981
0.020981
0.023127
0.023127
0.022888
0.051022
